 &plot nbnd=   8, nks=    41 /
           -0.400000 -0.200000 -1.000000
   -2.939   -1.651    1.229    2.626    7.205    9.995   10.485   10.871
           -0.400000 -0.200000 -0.950000
   -2.974   -1.626    1.256    2.640    7.215    9.985   10.271   11.115
           -0.400000 -0.200000 -0.900000
   -3.070   -1.558    1.334    2.679    7.242    9.821   10.116   11.473
           -0.400000 -0.200000 -0.850000
   -3.210   -1.460    1.456    2.746    7.287    9.500   10.141   11.651
           -0.400000 -0.200000 -0.800000
   -3.378   -1.343    1.614    2.842    7.347    9.174   10.207   11.377
           -0.400000 -0.200000 -0.750000
   -3.560   -1.212    1.797    2.967    7.418    8.867   10.288   11.005
           -0.400000 -0.200000 -0.700000
   -3.749   -1.068    1.993    3.122    7.489    8.593   10.332   10.687
           -0.400000 -0.200000 -0.650000
   -3.938   -0.913    2.195    3.303    7.539    8.373   10.116   10.659
           -0.400000 -0.200000 -0.600000
   -4.123   -0.745    2.396    3.504    7.524    8.251    9.773   10.799
           -0.400000 -0.200000 -0.550000
   -4.300   -0.565    2.593    3.712    7.420    8.254    9.432   10.981
           -0.400000 -0.200000 -0.500000
   -4.467   -0.371    2.787    3.910    7.272    8.339    9.115   11.185
           -0.400000 -0.200000 -0.450000
   -4.622   -0.165    2.978    4.075    7.132    8.461    8.832   11.389
           -0.400000 -0.200000 -0.400000
   -4.763    0.054    3.166    4.182    7.034    8.553    8.633   11.470
           -0.400000 -0.200000 -0.350000
   -4.890    0.284    3.348    4.210    6.996    8.382    8.745   11.197
           -0.400000 -0.200000 -0.300000
   -5.002    0.523    3.523    4.152    7.019    8.240    8.875   10.825
           -0.400000 -0.200000 -0.250000
   -5.098    0.770    3.686    4.018    7.084    8.153    8.997   10.470
           -0.400000 -0.200000 -0.200000
   -5.176    1.018    3.829    3.834    7.162    8.124    9.106   10.157
           -0.400000 -0.200000 -0.150000
   -5.238    1.259    3.620    3.955    7.230    8.140    9.203    9.899
           -0.400000 -0.200000 -0.100000
   -5.282    1.477    3.415    4.049    7.280    8.176    9.286    9.706
           -0.400000 -0.200000 -0.050000
   -5.309    1.641    3.255    4.107    7.310    8.205    9.352    9.583
           -0.400000 -0.200000  0.000000
   -5.318    1.704    3.192    4.127    7.320    8.216    9.382    9.537
           -0.400000 -0.200000  0.050000
   -5.309    1.641    3.255    4.107    7.310    8.205    9.352    9.583
           -0.400000 -0.200000  0.100000
   -5.282    1.477    3.415    4.049    7.280    8.176    9.286    9.706
           -0.400000 -0.200000  0.150000
   -5.238    1.259    3.620    3.955    7.230    8.140    9.203    9.899
           -0.400000 -0.200000  0.200000
   -5.176    1.018    3.829    3.834    7.162    8.124    9.106   10.157
           -0.400000 -0.200000  0.250000
   -5.098    0.770    3.686    4.018    7.084    8.153    8.997   10.470
           -0.400000 -0.200000  0.300000
   -5.002    0.523    3.523    4.152    7.019    8.240    8.875   10.825
           -0.400000 -0.200000  0.350000
   -4.890    0.284    3.348    4.210    6.996    8.382    8.745   11.197
           -0.400000 -0.200000  0.400000
   -4.763    0.054    3.166    4.182    7.034    8.553    8.633   11.470
           -0.400000 -0.200000  0.450000
   -4.622   -0.165    2.978    4.075    7.132    8.461    8.832   11.389
           -0.400000 -0.200000  0.500000
   -4.467   -0.371    2.787    3.910    7.272    8.339    9.115   11.185
           -0.400000 -0.200000  0.550000
   -4.300   -0.565    2.593    3.712    7.420    8.254    9.432   10.981
           -0.400000 -0.200000  0.600000
   -4.123   -0.745    2.396    3.504    7.524    8.251    9.773   10.799
           -0.400000 -0.200000  0.650000
   -3.938   -0.913    2.195    3.303    7.539    8.373   10.116   10.660
           -0.400000 -0.200000  0.700000
   -3.749   -1.068    1.993    3.122    7.489    8.593   10.332   10.687
           -0.400000 -0.200000  0.750000
   -3.560   -1.212    1.797    2.967    7.418    8.867   10.288   11.005
           -0.400000 -0.200000  0.800000
   -3.378   -1.343    1.614    2.842    7.347    9.174   10.207   11.377
           -0.400000 -0.200000  0.850000
   -3.210   -1.460    1.456    2.746    7.287    9.500   10.141   11.651
           -0.400000 -0.200000  0.900000
   -3.070   -1.558    1.334    2.679    7.242    9.822   10.116   11.473
           -0.400000 -0.200000  0.950000
   -2.974   -1.626    1.256    2.640    7.215    9.985   10.271   11.115
           -0.400000 -0.200000  1.000000
   -2.939   -1.651    1.229    2.626    7.205    9.995   10.485   10.871
