 &plot nbnd=   8, nks=   100 /
           -0.230800 -0.230800 -1.000000
   -2.811   -2.019    1.174    2.699    6.087    8.478   12.000   12.306
           -0.230800 -0.230800 -0.979800
   -2.826   -2.004    1.178    2.701    6.089    8.480   11.981   12.207
           -0.230800 -0.230800 -0.959600
   -2.869   -1.962    1.190    2.705    6.095    8.486   11.927   12.042
           -0.230800 -0.230800 -0.939400
   -2.932   -1.901    1.209    2.712    6.104    8.497   11.848   11.868
           -0.230800 -0.230800 -0.919200
   -3.009   -1.826    1.237    2.721    6.117    8.511   11.692   11.749
           -0.230800 -0.230800 -0.899000
   -3.095   -1.742    1.272    2.733    6.134    8.530   11.517   11.639
           -0.230800 -0.230800 -0.878800
   -3.186   -1.654    1.315    2.748    6.154    8.552   11.340   11.518
           -0.230800 -0.230800 -0.858600
   -3.281   -1.562    1.365    2.766    6.178    8.579   11.165   11.394
           -0.230800 -0.230800 -0.838400
   -3.378   -1.469    1.422    2.786    6.205    8.609   10.990   11.266
           -0.230800 -0.230800 -0.818200
   -3.476   -1.376    1.487    2.808    6.236    8.643   10.817   11.138
           -0.230800 -0.230800 -0.798000
   -3.574   -1.282    1.558    2.834    6.270    8.682   10.644   11.008
           -0.230800 -0.230800 -0.777800
   -3.672   -1.188    1.636    2.861    6.307    8.724   10.473   10.880
           -0.230800 -0.230800 -0.757600
   -3.770   -1.093    1.720    2.892    6.347    8.770   10.305   10.753
           -0.230800 -0.230800 -0.737400
   -3.866   -1.000    1.811    2.925    6.389    8.819   10.139   10.627
           -0.230800 -0.230800 -0.717200
   -3.961   -0.906    1.907    2.960    6.435    8.871    9.976   10.504
           -0.230800 -0.230800 -0.697000
   -4.055   -0.814    2.008    2.998    6.482    8.923    9.818   10.382
           -0.230800 -0.230800 -0.676800
   -4.148   -0.721    2.114    3.038    6.531    8.974    9.668   10.264
           -0.230800 -0.230800 -0.656600
   -4.238   -0.628    2.224    3.081    6.581    9.014    9.535   10.146
           -0.230800 -0.230800 -0.636400
   -4.327   -0.536    2.338    3.125    6.633    9.025    9.438   10.030
           -0.230800 -0.230800 -0.616200
   -4.414   -0.443    2.456    3.172    6.684    8.979    9.406    9.917
           -0.230800 -0.230800 -0.596000
   -4.499   -0.349    2.576    3.221    6.735    8.879    9.436    9.806
           -0.230800 -0.230800 -0.575800
   -4.581   -0.256    2.700    3.272    6.785    8.756    9.498    9.698
           -0.230800 -0.230800 -0.555600
   -4.662   -0.161    2.825    3.325    6.832    8.627    9.577    9.591
           -0.230800 -0.230800 -0.535400
   -4.740   -0.066    2.951    3.380    6.874    8.500    9.488    9.664
           -0.230800 -0.230800 -0.515200
   -4.815    0.030    3.079    3.436    6.910    8.381    9.387    9.760
           -0.230800 -0.230800 -0.494900
   -4.888    0.128    3.208    3.495    6.936    8.273    9.288    9.861
           -0.230800 -0.230800 -0.474700
   -4.959    0.226    3.335    3.554    6.948    8.180    9.191    9.964
           -0.230800 -0.230800 -0.454500
   -5.026    0.325    3.462    3.615    6.946    8.106    9.097   10.071
           -0.230800 -0.230800 -0.434300
   -5.092    0.426    3.586    3.677    6.925    8.054    9.006   10.179
           -0.230800 -0.230800 -0.414100
   -5.154    0.528    3.706    3.740    6.886    8.024    8.917   10.286
           -0.230800 -0.230800 -0.393900
   -5.214    0.631    3.804    3.822    6.831    8.014    8.829   10.391
           -0.230800 -0.230800 -0.373700
   -5.271    0.736    3.868    3.932    6.768    8.022    8.745   10.489
           -0.230800 -0.230800 -0.353500
   -5.325    0.842    3.933    4.033    6.699    8.041    8.663   10.575
           -0.230800 -0.230800 -0.333300
   -5.376    0.949    3.998    4.123    6.634    8.068    8.584   10.641
           -0.230800 -0.230800 -0.313100
   -5.425    1.058    4.063    4.200    6.575    8.099    8.507   10.676
           -0.230800 -0.230800 -0.292900
   -5.470    1.168    4.127    4.260    6.529    8.133    8.433   10.671
           -0.230800 -0.230800 -0.272700
   -5.513    1.279    4.191    4.301    6.501    8.166    8.362   10.625
           -0.230800 -0.230800 -0.252500
   -5.552    1.390    4.253    4.321    6.492    8.197    8.293   10.545
           -0.230800 -0.230800 -0.232300
   -5.589    1.502    4.313    4.318    6.505    8.222    8.228   10.441
           -0.230800 -0.230800 -0.212100
   -5.623    1.615    4.295    4.371    6.539    8.167    8.243   10.324
           -0.230800 -0.230800 -0.191900
   -5.653    1.728    4.253    4.427    6.593    8.111    8.257   10.203
           -0.230800 -0.230800 -0.171700
   -5.681    1.840    4.195    4.479    6.664    8.058    8.261   10.083
           -0.230800 -0.230800 -0.151500
   -5.705    1.951    4.124    4.528    6.749    8.008    8.255    9.969
           -0.230800 -0.230800 -0.131300
   -5.726    2.059    4.046    4.572    6.844    7.964    8.237    9.866
           -0.230800 -0.230800 -0.111100
   -5.745    2.163    3.964    4.611    6.946    7.925    8.206    9.775
           -0.230800 -0.230800 -0.090900
   -5.760    2.260    3.882    4.645    7.051    7.891    8.162    9.698
           -0.230800 -0.230800 -0.070700
   -5.773    2.348    3.804    4.672    7.155    7.864    8.109    9.638
           -0.230800 -0.230800 -0.050500
   -5.782    2.422    3.737    4.693    7.251    7.843    8.050    9.593
           -0.230800 -0.230800 -0.030300
   -5.788    2.477    3.687    4.708    7.330    7.829    7.996    9.563
           -0.230800 -0.230800 -0.010100
   -5.791    2.506    3.660    4.716    7.377    7.822    7.962    9.549
           -0.230800 -0.230800  0.010100
   -5.791    2.506    3.660    4.716    7.377    7.822    7.962    9.549
           -0.230800 -0.230800  0.030300
   -5.788    2.477    3.687    4.708    7.330    7.829    7.996    9.563
           -0.230800 -0.230800  0.050500
   -5.782    2.422    3.737    4.693    7.251    7.843    8.050    9.593
           -0.230800 -0.230800  0.070700
   -5.773    2.348    3.804    4.672    7.155    7.864    8.109    9.638
           -0.230800 -0.230800  0.090900
   -5.760    2.260    3.882    4.645    7.051    7.891    8.162    9.698
           -0.230800 -0.230800  0.111100
   -5.745    2.163    3.964    4.611    6.946    7.925    8.206    9.775
           -0.230800 -0.230800  0.131300
   -5.726    2.059    4.046    4.572    6.844    7.964    8.237    9.866
           -0.230800 -0.230800  0.151500
   -5.705    1.951    4.124    4.528    6.749    8.008    8.255    9.969
           -0.230800 -0.230800  0.171700
   -5.681    1.840    4.195    4.479    6.664    8.058    8.261   10.083
           -0.230800 -0.230800  0.191900
   -5.653    1.728    4.253    4.427    6.593    8.111    8.257   10.203
           -0.230800 -0.230800  0.212100
   -5.623    1.615    4.295    4.371    6.539    8.167    8.243   10.324
           -0.230800 -0.230800  0.232300
   -5.589    1.502    4.313    4.318    6.505    8.222    8.228   10.441
           -0.230800 -0.230800  0.252500
   -5.552    1.390    4.253    4.321    6.492    8.197    8.293   10.545
           -0.230800 -0.230800  0.272700
   -5.513    1.279    4.191    4.301    6.501    8.166    8.362   10.625
           -0.230800 -0.230800  0.292900
   -5.470    1.168    4.127    4.260    6.529    8.133    8.433   10.671
           -0.230800 -0.230800  0.313100
   -5.425    1.058    4.063    4.200    6.575    8.099    8.507   10.676
           -0.230800 -0.230800  0.333300
   -5.376    0.949    3.998    4.123    6.634    8.068    8.584   10.641
           -0.230800 -0.230800  0.353500
   -5.325    0.842    3.933    4.033    6.699    8.041    8.663   10.575
           -0.230800 -0.230800  0.373700
   -5.271    0.736    3.868    3.932    6.768    8.022    8.745   10.489
           -0.230800 -0.230800  0.393900
   -5.214    0.631    3.804    3.822    6.831    8.014    8.829   10.391
           -0.230800 -0.230800  0.414100
   -5.154    0.528    3.706    3.740    6.886    8.024    8.917   10.286
           -0.230800 -0.230800  0.434300
   -5.092    0.426    3.586    3.677    6.925    8.054    9.006   10.179
           -0.230800 -0.230800  0.454500
   -5.026    0.325    3.462    3.615    6.946    8.106    9.097   10.071
           -0.230800 -0.230800  0.474700
   -4.959    0.226    3.335    3.554    6.948    8.180    9.191    9.964
           -0.230800 -0.230800  0.494900
   -4.888    0.128    3.208    3.495    6.936    8.273    9.288    9.861
           -0.230800 -0.230800  0.515200
   -4.815    0.030    3.079    3.436    6.910    8.381    9.387    9.760
           -0.230800 -0.230800  0.535400
   -4.740   -0.066    2.951    3.380    6.874    8.500    9.488    9.664
           -0.230800 -0.230800  0.555600
   -4.662   -0.161    2.825    3.325    6.832    8.627    9.577    9.591
           -0.230800 -0.230800  0.575800
   -4.581   -0.256    2.700    3.272    6.785    8.756    9.498    9.697
           -0.230800 -0.230800  0.596000
   -4.499   -0.349    2.576    3.221    6.735    8.879    9.436    9.806
           -0.230800 -0.230800  0.616200
   -4.414   -0.443    2.456    3.172    6.684    8.979    9.406    9.917
           -0.230800 -0.230800  0.636400
   -4.327   -0.536    2.338    3.125    6.633    9.025    9.438   10.030
           -0.230800 -0.230800  0.656600
   -4.238   -0.628    2.224    3.081    6.581    9.014    9.535   10.146
           -0.230800 -0.230800  0.676800
   -4.148   -0.721    2.114    3.038    6.531    8.974    9.668   10.264
           -0.230800 -0.230800  0.697000
   -4.055   -0.814    2.008    2.998    6.482    8.923    9.818   10.382
           -0.230800 -0.230800  0.717200
   -3.961   -0.906    1.907    2.960    6.435    8.871    9.976   10.504
           -0.230800 -0.230800  0.737400
   -3.866   -1.000    1.811    2.925    6.389    8.819   10.139   10.627
           -0.230800 -0.230800  0.757600
   -3.770   -1.093    1.720    2.892    6.347    8.770   10.305   10.753
           -0.230800 -0.230800  0.777800
   -3.672   -1.188    1.636    2.861    6.307    8.724   10.473   10.880
           -0.230800 -0.230800  0.798000
   -3.574   -1.282    1.558    2.834    6.270    8.682   10.644   11.008
           -0.230800 -0.230800  0.818200
   -3.476   -1.376    1.487    2.808    6.236    8.643   10.817   11.138
           -0.230800 -0.230800  0.838400
   -3.378   -1.469    1.422    2.786    6.205    8.609   10.990   11.266
           -0.230800 -0.230800  0.858600
   -3.281   -1.562    1.365    2.766    6.178    8.579   11.165   11.394
           -0.230800 -0.230800  0.878800
   -3.186   -1.654    1.315    2.748    6.154    8.552   11.340   11.518
           -0.230800 -0.230800  0.899000
   -3.095   -1.742    1.272    2.733    6.134    8.530   11.517   11.639
           -0.230800 -0.230800  0.919200
   -3.009   -1.826    1.237    2.721    6.117    8.511   11.692   11.749
           -0.230800 -0.230800  0.939400
   -2.932   -1.901    1.209    2.712    6.104    8.497   11.848   11.868
           -0.230800 -0.230800  0.959600
   -2.869   -1.962    1.190    2.705    6.095    8.486   11.927   12.042
           -0.230800 -0.230800  0.979800
   -2.826   -2.004    1.178    2.701    6.089    8.480   11.981   12.207
           -0.230800 -0.230800  1.000000
   -2.811   -2.019    1.174    2.699    6.087    8.478   12.000   12.306
