 &plot nbnd=   8, nks=   101 /
           -0.160000 -0.840000 -1.000000
   -2.814   -0.515    2.913    3.084    7.148    7.648   13.370   14.633
           -0.160000 -0.840000 -0.980000
   -2.813   -0.516    2.886    3.109    7.135    7.673   13.371   14.604
           -0.160000 -0.840000 -0.960000
   -2.811   -0.519    2.829    3.160    7.103    7.740   13.372   14.520
           -0.160000 -0.840000 -0.940000
   -2.807   -0.523    2.762    3.216    7.065    7.836   13.373   14.390
           -0.160000 -0.840000 -0.920000
   -2.801   -0.528    2.693    3.270    7.031    7.952   13.376   14.227
           -0.160000 -0.840000 -0.900000
   -2.794   -0.535    2.624    3.318    7.007    8.083   13.379   14.039
           -0.160000 -0.840000 -0.880000
   -2.785   -0.544    2.557    3.360    6.996    8.225   13.382   13.833
           -0.160000 -0.840000 -0.860000
   -2.776   -0.555    2.493    3.394    7.000    8.376   13.386   13.616
           -0.160000 -0.840000 -0.840000
   -2.764   -0.567    2.432    3.419    7.021    8.535   13.387   13.395
           -0.160000 -0.840000 -0.820000
   -2.752   -0.580    2.375    3.435    7.058    8.701   13.159   13.395
           -0.160000 -0.840000 -0.800000
   -2.739   -0.595    2.322    3.443    7.112    8.874   12.924   13.400
           -0.160000 -0.840000 -0.780000
   -2.724   -0.611    2.273    3.443    7.183    9.053   12.686   13.406
           -0.160000 -0.840000 -0.760000
   -2.710   -0.629    2.229    3.436    7.270    9.236   12.448   13.411
           -0.160000 -0.840000 -0.740000
   -2.694   -0.647    2.190    3.423    7.372    9.425   12.209   13.416
           -0.160000 -0.840000 -0.720000
   -2.679   -0.665    2.156    3.405    7.488    9.617   11.970   13.420
           -0.160000 -0.840000 -0.700000
   -2.663   -0.684    2.126    3.383    7.616    9.813   11.734   13.424
           -0.160000 -0.840000 -0.680000
   -2.648   -0.703    2.100    3.359    7.757   10.010   11.501   13.426
           -0.160000 -0.840000 -0.660000
   -2.633   -0.722    2.079    3.334    7.908   10.206   11.276   13.425
           -0.160000 -0.840000 -0.640000
   -2.619   -0.739    2.061    3.309    8.068   10.389   11.069   13.417
           -0.160000 -0.840000 -0.620000
   -2.607   -0.756    2.047    3.284    8.238   10.506   10.933   13.382
           -0.160000 -0.840000 -0.600000
   -2.595   -0.770    2.036    3.262    8.415   10.436   10.990   13.257
           -0.160000 -0.840000 -0.580000
   -2.585   -0.783    2.028    3.242    8.599   10.252   11.166   13.048
           -0.160000 -0.840000 -0.560000
   -2.578   -0.793    2.021    3.226    8.790   10.045   11.371   12.819
           -0.160000 -0.840000 -0.540000
   -2.572   -0.800    2.017    3.215    8.985    9.833   11.582   12.591
           -0.160000 -0.840000 -0.520000
   -2.568   -0.805    2.015    3.207    9.180    9.627   11.781   12.383
           -0.160000 -0.840000 -0.500000
   -2.567   -0.807    2.014    3.205    9.322    9.481   11.892   12.268
           -0.160000 -0.840000 -0.480000
   -2.568   -0.805    2.015    3.207    9.180    9.627   11.781   12.383
           -0.160000 -0.840000 -0.460000
   -2.572   -0.800    2.017    3.215    8.985    9.833   11.582   12.591
           -0.160000 -0.840000 -0.440000
   -2.578   -0.793    2.021    3.226    8.790   10.045   11.371   12.819
           -0.160000 -0.840000 -0.420000
   -2.585   -0.783    2.028    3.242    8.599   10.252   11.166   13.048
           -0.160000 -0.840000 -0.400000
   -2.595   -0.770    2.036    3.262    8.415   10.436   10.990   13.257
           -0.160000 -0.840000 -0.380000
   -2.607   -0.756    2.047    3.284    8.238   10.506   10.933   13.382
           -0.160000 -0.840000 -0.360000
   -2.619   -0.739    2.061    3.309    8.068   10.389   11.069   13.417
           -0.160000 -0.840000 -0.340000
   -2.633   -0.722    2.079    3.334    7.908   10.206   11.276   13.425
           -0.160000 -0.840000 -0.320000
   -2.648   -0.703    2.100    3.359    7.757   10.010   11.501   13.426
           -0.160000 -0.840000 -0.300000
   -2.663   -0.684    2.126    3.383    7.616    9.813   11.734   13.424
           -0.160000 -0.840000 -0.280000
   -2.679   -0.665    2.156    3.405    7.488    9.617   11.970   13.420
           -0.160000 -0.840000 -0.260000
   -2.694   -0.647    2.190    3.423    7.372    9.425   12.209   13.416
           -0.160000 -0.840000 -0.240000
   -2.710   -0.629    2.229    3.436    7.270    9.236   12.448   13.411
           -0.160000 -0.840000 -0.220000
   -2.724   -0.611    2.273    3.443    7.183    9.053   12.686   13.406
           -0.160000 -0.840000 -0.200000
   -2.739   -0.595    2.322    3.443    7.112    8.874   12.924   13.400
           -0.160000 -0.840000 -0.180000
   -2.752   -0.580    2.375    3.435    7.058    8.701   13.159   13.395
           -0.160000 -0.840000 -0.160000
   -2.764   -0.567    2.432    3.419    7.021    8.535   13.387   13.395
           -0.160000 -0.840000 -0.140000
   -2.776   -0.555    2.493    3.394    7.000    8.376   13.386   13.616
           -0.160000 -0.840000 -0.120000
   -2.785   -0.544    2.557    3.360    6.996    8.225   13.382   13.833
           -0.160000 -0.840000 -0.100000
   -2.794   -0.535    2.624    3.318    7.007    8.083   13.379   14.039
           -0.160000 -0.840000 -0.080000
   -2.801   -0.528    2.693    3.270    7.031    7.952   13.376   14.227
           -0.160000 -0.840000 -0.060000
   -2.807   -0.523    2.762    3.216    7.065    7.836   13.373   14.390
           -0.160000 -0.840000 -0.040000
   -2.811   -0.519    2.829    3.160    7.103    7.740   13.372   14.520
           -0.160000 -0.840000 -0.020000
   -2.813   -0.516    2.886    3.109    7.135    7.673   13.371   14.604
           -0.160000 -0.840000  0.000000
   -2.814   -0.515    2.913    3.084    7.148    7.648   13.370   14.633
           -0.160000 -0.840000  0.020000
   -2.813   -0.516    2.886    3.109    7.135    7.673   13.371   14.604
           -0.160000 -0.840000  0.040000
   -2.811   -0.519    2.829    3.160    7.103    7.740   13.372   14.520
           -0.160000 -0.840000  0.060000
   -2.807   -0.523    2.762    3.216    7.065    7.836   13.373   14.390
           -0.160000 -0.840000  0.080000
   -2.801   -0.528    2.693    3.270    7.031    7.952   13.376   14.227
           -0.160000 -0.840000  0.100000
   -2.794   -0.535    2.624    3.318    7.007    8.083   13.379   14.039
           -0.160000 -0.840000  0.120000
   -2.785   -0.544    2.557    3.360    6.996    8.225   13.382   13.833
           -0.160000 -0.840000  0.140000
   -2.776   -0.555    2.493    3.394    7.000    8.376   13.386   13.616
           -0.160000 -0.840000  0.160000
   -2.764   -0.567    2.432    3.419    7.021    8.535   13.387   13.395
           -0.160000 -0.840000  0.180000
   -2.752   -0.580    2.375    3.435    7.058    8.701   13.159   13.395
           -0.160000 -0.840000  0.200000
   -2.739   -0.595    2.322    3.443    7.112    8.874   12.924   13.400
           -0.160000 -0.840000  0.220000
   -2.724   -0.611    2.273    3.443    7.183    9.053   12.686   13.406
           -0.160000 -0.840000  0.240000
   -2.710   -0.629    2.229    3.436    7.270    9.236   12.448   13.411
           -0.160000 -0.840000  0.260000
   -2.694   -0.647    2.190    3.423    7.372    9.425   12.209   13.416
           -0.160000 -0.840000  0.280000
   -2.679   -0.665    2.156    3.405    7.488    9.617   11.970   13.420
           -0.160000 -0.840000  0.300000
   -2.663   -0.684    2.126    3.383    7.616    9.813   11.734   13.424
           -0.160000 -0.840000  0.320000
   -2.648   -0.703    2.100    3.359    7.757   10.010   11.501   13.426
           -0.160000 -0.840000  0.340000
   -2.633   -0.722    2.079    3.334    7.908   10.206   11.276   13.425
           -0.160000 -0.840000  0.360000
   -2.619   -0.739    2.061    3.309    8.068   10.389   11.069   13.417
           -0.160000 -0.840000  0.380000
   -2.607   -0.756    2.047    3.284    8.238   10.506   10.933   13.382
           -0.160000 -0.840000  0.400000
   -2.595   -0.770    2.036    3.262    8.415   10.436   10.990   13.257
           -0.160000 -0.840000  0.420000
   -2.585   -0.783    2.028    3.242    8.599   10.252   11.166   13.048
           -0.160000 -0.840000  0.440000
   -2.578   -0.793    2.021    3.226    8.790   10.045   11.371   12.819
           -0.160000 -0.840000  0.460000
   -2.572   -0.800    2.017    3.215    8.985    9.833   11.582   12.591
           -0.160000 -0.840000  0.480000
   -2.568   -0.805    2.015    3.207    9.180    9.627   11.781   12.383
           -0.160000 -0.840000  0.500000
   -2.567   -0.807    2.014    3.205    9.322    9.481   11.892   12.268
           -0.160000 -0.840000  0.520000
   -2.568   -0.805    2.015    3.207    9.180    9.627   11.781   12.383
           -0.160000 -0.840000  0.540000
   -2.572   -0.800    2.017    3.215    8.985    9.833   11.582   12.591
           -0.160000 -0.840000  0.560000
   -2.578   -0.793    2.021    3.226    8.790   10.045   11.371   12.819
           -0.160000 -0.840000  0.580000
   -2.585   -0.783    2.028    3.242    8.599   10.252   11.166   13.048
           -0.160000 -0.840000  0.600000
   -2.595   -0.770    2.036    3.262    8.415   10.436   10.990   13.257
           -0.160000 -0.840000  0.620000
   -2.607   -0.756    2.047    3.284    8.238   10.506   10.933   13.382
           -0.160000 -0.840000  0.640000
   -2.619   -0.739    2.061    3.309    8.068   10.389   11.069   13.417
           -0.160000 -0.840000  0.660000
   -2.633   -0.722    2.079    3.334    7.908   10.206   11.276   13.425
           -0.160000 -0.840000  0.680000
   -2.648   -0.703    2.100    3.359    7.757   10.010   11.501   13.426
           -0.160000 -0.840000  0.700000
   -2.663   -0.684    2.126    3.383    7.616    9.813   11.734   13.424
           -0.160000 -0.840000  0.720000
   -2.679   -0.665    2.156    3.405    7.488    9.617   11.970   13.420
           -0.160000 -0.840000  0.740000
   -2.694   -0.647    2.190    3.423    7.372    9.425   12.209   13.416
           -0.160000 -0.840000  0.760000
   -2.710   -0.629    2.229    3.436    7.270    9.236   12.448   13.411
           -0.160000 -0.840000  0.780000
   -2.724   -0.611    2.273    3.443    7.183    9.053   12.686   13.406
           -0.160000 -0.840000  0.800000
   -2.739   -0.595    2.322    3.443    7.112    8.874   12.924   13.400
           -0.160000 -0.840000  0.820000
   -2.752   -0.580    2.375    3.435    7.058    8.701   13.159   13.395
           -0.160000 -0.840000  0.840000
   -2.764   -0.567    2.432    3.419    7.021    8.535   13.387   13.395
           -0.160000 -0.840000  0.860000
   -2.776   -0.555    2.493    3.394    7.000    8.376   13.386   13.616
           -0.160000 -0.840000  0.880000
   -2.785   -0.544    2.557    3.360    6.996    8.225   13.382   13.833
           -0.160000 -0.840000  0.900000
   -2.794   -0.535    2.624    3.318    7.007    8.083   13.379   14.039
           -0.160000 -0.840000  0.920000
   -2.801   -0.528    2.693    3.270    7.031    7.952   13.376   14.227
           -0.160000 -0.840000  0.940000
   -2.807   -0.523    2.762    3.216    7.065    7.836   13.373   14.390
           -0.160000 -0.840000  0.960000
   -2.811   -0.519    2.829    3.160    7.103    7.740   13.372   14.520
           -0.160000 -0.840000  0.980000
   -2.813   -0.516    2.886    3.109    7.135    7.673   13.371   14.604
           -0.160000 -0.840000  1.000000
   -2.814   -0.515    2.913    3.084    7.148    7.648   13.370   14.633
