 &plot nbnd=   8, nks=    81 /
           -0.800000  0.975000 -1.000000
   -5.943    3.909    4.488    4.524    7.180    7.966    8.182    8.286
           -0.800000  0.975000 -0.975000
   -5.940    3.876    4.498    4.528    7.193    7.910    8.187    8.340
           -0.800000  0.975000 -0.950000
   -5.933    3.791    4.476    4.581    7.231    7.808    8.178    8.466
           -0.800000  0.975000 -0.925000
   -5.921    3.675    4.429    4.652    7.292    7.706    8.156    8.616
           -0.800000  0.975000 -0.900000
   -5.904    3.543    4.366    4.720    7.370    7.621    8.124    8.774
           -0.800000  0.975000 -0.875000
   -5.882    3.402    4.291    4.776    7.446    7.576    8.085    8.936
           -0.800000  0.975000 -0.850000
   -5.856    3.254    4.206    4.813    7.457    7.633    8.041    9.097
           -0.800000  0.975000 -0.825000
   -5.825    3.102    4.113    4.827    7.446    7.744    7.998    9.254
           -0.800000  0.975000 -0.800000
   -5.788    2.947    4.014    4.817    7.454    7.833    7.994    9.402
           -0.800000  0.975000 -0.775000
   -5.748    2.791    3.913    4.783    7.485    7.822    8.099    9.536
           -0.800000  0.975000 -0.750000
   -5.702    2.633    3.809    4.726    7.534    7.774    8.252    9.647
           -0.800000  0.975000 -0.725000
   -5.652    2.474    3.704    4.651    7.582    7.737    8.421    9.726
           -0.800000  0.975000 -0.700000
   -5.597    2.315    3.600    4.560    7.574    7.767    8.598    9.764
           -0.800000  0.975000 -0.675000
   -5.537    2.155    3.496    4.457    7.519    7.857    8.782    9.758
           -0.800000  0.975000 -0.650000
   -5.472    1.994    3.393    4.345    7.451    7.966    8.971    9.710
           -0.800000  0.975000 -0.625000
   -5.403    1.833    3.293    4.228    7.380    8.083    9.165    9.633
           -0.800000  0.975000 -0.600000
   -5.330    1.671    3.195    4.106    7.309    8.198    9.361    9.542
           -0.800000  0.975000 -0.575000
   -5.252    1.508    3.100    3.982    7.239    8.304    9.444    9.568
           -0.800000  0.975000 -0.550000
   -5.169    1.345    3.008    3.858    7.170    8.388    9.372    9.769
           -0.800000  0.975000 -0.525000
   -5.082    1.181    2.920    3.734    7.103    8.432    9.338    9.975
           -0.800000  0.975000 -0.500000
   -4.991    1.017    2.835    3.612    7.038    8.424    9.359   10.184
           -0.800000  0.975000 -0.475000
   -4.895    0.851    2.754    3.492    6.977    8.366    9.433   10.395
           -0.800000  0.975000 -0.450000
   -4.795    0.685    2.676    3.375    6.918    8.276    9.545   10.607
           -0.800000  0.975000 -0.425000
   -4.691    0.518    2.603    3.263    6.863    8.168    9.681   10.821
           -0.800000  0.975000 -0.400000
   -4.582    0.350    2.534    3.154    6.812    8.051    9.832   11.037
           -0.800000  0.975000 -0.375000
   -4.470    0.181    2.470    3.050    6.765    7.933    9.993   11.253
           -0.800000  0.975000 -0.350000
   -4.353    0.012    2.410    2.951    6.722    7.816   10.161   11.471
           -0.800000  0.975000 -0.325000
   -4.233   -0.159    2.354    2.858    6.683    7.701   10.334   11.689
           -0.800000  0.975000 -0.300000
   -4.108   -0.330    2.303    2.770    6.649    7.591   10.511   11.907
           -0.800000  0.975000 -0.275000
   -3.980   -0.501    2.257    2.688    6.619    7.486   10.692   12.124
           -0.800000  0.975000 -0.250000
   -3.849   -0.672    2.215    2.612    6.594    7.387   10.876   12.340
           -0.800000  0.975000 -0.225000
   -3.714   -0.844    2.178    2.543    6.574    7.294   11.064   12.553
           -0.800000  0.975000 -0.200000
   -3.575   -1.015    2.145    2.479    6.558    7.207   11.253   12.761
           -0.800000  0.975000 -0.175000
   -3.433   -1.187    2.118    2.423    6.547    7.128   11.445   12.959
           -0.800000  0.975000 -0.150000
   -3.288   -1.357    2.094    2.372    6.540    7.055   11.640   13.137
           -0.800000  0.975000 -0.125000
   -3.140   -1.527    2.075    2.329    6.538    6.991   11.836   13.274
           -0.800000  0.975000 -0.100000
   -2.989   -1.696    2.060    2.293    6.539    6.935   12.034   13.334
           -0.800000  0.975000 -0.075000
   -2.836   -1.863    2.049    2.264    6.543    6.888   12.232   13.291
           -0.800000  0.975000 -0.050000
   -2.680   -2.029    2.042    2.243    6.548    6.852   12.431   13.170
           -0.800000  0.975000 -0.025000
   -2.523   -2.192    2.037    2.230    6.552    6.830   12.627   13.007
           -0.800000  0.975000  0.000000
   -2.393   -2.324    2.036    2.226    6.554    6.822   12.796   12.847
           -0.800000  0.975000  0.025000
   -2.523   -2.192    2.037    2.230    6.552    6.830   12.627   13.007
           -0.800000  0.975000  0.050000
   -2.680   -2.029    2.042    2.243    6.548    6.852   12.431   13.170
           -0.800000  0.975000  0.075000
   -2.836   -1.863    2.049    2.264    6.543    6.888   12.232   13.291
           -0.800000  0.975000  0.100000
   -2.989   -1.696    2.060    2.293    6.539    6.935   12.034   13.334
           -0.800000  0.975000  0.125000
   -3.140   -1.527    2.075    2.329    6.538    6.991   11.836   13.274
           -0.800000  0.975000  0.150000
   -3.288   -1.357    2.094    2.372    6.540    7.055   11.640   13.137
           -0.800000  0.975000  0.175000
   -3.433   -1.187    2.118    2.423    6.547    7.128   11.445   12.959
           -0.800000  0.975000  0.200000
   -3.575   -1.015    2.145    2.479    6.558    7.207   11.253   12.761
           -0.800000  0.975000  0.225000
   -3.714   -0.844    2.178    2.543    6.574    7.294   11.064   12.553
           -0.800000  0.975000  0.250000
   -3.849   -0.672    2.215    2.612    6.594    7.387   10.876   12.340
           -0.800000  0.975000  0.275000
   -3.980   -0.501    2.257    2.688    6.619    7.486   10.692   12.124
           -0.800000  0.975000  0.300000
   -4.108   -0.330    2.303    2.770    6.649    7.591   10.511   11.907
           -0.800000  0.975000  0.325000
   -4.233   -0.159    2.354    2.858    6.683    7.701   10.334   11.689
           -0.800000  0.975000  0.350000
   -4.353    0.012    2.410    2.951    6.722    7.816   10.161   11.471
           -0.800000  0.975000  0.375000
   -4.470    0.181    2.470    3.050    6.765    7.933    9.993   11.253
           -0.800000  0.975000  0.400000
   -4.582    0.350    2.534    3.154    6.812    8.051    9.832   11.037
           -0.800000  0.975000  0.425000
   -4.691    0.518    2.603    3.263    6.863    8.168    9.681   10.821
           -0.800000  0.975000  0.450000
   -4.795    0.685    2.676    3.375    6.918    8.276    9.545   10.607
           -0.800000  0.975000  0.475000
   -4.895    0.851    2.754    3.492    6.977    8.366    9.433   10.395
           -0.800000  0.975000  0.500000
   -4.991    1.017    2.835    3.612    7.038    8.424    9.359   10.184
           -0.800000  0.975000  0.525000
   -5.082    1.181    2.920    3.734    7.103    8.432    9.338    9.975
           -0.800000  0.975000  0.550000
   -5.169    1.345    3.008    3.858    7.170    8.388    9.372    9.769
           -0.800000  0.975000  0.575000
   -5.252    1.508    3.100    3.982    7.239    8.304    9.444    9.568
           -0.800000  0.975000  0.600000
   -5.330    1.671    3.195    4.106    7.309    8.198    9.361    9.542
           -0.800000  0.975000  0.625000
   -5.403    1.833    3.293    4.228    7.380    8.083    9.165    9.633
           -0.800000  0.975000  0.650000
   -5.472    1.994    3.393    4.345    7.451    7.966    8.971    9.710
           -0.800000  0.975000  0.675000
   -5.537    2.155    3.496    4.457    7.519    7.857    8.782    9.758
           -0.800000  0.975000  0.700000
   -5.597    2.315    3.600    4.560    7.574    7.767    8.598    9.764
           -0.800000  0.975000  0.725000
   -5.652    2.474    3.704    4.651    7.582    7.737    8.421    9.726
           -0.800000  0.975000  0.750000
   -5.702    2.633    3.809    4.726    7.534    7.774    8.252    9.647
           -0.800000  0.975000  0.775000
   -5.748    2.791    3.913    4.783    7.485    7.822    8.099    9.536
           -0.800000  0.975000  0.800000
   -5.788    2.947    4.014    4.817    7.454    7.833    7.994    9.402
           -0.800000  0.975000  0.825000
   -5.825    3.102    4.113    4.827    7.446    7.744    7.998    9.254
           -0.800000  0.975000  0.850000
   -5.856    3.254    4.206    4.813    7.457    7.633    8.041    9.097
           -0.800000  0.975000  0.875000
   -5.882    3.402    4.291    4.776    7.446    7.576    8.085    8.936
           -0.800000  0.975000  0.900000
   -5.904    3.543    4.366    4.720    7.370    7.621    8.124    8.774
           -0.800000  0.975000  0.925000
   -5.921    3.675    4.429    4.652    7.292    7.706    8.156    8.616
           -0.800000  0.975000  0.950000
   -5.933    3.791    4.476    4.581    7.231    7.808    8.178    8.466
           -0.800000  0.975000  0.975000
   -5.940    3.876    4.498    4.528    7.193    7.910    8.187    8.340
           -0.800000  0.975000  1.000000
   -5.943    3.909    4.488    4.524    7.180    7.966    8.182    8.286
