 &plot nbnd=   8, nks=   101 /
           -0.060000 -0.040000 -1.000000
   -1.757   -1.725    3.017    3.162    6.738    6.917   15.565   15.646
           -0.060000 -0.040000 -0.980000
   -1.890   -1.590    3.019    3.164    6.734    6.926   15.518   15.614
           -0.060000 -0.040000 -0.960000
   -2.036   -1.438    3.024    3.169    6.724    6.949   15.405   15.521
           -0.060000 -0.040000 -0.940000
   -2.181   -1.284    3.032    3.176    6.711    6.985   15.259   15.387
           -0.060000 -0.040000 -0.920000
   -2.323   -1.129    3.044    3.187    6.700    7.028   15.096   15.229
           -0.060000 -0.040000 -0.900000
   -2.462   -0.972    3.059    3.201    6.690    7.079   14.925   15.060
           -0.060000 -0.040000 -0.880000
   -2.600   -0.813    3.077    3.218    6.683    7.136   14.749   14.884
           -0.060000 -0.040000 -0.860000
   -2.735   -0.653    3.098    3.238    6.680    7.198   14.571   14.705
           -0.060000 -0.040000 -0.840000
   -2.868   -0.491    3.123    3.261    6.680    7.266   14.392   14.524
           -0.060000 -0.040000 -0.820000
   -2.998   -0.328    3.152    3.288    6.684    7.339   14.211   14.342
           -0.060000 -0.040000 -0.800000
   -3.126   -0.164    3.183    3.317    6.692    7.418   14.031   14.159
           -0.060000 -0.040000 -0.780000
   -3.251    0.000    3.218    3.349    6.703    7.501   13.851   13.977
           -0.060000 -0.040000 -0.760000
   -3.374    0.166    3.256    3.384    6.719    7.590   13.670   13.796
           -0.060000 -0.040000 -0.740000
   -3.494    0.333    3.297    3.423    6.737    7.683   13.491   13.615
           -0.060000 -0.040000 -0.720000
   -3.611    0.500    3.342    3.464    6.760    7.782   13.311   13.435
           -0.060000 -0.040000 -0.700000
   -3.725    0.668    3.389    3.508    6.786    7.885   13.132   13.255
           -0.060000 -0.040000 -0.680000
   -3.837    0.836    3.440    3.556    6.816    7.993   12.954   13.077
           -0.060000 -0.040000 -0.660000
   -3.945    1.005    3.495    3.606    6.849    8.106   12.776   12.900
           -0.060000 -0.040000 -0.640000
   -4.051    1.174    3.552    3.659    6.885    8.223   12.599   12.723
           -0.060000 -0.040000 -0.620000
   -4.154    1.343    3.612    3.715    6.925    8.345   12.423   12.548
           -0.060000 -0.040000 -0.600000
   -4.254    1.512    3.676    3.774    6.968    8.471   12.247   12.374
           -0.060000 -0.040000 -0.580000
   -4.351    1.681    3.742    3.836    7.014    8.601   12.073   12.201
           -0.060000 -0.040000 -0.560000
   -4.445    1.849    3.812    3.901    7.063    8.734   11.899   12.029
           -0.060000 -0.040000 -0.540000
   -4.535    2.018    3.884    3.969    7.115    8.870   11.727   11.858
           -0.060000 -0.040000 -0.520000
   -4.623    2.185    3.959    4.040    7.170    9.009   11.557   11.689
           -0.060000 -0.040000 -0.500000
   -4.708    2.353    4.036    4.113    7.227    9.149   11.389   11.520
           -0.060000 -0.040000 -0.480000
   -4.789    2.519    4.116    4.190    7.286    9.290   11.223   11.353
           -0.060000 -0.040000 -0.460000
   -4.867    2.684    4.198    4.270    7.348    9.429   11.060   11.188
           -0.060000 -0.040000 -0.440000
   -4.943    2.849    4.281    4.353    7.412    9.565   10.902   11.023
           -0.060000 -0.040000 -0.420000
   -5.015    3.012    4.366    4.440    7.478    9.692   10.752   10.860
           -0.060000 -0.040000 -0.400000
   -5.083    3.174    4.453    4.529    7.545    9.803   10.615   10.699
           -0.060000 -0.040000 -0.380000
   -5.149    3.335    4.540    4.622    7.613    9.883   10.504   10.540
           -0.060000 -0.040000 -0.360000
   -5.211    3.493    4.629    4.717    7.683    9.907   10.383   10.439
           -0.060000 -0.040000 -0.340000
   -5.270    3.650    4.718    4.815    7.753    9.860   10.228   10.429
           -0.060000 -0.040000 -0.320000
   -5.325    3.806    4.808    4.914    7.824    9.763   10.076   10.449
           -0.060000 -0.040000 -0.300000
   -5.378    3.958    4.899    5.015    7.895    9.643    9.926   10.463
           -0.060000 -0.040000 -0.280000
   -5.427    4.109    4.989    5.116    7.965    9.515    9.780   10.455
           -0.060000 -0.040000 -0.260000
   -5.472    4.257    5.080    5.217    8.034    9.385    9.637   10.416
           -0.060000 -0.040000 -0.240000
   -5.515    4.402    5.170    5.316    8.102    9.258    9.498   10.348
           -0.060000 -0.040000 -0.220000
   -5.554    4.545    5.260    5.413    8.168    9.136    9.364   10.256
           -0.060000 -0.040000 -0.200000
   -5.589    4.684    5.347    5.506    8.231    9.021    9.236   10.147
           -0.060000 -0.040000 -0.180000
   -5.622    4.819    5.433    5.593    8.291    8.915    9.113   10.028
           -0.060000 -0.040000 -0.160000
   -5.650    4.951    5.515    5.672    8.346    8.819    8.998    9.903
           -0.060000 -0.040000 -0.140000
   -5.676    5.077    5.592    5.741    8.397    8.735    8.892    9.777
           -0.060000 -0.040000 -0.120000
   -5.698    5.198    5.664    5.797    8.442    8.665    8.795    9.653
           -0.060000 -0.040000 -0.100000
   -5.717    5.313    5.729    5.839    8.481    8.610    8.710    9.537
           -0.060000 -0.040000 -0.080000
   -5.732    5.420    5.784    5.866    8.510    8.569    8.640    9.431
           -0.060000 -0.040000 -0.060000
   -5.744    5.518    5.828    5.876    8.525    8.544    8.592    9.340
           -0.060000 -0.040000 -0.040000
   -5.753    5.603    5.849    5.881    8.504    8.545    8.572    9.269
           -0.060000 -0.040000 -0.020000
   -5.758    5.669    5.838    5.894    8.483    8.545    8.571    9.224
           -0.060000 -0.040000  0.000000
   -5.759    5.698    5.825    5.900    8.476    8.545    8.572    9.209
           -0.060000 -0.040000  0.020000
   -5.758    5.669    5.838    5.894    8.483    8.545    8.571    9.224
           -0.060000 -0.040000  0.040000
   -5.753    5.603    5.849    5.881    8.504    8.545    8.572    9.269
           -0.060000 -0.040000  0.060000
   -5.744    5.518    5.828    5.876    8.525    8.544    8.592    9.340
           -0.060000 -0.040000  0.080000
   -5.732    5.420    5.784    5.866    8.510    8.569    8.640    9.431
           -0.060000 -0.040000  0.100000
   -5.717    5.313    5.729    5.839    8.481    8.610    8.710    9.537
           -0.060000 -0.040000  0.120000
   -5.698    5.198    5.664    5.797    8.442    8.665    8.795    9.653
           -0.060000 -0.040000  0.140000
   -5.676    5.077    5.592    5.741    8.397    8.735    8.892    9.777
           -0.060000 -0.040000  0.160000
   -5.650    4.951    5.515    5.672    8.346    8.819    8.998    9.903
           -0.060000 -0.040000  0.180000
   -5.622    4.819    5.433    5.593    8.291    8.915    9.113   10.028
           -0.060000 -0.040000  0.200000
   -5.589    4.684    5.347    5.506    8.231    9.021    9.236   10.147
           -0.060000 -0.040000  0.220000
   -5.554    4.545    5.260    5.413    8.168    9.136    9.364   10.256
           -0.060000 -0.040000  0.240000
   -5.515    4.402    5.170    5.316    8.102    9.258    9.498   10.348
           -0.060000 -0.040000  0.260000
   -5.472    4.257    5.080    5.217    8.034    9.385    9.637   10.416
           -0.060000 -0.040000  0.280000
   -5.427    4.109    4.989    5.116    7.965    9.515    9.780   10.455
           -0.060000 -0.040000  0.300000
   -5.378    3.958    4.899    5.015    7.895    9.643    9.926   10.463
           -0.060000 -0.040000  0.320000
   -5.325    3.806    4.808    4.914    7.824    9.763   10.076   10.449
           -0.060000 -0.040000  0.340000
   -5.270    3.650    4.718    4.815    7.753    9.860   10.228   10.429
           -0.060000 -0.040000  0.360000
   -5.211    3.493    4.629    4.717    7.683    9.907   10.383   10.439
           -0.060000 -0.040000  0.380000
   -5.149    3.335    4.540    4.622    7.613    9.883   10.504   10.540
           -0.060000 -0.040000  0.400000
   -5.083    3.174    4.453    4.529    7.545    9.803   10.615   10.699
           -0.060000 -0.040000  0.420000
   -5.015    3.012    4.366    4.440    7.478    9.692   10.752   10.860
           -0.060000 -0.040000  0.440000
   -4.943    2.849    4.281    4.353    7.412    9.565   10.902   11.023
           -0.060000 -0.040000  0.460000
   -4.867    2.684    4.198    4.270    7.348    9.429   11.060   11.188
           -0.060000 -0.040000  0.480000
   -4.789    2.519    4.116    4.190    7.286    9.290   11.223   11.353
           -0.060000 -0.040000  0.500000
   -4.708    2.353    4.036    4.113    7.227    9.149   11.389   11.520
           -0.060000 -0.040000  0.520000
   -4.623    2.185    3.959    4.040    7.170    9.009   11.557   11.689
           -0.060000 -0.040000  0.540000
   -4.535    2.018    3.884    3.969    7.115    8.870   11.727   11.858
           -0.060000 -0.040000  0.560000
   -4.445    1.849    3.812    3.901    7.063    8.734   11.899   12.029
           -0.060000 -0.040000  0.580000
   -4.351    1.681    3.742    3.836    7.014    8.601   12.073   12.201
           -0.060000 -0.040000  0.600000
   -4.254    1.512    3.676    3.774    6.968    8.471   12.247   12.374
           -0.060000 -0.040000  0.620000
   -4.154    1.343    3.612    3.715    6.925    8.345   12.423   12.548
           -0.060000 -0.040000  0.640000
   -4.051    1.174    3.552    3.659    6.885    8.223   12.599   12.723
           -0.060000 -0.040000  0.660000
   -3.945    1.005    3.495    3.606    6.849    8.106   12.776   12.900
           -0.060000 -0.040000  0.680000
   -3.837    0.836    3.440    3.556    6.816    7.993   12.954   13.077
           -0.060000 -0.040000  0.700000
   -3.725    0.668    3.389    3.508    6.786    7.885   13.132   13.255
           -0.060000 -0.040000  0.720000
   -3.611    0.500    3.342    3.464    6.760    7.782   13.311   13.435
           -0.060000 -0.040000  0.740000
   -3.494    0.333    3.297    3.423    6.737    7.683   13.491   13.615
           -0.060000 -0.040000  0.760000
   -3.374    0.166    3.256    3.384    6.719    7.590   13.670   13.796
           -0.060000 -0.040000  0.780000
   -3.251    0.000    3.218    3.349    6.703    7.501   13.851   13.977
           -0.060000 -0.040000  0.800000
   -3.126   -0.164    3.183    3.317    6.692    7.418   14.031   14.159
           -0.060000 -0.040000  0.820000
   -2.998   -0.328    3.152    3.288    6.684    7.339   14.211   14.342
           -0.060000 -0.040000  0.840000
   -2.868   -0.491    3.123    3.261    6.680    7.266   14.392   14.524
           -0.060000 -0.040000  0.860000
   -2.735   -0.653    3.098    3.238    6.680    7.198   14.571   14.705
           -0.060000 -0.040000  0.880000
   -2.600   -0.813    3.077    3.218    6.683    7.136   14.749   14.884
           -0.060000 -0.040000  0.900000
   -2.462   -0.972    3.059    3.201    6.690    7.079   14.925   15.060
           -0.060000 -0.040000  0.920000
   -2.323   -1.129    3.044    3.187    6.700    7.028   15.096   15.229
           -0.060000 -0.040000  0.940000
   -2.181   -1.284    3.032    3.176    6.711    6.985   15.259   15.387
           -0.060000 -0.040000  0.960000
   -2.036   -1.438    3.024    3.169    6.724    6.949   15.405   15.521
           -0.060000 -0.040000  0.980000
   -1.890   -1.590    3.019    3.164    6.734    6.926   15.518   15.614
           -0.060000 -0.040000  1.000000
   -1.757   -1.725    3.017    3.162    6.738    6.917   15.565   15.646
