 &plot nbnd=   8, nks=    81 /
           -0.725000  0.625000 -1.000000
   -5.275    1.466    2.964    4.366    7.808    7.926    9.015    9.903
           -0.725000  0.625000 -0.975000
   -5.273    1.449    2.983    4.363    7.760    7.961    9.010    9.920
           -0.725000  0.625000 -0.950000
   -5.266    1.399    3.035    4.354    7.669    8.014    8.996    9.971
           -0.725000  0.625000 -0.925000
   -5.255    1.323    3.115    4.339    7.562    8.061    8.975   10.052
           -0.725000  0.625000 -0.900000
   -5.240    1.228    3.215    4.317    7.447    8.098    8.949   10.158
           -0.725000  0.625000 -0.875000
   -5.220    1.120    3.329    4.290    7.326    8.128    8.920   10.284
           -0.725000  0.625000 -0.850000
   -5.197    1.004    3.450    4.257    7.202    8.152    8.888   10.429
           -0.725000  0.625000 -0.825000
   -5.169    0.883    3.573    4.219    7.079    8.173    8.855   10.587
           -0.725000  0.625000 -0.800000
   -5.136    0.759    3.694    4.176    6.960    8.194    8.820   10.758
           -0.725000  0.625000 -0.775000
   -5.100    0.634    3.809    4.128    6.848    8.217    8.782   10.938
           -0.725000  0.625000 -0.750000
   -5.059    0.509    3.909    4.079    6.748    8.242    8.742   11.126
           -0.725000  0.625000 -0.725000
   -5.015    0.386    3.970    4.051    6.664    8.271    8.700   11.321
           -0.725000  0.625000 -0.700000
   -4.966    0.264    3.936    4.094    6.600    8.306    8.655   11.518
           -0.725000  0.625000 -0.675000
   -4.914    0.145    3.873    4.137    6.561    8.344    8.610   11.712
           -0.725000  0.625000 -0.650000
   -4.858    0.028    3.803    4.157    6.549    8.384    8.569   11.887
           -0.725000  0.625000 -0.625000
   -4.798   -0.085    3.728    4.151    6.564    8.411    8.547   11.993
           -0.725000  0.625000 -0.600000
   -4.735   -0.195    3.647    4.120    6.605    8.400    8.570   11.975
           -0.725000  0.625000 -0.575000
   -4.669   -0.301    3.561    4.068    6.668    8.363    8.630   11.887
           -0.725000  0.625000 -0.550000
   -4.599   -0.403    3.468    4.001    6.747    8.321    8.706   11.779
           -0.725000  0.625000 -0.525000
   -4.526   -0.502    3.369    3.923    6.834    8.283    8.794   11.668
           -0.725000  0.625000 -0.500000
   -4.451   -0.596    3.262    3.840    6.923    8.255    8.890   11.558
           -0.725000  0.625000 -0.475000
   -4.373   -0.686    3.147    3.756    7.006    8.243    8.996   11.453
           -0.725000  0.625000 -0.450000
   -4.293   -0.771    3.024    3.674    7.076    8.253    9.110   11.352
           -0.725000  0.625000 -0.425000
   -4.211   -0.852    2.894    3.596    7.125    8.290    9.233   11.257
           -0.725000  0.625000 -0.400000
   -4.128   -0.928    2.759    3.522    7.153    8.355    9.363   11.167
           -0.725000  0.625000 -0.375000
   -4.043   -1.000    2.620    3.454    7.159    8.446    9.500   11.083
           -0.725000  0.625000 -0.350000
   -3.958   -1.067    2.479    3.390    7.149    8.560    9.645   11.005
           -0.725000  0.625000 -0.325000
   -3.874   -1.129    2.337    3.332    7.126    8.691    9.796   10.933
           -0.725000  0.625000 -0.300000
   -3.789   -1.186    2.196    3.278    7.096    8.835    9.953   10.867
           -0.725000  0.625000 -0.275000
   -3.706   -1.238    2.058    3.229    7.062    8.989   10.115   10.807
           -0.725000  0.625000 -0.250000
   -3.625   -1.285    1.925    3.185    7.026    9.149   10.280   10.753
           -0.725000  0.625000 -0.225000
   -3.548   -1.327    1.798    3.145    6.990    9.315   10.445   10.710
           -0.725000  0.625000 -0.200000
   -3.474   -1.364    1.678    3.109    6.956    9.485   10.580   10.704
           -0.725000  0.625000 -0.175000
   -3.405   -1.396    1.566    3.077    6.924    9.658   10.594   10.826
           -0.725000  0.625000 -0.150000
   -3.343   -1.423    1.466    3.050    6.896    9.833   10.570   10.991
           -0.725000  0.625000 -0.125000
   -3.288   -1.445    1.377    3.027    6.871   10.007   10.547   11.152
           -0.725000  0.625000 -0.100000
   -3.241   -1.463    1.302    3.008    6.850   10.176   10.533   11.296
           -0.725000  0.625000 -0.075000
   -3.203   -1.477    1.242    2.993    6.833   10.326   10.539   11.393
           -0.725000  0.625000 -0.050000
   -3.176   -1.486    1.199    2.983    6.821   10.414   10.601   11.400
           -0.725000  0.625000 -0.025000
   -3.159   -1.492    1.172    2.976    6.814   10.435   10.705   11.335
           -0.725000  0.625000  0.000000
   -3.153   -1.493    1.163    2.974    6.812   10.438   10.757   11.294
           -0.725000  0.625000  0.025000
   -3.159   -1.492    1.172    2.976    6.814   10.435   10.705   11.335
           -0.725000  0.625000  0.050000
   -3.176   -1.486    1.199    2.983    6.821   10.414   10.601   11.400
           -0.725000  0.625000  0.075000
   -3.203   -1.477    1.242    2.993    6.833   10.326   10.539   11.393
           -0.725000  0.625000  0.100000
   -3.241   -1.463    1.302    3.008    6.850   10.176   10.533   11.296
           -0.725000  0.625000  0.125000
   -3.288   -1.445    1.377    3.027    6.871   10.007   10.547   11.152
           -0.725000  0.625000  0.150000
   -3.343   -1.423    1.466    3.050    6.896    9.833   10.570   10.991
           -0.725000  0.625000  0.175000
   -3.405   -1.396    1.566    3.077    6.924    9.658   10.594   10.826
           -0.725000  0.625000  0.200000
   -3.474   -1.364    1.678    3.109    6.956    9.485   10.580   10.704
           -0.725000  0.625000  0.225000
   -3.548   -1.327    1.798    3.145    6.990    9.315   10.445   10.710
           -0.725000  0.625000  0.250000
   -3.625   -1.285    1.925    3.185    7.026    9.149   10.280   10.753
           -0.725000  0.625000  0.275000
   -3.706   -1.238    2.058    3.229    7.062    8.989   10.115   10.807
           -0.725000  0.625000  0.300000
   -3.789   -1.186    2.196    3.278    7.096    8.835    9.953   10.867
           -0.725000  0.625000  0.325000
   -3.874   -1.129    2.337    3.332    7.126    8.691    9.796   10.933
           -0.725000  0.625000  0.350000
   -3.958   -1.067    2.479    3.390    7.149    8.560    9.645   11.005
           -0.725000  0.625000  0.375000
   -4.043   -1.000    2.620    3.454    7.159    8.446    9.500   11.083
           -0.725000  0.625000  0.400000
   -4.128   -0.928    2.759    3.522    7.153    8.355    9.363   11.167
           -0.725000  0.625000  0.425000
   -4.211   -0.852    2.894    3.596    7.125    8.290    9.233   11.257
           -0.725000  0.625000  0.450000
   -4.293   -0.771    3.024    3.674    7.076    8.253    9.110   11.352
           -0.725000  0.625000  0.475000
   -4.373   -0.686    3.147    3.756    7.006    8.243    8.996   11.453
           -0.725000  0.625000  0.500000
   -4.451   -0.596    3.262    3.840    6.923    8.255    8.890   11.558
           -0.725000  0.625000  0.525000
   -4.526   -0.502    3.369    3.923    6.834    8.283    8.794   11.668
           -0.725000  0.625000  0.550000
   -4.599   -0.403    3.468    4.001    6.747    8.321    8.706   11.779
           -0.725000  0.625000  0.575000
   -4.669   -0.301    3.561    4.068    6.668    8.363    8.630   11.887
           -0.725000  0.625000  0.600000
   -4.735   -0.195    3.647    4.120    6.605    8.400    8.570   11.975
           -0.725000  0.625000  0.625000
   -4.798   -0.085    3.728    4.151    6.564    8.411    8.547   11.993
           -0.725000  0.625000  0.650000
   -4.858    0.028    3.803    4.157    6.549    8.384    8.569   11.887
           -0.725000  0.625000  0.675000
   -4.914    0.145    3.873    4.137    6.561    8.344    8.610   11.712
           -0.725000  0.625000  0.700000
   -4.966    0.264    3.936    4.094    6.600    8.306    8.655   11.518
           -0.725000  0.625000  0.725000
   -5.015    0.386    3.970    4.051    6.664    8.271    8.700   11.321
           -0.725000  0.625000  0.750000
   -5.059    0.509    3.909    4.079    6.748    8.242    8.742   11.126
           -0.725000  0.625000  0.775000
   -5.100    0.634    3.809    4.128    6.848    8.217    8.782   10.938
           -0.725000  0.625000  0.800000
   -5.136    0.759    3.694    4.176    6.960    8.194    8.820   10.758
           -0.725000  0.625000  0.825000
   -5.169    0.883    3.573    4.219    7.079    8.173    8.855   10.587
           -0.725000  0.625000  0.850000
   -5.197    1.004    3.450    4.257    7.202    8.152    8.888   10.429
           -0.725000  0.625000  0.875000
   -5.220    1.120    3.329    4.290    7.326    8.128    8.920   10.284
           -0.725000  0.625000  0.900000
   -5.240    1.228    3.215    4.317    7.447    8.098    8.949   10.158
           -0.725000  0.625000  0.925000
   -5.255    1.323    3.115    4.339    7.562    8.061    8.975   10.052
           -0.725000  0.625000  0.950000
   -5.266    1.399    3.035    4.354    7.669    8.014    8.996    9.971
           -0.725000  0.625000  0.975000
   -5.273    1.449    2.983    4.363    7.760    7.961    9.010    9.920
           -0.725000  0.625000  1.000000
   -5.275    1.466    2.964    4.366    7.808    7.926    9.015    9.903
