 &plot nbnd=   8, nks=    41 /
           -0.250000  0.500000 -1.000000
   -3.344   -1.266    1.306    2.732    7.814    9.346    9.915   11.589
           -0.250000  0.500000 -0.950000
   -3.353   -1.275    1.337    2.747    7.821    9.164   10.116   11.595
           -0.250000  0.500000 -0.900000
   -3.380   -1.299    1.426    2.790    7.840    8.859   10.474   11.599
           -0.250000  0.500000 -0.850000
   -3.427   -1.327    1.560    2.863    7.866    8.560   10.836   11.439
           -0.250000  0.500000 -0.800000
   -3.493   -1.345    1.725    2.967    7.873    8.311   10.857   11.457
           -0.250000  0.500000 -0.750000
   -3.579   -1.344    1.904    3.099    7.788    8.194   10.501   11.847
           -0.250000  0.500000 -0.700000
   -3.683   -1.316    2.087    3.256    7.605    8.217   10.107   11.949
           -0.250000  0.500000 -0.650000
   -3.800   -1.261    2.267    3.427    7.413    8.294    9.720   12.067
           -0.250000  0.500000 -0.600000
   -3.926   -1.176    2.440    3.597    7.248    8.390    9.356   12.199
           -0.250000  0.500000 -0.550000
   -4.056   -1.064    2.606    3.746    7.126    8.488    9.034   12.329
           -0.250000  0.500000 -0.500000
   -4.185   -0.927    2.766    3.854    7.052    8.539    8.809   12.352
           -0.250000  0.500000 -0.450000
   -4.310   -0.768    2.918    3.902    7.025    8.423    8.815   12.031
           -0.250000  0.500000 -0.400000
   -4.428   -0.590    3.061    3.885    7.030    8.294    8.916   11.582
           -0.250000  0.500000 -0.350000
   -4.536   -0.395    3.189    3.805    7.047    8.245    9.033   11.127
           -0.250000  0.500000 -0.300000
   -4.633   -0.186    3.289    3.684    7.064    8.277    9.160   10.693
           -0.250000  0.500000 -0.250000
   -4.717    0.031    3.310    3.587    7.089    8.359    9.303   10.292
           -0.250000  0.500000 -0.200000
   -4.787    0.250    3.181    3.596    7.133    8.443    9.463    9.944
           -0.250000  0.500000 -0.150000
   -4.843    0.461    2.991    3.643    7.204    8.491    9.539    9.767
           -0.250000  0.500000 -0.100000
   -4.883    0.647    2.807    3.684    7.292    8.483    9.381    9.912
           -0.250000  0.500000 -0.050000
   -4.907    0.781    2.671    3.709    7.373    8.437    9.271   10.066
           -0.250000  0.500000  0.000000
   -4.915    0.831    2.620    3.718    7.407    8.410    9.237   10.128
           -0.250000  0.500000  0.050000
   -4.907    0.781    2.671    3.709    7.373    8.437    9.271   10.066
           -0.250000  0.500000  0.100000
   -4.883    0.647    2.807    3.684    7.292    8.483    9.381    9.912
           -0.250000  0.500000  0.150000
   -4.843    0.461    2.991    3.643    7.204    8.491    9.539    9.767
           -0.250000  0.500000  0.200000
   -4.787    0.250    3.181    3.596    7.133    8.443    9.463    9.944
           -0.250000  0.500000  0.250000
   -4.717    0.031    3.310    3.587    7.089    8.359    9.303   10.292
           -0.250000  0.500000  0.300000
   -4.633   -0.186    3.289    3.684    7.064    8.277    9.160   10.693
           -0.250000  0.500000  0.350000
   -4.536   -0.395    3.189    3.805    7.047    8.245    9.033   11.127
           -0.250000  0.500000  0.400000
   -4.428   -0.590    3.061    3.885    7.030    8.294    8.916   11.582
           -0.250000  0.500000  0.450000
   -4.310   -0.768    2.918    3.902    7.025    8.423    8.815   12.031
           -0.250000  0.500000  0.500000
   -4.185   -0.927    2.766    3.854    7.052    8.539    8.809   12.352
           -0.250000  0.500000  0.550000
   -4.056   -1.064    2.606    3.746    7.126    8.488    9.034   12.329
           -0.250000  0.500000  0.600000
   -3.926   -1.176    2.440    3.597    7.248    8.390    9.356   12.199
           -0.250000  0.500000  0.650000
   -3.800   -1.261    2.267    3.427    7.413    8.294    9.720   12.067
           -0.250000  0.500000  0.700000
   -3.683   -1.316    2.087    3.256    7.605    8.217   10.107   11.949
           -0.250000  0.500000  0.750000
   -3.579   -1.344    1.904    3.099    7.788    8.194   10.501   11.847
           -0.250000  0.500000  0.800000
   -3.493   -1.345    1.725    2.967    7.873    8.311   10.857   11.457
           -0.250000  0.500000  0.850000
   -3.427   -1.327    1.560    2.863    7.866    8.560   10.836   11.439
           -0.250000  0.500000  0.900000
   -3.380   -1.299    1.426    2.790    7.840    8.859   10.474   11.599
           -0.250000  0.500000  0.950000
   -3.353   -1.275    1.337    2.747    7.821    9.164   10.116   11.595
           -0.250000  0.500000  1.000000
   -3.344   -1.266    1.306    2.732    7.814    9.346    9.915   11.589
