 &plot nbnd=   8, nks=   100 /
           -0.487200  0.897400 -1.000000
   -5.288    0.997    2.900    3.147    6.179    7.840    9.795   10.168
           -0.487200  0.897400 -0.979800
   -5.287    0.991    2.903    3.143    6.185    7.846    9.790   10.156
           -0.487200  0.897400 -0.959600
   -5.282    0.973    2.911    3.134    6.204    7.863    9.772   10.124
           -0.487200  0.897400 -0.939400
   -5.275    0.943    2.922    3.122    6.234    7.891    9.739   10.078
           -0.487200  0.897400 -0.919200
   -5.265    0.904    2.930    3.111    6.276    7.929    9.688   10.028
           -0.487200  0.897400 -0.899000
   -5.253    0.855    2.926    3.111    6.329    7.977    9.616    9.982
           -0.487200  0.897400 -0.878800
   -5.237    0.798    2.903    3.128    6.393    8.033    9.526    9.943
           -0.487200  0.897400 -0.858600
   -5.219    0.734    2.863    3.158    6.466    8.095    9.425    9.908
           -0.487200  0.897400 -0.838400
   -5.198    0.665    2.813    3.197    6.548    8.159    9.320    9.878
           -0.487200  0.897400 -0.818200
   -5.174    0.591    2.755    3.240    6.639    8.219    9.220    9.849
           -0.487200  0.897400 -0.798000
   -5.148    0.514    2.692    3.285    6.737    8.267    9.139    9.820
           -0.487200  0.897400 -0.777800
   -5.119    0.433    2.625    3.332    6.842    8.290    9.089    9.792
           -0.487200  0.897400 -0.757600
   -5.087    0.351    2.555    3.377    6.952    8.276    9.084    9.765
           -0.487200  0.897400 -0.737400
   -5.053    0.267    2.483    3.422    7.065    8.227    9.123    9.740
           -0.487200  0.897400 -0.717200
   -5.015    0.183    2.410    3.464    7.179    8.155    9.194    9.720
           -0.487200  0.897400 -0.697000
   -4.976    0.097    2.337    3.503    7.289    8.077    9.279    9.710
           -0.487200  0.897400 -0.676800
   -4.934    0.011    2.263    3.538    7.382    8.015    9.355    9.726
           -0.487200  0.897400 -0.656600
   -4.889   -0.074    2.189    3.568    7.437    7.993    9.399    9.785
           -0.487200  0.897400 -0.636400
   -4.842   -0.160    2.116    3.593    7.436    8.035    9.406    9.890
           -0.487200  0.897400 -0.616200
   -4.793   -0.244    2.045    3.612    7.389    8.132    9.390   10.024
           -0.487200  0.897400 -0.596000
   -4.741   -0.328    1.974    3.624    7.322    8.261    9.362   10.173
           -0.487200  0.897400 -0.575800
   -4.688   -0.411    1.905    3.627    7.249    8.408    9.327   10.330
           -0.487200  0.897400 -0.555600
   -4.631   -0.494    1.838    3.623    7.179    8.566    9.291   10.489
           -0.487200  0.897400 -0.535400
   -4.573   -0.575    1.773    3.609    7.116    8.731    9.252   10.641
           -0.487200  0.897400 -0.515200
   -4.513   -0.654    1.710    3.586    7.063    8.899    9.214   10.778
           -0.487200  0.897400 -0.494900
   -4.450   -0.733    1.649    3.552    7.022    9.058    9.189   10.883
           -0.487200  0.897400 -0.474700
   -4.386   -0.810    1.591    3.509    6.993    9.104    9.280   10.942
           -0.487200  0.897400 -0.454500
   -4.321   -0.886    1.536    3.456    6.978    9.072    9.451   10.954
           -0.487200  0.897400 -0.434300
   -4.254   -0.960    1.484    3.394    6.976    9.033    9.629   10.936
           -0.487200  0.897400 -0.414100
   -4.185   -1.032    1.435    3.323    6.986    8.993    9.808   10.905
           -0.487200  0.897400 -0.393900
   -4.116   -1.103    1.389    3.245    7.009    8.954    9.982   10.871
           -0.487200  0.897400 -0.373700
   -4.045   -1.173    1.346    3.161    7.043    8.915   10.145   10.847
           -0.487200  0.897400 -0.353500
   -3.973   -1.242    1.307    3.072    7.089    8.877   10.284   10.849
           -0.487200  0.897400 -0.333300
   -3.901   -1.308    1.271    2.978    7.144    8.841   10.375   10.900
           -0.487200  0.897400 -0.313100
   -3.828   -1.374    1.240    2.882    7.208    8.805   10.410   11.008
           -0.487200  0.897400 -0.292900
   -3.755   -1.438    1.212    2.784    7.282    8.772   10.405   11.155
           -0.487200  0.897400 -0.272700
   -3.681   -1.501    1.187    2.685    7.363    8.740   10.383   11.297
           -0.487200  0.897400 -0.252500
   -3.608   -1.562    1.167    2.586    7.453    8.711   10.352   11.218
           -0.487200  0.897400 -0.232300
   -3.536   -1.622    1.151    2.488    7.548    8.683   10.318   11.045
           -0.487200  0.897400 -0.212100
   -3.464   -1.681    1.139    2.393    7.651    8.657   10.283   10.867
           -0.487200  0.897400 -0.191900
   -3.394   -1.737    1.131    2.301    7.759    8.633   10.246   10.691
           -0.487200  0.897400 -0.171700
   -3.326   -1.792    1.127    2.212    7.872    8.612   10.205   10.524
           -0.487200  0.897400 -0.151500
   -3.261   -1.845    1.126    2.128    7.991    8.593   10.150   10.377
           -0.487200  0.897400 -0.131300
   -3.199   -1.895    1.129    2.050    8.114    8.576   10.056   10.273
           -0.487200  0.897400 -0.111100
   -3.141   -1.942    1.135    1.979    8.241    8.563    9.920   10.219
           -0.487200  0.897400 -0.090900
   -3.089   -1.984    1.143    1.915    8.370    8.553    9.766   10.188
           -0.487200  0.897400 -0.070700
   -3.044   -2.021    1.152    1.861    8.488    8.560    9.609   10.168
           -0.487200  0.897400 -0.050500
   -3.008   -2.051    1.160    1.818    8.520    8.657    9.455   10.155
           -0.487200  0.897400 -0.030300
   -2.983   -2.072    1.167    1.788    8.520    8.785    9.309   10.146
           -0.487200  0.897400 -0.010100
   -2.970   -2.083    1.171    1.773    8.518    8.894    9.193   10.142
           -0.487200  0.897400  0.010100
   -2.970   -2.083    1.171    1.773    8.518    8.894    9.193   10.142
           -0.487200  0.897400  0.030300
   -2.983   -2.072    1.167    1.788    8.520    8.785    9.309   10.146
           -0.487200  0.897400  0.050500
   -3.008   -2.051    1.160    1.818    8.520    8.657    9.455   10.155
           -0.487200  0.897400  0.070700
   -3.044   -2.021    1.152    1.861    8.488    8.560    9.609   10.168
           -0.487200  0.897400  0.090900
   -3.089   -1.984    1.143    1.915    8.370    8.553    9.766   10.188
           -0.487200  0.897400  0.111100
   -3.141   -1.942    1.135    1.979    8.241    8.563    9.920   10.219
           -0.487200  0.897400  0.131300
   -3.199   -1.895    1.129    2.050    8.114    8.576   10.056   10.273
           -0.487200  0.897400  0.151500
   -3.261   -1.845    1.126    2.128    7.991    8.593   10.150   10.377
           -0.487200  0.897400  0.171700
   -3.326   -1.792    1.127    2.212    7.872    8.612   10.205   10.524
           -0.487200  0.897400  0.191900
   -3.394   -1.737    1.131    2.301    7.759    8.633   10.246   10.691
           -0.487200  0.897400  0.212100
   -3.464   -1.681    1.139    2.393    7.651    8.657   10.283   10.867
           -0.487200  0.897400  0.232300
   -3.536   -1.622    1.151    2.488    7.548    8.683   10.318   11.045
           -0.487200  0.897400  0.252500
   -3.608   -1.562    1.167    2.586    7.453    8.711   10.352   11.218
           -0.487200  0.897400  0.272700
   -3.681   -1.501    1.187    2.685    7.363    8.740   10.383   11.297
           -0.487200  0.897400  0.292900
   -3.755   -1.438    1.212    2.784    7.282    8.772   10.405   11.155
           -0.487200  0.897400  0.313100
   -3.828   -1.374    1.240    2.882    7.208    8.805   10.410   11.008
           -0.487200  0.897400  0.333300
   -3.901   -1.308    1.271    2.978    7.144    8.841   10.375   10.900
           -0.487200  0.897400  0.353500
   -3.973   -1.242    1.307    3.072    7.089    8.877   10.284   10.849
           -0.487200  0.897400  0.373700
   -4.045   -1.173    1.346    3.161    7.043    8.915   10.145   10.847
           -0.487200  0.897400  0.393900
   -4.116   -1.103    1.389    3.245    7.009    8.954    9.982   10.871
           -0.487200  0.897400  0.414100
   -4.185   -1.032    1.435    3.323    6.986    8.993    9.808   10.905
           -0.487200  0.897400  0.434300
   -4.254   -0.960    1.484    3.394    6.976    9.033    9.629   10.936
           -0.487200  0.897400  0.454500
   -4.321   -0.886    1.536    3.456    6.978    9.072    9.451   10.954
           -0.487200  0.897400  0.474700
   -4.386   -0.810    1.591    3.509    6.993    9.104    9.280   10.942
           -0.487200  0.897400  0.494900
   -4.450   -0.733    1.649    3.552    7.022    9.058    9.189   10.883
           -0.487200  0.897400  0.515200
   -4.513   -0.654    1.710    3.586    7.063    8.899    9.214   10.778
           -0.487200  0.897400  0.535400
   -4.573   -0.575    1.773    3.609    7.116    8.731    9.252   10.641
           -0.487200  0.897400  0.555600
   -4.631   -0.494    1.838    3.623    7.179    8.566    9.291   10.489
           -0.487200  0.897400  0.575800
   -4.688   -0.411    1.905    3.627    7.249    8.408    9.327   10.330
           -0.487200  0.897400  0.596000
   -4.741   -0.328    1.974    3.624    7.322    8.261    9.362   10.173
           -0.487200  0.897400  0.616200
   -4.793   -0.244    2.045    3.612    7.389    8.132    9.390   10.024
           -0.487200  0.897400  0.636400
   -4.842   -0.160    2.116    3.593    7.436    8.035    9.406    9.890
           -0.487200  0.897400  0.656600
   -4.889   -0.074    2.189    3.568    7.437    7.993    9.399    9.785
           -0.487200  0.897400  0.676800
   -4.934    0.011    2.263    3.538    7.382    8.015    9.355    9.726
           -0.487200  0.897400  0.697000
   -4.976    0.097    2.337    3.503    7.289    8.077    9.279    9.710
           -0.487200  0.897400  0.717200
   -5.015    0.183    2.410    3.464    7.179    8.155    9.194    9.720
           -0.487200  0.897400  0.737400
   -5.053    0.267    2.483    3.422    7.065    8.227    9.123    9.740
           -0.487200  0.897400  0.757600
   -5.087    0.351    2.555    3.377    6.952    8.276    9.084    9.765
           -0.487200  0.897400  0.777800
   -5.119    0.433    2.625    3.332    6.842    8.290    9.089    9.792
           -0.487200  0.897400  0.798000
   -5.148    0.514    2.692    3.285    6.737    8.267    9.139    9.820
           -0.487200  0.897400  0.818200
   -5.174    0.591    2.755    3.240    6.639    8.219    9.220    9.849
           -0.487200  0.897400  0.838400
   -5.198    0.665    2.813    3.197    6.548    8.159    9.320    9.878
           -0.487200  0.897400  0.858600
   -5.219    0.734    2.863    3.158    6.466    8.095    9.425    9.908
           -0.487200  0.897400  0.878800
   -5.237    0.798    2.903    3.128    6.393    8.033    9.526    9.943
           -0.487200  0.897400  0.899000
   -5.253    0.855    2.926    3.111    6.329    7.977    9.616    9.982
           -0.487200  0.897400  0.919200
   -5.265    0.904    2.930    3.111    6.276    7.929    9.688   10.028
           -0.487200  0.897400  0.939400
   -5.275    0.943    2.922    3.122    6.234    7.891    9.739   10.078
           -0.487200  0.897400  0.959600
   -5.282    0.973    2.911    3.134    6.204    7.863    9.772   10.124
           -0.487200  0.897400  0.979800
   -5.287    0.991    2.903    3.143    6.185    7.846    9.790   10.156
           -0.487200  0.897400  1.000000
   -5.288    0.997    2.900    3.147    6.179    7.840    9.795   10.168
