 &plot nbnd=   8, nks=   100 /
           -0.435900 -0.538500 -1.000000
   -4.333   -0.513    1.472    3.495    7.272    8.980    9.958   10.218
           -0.435900 -0.538500 -0.979800
   -4.332   -0.521    1.482    3.496    7.271    8.961    9.959   10.224
           -0.435900 -0.538500 -0.959600
   -4.330   -0.542    1.511    3.497    7.270    8.909    9.948   10.257
           -0.435900 -0.538500 -0.939400
   -4.327   -0.577    1.557    3.500    7.267    8.834    9.908   10.326
           -0.435900 -0.538500 -0.919200
   -4.322   -0.621    1.620    3.504    7.262    8.746    9.841   10.429
           -0.435900 -0.538500 -0.899000
   -4.317   -0.675    1.695    3.509    7.255    8.651    9.755   10.553
           -0.435900 -0.538500 -0.878800
   -4.310   -0.736    1.783    3.516    7.243    8.554    9.658   10.692
           -0.435900 -0.538500 -0.858600
   -4.301   -0.800    1.880    3.523    7.227    8.461    9.556   10.841
           -0.435900 -0.538500 -0.838400
   -4.292   -0.868    1.984    3.531    7.204    8.374    9.450   10.996
           -0.435900 -0.538500 -0.818200
   -4.283   -0.937    2.095    3.540    7.173    8.296    9.343   11.155
           -0.435900 -0.538500 -0.798000
   -4.272   -1.007    2.210    3.550    7.131    8.230    9.238   11.316
           -0.435900 -0.538500 -0.777800
   -4.262   -1.075    2.328    3.561    7.079    8.175    9.134   11.478
           -0.435900 -0.538500 -0.757600
   -4.251   -1.142    2.448    3.572    7.017    8.133    9.034   11.637
           -0.435900 -0.538500 -0.737400
   -4.240   -1.206    2.570    3.584    6.944    8.104    8.938   11.791
           -0.435900 -0.538500 -0.717200
   -4.229   -1.267    2.691    3.596    6.864    8.086    8.847   11.934
           -0.435900 -0.538500 -0.697000
   -4.219   -1.324    2.811    3.609    6.777    8.077    8.760   12.061
           -0.435900 -0.538500 -0.676800
   -4.210   -1.376    2.928    3.622    6.687    8.075    8.680   12.163
           -0.435900 -0.538500 -0.656600
   -4.201   -1.423    3.042    3.635    6.595    8.080    8.606   12.235
           -0.435900 -0.538500 -0.636400
   -4.194   -1.464    3.149    3.649    6.504    8.089    8.538   12.275
           -0.435900 -0.538500 -0.616200
   -4.188   -1.500    3.248    3.664    6.416    8.101    8.477   12.290
           -0.435900 -0.538500 -0.596000
   -4.184   -1.529    3.337    3.679    6.334    8.115    8.422   12.288
           -0.435900 -0.538500 -0.575800
   -4.182   -1.552    3.414    3.696    6.260    8.130    8.375   12.277
           -0.435900 -0.538500 -0.555600
   -4.182   -1.567    3.475    3.713    6.198    8.145    8.336   12.263
           -0.435900 -0.538500 -0.535400
   -4.185   -1.575    3.521    3.728    6.149    8.158    8.306   12.249
           -0.435900 -0.538500 -0.515200
   -4.189   -1.577    3.552    3.740    6.116    8.167    8.287   12.239
           -0.435900 -0.538500 -0.494900
   -4.195   -1.571    3.570    3.743    6.101    8.168    8.282   12.233
           -0.435900 -0.538500 -0.474700
   -4.204   -1.558    3.575    3.738    6.105    8.161    8.292   12.231
           -0.435900 -0.538500 -0.454500
   -4.214   -1.538    3.566    3.724    6.127    8.151    8.312   12.233
           -0.435900 -0.538500 -0.434300
   -4.226   -1.512    3.539    3.709    6.167    8.139    8.339   12.237
           -0.435900 -0.538500 -0.414100
   -4.239   -1.479    3.490    3.697    6.222    8.128    8.374   12.238
           -0.435900 -0.538500 -0.393900
   -4.254   -1.439    3.422    3.689    6.290    8.117    8.414   12.231
           -0.435900 -0.538500 -0.373700
   -4.270   -1.394    3.338    3.683    6.368    8.107    8.461   12.209
           -0.435900 -0.538500 -0.353500
   -4.287   -1.343    3.242    3.678    6.454    8.099    8.514   12.162
           -0.435900 -0.538500 -0.333300
   -4.305   -1.288    3.137    3.673    6.545    8.093    8.574   12.087
           -0.435900 -0.538500 -0.313100
   -4.323   -1.227    3.026    3.668    6.639    8.089    8.640   11.982
           -0.435900 -0.538500 -0.292900
   -4.341   -1.163    2.910    3.663    6.733    8.090    8.712   11.854
           -0.435900 -0.538500 -0.272700
   -4.359   -1.094    2.792    3.658    6.826    8.095    8.790   11.711
           -0.435900 -0.538500 -0.252500
   -4.377   -1.023    2.672    3.653    6.917    8.107    8.873   11.557
           -0.435900 -0.538500 -0.232300
   -4.394   -0.949    2.551    3.647    7.001    8.127    8.961   11.398
           -0.435900 -0.538500 -0.212100
   -4.410   -0.874    2.432    3.641    7.078    8.157    9.054   11.238
           -0.435900 -0.538500 -0.191900
   -4.425   -0.797    2.314    3.636    7.145    8.198    9.149   11.077
           -0.435900 -0.538500 -0.171700
   -4.439   -0.721    2.200    3.631    7.201    8.249    9.247   10.917
           -0.435900 -0.538500 -0.151500
   -4.452   -0.646    2.091    3.626    7.248    8.311    9.345   10.762
           -0.435900 -0.538500 -0.131300
   -4.464   -0.573    1.988    3.621    7.284    8.382    9.443   10.611
           -0.435900 -0.538500 -0.111100
   -4.474   -0.504    1.894    3.617    7.312    8.460    9.538   10.470
           -0.435900 -0.538500 -0.090900
   -4.483   -0.442    1.809    3.614    7.332    8.539    9.627   10.337
           -0.435900 -0.538500 -0.070700
   -4.489   -0.388    1.738    3.611    7.347    8.617    9.708   10.219
           -0.435900 -0.538500 -0.050500
   -4.494   -0.344    1.681    3.609    7.357    8.687    9.774   10.121
           -0.435900 -0.538500 -0.030300
   -4.498   -0.314    1.641    3.608    7.363    8.740    9.823   10.048
           -0.435900 -0.538500 -0.010100
   -4.500   -0.298    1.621    3.607    7.365    8.770    9.849   10.009
           -0.435900 -0.538500  0.010100
   -4.500   -0.298    1.621    3.607    7.365    8.770    9.849   10.009
           -0.435900 -0.538500  0.030300
   -4.498   -0.314    1.641    3.608    7.363    8.740    9.823   10.048
           -0.435900 -0.538500  0.050500
   -4.494   -0.344    1.681    3.609    7.357    8.687    9.774   10.121
           -0.435900 -0.538500  0.070700
   -4.489   -0.388    1.738    3.611    7.347    8.617    9.708   10.219
           -0.435900 -0.538500  0.090900
   -4.483   -0.442    1.809    3.614    7.332    8.539    9.627   10.337
           -0.435900 -0.538500  0.111100
   -4.474   -0.504    1.894    3.617    7.312    8.460    9.538   10.470
           -0.435900 -0.538500  0.131300
   -4.464   -0.573    1.988    3.621    7.284    8.382    9.443   10.611
           -0.435900 -0.538500  0.151500
   -4.452   -0.646    2.091    3.626    7.248    8.311    9.345   10.762
           -0.435900 -0.538500  0.171700
   -4.439   -0.721    2.200    3.631    7.201    8.249    9.247   10.917
           -0.435900 -0.538500  0.191900
   -4.425   -0.797    2.314    3.636    7.145    8.198    9.149   11.077
           -0.435900 -0.538500  0.212100
   -4.410   -0.874    2.432    3.641    7.078    8.157    9.054   11.238
           -0.435900 -0.538500  0.232300
   -4.394   -0.949    2.551    3.647    7.001    8.127    8.961   11.398
           -0.435900 -0.538500  0.252500
   -4.377   -1.023    2.672    3.653    6.917    8.107    8.873   11.557
           -0.435900 -0.538500  0.272700
   -4.359   -1.094    2.792    3.658    6.826    8.095    8.790   11.711
           -0.435900 -0.538500  0.292900
   -4.341   -1.163    2.910    3.663    6.733    8.090    8.712   11.854
           -0.435900 -0.538500  0.313100
   -4.323   -1.227    3.026    3.668    6.639    8.089    8.640   11.982
           -0.435900 -0.538500  0.333300
   -4.305   -1.288    3.137    3.673    6.545    8.093    8.574   12.087
           -0.435900 -0.538500  0.353500
   -4.287   -1.343    3.242    3.678    6.454    8.099    8.514   12.162
           -0.435900 -0.538500  0.373700
   -4.270   -1.394    3.338    3.683    6.368    8.107    8.461   12.209
           -0.435900 -0.538500  0.393900
   -4.254   -1.439    3.422    3.689    6.290    8.117    8.414   12.231
           -0.435900 -0.538500  0.414100
   -4.239   -1.479    3.490    3.697    6.222    8.128    8.374   12.238
           -0.435900 -0.538500  0.434300
   -4.226   -1.512    3.539    3.709    6.167    8.139    8.339   12.237
           -0.435900 -0.538500  0.454500
   -4.214   -1.538    3.566    3.724    6.127    8.151    8.312   12.233
           -0.435900 -0.538500  0.474700
   -4.204   -1.558    3.575    3.738    6.105    8.161    8.292   12.231
           -0.435900 -0.538500  0.494900
   -4.195   -1.571    3.570    3.743    6.101    8.168    8.282   12.233
           -0.435900 -0.538500  0.515200
   -4.189   -1.577    3.552    3.740    6.116    8.167    8.287   12.239
           -0.435900 -0.538500  0.535400
   -4.185   -1.575    3.521    3.728    6.149    8.158    8.306   12.249
           -0.435900 -0.538500  0.555600
   -4.182   -1.567    3.475    3.713    6.198    8.145    8.336   12.263
           -0.435900 -0.538500  0.575800
   -4.182   -1.552    3.414    3.696    6.260    8.130    8.375   12.277
           -0.435900 -0.538500  0.596000
   -4.184   -1.529    3.337    3.679    6.334    8.115    8.422   12.288
           -0.435900 -0.538500  0.616200
   -4.188   -1.500    3.248    3.664    6.416    8.101    8.477   12.290
           -0.435900 -0.538500  0.636400
   -4.194   -1.464    3.149    3.649    6.504    8.089    8.538   12.275
           -0.435900 -0.538500  0.656600
   -4.201   -1.423    3.042    3.635    6.595    8.080    8.606   12.235
           -0.435900 -0.538500  0.676800
   -4.210   -1.376    2.928    3.622    6.687    8.075    8.680   12.163
           -0.435900 -0.538500  0.697000
   -4.219   -1.324    2.811    3.609    6.777    8.077    8.760   12.061
           -0.435900 -0.538500  0.717200
   -4.229   -1.267    2.691    3.596    6.864    8.086    8.847   11.934
           -0.435900 -0.538500  0.737400
   -4.240   -1.206    2.570    3.584    6.944    8.104    8.938   11.791
           -0.435900 -0.538500  0.757600
   -4.251   -1.142    2.448    3.572    7.017    8.133    9.034   11.637
           -0.435900 -0.538500  0.777800
   -4.262   -1.075    2.328    3.561    7.079    8.175    9.134   11.478
           -0.435900 -0.538500  0.798000
   -4.272   -1.007    2.210    3.550    7.131    8.230    9.238   11.316
           -0.435900 -0.538500  0.818200
   -4.283   -0.937    2.095    3.540    7.173    8.296    9.343   11.155
           -0.435900 -0.538500  0.838400
   -4.292   -0.868    1.984    3.531    7.204    8.374    9.450   10.996
           -0.435900 -0.538500  0.858600
   -4.301   -0.800    1.880    3.523    7.227    8.461    9.556   10.841
           -0.435900 -0.538500  0.878800
   -4.310   -0.736    1.783    3.516    7.243    8.554    9.658   10.692
           -0.435900 -0.538500  0.899000
   -4.317   -0.675    1.695    3.509    7.255    8.651    9.755   10.553
           -0.435900 -0.538500  0.919200
   -4.322   -0.621    1.620    3.504    7.262    8.746    9.841   10.429
           -0.435900 -0.538500  0.939400
   -4.327   -0.577    1.557    3.500    7.267    8.834    9.908   10.326
           -0.435900 -0.538500  0.959600
   -4.330   -0.542    1.511    3.497    7.270    8.909    9.948   10.257
           -0.435900 -0.538500  0.979800
   -4.332   -0.521    1.482    3.496    7.271    8.961    9.959   10.224
           -0.435900 -0.538500  1.000000
   -4.333   -0.513    1.472    3.495    7.272    8.980    9.958   10.218
