 &plot nbnd=   8, nks=    81 /
           -0.225000  0.550000 -1.000000
   -3.335   -1.257    1.402    2.546    8.412    8.813    9.335   11.899
           -0.225000  0.550000 -0.975000
   -3.337   -1.259    1.407    2.551    8.413    8.756    9.398   11.899
           -0.225000  0.550000 -0.950000
   -3.342   -1.266    1.423    2.567    8.416    8.632    9.542   11.898
           -0.225000  0.550000 -0.925000
   -3.351   -1.277    1.448    2.594    8.412    8.498    9.718   11.891
           -0.225000  0.550000 -0.900000
   -3.363   -1.291    1.481    2.631    8.316    8.456    9.910   11.858
           -0.225000  0.550000 -0.875000
   -3.379   -1.306    1.522    2.678    8.172    8.467   10.111   11.762
           -0.225000  0.550000 -0.850000
   -3.399   -1.321    1.569    2.735    8.029    8.486   10.317   11.598
           -0.225000  0.550000 -0.825000
   -3.423   -1.334    1.621    2.801    7.892    8.508   10.525   11.405
           -0.225000  0.550000 -0.800000
   -3.452   -1.345    1.676    2.875    7.762    8.535   10.722   11.216
           -0.225000  0.550000 -0.775000
   -3.486   -1.351    1.734    2.956    7.642    8.564   10.818   11.125
           -0.225000  0.550000 -0.750000
   -3.523   -1.352    1.794    3.043    7.531    8.596   10.681   11.270
           -0.225000  0.550000 -0.725000
   -3.565   -1.347    1.855    3.132    7.431    8.631   10.478   11.483
           -0.225000  0.550000 -0.700000
   -3.611   -1.335    1.918    3.223    7.343    8.667   10.266   11.710
           -0.225000  0.550000 -0.675000
   -3.661   -1.316    1.982    3.313    7.269    8.704   10.053   11.940
           -0.225000  0.550000 -0.650000
   -3.714   -1.290    2.047    3.400    7.209    8.741    9.845   12.167
           -0.225000  0.550000 -0.625000
   -3.769   -1.256    2.114    3.481    7.164    8.776    9.644   12.370
           -0.225000  0.550000 -0.600000
   -3.826   -1.216    2.180    3.554    7.136    8.805    9.457   12.477
           -0.225000  0.550000 -0.575000
   -3.885   -1.169    2.248    3.618    7.125    8.817    9.294   12.520
           -0.225000  0.550000 -0.550000
   -3.945   -1.115    2.316    3.669    7.130    8.789    9.180   12.494
           -0.225000  0.550000 -0.525000
   -4.005   -1.055    2.384    3.708    7.150    8.702    9.137   12.356
           -0.225000  0.550000 -0.500000
   -4.064   -0.989    2.453    3.732    7.183    8.579    9.144   12.143
           -0.225000  0.550000 -0.475000
   -4.124   -0.917    2.520    3.744    7.223    8.455    9.172   11.905
           -0.225000  0.550000 -0.450000
   -4.182   -0.841    2.587    3.742    7.263    8.347    9.210   11.661
           -0.225000  0.550000 -0.425000
   -4.238   -0.759    2.652    3.727    7.293    8.270    9.251   11.416
           -0.225000  0.550000 -0.400000
   -4.293   -0.673    2.715    3.702    7.301    8.237    9.295   11.175
           -0.225000  0.550000 -0.375000
   -4.346   -0.583    2.775    3.667    7.283    8.251    9.341   10.938
           -0.225000  0.550000 -0.350000
   -4.397   -0.490    2.829    3.625    7.242    8.307    9.388   10.707
           -0.225000  0.550000 -0.325000
   -4.444   -0.393    2.878    3.577    7.189    8.391    9.438   10.483
           -0.225000  0.550000 -0.300000
   -4.490   -0.295    2.918    3.527    7.133    8.491    9.493   10.269
           -0.225000  0.550000 -0.275000
   -4.532   -0.195    2.947    3.478    7.082    8.593    9.554   10.065
           -0.225000  0.550000 -0.250000
   -4.570   -0.094    2.959    3.435    7.040    8.688    9.626    9.875
           -0.225000  0.550000 -0.225000
   -4.606    0.007    2.952    3.405    7.010    8.762    9.705    9.711
           -0.225000  0.550000 -0.200000
   -4.638    0.107    2.923    3.388    6.991    8.804    9.563    9.811
           -0.225000  0.550000 -0.175000
   -4.666    0.204    2.877    3.383    6.985    8.803    9.459    9.926
           -0.225000  0.550000 -0.150000
   -4.691    0.296    2.820    3.386    6.991    8.755    9.398   10.051
           -0.225000  0.550000 -0.125000
   -4.713    0.381    2.759    3.394    7.007    8.676    9.370   10.181
           -0.225000  0.550000 -0.100000
   -4.730    0.457    2.699    3.402    7.029    8.584    9.360   10.308
           -0.225000  0.550000 -0.075000
   -4.744    0.521    2.646    3.409    7.054    8.497    9.358   10.423
           -0.225000  0.550000 -0.050000
   -4.753    0.570    2.604    3.415    7.078    8.426    9.360   10.517
           -0.225000  0.550000 -0.025000
   -4.759    0.601    2.578    3.418    7.095    8.379    9.361   10.578
           -0.225000  0.550000  0.000000
   -4.761    0.611    2.568    3.420    7.101    8.363    9.361   10.600
           -0.225000  0.550000  0.025000
   -4.759    0.601    2.578    3.418    7.095    8.379    9.361   10.578
           -0.225000  0.550000  0.050000
   -4.753    0.570    2.604    3.415    7.078    8.426    9.360   10.517
           -0.225000  0.550000  0.075000
   -4.744    0.521    2.646    3.409    7.054    8.497    9.358   10.423
           -0.225000  0.550000  0.100000
   -4.730    0.457    2.699    3.402    7.029    8.584    9.360   10.308
           -0.225000  0.550000  0.125000
   -4.713    0.381    2.759    3.394    7.007    8.676    9.370   10.181
           -0.225000  0.550000  0.150000
   -4.691    0.296    2.820    3.386    6.991    8.755    9.398   10.051
           -0.225000  0.550000  0.175000
   -4.666    0.204    2.877    3.383    6.985    8.803    9.459    9.926
           -0.225000  0.550000  0.200000
   -4.638    0.107    2.923    3.388    6.991    8.804    9.563    9.811
           -0.225000  0.550000  0.225000
   -4.606    0.007    2.952    3.405    7.010    8.762    9.705    9.711
           -0.225000  0.550000  0.250000
   -4.570   -0.094    2.959    3.435    7.040    8.688    9.626    9.875
           -0.225000  0.550000  0.275000
   -4.532   -0.195    2.947    3.478    7.082    8.593    9.554   10.065
           -0.225000  0.550000  0.300000
   -4.490   -0.295    2.918    3.527    7.133    8.491    9.493   10.269
           -0.225000  0.550000  0.325000
   -4.444   -0.393    2.878    3.577    7.189    8.391    9.438   10.483
           -0.225000  0.550000  0.350000
   -4.397   -0.490    2.829    3.625    7.242    8.307    9.388   10.707
           -0.225000  0.550000  0.375000
   -4.346   -0.583    2.775    3.667    7.283    8.251    9.341   10.938
           -0.225000  0.550000  0.400000
   -4.293   -0.673    2.715    3.702    7.301    8.237    9.295   11.175
           -0.225000  0.550000  0.425000
   -4.238   -0.759    2.652    3.727    7.293    8.270    9.251   11.416
           -0.225000  0.550000  0.450000
   -4.182   -0.841    2.587    3.742    7.263    8.347    9.210   11.661
           -0.225000  0.550000  0.475000
   -4.124   -0.917    2.520    3.744    7.223    8.455    9.172   11.905
           -0.225000  0.550000  0.500000
   -4.064   -0.989    2.453    3.732    7.183    8.579    9.144   12.143
           -0.225000  0.550000  0.525000
   -4.005   -1.055    2.384    3.708    7.150    8.702    9.137   12.356
           -0.225000  0.550000  0.550000
   -3.945   -1.115    2.316    3.669    7.130    8.789    9.180   12.494
           -0.225000  0.550000  0.575000
   -3.885   -1.169    2.248    3.618    7.125    8.817    9.294   12.520
           -0.225000  0.550000  0.600000
   -3.826   -1.216    2.180    3.554    7.136    8.805    9.457   12.477
           -0.225000  0.550000  0.625000
   -3.769   -1.256    2.114    3.481    7.164    8.776    9.644   12.370
           -0.225000  0.550000  0.650000
   -3.714   -1.290    2.047    3.400    7.209    8.741    9.845   12.167
           -0.225000  0.550000  0.675000
   -3.661   -1.316    1.982    3.313    7.269    8.704   10.053   11.940
           -0.225000  0.550000  0.700000
   -3.611   -1.335    1.918    3.223    7.343    8.667   10.266   11.710
           -0.225000  0.550000  0.725000
   -3.565   -1.347    1.855    3.132    7.431    8.631   10.478   11.483
           -0.225000  0.550000  0.750000
   -3.523   -1.352    1.794    3.043    7.531    8.596   10.681   11.270
           -0.225000  0.550000  0.775000
   -3.486   -1.351    1.734    2.956    7.642    8.564   10.818   11.125
           -0.225000  0.550000  0.800000
   -3.452   -1.345    1.676    2.875    7.762    8.535   10.722   11.216
           -0.225000  0.550000  0.825000
   -3.423   -1.334    1.621    2.801    7.892    8.508   10.525   11.405
           -0.225000  0.550000  0.850000
   -3.399   -1.321    1.569    2.735    8.029    8.486   10.317   11.598
           -0.225000  0.550000  0.875000
   -3.379   -1.306    1.522    2.678    8.172    8.467   10.111   11.762
           -0.225000  0.550000  0.900000
   -3.363   -1.291    1.481    2.631    8.316    8.456    9.910   11.858
           -0.225000  0.550000  0.925000
   -3.351   -1.277    1.448    2.594    8.412    8.498    9.718   11.891
           -0.225000  0.550000  0.950000
   -3.342   -1.266    1.423    2.567    8.416    8.632    9.542   11.898
           -0.225000  0.550000  0.975000
   -3.337   -1.259    1.407    2.551    8.413    8.756    9.398   11.899
           -0.225000  0.550000  1.000000
   -3.335   -1.257    1.402    2.546    8.412    8.813    9.335   11.899
