 &plot nbnd=   8, nks=   101 /
           -0.500000 -0.500000 -1.000000
   -3.794    0.537    2.292    4.628    8.374   10.654   10.991   11.938
           -0.500000 -0.500000 -0.980000
   -3.793    0.527    2.305    4.628    8.374   10.643   10.958   11.973
           -0.500000 -0.500000 -0.960000
   -3.791    0.497    2.342    4.630    8.374   10.609   10.871   12.066
           -0.500000 -0.500000 -0.940000
   -3.786    0.450    2.402    4.632    8.375   10.558   10.752   12.196
           -0.500000 -0.500000 -0.920000
   -3.780    0.390    2.480    4.635    8.376   10.492   10.616   12.347
           -0.500000 -0.500000 -0.900000
   -3.772    0.318    2.574    4.639    8.375   10.416   10.473   12.511
           -0.500000 -0.500000 -0.880000
   -3.763    0.240    2.680    4.644    8.374   10.328   10.334   12.681
           -0.500000 -0.500000 -0.860000
   -3.752    0.157    2.796    4.649    8.370   10.184   10.248   12.854
           -0.500000 -0.500000 -0.840000
   -3.739    0.071    2.920    4.655    8.363   10.044   10.160   13.027
           -0.500000 -0.500000 -0.820000
   -3.726   -0.016    3.049    4.661    8.351    9.911   10.073   13.199
           -0.500000 -0.500000 -0.800000
   -3.711   -0.103    3.182    4.668    8.332    9.787    9.987   13.364
           -0.500000 -0.500000 -0.780000
   -3.695   -0.189    3.319    4.675    8.304    9.675    9.904   13.519
           -0.500000 -0.500000 -0.760000
   -3.679   -0.272    3.457    4.683    8.267    9.576    9.824   13.658
           -0.500000 -0.500000 -0.740000
   -3.662   -0.352    3.596    4.690    8.217    9.492    9.748   13.771
           -0.500000 -0.500000 -0.720000
   -3.645   -0.429    3.734    4.698    8.155    9.424    9.677   13.850
           -0.500000 -0.500000 -0.700000
   -3.628   -0.501    3.871    4.705    8.082    9.372    9.611   13.891
           -0.500000 -0.500000 -0.680000
   -3.611   -0.569    4.005    4.713    8.000    9.334    9.549   13.896
           -0.500000 -0.500000 -0.660000
   -3.595   -0.631    4.134    4.720    7.911    9.308    9.494   13.875
           -0.500000 -0.500000 -0.640000
   -3.579   -0.687    4.258    4.726    7.819    9.291    9.444   13.838
           -0.500000 -0.500000 -0.620000
   -3.565   -0.736    4.373    4.732    7.728    9.282    9.401   13.794
           -0.500000 -0.500000 -0.600000
   -3.552   -0.779    4.478    4.737    7.642    9.277    9.363   13.750
           -0.500000 -0.500000 -0.580000
   -3.542   -0.815    4.570    4.741    7.564    9.275    9.333   13.709
           -0.500000 -0.500000 -0.560000
   -3.533   -0.843    4.645    4.745    7.498    9.276    9.309   13.674
           -0.500000 -0.500000 -0.540000
   -3.526   -0.863    4.702    4.747    7.448    9.277    9.292   13.648
           -0.500000 -0.500000 -0.520000
   -3.523   -0.876    4.737    4.749    7.417    9.277    9.281   13.632
           -0.500000 -0.500000 -0.500000
   -3.521   -0.880    4.749    4.749    7.406    9.278    9.278   13.626
           -0.500000 -0.500000 -0.480000
   -3.523   -0.876    4.737    4.749    7.417    9.277    9.281   13.632
           -0.500000 -0.500000 -0.460000
   -3.526   -0.863    4.702    4.747    7.448    9.277    9.292   13.648
           -0.500000 -0.500000 -0.440000
   -3.533   -0.843    4.645    4.745    7.498    9.276    9.309   13.674
           -0.500000 -0.500000 -0.420000
   -3.542   -0.815    4.570    4.741    7.564    9.275    9.333   13.709
           -0.500000 -0.500000 -0.400000
   -3.552   -0.779    4.478    4.737    7.642    9.277    9.363   13.750
           -0.500000 -0.500000 -0.380000
   -3.565   -0.736    4.373    4.732    7.728    9.282    9.401   13.794
           -0.500000 -0.500000 -0.360000
   -3.579   -0.687    4.258    4.726    7.819    9.291    9.444   13.838
           -0.500000 -0.500000 -0.340000
   -3.595   -0.631    4.134    4.720    7.911    9.308    9.494   13.875
           -0.500000 -0.500000 -0.320000
   -3.611   -0.569    4.005    4.713    8.000    9.334    9.549   13.896
           -0.500000 -0.500000 -0.300000
   -3.628   -0.501    3.871    4.705    8.082    9.372    9.611   13.891
           -0.500000 -0.500000 -0.280000
   -3.645   -0.429    3.734    4.698    8.155    9.424    9.677   13.850
           -0.500000 -0.500000 -0.260000
   -3.662   -0.352    3.596    4.690    8.217    9.492    9.748   13.771
           -0.500000 -0.500000 -0.240000
   -3.679   -0.272    3.457    4.683    8.267    9.576    9.824   13.658
           -0.500000 -0.500000 -0.220000
   -3.695   -0.189    3.319    4.675    8.304    9.675    9.904   13.519
           -0.500000 -0.500000 -0.200000
   -3.711   -0.103    3.182    4.668    8.332    9.787    9.987   13.364
           -0.500000 -0.500000 -0.180000
   -3.726   -0.016    3.049    4.661    8.351    9.911   10.073   13.199
           -0.500000 -0.500000 -0.160000
   -3.739    0.071    2.920    4.655    8.363   10.044   10.160   13.027
           -0.500000 -0.500000 -0.140000
   -3.752    0.157    2.796    4.649    8.370   10.184   10.248   12.854
           -0.500000 -0.500000 -0.120000
   -3.763    0.240    2.680    4.644    8.374   10.328   10.334   12.681
           -0.500000 -0.500000 -0.100000
   -3.772    0.318    2.574    4.639    8.375   10.416   10.473   12.511
           -0.500000 -0.500000 -0.080000
   -3.780    0.390    2.480    4.635    8.376   10.492   10.616   12.347
           -0.500000 -0.500000 -0.060000
   -3.786    0.450    2.402    4.632    8.375   10.558   10.752   12.196
           -0.500000 -0.500000 -0.040000
   -3.791    0.497    2.342    4.630    8.374   10.609   10.871   12.066
           -0.500000 -0.500000 -0.020000
   -3.793    0.527    2.305    4.628    8.374   10.643   10.958   11.973
           -0.500000 -0.500000  0.000000
   -3.794    0.537    2.292    4.628    8.374   10.654   10.991   11.938
           -0.500000 -0.500000  0.020000
   -3.793    0.527    2.305    4.628    8.374   10.643   10.958   11.973
           -0.500000 -0.500000  0.040000
   -3.791    0.497    2.342    4.630    8.374   10.609   10.871   12.066
           -0.500000 -0.500000  0.060000
   -3.786    0.450    2.402    4.632    8.375   10.558   10.752   12.196
           -0.500000 -0.500000  0.080000
   -3.780    0.390    2.480    4.635    8.376   10.492   10.616   12.347
           -0.500000 -0.500000  0.100000
   -3.772    0.318    2.574    4.639    8.375   10.416   10.473   12.511
           -0.500000 -0.500000  0.120000
   -3.763    0.240    2.680    4.644    8.374   10.328   10.334   12.681
           -0.500000 -0.500000  0.140000
   -3.752    0.157    2.796    4.649    8.370   10.184   10.248   12.854
           -0.500000 -0.500000  0.160000
   -3.739    0.071    2.920    4.655    8.363   10.044   10.160   13.027
           -0.500000 -0.500000  0.180000
   -3.726   -0.016    3.049    4.661    8.351    9.911   10.073   13.199
           -0.500000 -0.500000  0.200000
   -3.711   -0.103    3.182    4.668    8.332    9.787    9.987   13.364
           -0.500000 -0.500000  0.220000
   -3.695   -0.189    3.319    4.675    8.304    9.675    9.904   13.519
           -0.500000 -0.500000  0.240000
   -3.679   -0.272    3.457    4.683    8.267    9.576    9.824   13.658
           -0.500000 -0.500000  0.260000
   -3.662   -0.352    3.596    4.690    8.217    9.492    9.748   13.771
           -0.500000 -0.500000  0.280000
   -3.645   -0.429    3.734    4.698    8.155    9.424    9.677   13.850
           -0.500000 -0.500000  0.300000
   -3.628   -0.501    3.871    4.705    8.082    9.372    9.611   13.891
           -0.500000 -0.500000  0.320000
   -3.611   -0.569    4.005    4.713    8.000    9.334    9.549   13.896
           -0.500000 -0.500000  0.340000
   -3.595   -0.631    4.134    4.720    7.911    9.308    9.494   13.875
           -0.500000 -0.500000  0.360000
   -3.579   -0.687    4.258    4.726    7.819    9.291    9.444   13.838
           -0.500000 -0.500000  0.380000
   -3.565   -0.736    4.373    4.732    7.728    9.282    9.401   13.794
           -0.500000 -0.500000  0.400000
   -3.552   -0.779    4.478    4.737    7.642    9.277    9.363   13.750
           -0.500000 -0.500000  0.420000
   -3.542   -0.815    4.570    4.741    7.564    9.275    9.333   13.709
           -0.500000 -0.500000  0.440000
   -3.533   -0.843    4.645    4.745    7.498    9.276    9.309   13.674
           -0.500000 -0.500000  0.460000
   -3.526   -0.863    4.702    4.747    7.448    9.277    9.292   13.648
           -0.500000 -0.500000  0.480000
   -3.523   -0.876    4.737    4.749    7.417    9.277    9.281   13.632
           -0.500000 -0.500000  0.500000
   -3.521   -0.880    4.749    4.749    7.406    9.278    9.278   13.626
           -0.500000 -0.500000  0.520000
   -3.523   -0.876    4.737    4.749    7.417    9.277    9.281   13.632
           -0.500000 -0.500000  0.540000
   -3.526   -0.863    4.702    4.747    7.448    9.277    9.292   13.648
           -0.500000 -0.500000  0.560000
   -3.533   -0.843    4.645    4.745    7.498    9.276    9.309   13.674
           -0.500000 -0.500000  0.580000
   -3.542   -0.815    4.570    4.741    7.564    9.275    9.333   13.709
           -0.500000 -0.500000  0.600000
   -3.552   -0.779    4.478    4.737    7.642    9.277    9.363   13.750
           -0.500000 -0.500000  0.620000
   -3.565   -0.736    4.373    4.732    7.728    9.282    9.401   13.794
           -0.500000 -0.500000  0.640000
   -3.579   -0.687    4.258    4.726    7.819    9.291    9.444   13.838
           -0.500000 -0.500000  0.660000
   -3.595   -0.631    4.134    4.720    7.911    9.308    9.494   13.875
           -0.500000 -0.500000  0.680000
   -3.611   -0.569    4.005    4.713    8.000    9.334    9.549   13.896
           -0.500000 -0.500000  0.700000
   -3.628   -0.501    3.871    4.705    8.082    9.372    9.611   13.891
           -0.500000 -0.500000  0.720000
   -3.645   -0.429    3.734    4.698    8.155    9.424    9.677   13.850
           -0.500000 -0.500000  0.740000
   -3.662   -0.352    3.596    4.690    8.217    9.492    9.748   13.771
           -0.500000 -0.500000  0.760000
   -3.679   -0.272    3.457    4.683    8.267    9.576    9.824   13.658
           -0.500000 -0.500000  0.780000
   -3.695   -0.189    3.319    4.675    8.304    9.675    9.904   13.519
           -0.500000 -0.500000  0.800000
   -3.711   -0.103    3.182    4.668    8.332    9.787    9.987   13.364
           -0.500000 -0.500000  0.820000
   -3.726   -0.016    3.049    4.661    8.351    9.911   10.073   13.199
           -0.500000 -0.500000  0.840000
   -3.739    0.071    2.920    4.655    8.363   10.044   10.160   13.027
           -0.500000 -0.500000  0.860000
   -3.752    0.157    2.796    4.649    8.370   10.184   10.248   12.854
           -0.500000 -0.500000  0.880000
   -3.763    0.240    2.680    4.644    8.374   10.328   10.334   12.681
           -0.500000 -0.500000  0.900000
   -3.772    0.318    2.574    4.639    8.375   10.416   10.473   12.511
           -0.500000 -0.500000  0.920000
   -3.780    0.390    2.480    4.635    8.376   10.492   10.616   12.347
           -0.500000 -0.500000  0.940000
   -3.786    0.450    2.402    4.632    8.375   10.558   10.752   12.196
           -0.500000 -0.500000  0.960000
   -3.791    0.497    2.342    4.630    8.374   10.609   10.871   12.066
           -0.500000 -0.500000  0.980000
   -3.793    0.527    2.305    4.628    8.374   10.643   10.958   11.973
           -0.500000 -0.500000  1.000000
   -3.794    0.537    2.292    4.628    8.374   10.654   10.991   11.938
