 &plot nbnd=   8, nks=   101 /
           -0.160000 -0.200000 -1.000000
   -1.918   -1.450    2.118    3.347    6.995    8.721   14.039   14.493
           -0.160000 -0.200000 -0.980000
   -1.953   -1.415    2.121    3.348    6.997    8.724   13.993   14.466
           -0.160000 -0.200000 -0.960000
   -2.037   -1.329    2.131    3.353    7.002    8.731   13.883   14.375
           -0.160000 -0.200000 -0.940000
   -2.143   -1.221    2.147    3.360    7.011    8.743   13.741   14.238
           -0.160000 -0.200000 -0.920000
   -2.258   -1.101    2.169    3.371    7.024    8.759   13.585   14.081
           -0.160000 -0.200000 -0.900000
   -2.377   -0.977    2.198    3.384    7.041    8.781   13.423   13.914
           -0.160000 -0.200000 -0.880000
   -2.498   -0.851    2.233    3.401    7.061    8.807   13.258   13.744
           -0.160000 -0.200000 -0.860000
   -2.618   -0.723    2.274    3.421    7.085    8.838   13.091   13.572
           -0.160000 -0.200000 -0.840000
   -2.739   -0.595    2.322    3.443    7.112    8.874   12.924   13.400
           -0.160000 -0.200000 -0.820000
   -2.858   -0.467    2.376    3.469    7.143    8.915   12.756   13.230
           -0.160000 -0.200000 -0.800000
   -2.976   -0.340    2.436    3.497    7.177    8.961   12.588   13.061
           -0.160000 -0.200000 -0.780000
   -3.092   -0.214    2.503    3.529    7.215    9.012   12.420   12.894
           -0.160000 -0.200000 -0.760000
   -3.206   -0.089    2.576    3.564    7.255    9.067   12.253   12.729
           -0.160000 -0.200000 -0.740000
   -3.319    0.035    2.654    3.601    7.299    9.128   12.085   12.568
           -0.160000 -0.200000 -0.720000
   -3.429    0.158    2.739    3.642    7.345    9.194   11.917   12.409
           -0.160000 -0.200000 -0.700000
   -3.538    0.279    2.829    3.685    7.395    9.265   11.749   12.254
           -0.160000 -0.200000 -0.680000
   -3.643    0.399    2.924    3.731    7.446    9.340   11.581   12.101
           -0.160000 -0.200000 -0.660000
   -3.747    0.518    3.024    3.781    7.501    9.421   11.414   11.952
           -0.160000 -0.200000 -0.640000
   -3.848    0.635    3.129    3.833    7.557    9.506   11.247   11.806
           -0.160000 -0.200000 -0.620000
   -3.946    0.752    3.238    3.889    7.616    9.596   11.082   11.664
           -0.160000 -0.200000 -0.600000
   -4.042    0.867    3.350    3.947    7.676    9.689   10.920   11.524
           -0.160000 -0.200000 -0.580000
   -4.135    0.982    3.464    4.009    7.738    9.783   10.761   11.387
           -0.160000 -0.200000 -0.560000
   -4.225    1.096    3.581    4.075    7.800    9.877   10.610   11.253
           -0.160000 -0.200000 -0.540000
   -4.313    1.210    3.699    4.144    7.864    9.959   10.478   11.122
           -0.160000 -0.200000 -0.520000
   -4.398    1.324    3.817    4.217    7.928   10.000   10.393   10.994
           -0.160000 -0.200000 -0.500000
   -4.479    1.437    3.934    4.295    7.992    9.956   10.401   10.868
           -0.160000 -0.200000 -0.480000
   -4.558    1.551    4.049    4.378    8.055    9.848   10.479   10.747
           -0.160000 -0.200000 -0.460000
   -4.634    1.665    4.160    4.466    8.116    9.719   10.568   10.646
           -0.160000 -0.200000 -0.440000
   -4.707    1.780    4.267    4.561    8.174    9.587   10.494   10.725
           -0.160000 -0.200000 -0.420000
   -4.777    1.895    4.368    4.660    8.228    9.459   10.379   10.852
           -0.160000 -0.200000 -0.400000
   -4.844    2.011    4.465    4.763    8.274    9.341   10.264   10.986
           -0.160000 -0.200000 -0.380000
   -4.907    2.127    4.558    4.867    8.310    9.237   10.151   11.121
           -0.160000 -0.200000 -0.360000
   -4.968    2.245    4.648    4.971    8.332    9.152   10.040   11.254
           -0.160000 -0.200000 -0.340000
   -5.025    2.363    4.735    5.071    8.335    9.092    9.931   11.384
           -0.160000 -0.200000 -0.320000
   -5.079    2.482    4.821    5.166    8.320    9.058    9.825   11.503
           -0.160000 -0.200000 -0.300000
   -5.130    2.603    4.905    5.252    8.289    9.048    9.721   11.604
           -0.160000 -0.200000 -0.280000
   -5.178    2.724    4.987    5.328    8.251    9.057    9.620   11.676
           -0.160000 -0.200000 -0.260000
   -5.223    2.846    5.067    5.390    8.215    9.075    9.523   11.704
           -0.160000 -0.200000 -0.240000
   -5.264    2.968    5.145    5.436    8.186    9.097    9.432   11.680
           -0.160000 -0.200000 -0.220000
   -5.302    3.091    5.219    5.467    8.170    9.115    9.351   11.610
           -0.160000 -0.200000 -0.200000
   -5.337    3.214    5.287    5.482    8.170    9.117    9.288   11.510
           -0.160000 -0.200000 -0.180000
   -5.369    3.337    5.342    5.487    8.187    9.087    9.257   11.395
           -0.160000 -0.200000 -0.160000
   -5.397    3.459    5.367    5.501    8.222    9.031    9.251   11.275
           -0.160000 -0.200000 -0.140000
   -5.422    3.580    5.347    5.539    8.272    8.970    9.250   11.157
           -0.160000 -0.200000 -0.120000
   -5.444    3.698    5.299    5.586    8.335    8.911    9.243   11.046
           -0.160000 -0.200000 -0.100000
   -5.462    3.812    5.237    5.631    8.407    8.859    9.226   10.947
           -0.160000 -0.200000 -0.080000
   -5.477    3.920    5.168    5.672    8.484    8.817    9.198   10.863
           -0.160000 -0.200000 -0.060000
   -5.488    4.017    5.098    5.705    8.557    8.791    9.158   10.795
           -0.160000 -0.200000 -0.040000
   -5.497    4.098    5.035    5.729    8.613    8.791    9.110   10.746
           -0.160000 -0.200000 -0.020000
   -5.502    4.153    4.991    5.744    8.638    8.816    9.063   10.716
           -0.160000 -0.200000  0.000000
   -5.503    4.173    4.974    5.749    8.644    8.835    9.040   10.706
           -0.160000 -0.200000  0.020000
   -5.502    4.153    4.991    5.744    8.638    8.816    9.063   10.716
           -0.160000 -0.200000  0.040000
   -5.497    4.098    5.035    5.729    8.613    8.791    9.110   10.746
           -0.160000 -0.200000  0.060000
   -5.488    4.017    5.098    5.705    8.557    8.791    9.158   10.795
           -0.160000 -0.200000  0.080000
   -5.477    3.920    5.168    5.672    8.484    8.817    9.198   10.863
           -0.160000 -0.200000  0.100000
   -5.462    3.812    5.237    5.631    8.407    8.859    9.226   10.947
           -0.160000 -0.200000  0.120000
   -5.444    3.698    5.299    5.586    8.335    8.911    9.243   11.046
           -0.160000 -0.200000  0.140000
   -5.422    3.580    5.347    5.539    8.272    8.970    9.250   11.157
           -0.160000 -0.200000  0.160000
   -5.397    3.459    5.367    5.501    8.222    9.031    9.251   11.275
           -0.160000 -0.200000  0.180000
   -5.369    3.337    5.342    5.487    8.187    9.087    9.257   11.395
           -0.160000 -0.200000  0.200000
   -5.337    3.214    5.287    5.482    8.170    9.117    9.288   11.510
           -0.160000 -0.200000  0.220000
   -5.302    3.091    5.219    5.467    8.170    9.115    9.351   11.610
           -0.160000 -0.200000  0.240000
   -5.264    2.968    5.145    5.436    8.186    9.097    9.432   11.680
           -0.160000 -0.200000  0.260000
   -5.223    2.846    5.067    5.390    8.215    9.075    9.523   11.704
           -0.160000 -0.200000  0.280000
   -5.178    2.724    4.987    5.328    8.251    9.057    9.620   11.676
           -0.160000 -0.200000  0.300000
   -5.130    2.603    4.905    5.252    8.289    9.048    9.721   11.604
           -0.160000 -0.200000  0.320000
   -5.079    2.482    4.821    5.166    8.320    9.058    9.825   11.503
           -0.160000 -0.200000  0.340000
   -5.025    2.363    4.735    5.071    8.335    9.092    9.931   11.384
           -0.160000 -0.200000  0.360000
   -4.968    2.245    4.648    4.971    8.332    9.152   10.040   11.254
           -0.160000 -0.200000  0.380000
   -4.907    2.127    4.558    4.867    8.310    9.237   10.151   11.121
           -0.160000 -0.200000  0.400000
   -4.844    2.011    4.465    4.763    8.274    9.341   10.264   10.986
           -0.160000 -0.200000  0.420000
   -4.777    1.895    4.368    4.660    8.228    9.459   10.379   10.852
           -0.160000 -0.200000  0.440000
   -4.707    1.780    4.267    4.561    8.174    9.587   10.494   10.725
           -0.160000 -0.200000  0.460000
   -4.634    1.665    4.160    4.466    8.116    9.719   10.568   10.646
           -0.160000 -0.200000  0.480000
   -4.558    1.551    4.049    4.378    8.055    9.848   10.479   10.747
           -0.160000 -0.200000  0.500000
   -4.479    1.437    3.934    4.295    7.992    9.956   10.401   10.868
           -0.160000 -0.200000  0.520000
   -4.398    1.324    3.817    4.217    7.928   10.000   10.393   10.994
           -0.160000 -0.200000  0.540000
   -4.313    1.210    3.699    4.144    7.864    9.959   10.478   11.122
           -0.160000 -0.200000  0.560000
   -4.225    1.096    3.581    4.075    7.800    9.877   10.610   11.253
           -0.160000 -0.200000  0.580000
   -4.135    0.982    3.464    4.009    7.738    9.783   10.761   11.387
           -0.160000 -0.200000  0.600000
   -4.042    0.867    3.350    3.947    7.676    9.689   10.920   11.524
           -0.160000 -0.200000  0.620000
   -3.946    0.752    3.238    3.889    7.616    9.596   11.082   11.664
           -0.160000 -0.200000  0.640000
   -3.848    0.635    3.129    3.833    7.557    9.506   11.247   11.806
           -0.160000 -0.200000  0.660000
   -3.747    0.518    3.024    3.781    7.501    9.421   11.414   11.952
           -0.160000 -0.200000  0.680000
   -3.643    0.399    2.924    3.731    7.446    9.340   11.581   12.101
           -0.160000 -0.200000  0.700000
   -3.538    0.279    2.829    3.685    7.395    9.265   11.749   12.254
           -0.160000 -0.200000  0.720000
   -3.429    0.158    2.739    3.642    7.345    9.194   11.917   12.409
           -0.160000 -0.200000  0.740000
   -3.319    0.035    2.654    3.601    7.299    9.128   12.085   12.568
           -0.160000 -0.200000  0.760000
   -3.206   -0.089    2.576    3.564    7.255    9.067   12.253   12.729
           -0.160000 -0.200000  0.780000
   -3.092   -0.214    2.503    3.529    7.215    9.012   12.420   12.894
           -0.160000 -0.200000  0.800000
   -2.976   -0.340    2.436    3.497    7.177    8.961   12.588   13.061
           -0.160000 -0.200000  0.820000
   -2.858   -0.467    2.376    3.469    7.143    8.915   12.756   13.230
           -0.160000 -0.200000  0.840000
   -2.739   -0.595    2.322    3.443    7.112    8.874   12.924   13.400
           -0.160000 -0.200000  0.860000
   -2.618   -0.723    2.274    3.421    7.085    8.838   13.091   13.572
           -0.160000 -0.200000  0.880000
   -2.498   -0.851    2.233    3.401    7.061    8.807   13.258   13.744
           -0.160000 -0.200000  0.900000
   -2.377   -0.977    2.198    3.384    7.041    8.781   13.423   13.914
           -0.160000 -0.200000  0.920000
   -2.258   -1.101    2.169    3.371    7.024    8.759   13.585   14.081
           -0.160000 -0.200000  0.940000
   -2.143   -1.221    2.147    3.360    7.011    8.743   13.741   14.238
           -0.160000 -0.200000  0.960000
   -2.037   -1.329    2.131    3.353    7.002    8.731   13.883   14.375
           -0.160000 -0.200000  0.980000
   -1.953   -1.415    2.121    3.348    6.997    8.724   13.993   14.466
           -0.160000 -0.200000  1.000000
   -1.918   -1.450    2.118    3.347    6.995    8.721   14.039   14.493
