 &plot nbnd=   8, nks=   100 /
           -0.435900  0.948700 -1.000000
   -5.122    0.658    2.842    2.899    5.869    7.456   10.465   10.593
           -0.435900  0.948700 -0.979800
   -5.121    0.653    2.840    2.898    5.878    7.462   10.457   10.579
           -0.435900  0.948700 -0.959600
   -5.117    0.641    2.830    2.896    5.904    7.479   10.426   10.546
           -0.435900  0.948700 -0.939400
   -5.110    0.620    2.808    2.901    5.946    7.508   10.355   10.518
           -0.435900  0.948700 -0.919200
   -5.100    0.591    2.772    2.913    6.005    7.547   10.247   10.499
           -0.435900  0.948700 -0.899000
   -5.088    0.555    2.726    2.931    6.078    7.598   10.117   10.484
           -0.435900  0.948700 -0.878800
   -5.073    0.513    2.672    2.953    6.165    7.659    9.971   10.469
           -0.435900  0.948700 -0.858600
   -5.055    0.464    2.610    2.978    6.263    7.729    9.815   10.454
           -0.435900  0.948700 -0.838400
   -5.034    0.411    2.543    3.005    6.372    7.808    9.655   10.436
           -0.435900  0.948700 -0.818200
   -5.011    0.352    2.472    3.035    6.491    7.895    9.493   10.417
           -0.435900  0.948700 -0.798000
   -4.986    0.289    2.398    3.067    6.618    7.987    9.331   10.396
           -0.435900  0.948700 -0.777800
   -4.957    0.223    2.321    3.099    6.754    8.081    9.176   10.374
           -0.435900  0.948700 -0.757600
   -4.926    0.154    2.243    3.132    6.896    8.171    9.034   10.351
           -0.435900  0.948700 -0.737400
   -4.893    0.083    2.165    3.166    7.044    8.241    8.920   10.326
           -0.435900  0.948700 -0.717200
   -4.857    0.009    2.086    3.199    7.197    8.264    8.864   10.300
           -0.435900  0.948700 -0.697000
   -4.818   -0.066    2.008    3.231    7.354    8.218    8.888   10.273
           -0.435900  0.948700 -0.676800
   -4.777   -0.142    1.931    3.262    7.511    8.124    8.974   10.245
           -0.435900  0.948700 -0.656600
   -4.734   -0.219    1.855    3.291    7.656    8.021    9.094   10.218
           -0.435900  0.948700 -0.636400
   -4.688   -0.297    1.781    3.318    7.724    7.991    9.231   10.191
           -0.435900  0.948700 -0.616200
   -4.640   -0.374    1.709    3.341    7.650    8.106    9.378   10.166
           -0.435900  0.948700 -0.596000
   -4.590   -0.452    1.639    3.361    7.533    8.272    9.528   10.147
           -0.435900  0.948700 -0.575800
   -4.537   -0.530    1.572    3.377    7.411    8.450    9.671   10.138
           -0.435900  0.948700 -0.555600
   -4.483   -0.607    1.507    3.386    7.294    8.636    9.790   10.157
           -0.435900  0.948700 -0.535400
   -4.427   -0.684    1.445    3.390    7.184    8.825    9.859   10.226
           -0.435900  0.948700 -0.515200
   -4.368   -0.761    1.387    3.386    7.084    9.018    9.877   10.345
           -0.435900  0.948700 -0.494900
   -4.308   -0.837    1.332    3.375    6.996    9.214    9.868   10.485
           -0.435900  0.948700 -0.474700
   -4.246   -0.912    1.280    3.355    6.921    9.410    9.849   10.623
           -0.435900  0.948700 -0.454500
   -4.182   -0.986    1.232    3.326    6.859    9.604    9.827   10.743
           -0.435900  0.948700 -0.434300
   -4.117   -1.060    1.188    3.287    6.812    9.759    9.842   10.831
           -0.435900  0.948700 -0.414100
   -4.051   -1.132    1.148    3.239    6.779    9.758   10.012   10.882
           -0.435900  0.948700 -0.393900
   -3.983   -1.203    1.112    3.182    6.762    9.733   10.200   10.905
           -0.435900  0.948700 -0.373700
   -3.915   -1.273    1.080    3.116    6.759    9.706   10.375   10.920
           -0.435900  0.948700 -0.353500
   -3.845   -1.342    1.053    3.042    6.769    9.679   10.512   10.959
           -0.435900  0.948700 -0.333300
   -3.775   -1.411    1.030    2.961    6.793    9.653   10.583   11.059
           -0.435900  0.948700 -0.313100
   -3.704   -1.479    1.012    2.874    6.830    9.627   10.594   11.220
           -0.435900  0.948700 -0.292900
   -3.633   -1.545    0.999    2.782    6.878    9.602   10.573   11.033
           -0.435900  0.948700 -0.272700
   -3.561   -1.611    0.991    2.687    6.936    9.578   10.538   10.846
           -0.435900  0.948700 -0.252500
   -3.490   -1.676    0.988    2.589    7.005    9.556   10.488   10.671
           -0.435900  0.948700 -0.232300
   -3.418   -1.740    0.990    2.489    7.083    9.534   10.397   10.540
           -0.435900  0.948700 -0.212100
   -3.347   -1.803    0.997    2.389    7.170    9.512   10.245   10.474
           -0.435900  0.948700 -0.191900
   -3.277   -1.865    1.010    2.289    7.264    9.490   10.075   10.432
           -0.435900  0.948700 -0.171700
   -3.207   -1.926    1.028    2.190    7.365    9.466    9.907   10.397
           -0.435900  0.948700 -0.151500
   -3.139   -1.986    1.051    2.092    7.473    9.435    9.748   10.367
           -0.435900  0.948700 -0.131300
   -3.073   -2.045    1.079    1.997    7.587    9.382    9.615   10.341
           -0.435900  0.948700 -0.111100
   -3.010   -2.101    1.112    1.906    7.707    9.282    9.535   10.319
           -0.435900  0.948700 -0.090900
   -2.951   -2.155    1.150    1.819    7.832    9.143    9.496   10.301
           -0.435900  0.948700 -0.070700
   -2.896   -2.204    1.192    1.738    7.962    8.993    9.477   10.286
           -0.435900  0.948700 -0.050500
   -2.849   -2.246    1.235    1.665    8.097    8.840    9.466   10.274
           -0.435900  0.948700 -0.030300
   -2.814   -2.279    1.275    1.605    8.234    8.690    9.459   10.267
           -0.435900  0.948700 -0.010100
   -2.795   -2.296    1.302    1.568    8.366    8.550    9.456   10.263
           -0.435900  0.948700  0.010100
   -2.795   -2.296    1.302    1.568    8.366    8.550    9.456   10.263
           -0.435900  0.948700  0.030300
   -2.814   -2.279    1.275    1.605    8.234    8.690    9.459   10.267
           -0.435900  0.948700  0.050500
   -2.849   -2.246    1.235    1.665    8.097    8.840    9.466   10.274
           -0.435900  0.948700  0.070700
   -2.896   -2.204    1.192    1.738    7.962    8.993    9.477   10.286
           -0.435900  0.948700  0.090900
   -2.951   -2.155    1.150    1.819    7.832    9.143    9.496   10.301
           -0.435900  0.948700  0.111100
   -3.010   -2.101    1.112    1.906    7.707    9.282    9.535   10.319
           -0.435900  0.948700  0.131300
   -3.073   -2.045    1.079    1.997    7.587    9.382    9.615   10.341
           -0.435900  0.948700  0.151500
   -3.139   -1.986    1.051    2.092    7.473    9.435    9.748   10.367
           -0.435900  0.948700  0.171700
   -3.207   -1.926    1.028    2.190    7.365    9.466    9.906   10.397
           -0.435900  0.948700  0.191900
   -3.277   -1.865    1.010    2.289    7.264    9.490   10.075   10.432
           -0.435900  0.948700  0.212100
   -3.347   -1.803    0.997    2.389    7.170    9.512   10.245   10.474
           -0.435900  0.948700  0.232300
   -3.418   -1.740    0.990    2.489    7.083    9.534   10.397   10.540
           -0.435900  0.948700  0.252500
   -3.490   -1.676    0.988    2.589    7.005    9.556   10.488   10.671
           -0.435900  0.948700  0.272700
   -3.561   -1.611    0.991    2.687    6.936    9.578   10.538   10.846
           -0.435900  0.948700  0.292900
   -3.633   -1.545    0.999    2.782    6.878    9.602   10.573   11.033
           -0.435900  0.948700  0.313100
   -3.704   -1.479    1.012    2.874    6.830    9.627   10.594   11.220
           -0.435900  0.948700  0.333300
   -3.775   -1.411    1.030    2.961    6.793    9.653   10.583   11.059
           -0.435900  0.948700  0.353500
   -3.845   -1.342    1.053    3.042    6.769    9.679   10.512   10.959
           -0.435900  0.948700  0.373700
   -3.915   -1.273    1.080    3.116    6.759    9.706   10.375   10.920
           -0.435900  0.948700  0.393900
   -3.983   -1.203    1.112    3.182    6.762    9.733   10.200   10.905
           -0.435900  0.948700  0.414100
   -4.051   -1.132    1.148    3.239    6.779    9.758   10.012   10.882
           -0.435900  0.948700  0.434300
   -4.117   -1.060    1.188    3.287    6.812    9.759    9.842   10.831
           -0.435900  0.948700  0.454500
   -4.182   -0.986    1.232    3.326    6.859    9.604    9.827   10.743
           -0.435900  0.948700  0.474700
   -4.246   -0.912    1.280    3.355    6.921    9.410    9.849   10.623
           -0.435900  0.948700  0.494900
   -4.308   -0.837    1.332    3.375    6.996    9.214    9.868   10.485
           -0.435900  0.948700  0.515200
   -4.368   -0.761    1.387    3.386    7.084    9.018    9.877   10.345
           -0.435900  0.948700  0.535400
   -4.427   -0.684    1.445    3.390    7.184    8.825    9.859   10.226
           -0.435900  0.948700  0.555600
   -4.483   -0.607    1.507    3.386    7.294    8.636    9.790   10.157
           -0.435900  0.948700  0.575800
   -4.537   -0.530    1.572    3.377    7.411    8.450    9.671   10.138
           -0.435900  0.948700  0.596000
   -4.590   -0.452    1.639    3.361    7.533    8.272    9.528   10.147
           -0.435900  0.948700  0.616200
   -4.640   -0.374    1.709    3.341    7.650    8.106    9.378   10.166
           -0.435900  0.948700  0.636400
   -4.688   -0.297    1.781    3.318    7.724    7.991    9.231   10.191
           -0.435900  0.948700  0.656600
   -4.734   -0.219    1.855    3.291    7.656    8.021    9.094   10.218
           -0.435900  0.948700  0.676800
   -4.777   -0.142    1.931    3.262    7.511    8.124    8.974   10.245
           -0.435900  0.948700  0.697000
   -4.818   -0.066    2.008    3.231    7.354    8.218    8.888   10.273
           -0.435900  0.948700  0.717200
   -4.857    0.009    2.086    3.199    7.197    8.264    8.864   10.300
           -0.435900  0.948700  0.737400
   -4.893    0.083    2.165    3.166    7.044    8.241    8.920   10.326
           -0.435900  0.948700  0.757600
   -4.926    0.154    2.243    3.132    6.896    8.171    9.034   10.351
           -0.435900  0.948700  0.777800
   -4.957    0.223    2.321    3.099    6.754    8.081    9.176   10.374
           -0.435900  0.948700  0.798000
   -4.986    0.289    2.398    3.067    6.618    7.987    9.331   10.396
           -0.435900  0.948700  0.818200
   -5.011    0.352    2.472    3.035    6.491    7.895    9.493   10.417
           -0.435900  0.948700  0.838400
   -5.034    0.411    2.543    3.005    6.372    7.808    9.655   10.436
           -0.435900  0.948700  0.858600
   -5.055    0.464    2.610    2.978    6.263    7.729    9.815   10.454
           -0.435900  0.948700  0.878800
   -5.073    0.513    2.672    2.953    6.165    7.659    9.971   10.469
           -0.435900  0.948700  0.899000
   -5.088    0.555    2.726    2.931    6.078    7.598   10.117   10.484
           -0.435900  0.948700  0.919200
   -5.100    0.591    2.772    2.913    6.005    7.547   10.247   10.499
           -0.435900  0.948700  0.939400
   -5.110    0.620    2.808    2.901    5.946    7.508   10.355   10.518
           -0.435900  0.948700  0.959600
   -5.117    0.641    2.830    2.896    5.904    7.479   10.426   10.546
           -0.435900  0.948700  0.979800
   -5.121    0.653    2.840    2.898    5.878    7.462   10.457   10.579
           -0.435900  0.948700  1.000000
   -5.122    0.658    2.842    2.899    5.869    7.456   10.465   10.593
