 &plot nbnd=   8, nks=    41 /
           -0.150000  0.850000 -1.000000
   -3.439   -1.456    2.187    2.317    6.193    6.672   12.087   13.103
           -0.150000  0.850000 -0.950000
   -3.435   -1.459    2.084    2.406    6.148    6.787   12.088   12.955
           -0.150000  0.850000 -0.900000
   -3.423   -1.469    1.934    2.509    6.099    7.048   12.086   12.589
           -0.150000  0.850000 -0.850000
   -3.404   -1.486    1.789    2.576    6.119    7.381   12.025   12.173
           -0.150000  0.850000 -0.800000
   -3.380   -1.509    1.660    2.598    6.229    7.763   11.555   12.116
           -0.150000  0.850000 -0.750000
   -3.351   -1.536    1.552    2.581    6.428    8.182   11.011   12.110
           -0.150000  0.850000 -0.700000
   -3.321   -1.566    1.468    2.539    6.706    8.632   10.460   12.092
           -0.150000  0.850000 -0.650000
   -3.293   -1.595    1.408    2.485    7.048    9.107    9.915   12.012
           -0.150000  0.850000 -0.600000
   -3.270   -1.620    1.368    2.435    7.444    9.361    9.624   11.711
           -0.150000  0.850000 -0.550000
   -3.254   -1.637    1.346    2.400    7.880    8.852   10.128   11.217
           -0.150000  0.850000 -0.500000
   -3.249   -1.643    1.340    2.388    8.315    8.391   10.568   10.773
           -0.150000  0.850000 -0.450000
   -3.254   -1.637    1.346    2.400    7.880    8.852   10.128   11.217
           -0.150000  0.850000 -0.400000
   -3.270   -1.620    1.368    2.435    7.444    9.361    9.624   11.711
           -0.150000  0.850000 -0.350000
   -3.293   -1.595    1.408    2.485    7.048    9.107    9.915   12.012
           -0.150000  0.850000 -0.300000
   -3.321   -1.566    1.468    2.539    6.706    8.632   10.460   12.092
           -0.150000  0.850000 -0.250000
   -3.351   -1.536    1.552    2.581    6.428    8.182   11.011   12.110
           -0.150000  0.850000 -0.200000
   -3.380   -1.509    1.660    2.598    6.229    7.763   11.555   12.116
           -0.150000  0.850000 -0.150000
   -3.404   -1.486    1.789    2.576    6.119    7.381   12.025   12.173
           -0.150000  0.850000 -0.100000
   -3.423   -1.469    1.934    2.509    6.099    7.048   12.086   12.589
           -0.150000  0.850000 -0.050000
   -3.435   -1.459    2.084    2.406    6.148    6.787   12.088   12.955
           -0.150000  0.850000  0.000000
   -3.439   -1.456    2.187    2.317    6.193    6.672   12.087   13.103
           -0.150000  0.850000  0.050000
   -3.435   -1.459    2.084    2.406    6.148    6.787   12.088   12.955
           -0.150000  0.850000  0.100000
   -3.423   -1.469    1.934    2.509    6.099    7.048   12.086   12.589
           -0.150000  0.850000  0.150000
   -3.404   -1.486    1.789    2.576    6.119    7.381   12.025   12.173
           -0.150000  0.850000  0.200000
   -3.380   -1.509    1.660    2.598    6.229    7.763   11.555   12.116
           -0.150000  0.850000  0.250000
   -3.351   -1.536    1.552    2.581    6.428    8.182   11.011   12.110
           -0.150000  0.850000  0.300000
   -3.321   -1.566    1.468    2.539    6.706    8.632   10.460   12.092
           -0.150000  0.850000  0.350000
   -3.293   -1.595    1.408    2.485    7.048    9.107    9.915   12.012
           -0.150000  0.850000  0.400000
   -3.270   -1.620    1.368    2.435    7.444    9.361    9.624   11.711
           -0.150000  0.850000  0.450000
   -3.254   -1.637    1.346    2.400    7.880    8.852   10.128   11.217
           -0.150000  0.850000  0.500000
   -3.249   -1.643    1.340    2.388    8.315    8.391   10.568   10.773
           -0.150000  0.850000  0.550000
   -3.254   -1.637    1.346    2.400    7.880    8.852   10.128   11.217
           -0.150000  0.850000  0.600000
   -3.270   -1.620    1.368    2.435    7.444    9.361    9.624   11.711
           -0.150000  0.850000  0.650000
   -3.293   -1.595    1.408    2.485    7.048    9.107    9.915   12.012
           -0.150000  0.850000  0.700000
   -3.321   -1.566    1.468    2.539    6.706    8.632   10.460   12.092
           -0.150000  0.850000  0.750000
   -3.351   -1.536    1.552    2.581    6.428    8.182   11.011   12.110
           -0.150000  0.850000  0.800000
   -3.380   -1.509    1.660    2.598    6.229    7.763   11.555   12.116
           -0.150000  0.850000  0.850000
   -3.404   -1.486    1.789    2.576    6.119    7.381   12.025   12.173
           -0.150000  0.850000  0.900000
   -3.423   -1.469    1.934    2.509    6.099    7.048   12.086   12.589
           -0.150000  0.850000  0.950000
   -3.435   -1.459    2.084    2.406    6.148    6.787   12.088   12.955
           -0.150000  0.850000  1.000000
   -3.439   -1.456    2.187    2.317    6.193    6.672   12.087   13.103
