 &plot nbnd=   8, nks=    41 /
           -0.650000  0.950000 -1.000000
   -5.586    2.694    3.876    3.971    6.764    8.597    9.204    9.272
           -0.650000  0.950000 -0.950000
   -5.577    2.627    3.925    3.939    6.816    8.528    9.197    9.314
           -0.650000  0.950000 -0.900000
   -5.549    2.455    3.822    4.066    6.964    8.364    9.157    9.428
           -0.650000  0.950000 -0.850000
   -5.502    2.228    3.663    4.223    7.187    8.168    9.087    9.582
           -0.650000  0.950000 -0.800000
   -5.437    1.975    3.473    4.363    7.451    7.990    8.996    9.767
           -0.650000  0.950000 -0.750000
   -5.353    1.711    3.268    4.459    7.643    7.959    8.889    9.973
           -0.650000  0.950000 -0.700000
   -5.252    1.443    3.059    4.489    7.619    8.227    8.778   10.177
           -0.650000  0.950000 -0.650000
   -5.133    1.175    2.854    4.442    7.599    8.512    8.738   10.302
           -0.650000  0.950000 -0.600000
   -4.996    0.910    2.657    4.318    7.644    8.475    9.048   10.237
           -0.650000  0.950000 -0.550000
   -4.842    0.646    2.472    4.132    7.750    8.365    9.449   10.040
           -0.650000  0.950000 -0.500000
   -4.672    0.386    2.302    3.903    7.895    8.266    9.695    9.977
           -0.650000  0.950000 -0.450000
   -4.486    0.128    2.148    3.649    7.999    8.255    9.490   10.376
           -0.650000  0.950000 -0.400000
   -4.286   -0.129    2.012    3.386    7.958    8.430    9.258   10.828
           -0.650000  0.950000 -0.350000
   -4.071   -0.386    1.896    3.124    7.878    8.674    9.051   11.289
           -0.650000  0.950000 -0.300000
   -3.843   -0.645    1.800    2.875    7.801    8.801    9.018   11.753
           -0.650000  0.950000 -0.250000
   -3.604   -0.906    1.725    2.646    7.733    8.660    9.303   12.206
           -0.650000  0.950000 -0.200000
   -3.355   -1.171    1.671    2.443    7.677    8.525    9.631   12.547
           -0.650000  0.950000 -0.150000
   -3.098   -1.438    1.638    2.271    7.634    8.417    9.980   12.363
           -0.650000  0.950000 -0.100000
   -2.837   -1.706    1.623    2.138    7.604    8.338   10.348   11.962
           -0.650000  0.950000 -0.050000
   -2.580   -1.966    1.621    2.050    7.586    8.290   10.730   11.547
           -0.650000  0.950000  0.000000
   -2.408   -2.139    1.622    2.019    7.580    8.274   11.080   11.185
           -0.650000  0.950000  0.050000
   -2.580   -1.966    1.621    2.050    7.586    8.290   10.730   11.547
           -0.650000  0.950000  0.100000
   -2.837   -1.706    1.623    2.138    7.604    8.338   10.348   11.962
           -0.650000  0.950000  0.150000
   -3.098   -1.438    1.638    2.271    7.634    8.417    9.980   12.363
           -0.650000  0.950000  0.200000
   -3.355   -1.171    1.671    2.443    7.677    8.525    9.631   12.547
           -0.650000  0.950000  0.250000
   -3.604   -0.906    1.725    2.646    7.733    8.660    9.303   12.206
           -0.650000  0.950000  0.300000
   -3.843   -0.645    1.800    2.875    7.801    8.801    9.018   11.753
           -0.650000  0.950000  0.350000
   -4.071   -0.386    1.896    3.124    7.878    8.674    9.051   11.289
           -0.650000  0.950000  0.400000
   -4.286   -0.129    2.012    3.386    7.958    8.430    9.258   10.828
           -0.650000  0.950000  0.450000
   -4.486    0.128    2.148    3.649    7.999    8.255    9.490   10.376
           -0.650000  0.950000  0.500000
   -4.672    0.386    2.302    3.903    7.895    8.266    9.695    9.977
           -0.650000  0.950000  0.550000
   -4.842    0.646    2.472    4.132    7.750    8.365    9.449   10.040
           -0.650000  0.950000  0.600000
   -4.996    0.910    2.657    4.318    7.644    8.475    9.048   10.237
           -0.650000  0.950000  0.650000
   -5.133    1.175    2.854    4.442    7.599    8.512    8.738   10.301
           -0.650000  0.950000  0.700000
   -5.252    1.443    3.059    4.489    7.619    8.227    8.778   10.177
           -0.650000  0.950000  0.750000
   -5.353    1.711    3.268    4.459    7.643    7.959    8.889    9.973
           -0.650000  0.950000  0.800000
   -5.437    1.975    3.473    4.363    7.451    7.990    8.996    9.767
           -0.650000  0.950000  0.850000
   -5.502    2.228    3.663    4.223    7.187    8.168    9.087    9.582
           -0.650000  0.950000  0.900000
   -5.549    2.455    3.822    4.066    6.964    8.364    9.157    9.428
           -0.650000  0.950000  0.950000
   -5.577    2.627    3.925    3.939    6.816    8.528    9.197    9.314
           -0.650000  0.950000  1.000000
   -5.586    2.694    3.876    3.971    6.764    8.597    9.204    9.273
