 &plot nbnd=   8, nks=    41 /
           -0.300000  0.950000 -1.000000
   -4.312   -0.263    2.657    2.691    5.864    6.951   11.750   11.895
           -0.300000  0.950000 -0.950000
   -4.305   -0.275    2.606    2.708    5.913    6.995   11.705   11.793
           -0.300000  0.950000 -0.900000
   -4.283   -0.310    2.503    2.714    6.055    7.125   11.377   11.758
           -0.300000  0.950000 -0.850000
   -4.247   -0.368    2.367    2.711    6.278    7.332   10.924   11.743
           -0.300000  0.950000 -0.800000
   -4.197   -0.446    2.209    2.708    6.568    7.607   10.429   11.724
           -0.300000  0.950000 -0.750000
   -4.133   -0.543    2.039    2.714    6.911    7.938    9.920   11.700
           -0.300000  0.950000 -0.700000
   -4.057   -0.656    1.869    2.732    7.298    8.316    9.413   11.672
           -0.300000  0.950000 -0.650000
   -3.969   -0.780    1.704    2.765    7.720    8.711    8.939   11.640
           -0.300000  0.950000 -0.600000
   -3.871   -0.911    1.552    2.810    8.161    8.430    9.204   11.606
           -0.300000  0.950000 -0.550000
   -3.764   -1.047    1.417    2.863    7.957    8.661    9.679   11.572
           -0.300000  0.950000 -0.500000
   -3.650   -1.184    1.303    2.918    7.543    9.157   10.175   11.541
           -0.300000  0.950000 -0.450000
   -3.532   -1.319    1.214    2.963    7.173    9.672   10.671   11.468
           -0.300000  0.950000 -0.400000
   -3.411   -1.450    1.152    2.987    6.866   10.196   10.929   11.109
           -0.300000  0.950000 -0.350000
   -3.290   -1.575    1.120    2.976    6.635   10.396   10.751   11.276
           -0.300000  0.950000 -0.300000
   -3.171   -1.693    1.121    2.917    6.495    9.908   11.212   11.347
           -0.300000  0.950000 -0.250000
   -3.059   -1.802    1.157    2.807    6.452    9.430   11.257   11.765
           -0.300000  0.950000 -0.200000
   -2.954   -1.901    1.226    2.651    6.503    8.973   11.242   12.024
           -0.300000  0.950000 -0.150000
   -2.862   -1.987    1.330    2.461    6.636    8.539   11.227   12.059
           -0.300000  0.950000 -0.100000
   -2.786   -2.058    1.464    2.253    6.837    8.132   11.215   12.041
           -0.300000  0.950000 -0.050000
   -2.734   -2.107    1.625    2.044    7.093    7.756   11.207   12.022
           -0.300000  0.950000  0.000000
   -2.716   -2.125    1.757    1.895    7.341    7.470   11.205   12.015
           -0.300000  0.950000  0.050000
   -2.734   -2.107    1.625    2.044    7.093    7.756   11.207   12.022
           -0.300000  0.950000  0.100000
   -2.786   -2.058    1.464    2.253    6.837    8.132   11.215   12.041
           -0.300000  0.950000  0.150000
   -2.862   -1.987    1.330    2.461    6.636    8.539   11.227   12.059
           -0.300000  0.950000  0.200000
   -2.954   -1.901    1.226    2.651    6.503    8.973   11.242   12.024
           -0.300000  0.950000  0.250000
   -3.059   -1.802    1.157    2.807    6.452    9.430   11.257   11.765
           -0.300000  0.950000  0.300000
   -3.171   -1.693    1.121    2.917    6.495    9.908   11.212   11.347
           -0.300000  0.950000  0.350000
   -3.290   -1.575    1.120    2.976    6.635   10.396   10.751   11.276
           -0.300000  0.950000  0.400000
   -3.411   -1.450    1.152    2.987    6.866   10.196   10.929   11.109
           -0.300000  0.950000  0.450000
   -3.532   -1.319    1.214    2.963    7.173    9.672   10.671   11.468
           -0.300000  0.950000  0.500000
   -3.650   -1.184    1.303    2.918    7.543    9.157   10.175   11.541
           -0.300000  0.950000  0.550000
   -3.764   -1.047    1.417    2.863    7.957    8.661    9.679   11.572
           -0.300000  0.950000  0.600000
   -3.871   -0.911    1.552    2.810    8.161    8.430    9.204   11.606
           -0.300000  0.950000  0.650000
   -3.969   -0.780    1.704    2.765    7.720    8.711    8.939   11.640
           -0.300000  0.950000  0.700000
   -4.057   -0.656    1.869    2.732    7.298    8.316    9.413   11.672
           -0.300000  0.950000  0.750000
   -4.133   -0.543    2.039    2.714    6.911    7.938    9.920   11.700
           -0.300000  0.950000  0.800000
   -4.197   -0.446    2.209    2.708    6.568    7.607   10.429   11.724
           -0.300000  0.950000  0.850000
   -4.247   -0.368    2.367    2.711    6.278    7.332   10.924   11.743
           -0.300000  0.950000  0.900000
   -4.283   -0.310    2.503    2.714    6.055    7.125   11.377   11.758
           -0.300000  0.950000  0.950000
   -4.305   -0.275    2.606    2.708    5.913    6.995   11.705   11.793
           -0.300000  0.950000  1.000000
   -4.312   -0.263    2.657    2.691    5.864    6.951   11.750   11.895
