 &plot nbnd=   8, nks=   101 /
           -0.540000  0.840000 -1.000000
   -4.787    2.371    3.844    4.533    7.808    9.648   10.496   11.118
           -0.540000  0.840000 -0.980000
   -4.786    2.360    3.854    4.529    7.811    9.654   10.493   11.108
           -0.540000  0.840000 -0.960000
   -4.781    2.329    3.882    4.518    7.819    9.673   10.485   11.079
           -0.540000  0.840000 -0.940000
   -4.773    2.279    3.927    4.499    7.833    9.702   10.470   11.034
           -0.540000  0.840000 -0.920000
   -4.763    2.214    3.984    4.474    7.853    9.739   10.451   10.977
           -0.540000  0.840000 -0.900000
   -4.749    2.138    4.050    4.442    7.880    9.780   10.431   10.915
           -0.540000  0.840000 -0.880000
   -4.732    2.053    4.120    4.406    7.913    9.815   10.416   10.850
           -0.540000  0.840000 -0.860000
   -4.712    1.962    4.188    4.370    7.953    9.835   10.417   10.787
           -0.540000  0.840000 -0.840000
   -4.689    1.866    4.229    4.357    8.001    9.826   10.445   10.727
           -0.540000  0.840000 -0.820000
   -4.663    1.766    4.210    4.399    8.055    9.785   10.504   10.674
           -0.540000  0.840000 -0.800000
   -4.634    1.665    4.160    4.466    8.116    9.719   10.568   10.646
           -0.540000  0.840000 -0.780000
   -4.602    1.563    4.100    4.537    8.183    9.637   10.548   10.728
           -0.540000  0.840000 -0.760000
   -4.567    1.460    4.034    4.606    8.256    9.547   10.500   10.854
           -0.540000  0.840000 -0.740000
   -4.530    1.357    3.964    4.670    8.333    9.457   10.450   10.996
           -0.540000  0.840000 -0.720000
   -4.489    1.254    3.892    4.728    8.409    9.373   10.398   11.150
           -0.540000  0.840000 -0.700000
   -4.446    1.153    3.818    4.779    8.481    9.303   10.345   11.313
           -0.540000  0.840000 -0.680000
   -4.399    1.052    3.743    4.822    8.540    9.259   10.290   11.484
           -0.540000  0.840000 -0.660000
   -4.351    0.953    3.667    4.855    8.576    9.251   10.235   11.662
           -0.540000  0.840000 -0.640000
   -4.299    0.855    3.590    4.879    8.582    9.287   10.178   11.846
           -0.540000  0.840000 -0.620000
   -4.245    0.760    3.513    4.891    8.565    9.363   10.121   12.036
           -0.540000  0.840000 -0.600000
   -4.188    0.666    3.436    4.892    8.536    9.468   10.062   12.231
           -0.540000  0.840000 -0.580000
   -4.129    0.574    3.359    4.881    8.504    9.593   10.004   12.429
           -0.540000  0.840000 -0.560000
   -4.067    0.485    3.283    4.858    8.477    9.730    9.946   12.626
           -0.540000  0.840000 -0.540000
   -4.003    0.397    3.207    4.823    8.457    9.851    9.917   12.777
           -0.540000  0.840000 -0.520000
   -3.937    0.312    3.133    4.777    8.447    9.816   10.050   12.738
           -0.540000  0.840000 -0.500000
   -3.868    0.229    3.059    4.719    8.448    9.759   10.213   12.650
           -0.540000  0.840000 -0.480000
   -3.798    0.149    2.987    4.651    8.461    9.700   10.384   12.560
           -0.540000  0.840000 -0.460000
   -3.725    0.071    2.915    4.574    8.485    9.642   10.560   12.472
           -0.540000  0.840000 -0.440000
   -3.652   -0.004    2.846    4.490    8.520    9.585   10.739   12.389
           -0.540000  0.840000 -0.420000
   -3.576   -0.077    2.777    4.399    8.566    9.528   10.923   12.309
           -0.540000  0.840000 -0.400000
   -3.499   -0.148    2.710    4.303    8.621    9.474   11.108   12.233
           -0.540000  0.840000 -0.380000
   -3.421   -0.216    2.644    4.204    8.685    9.420   11.295   12.163
           -0.540000  0.840000 -0.360000
   -3.342   -0.281    2.579    4.102    8.758    9.369   11.482   12.099
           -0.540000  0.840000 -0.340000
   -3.262   -0.344    2.516    4.000    8.839    9.320   11.663   12.047
           -0.540000  0.840000 -0.320000
   -3.182   -0.405    2.454    3.898    8.927    9.272   11.810   12.034
           -0.540000  0.840000 -0.300000
   -3.101   -0.463    2.394    3.797    9.021    9.227   11.846   12.138
           -0.540000  0.840000 -0.280000
   -3.021   -0.519    2.335    3.699    9.122    9.185   11.814   12.313
           -0.540000  0.840000 -0.260000
   -2.942   -0.572    2.277    3.605    9.144    9.229   11.772   12.504
           -0.540000  0.840000 -0.240000
   -2.863   -0.623    2.221    3.515    9.107    9.341   11.729   12.698
           -0.540000  0.840000 -0.220000
   -2.786   -0.671    2.166    3.430    9.072    9.458   11.688   12.892
           -0.540000  0.840000 -0.200000
   -2.712   -0.717    2.114    3.352    9.040    9.579   11.650   12.953
           -0.540000  0.840000 -0.180000
   -2.640   -0.760    2.064    3.280    9.011    9.704   11.614   12.773
           -0.540000  0.840000 -0.160000
   -2.572   -0.800    2.017    3.215    8.985    9.833   11.582   12.591
           -0.540000  0.840000 -0.140000
   -2.508   -0.838    1.974    3.157    8.961    9.966   11.552   12.413
           -0.540000  0.840000 -0.120000
   -2.449   -0.872    1.934    3.107    8.941   10.100   11.524   12.240
           -0.540000  0.840000 -0.100000
   -2.397   -0.902    1.899    3.064    8.924   10.236   11.497   12.076
           -0.540000  0.840000 -0.080000
   -2.353   -0.928    1.869    3.029    8.910   10.371   11.468   11.923
           -0.540000  0.840000 -0.060000
   -2.316   -0.949    1.845    3.002    8.899   10.503   11.432   11.791
           -0.540000  0.840000 -0.040000
   -2.290   -0.965    1.828    2.983    8.891   10.623   11.384   11.693
           -0.540000  0.840000 -0.020000
   -2.273   -0.975    1.817    2.972    8.886   10.717   11.331   11.637
           -0.540000  0.840000  0.000000
   -2.268   -0.978    1.814    2.968    8.884   10.755   11.304   11.621
           -0.540000  0.840000  0.020000
   -2.273   -0.975    1.817    2.972    8.886   10.717   11.331   11.637
           -0.540000  0.840000  0.040000
   -2.290   -0.965    1.828    2.983    8.891   10.623   11.384   11.693
           -0.540000  0.840000  0.060000
   -2.316   -0.949    1.845    3.002    8.899   10.503   11.432   11.791
           -0.540000  0.840000  0.080000
   -2.353   -0.928    1.869    3.029    8.910   10.371   11.468   11.923
           -0.540000  0.840000  0.100000
   -2.397   -0.902    1.899    3.064    8.924   10.236   11.497   12.076
           -0.540000  0.840000  0.120000
   -2.449   -0.872    1.934    3.107    8.941   10.100   11.524   12.240
           -0.540000  0.840000  0.140000
   -2.508   -0.838    1.974    3.157    8.961    9.966   11.552   12.413
           -0.540000  0.840000  0.160000
   -2.572   -0.800    2.017    3.215    8.985    9.833   11.582   12.591
           -0.540000  0.840000  0.180000
   -2.640   -0.760    2.064    3.280    9.011    9.704   11.614   12.773
           -0.540000  0.840000  0.200000
   -2.712   -0.717    2.114    3.352    9.040    9.579   11.650   12.953
           -0.540000  0.840000  0.220000
   -2.786   -0.671    2.166    3.430    9.072    9.458   11.688   12.892
           -0.540000  0.840000  0.240000
   -2.863   -0.623    2.221    3.515    9.107    9.341   11.729   12.698
           -0.540000  0.840000  0.260000
   -2.942   -0.572    2.277    3.605    9.144    9.229   11.772   12.504
           -0.540000  0.840000  0.280000
   -3.021   -0.519    2.335    3.699    9.122    9.185   11.814   12.313
           -0.540000  0.840000  0.300000
   -3.101   -0.463    2.394    3.797    9.021    9.227   11.846   12.138
           -0.540000  0.840000  0.320000
   -3.182   -0.405    2.454    3.898    8.927    9.272   11.810   12.034
           -0.540000  0.840000  0.340000
   -3.262   -0.344    2.516    4.000    8.839    9.320   11.663   12.047
           -0.540000  0.840000  0.360000
   -3.342   -0.281    2.579    4.102    8.758    9.369   11.482   12.099
           -0.540000  0.840000  0.380000
   -3.421   -0.216    2.644    4.204    8.685    9.420   11.295   12.163
           -0.540000  0.840000  0.400000
   -3.499   -0.148    2.710    4.303    8.621    9.474   11.108   12.233
           -0.540000  0.840000  0.420000
   -3.576   -0.077    2.777    4.399    8.566    9.528   10.923   12.309
           -0.540000  0.840000  0.440000
   -3.652   -0.004    2.846    4.490    8.520    9.585   10.739   12.389
           -0.540000  0.840000  0.460000
   -3.725    0.071    2.915    4.574    8.485    9.642   10.560   12.472
           -0.540000  0.840000  0.480000
   -3.798    0.149    2.987    4.651    8.461    9.700   10.384   12.560
           -0.540000  0.840000  0.500000
   -3.868    0.229    3.059    4.719    8.448    9.759   10.213   12.650
           -0.540000  0.840000  0.520000
   -3.937    0.312    3.133    4.777    8.447    9.816   10.050   12.738
           -0.540000  0.840000  0.540000
   -4.003    0.397    3.207    4.823    8.457    9.851    9.917   12.777
           -0.540000  0.840000  0.560000
   -4.067    0.485    3.283    4.858    8.477    9.730    9.946   12.626
           -0.540000  0.840000  0.580000
   -4.129    0.574    3.359    4.881    8.504    9.593   10.004   12.429
           -0.540000  0.840000  0.600000
   -4.188    0.666    3.436    4.892    8.536    9.468   10.062   12.231
           -0.540000  0.840000  0.620000
   -4.245    0.760    3.513    4.891    8.565    9.363   10.121   12.036
           -0.540000  0.840000  0.640000
   -4.299    0.855    3.590    4.879    8.582    9.287   10.178   11.846
           -0.540000  0.840000  0.660000
   -4.351    0.953    3.667    4.855    8.576    9.251   10.235   11.662
           -0.540000  0.840000  0.680000
   -4.399    1.052    3.743    4.822    8.540    9.259   10.290   11.484
           -0.540000  0.840000  0.700000
   -4.446    1.153    3.818    4.779    8.481    9.303   10.345   11.313
           -0.540000  0.840000  0.720000
   -4.489    1.254    3.892    4.728    8.409    9.373   10.398   11.150
           -0.540000  0.840000  0.740000
   -4.530    1.357    3.964    4.670    8.333    9.457   10.450   10.996
           -0.540000  0.840000  0.760000
   -4.567    1.460    4.034    4.606    8.256    9.547   10.500   10.854
           -0.540000  0.840000  0.780000
   -4.602    1.563    4.100    4.537    8.183    9.637   10.548   10.728
           -0.540000  0.840000  0.800000
   -4.634    1.665    4.160    4.466    8.116    9.719   10.568   10.646
           -0.540000  0.840000  0.820000
   -4.663    1.766    4.210    4.399    8.055    9.785   10.504   10.674
           -0.540000  0.840000  0.840000
   -4.689    1.866    4.229    4.357    8.001    9.826   10.445   10.727
           -0.540000  0.840000  0.860000
   -4.712    1.962    4.188    4.370    7.953    9.835   10.417   10.787
           -0.540000  0.840000  0.880000
   -4.732    2.053    4.120    4.406    7.913    9.815   10.416   10.850
           -0.540000  0.840000  0.900000
   -4.749    2.138    4.050    4.442    7.880    9.780   10.431   10.915
           -0.540000  0.840000  0.920000
   -4.763    2.214    3.984    4.474    7.853    9.739   10.451   10.977
           -0.540000  0.840000  0.940000
   -4.773    2.279    3.927    4.499    7.833    9.702   10.470   11.034
           -0.540000  0.840000  0.960000
   -4.781    2.329    3.882    4.518    7.819    9.673   10.485   11.079
           -0.540000  0.840000  0.980000
   -4.786    2.360    3.854    4.529    7.811    9.654   10.493   11.108
           -0.540000  0.840000  1.000000
   -4.787    2.371    3.844    4.533    7.808    9.648   10.496   11.118
