 &plot nbnd=   8, nks=    81 /
           -0.950000 -0.800000 -1.000000
   -5.936    3.821    4.458    4.585    7.220    7.843    8.167    8.436
           -0.950000 -0.800000 -0.975000
   -5.933    3.791    4.476    4.581    7.231    7.808    8.178    8.466
           -0.950000 -0.800000 -0.950000
   -5.926    3.710    4.498    4.586    7.263    7.731    8.189    8.551
           -0.950000 -0.800000 -0.925000
   -5.914    3.598    4.472    4.636    7.310    7.651    8.181    8.675
           -0.950000 -0.800000 -0.900000
   -5.897    3.469    4.415    4.700    7.358    7.598    8.157    8.820
           -0.950000 -0.800000 -0.875000
   -5.875    3.330    4.343    4.755    7.375    7.609    8.125    8.975
           -0.950000 -0.800000 -0.850000
   -5.849    3.184    4.259    4.792    7.362    7.683    8.087    9.133
           -0.950000 -0.800000 -0.825000
   -5.817    3.034    4.167    4.807    7.352    7.781    8.055    9.288
           -0.950000 -0.800000 -0.800000
   -5.781    2.881    4.070    4.798    7.361    7.854    8.061    9.437
           -0.950000 -0.800000 -0.775000
   -5.741    2.727    3.968    4.765    7.391    7.855    8.151    9.571
           -0.950000 -0.800000 -0.750000
   -5.695    2.571    3.864    4.709    7.436    7.821    8.290    9.683
           -0.950000 -0.800000 -0.725000
   -5.645    2.415    3.759    4.634    7.482    7.793    8.448    9.763
           -0.950000 -0.800000 -0.700000
   -5.590    2.257    3.654    4.543    7.502    7.802    8.615    9.802
           -0.950000 -0.800000 -0.675000
   -5.530    2.100    3.548    4.441    7.480    7.864    8.790    9.795
           -0.950000 -0.800000 -0.650000
   -5.466    1.941    3.444    4.330    7.430    7.961    8.970    9.746
           -0.950000 -0.800000 -0.625000
   -5.397    1.783    3.342    4.212    7.368    8.074    9.154    9.668
           -0.950000 -0.800000 -0.600000
   -5.323    1.624    3.241    4.091    7.301    8.190    9.339    9.576
           -0.950000 -0.800000 -0.575000
   -5.245    1.464    3.144    3.968    7.233    8.301    9.454    9.557
           -0.950000 -0.800000 -0.550000
   -5.163    1.304    3.048    3.845    7.165    8.393    9.388    9.739
           -0.950000 -0.800000 -0.525000
   -5.076    1.143    2.956    3.723    7.098    8.448    9.347    9.936
           -0.950000 -0.800000 -0.500000
   -4.985    0.982    2.867    3.602    7.033    8.452    9.360   10.136
           -0.950000 -0.800000 -0.475000
   -4.889    0.819    2.781    3.485    6.971    8.404    9.429   10.340
           -0.950000 -0.800000 -0.450000
   -4.789    0.656    2.699    3.371    6.911    8.320    9.539   10.545
           -0.950000 -0.800000 -0.425000
   -4.685    0.492    2.621    3.261    6.854    8.216    9.674   10.753
           -0.950000 -0.800000 -0.400000
   -4.577    0.326    2.546    3.156    6.801    8.104    9.826   10.962
           -0.950000 -0.800000 -0.375000
   -4.464    0.160    2.475    3.057    6.751    7.989    9.988   11.172
           -0.950000 -0.800000 -0.350000
   -4.348   -0.007    2.408    2.963    6.704    7.876   10.157   11.384
           -0.950000 -0.800000 -0.325000
   -4.228   -0.175    2.346    2.874    6.662    7.765   10.331   11.597
           -0.950000 -0.800000 -0.300000
   -4.104   -0.343    2.287    2.792    6.624    7.659   10.509   11.810
           -0.950000 -0.800000 -0.275000
   -3.976   -0.513    2.233    2.717    6.589    7.559   10.691   12.023
           -0.950000 -0.800000 -0.250000
   -3.845   -0.682    2.183    2.648    6.559    7.465   10.876   12.236
           -0.950000 -0.800000 -0.225000
   -3.710   -0.852    2.138    2.585    6.533    7.378   11.064   12.446
           -0.950000 -0.800000 -0.200000
   -3.572   -1.022    2.097    2.529    6.510    7.298   11.254   12.653
           -0.950000 -0.800000 -0.175000
   -3.430   -1.191    2.061    2.479    6.492    7.226   11.447   12.851
           -0.950000 -0.800000 -0.150000
   -3.286   -1.360    2.030    2.436    6.477    7.162   11.641   13.034
           -0.950000 -0.800000 -0.125000
   -3.139   -1.528    2.003    2.400    6.465    7.107   11.838   13.185
           -0.950000 -0.800000 -0.100000
   -2.989   -1.695    1.981    2.371    6.456    7.061   12.035   13.272
           -0.950000 -0.800000 -0.075000
   -2.837   -1.861    1.964    2.348    6.450    7.024   12.233   13.260
           -0.950000 -0.800000 -0.050000
   -2.684   -2.024    1.951    2.331    6.446    6.997   12.430   13.158
           -0.950000 -0.800000 -0.025000
   -2.532   -2.181    1.944    2.321    6.444    6.981   12.623   13.007
           -0.950000 -0.800000  0.000000
   -2.428   -2.288    1.941    2.318    6.443    6.975   12.770   12.871
           -0.950000 -0.800000  0.025000
   -2.532   -2.181    1.944    2.321    6.444    6.981   12.623   13.007
           -0.950000 -0.800000  0.050000
   -2.684   -2.024    1.951    2.331    6.446    6.997   12.430   13.158
           -0.950000 -0.800000  0.075000
   -2.837   -1.861    1.964    2.348    6.450    7.024   12.233   13.260
           -0.950000 -0.800000  0.100000
   -2.989   -1.695    1.981    2.371    6.456    7.061   12.035   13.272
           -0.950000 -0.800000  0.125000
   -3.139   -1.528    2.003    2.400    6.465    7.107   11.838   13.185
           -0.950000 -0.800000  0.150000
   -3.286   -1.360    2.030    2.436    6.477    7.162   11.641   13.034
           -0.950000 -0.800000  0.175000
   -3.430   -1.191    2.061    2.479    6.492    7.226   11.447   12.851
           -0.950000 -0.800000  0.200000
   -3.572   -1.022    2.097    2.529    6.510    7.298   11.254   12.653
           -0.950000 -0.800000  0.225000
   -3.710   -0.852    2.138    2.585    6.533    7.378   11.064   12.446
           -0.950000 -0.800000  0.250000
   -3.845   -0.682    2.183    2.648    6.559    7.465   10.876   12.236
           -0.950000 -0.800000  0.275000
   -3.976   -0.513    2.233    2.717    6.589    7.559   10.691   12.023
           -0.950000 -0.800000  0.300000
   -4.104   -0.343    2.287    2.792    6.624    7.659   10.509   11.810
           -0.950000 -0.800000  0.325000
   -4.228   -0.175    2.346    2.874    6.662    7.765   10.331   11.597
           -0.950000 -0.800000  0.350000
   -4.348   -0.007    2.408    2.963    6.704    7.876   10.157   11.384
           -0.950000 -0.800000  0.375000
   -4.464    0.160    2.475    3.057    6.751    7.989    9.988   11.172
           -0.950000 -0.800000  0.400000
   -4.577    0.326    2.546    3.156    6.801    8.104    9.826   10.962
           -0.950000 -0.800000  0.425000
   -4.685    0.492    2.621    3.261    6.854    8.216    9.674   10.753
           -0.950000 -0.800000  0.450000
   -4.789    0.656    2.699    3.371    6.911    8.320    9.539   10.545
           -0.950000 -0.800000  0.475000
   -4.889    0.819    2.781    3.485    6.971    8.404    9.429   10.340
           -0.950000 -0.800000  0.500000
   -4.985    0.982    2.867    3.602    7.033    8.452    9.360   10.136
           -0.950000 -0.800000  0.525000
   -5.076    1.143    2.956    3.723    7.098    8.448    9.347    9.936
           -0.950000 -0.800000  0.550000
   -5.163    1.304    3.048    3.845    7.165    8.393    9.388    9.739
           -0.950000 -0.800000  0.575000
   -5.245    1.464    3.144    3.968    7.233    8.301    9.454    9.557
           -0.950000 -0.800000  0.600000
   -5.323    1.624    3.241    4.091    7.301    8.190    9.339    9.576
           -0.950000 -0.800000  0.625000
   -5.397    1.783    3.342    4.212    7.368    8.074    9.154    9.668
           -0.950000 -0.800000  0.650000
   -5.466    1.941    3.444    4.330    7.430    7.961    8.970    9.746
           -0.950000 -0.800000  0.675000
   -5.530    2.100    3.548    4.441    7.480    7.864    8.790    9.795
           -0.950000 -0.800000  0.700000
   -5.590    2.257    3.654    4.543    7.502    7.802    8.615    9.802
           -0.950000 -0.800000  0.725000
   -5.645    2.415    3.759    4.634    7.482    7.793    8.448    9.763
           -0.950000 -0.800000  0.750000
   -5.695    2.571    3.864    4.709    7.436    7.821    8.290    9.683
           -0.950000 -0.800000  0.775000
   -5.741    2.727    3.968    4.765    7.391    7.855    8.151    9.571
           -0.950000 -0.800000  0.800000
   -5.781    2.881    4.070    4.798    7.361    7.854    8.061    9.437
           -0.950000 -0.800000  0.825000
   -5.817    3.034    4.167    4.807    7.352    7.781    8.055    9.288
           -0.950000 -0.800000  0.850000
   -5.849    3.184    4.259    4.792    7.362    7.683    8.087    9.133
           -0.950000 -0.800000  0.875000
   -5.875    3.330    4.343    4.755    7.375    7.609    8.125    8.975
           -0.950000 -0.800000  0.900000
   -5.897    3.469    4.415    4.700    7.358    7.598    8.157    8.820
           -0.950000 -0.800000  0.925000
   -5.914    3.598    4.472    4.636    7.310    7.651    8.181    8.675
           -0.950000 -0.800000  0.950000
   -5.926    3.710    4.498    4.586    7.263    7.731    8.189    8.551
           -0.950000 -0.800000  0.975000
   -5.933    3.791    4.476    4.581    7.231    7.808    8.178    8.466
           -0.950000 -0.800000  1.000000
   -5.936    3.821    4.458    4.585    7.220    7.843    8.167    8.436
