 &plot nbnd=   8, nks=    81 /
           -0.525000 -0.350000 -1.000000
   -3.814   -0.785    1.449    3.226    7.613    9.180    9.993   11.256
           -0.525000 -0.350000 -0.975000
   -3.814   -0.792    1.461    3.228    7.614    9.143   10.034   11.227
           -0.525000 -0.350000 -0.950000
   -3.814   -0.814    1.496    3.233    7.616    9.047   10.137   11.149
           -0.525000 -0.350000 -0.925000
   -3.814   -0.849    1.552    3.243    7.619    8.923   10.269   11.045
           -0.525000 -0.350000 -0.900000
   -3.814   -0.893    1.626    3.256    7.622    8.789   10.390   10.949
           -0.525000 -0.350000 -0.875000
   -3.814   -0.945    1.716    3.273    7.623    8.654   10.436   10.930
           -0.525000 -0.350000 -0.850000
   -3.815   -1.001    1.818    3.294    7.619    8.527   10.362   11.032
           -0.525000 -0.350000 -0.825000
   -3.817   -1.059    1.931    3.319    7.608    8.412   10.225   11.200
           -0.525000 -0.350000 -0.800000
   -3.820   -1.117    2.050    3.348    7.584    8.315   10.067   11.394
           -0.525000 -0.350000 -0.775000
   -3.825   -1.171    2.175    3.380    7.542    8.244    9.902   11.598
           -0.525000 -0.350000 -0.750000
   -3.832   -1.221    2.301    3.416    7.481    8.199    9.737   11.807
           -0.525000 -0.350000 -0.725000
   -3.842   -1.266    2.428    3.456    7.402    8.178    9.575   12.013
           -0.525000 -0.350000 -0.700000
   -3.855   -1.303    2.554    3.500    7.311    8.178    9.418   12.212
           -0.525000 -0.350000 -0.675000
   -3.871   -1.332    2.675    3.547    7.215    8.191    9.267   12.393
           -0.525000 -0.350000 -0.650000
   -3.890   -1.351    2.791    3.597    7.116    8.214    9.125   12.542
           -0.525000 -0.350000 -0.625000
   -3.913   -1.362    2.899    3.648    7.021    8.243    8.993   12.646
           -0.525000 -0.350000 -0.600000
   -3.939   -1.362    2.999    3.699    6.930    8.275    8.872   12.706
           -0.525000 -0.350000 -0.575000
   -3.969   -1.353    3.090    3.749    6.848    8.307    8.766   12.734
           -0.525000 -0.350000 -0.550000
   -4.001   -1.334    3.172    3.792    6.776    8.336    8.678   12.738
           -0.525000 -0.350000 -0.525000
   -4.037   -1.305    3.244    3.828    6.717    8.354    8.616   12.724
           -0.525000 -0.350000 -0.500000
   -4.074   -1.267    3.307    3.851    6.674    8.352    8.587   12.690
           -0.525000 -0.350000 -0.475000
   -4.112   -1.220    3.362    3.859    6.647    8.331    8.593   12.630
           -0.525000 -0.350000 -0.450000
   -4.152   -1.165    3.408    3.850    6.639    8.303    8.621   12.538
           -0.525000 -0.350000 -0.425000
   -4.193   -1.101    3.444    3.826    6.649    8.278    8.660   12.408
           -0.525000 -0.350000 -0.400000
   -4.233   -1.031    3.468    3.789    6.676    8.260    8.706   12.246
           -0.525000 -0.350000 -0.375000
   -4.273   -0.954    3.472    3.748    6.720    8.250    8.760   12.059
           -0.525000 -0.350000 -0.350000
   -4.313   -0.871    3.447    3.715    6.777    8.246    8.820   11.857
           -0.525000 -0.350000 -0.325000
   -4.351   -0.783    3.386    3.701    6.847    8.247    8.889   11.648
           -0.525000 -0.350000 -0.300000
   -4.387   -0.690    3.297    3.701    6.926    8.250    8.966   11.436
           -0.525000 -0.350000 -0.275000
   -4.422   -0.593    3.189    3.706    7.014    8.255    9.053   11.224
           -0.525000 -0.350000 -0.250000
   -4.454   -0.493    3.071    3.714    7.110    8.259    9.148   11.016
           -0.525000 -0.350000 -0.225000
   -4.484   -0.391    2.946    3.722    7.211    8.262    9.252   10.814
           -0.525000 -0.350000 -0.200000
   -4.511   -0.288    2.819    3.728    7.316    8.264    9.360   10.619
           -0.525000 -0.350000 -0.175000
   -4.536   -0.186    2.694    3.734    7.425    8.263    9.471   10.437
           -0.525000 -0.350000 -0.150000
   -4.557   -0.087    2.572    3.738    7.535    8.261    9.576   10.273
           -0.525000 -0.350000 -0.125000
   -4.576    0.007    2.457    3.742    7.645    8.255    9.661   10.142
           -0.525000 -0.350000 -0.100000
   -4.591    0.093    2.354    3.744    7.752    8.247    9.693   10.075
           -0.525000 -0.350000 -0.075000
   -4.603    0.167    2.266    3.746    7.851    8.235    9.655   10.088
           -0.525000 -0.350000 -0.050000
   -4.611    0.224    2.199    3.747    7.938    8.218    9.590   10.136
           -0.525000 -0.350000 -0.025000
   -4.616    0.261    2.156    3.748    8.004    8.199    9.540   10.177
           -0.525000 -0.350000  0.000000
   -4.618    0.273    2.141    3.748    8.031    8.189    9.521   10.193
           -0.525000 -0.350000  0.025000
   -4.616    0.261    2.156    3.748    8.004    8.199    9.540   10.177
           -0.525000 -0.350000  0.050000
   -4.611    0.224    2.199    3.747    7.938    8.218    9.590   10.136
           -0.525000 -0.350000  0.075000
   -4.603    0.167    2.266    3.746    7.851    8.235    9.655   10.088
           -0.525000 -0.350000  0.100000
   -4.591    0.093    2.354    3.744    7.752    8.247    9.693   10.075
           -0.525000 -0.350000  0.125000
   -4.576    0.007    2.457    3.742    7.645    8.255    9.661   10.142
           -0.525000 -0.350000  0.150000
   -4.557   -0.087    2.572    3.738    7.535    8.261    9.576   10.273
           -0.525000 -0.350000  0.175000
   -4.536   -0.186    2.694    3.734    7.425    8.263    9.471   10.437
           -0.525000 -0.350000  0.200000
   -4.511   -0.288    2.819    3.728    7.316    8.264    9.360   10.619
           -0.525000 -0.350000  0.225000
   -4.484   -0.391    2.946    3.722    7.211    8.262    9.252   10.814
           -0.525000 -0.350000  0.250000
   -4.454   -0.493    3.071    3.714    7.110    8.259    9.148   11.016
           -0.525000 -0.350000  0.275000
   -4.422   -0.593    3.189    3.706    7.014    8.255    9.053   11.224
           -0.525000 -0.350000  0.300000
   -4.387   -0.690    3.297    3.701    6.926    8.250    8.966   11.436
           -0.525000 -0.350000  0.325000
   -4.351   -0.783    3.386    3.701    6.847    8.247    8.889   11.648
           -0.525000 -0.350000  0.350000
   -4.313   -0.871    3.447    3.715    6.777    8.246    8.820   11.857
           -0.525000 -0.350000  0.375000
   -4.273   -0.954    3.472    3.748    6.720    8.250    8.760   12.059
           -0.525000 -0.350000  0.400000
   -4.233   -1.031    3.468    3.789    6.676    8.260    8.706   12.246
           -0.525000 -0.350000  0.425000
   -4.193   -1.101    3.444    3.826    6.649    8.278    8.660   12.408
           -0.525000 -0.350000  0.450000
   -4.152   -1.165    3.408    3.850    6.639    8.303    8.621   12.538
           -0.525000 -0.350000  0.475000
   -4.112   -1.220    3.362    3.859    6.647    8.331    8.593   12.630
           -0.525000 -0.350000  0.500000
   -4.074   -1.267    3.307    3.851    6.674    8.352    8.587   12.690
           -0.525000 -0.350000  0.525000
   -4.037   -1.305    3.244    3.828    6.717    8.354    8.616   12.724
           -0.525000 -0.350000  0.550000
   -4.001   -1.334    3.172    3.792    6.776    8.336    8.678   12.738
           -0.525000 -0.350000  0.575000
   -3.969   -1.353    3.090    3.749    6.848    8.307    8.766   12.734
           -0.525000 -0.350000  0.600000
   -3.939   -1.362    2.999    3.699    6.930    8.275    8.872   12.706
           -0.525000 -0.350000  0.625000
   -3.913   -1.362    2.899    3.648    7.021    8.243    8.993   12.646
           -0.525000 -0.350000  0.650000
   -3.890   -1.351    2.791    3.597    7.116    8.214    9.125   12.542
           -0.525000 -0.350000  0.675000
   -3.871   -1.332    2.675    3.547    7.215    8.191    9.267   12.393
           -0.525000 -0.350000  0.700000
   -3.855   -1.303    2.554    3.500    7.311    8.178    9.418   12.212
           -0.525000 -0.350000  0.725000
   -3.842   -1.266    2.428    3.456    7.402    8.178    9.575   12.013
           -0.525000 -0.350000  0.750000
   -3.832   -1.221    2.301    3.416    7.481    8.199    9.737   11.807
           -0.525000 -0.350000  0.775000
   -3.825   -1.171    2.175    3.380    7.542    8.244    9.902   11.598
           -0.525000 -0.350000  0.800000
   -3.820   -1.117    2.050    3.348    7.584    8.315   10.067   11.394
           -0.525000 -0.350000  0.825000
   -3.817   -1.059    1.931    3.319    7.608    8.412   10.225   11.200
           -0.525000 -0.350000  0.850000
   -3.815   -1.001    1.818    3.294    7.619    8.527   10.362   11.032
           -0.525000 -0.350000  0.875000
   -3.814   -0.945    1.716    3.273    7.623    8.654   10.436   10.930
           -0.525000 -0.350000  0.900000
   -3.814   -0.893    1.626    3.256    7.622    8.789   10.390   10.949
           -0.525000 -0.350000  0.925000
   -3.814   -0.849    1.552    3.243    7.619    8.923   10.269   11.045
           -0.525000 -0.350000  0.950000
   -3.814   -0.814    1.496    3.233    7.616    9.047   10.137   11.149
           -0.525000 -0.350000  0.975000
   -3.814   -0.792    1.461    3.228    7.614    9.143   10.034   11.227
           -0.525000 -0.350000  1.000000
   -3.814   -0.785    1.449    3.226    7.613    9.180    9.993   11.256
