 &plot nbnd=   8, nks=    81 /
           -0.600000 -0.600000 -1.000000
   -4.899    0.687    2.369    4.226    7.600    8.801    9.059   10.248
           -0.600000 -0.600000 -0.975000
   -4.897    0.671    2.387    4.225    7.590    8.795    9.039   10.280
           -0.600000 -0.600000 -0.950000
   -4.892    0.627    2.438    4.223    7.562    8.777    8.987   10.371
           -0.600000 -0.600000 -0.925000
   -4.882    0.558    2.519    4.218    7.515    8.749    8.917   10.505
           -0.600000 -0.600000 -0.900000
   -4.869    0.472    2.621    4.212    7.449    8.713    8.843   10.668
           -0.600000 -0.600000 -0.875000
   -4.851    0.373    2.741    4.203    7.364    8.672    8.774   10.852
           -0.600000 -0.600000 -0.850000
   -4.830    0.266    2.871    4.193    7.262    8.628    8.714   11.048
           -0.600000 -0.600000 -0.825000
   -4.806    0.154    3.009    4.180    7.147    8.584    8.664   11.253
           -0.600000 -0.600000 -0.800000
   -4.778    0.039    3.152    4.166    7.022    8.542    8.624   11.463
           -0.600000 -0.600000 -0.775000
   -4.746   -0.076    3.294    4.149    6.891    8.503    8.590   11.674
           -0.600000 -0.600000 -0.750000
   -4.712   -0.190    3.435    4.130    6.759    8.468    8.561   11.882
           -0.600000 -0.600000 -0.725000
   -4.674   -0.302    3.568    4.109    6.630    8.440    8.536   12.080
           -0.600000 -0.600000 -0.700000
   -4.633   -0.411    3.692    4.085    6.510    8.419    8.513   12.258
           -0.600000 -0.600000 -0.675000
   -4.589   -0.516    3.800    4.060    6.403    8.405    8.489   12.403
           -0.600000 -0.600000 -0.650000
   -4.543   -0.618    3.887    4.033    6.316    8.398    8.465   12.503
           -0.600000 -0.600000 -0.625000
   -4.494   -0.715    3.946    4.004    6.255    8.401    8.439   12.556
           -0.600000 -0.600000 -0.600000
   -4.443   -0.806    3.973    3.973    6.225    8.411    8.411   12.574
           -0.600000 -0.600000 -0.575000
   -4.391   -0.892    3.941    3.964    6.229    8.383    8.431   12.570
           -0.600000 -0.600000 -0.550000
   -4.337   -0.972    3.907    3.920    6.265    8.353    8.459   12.557
           -0.600000 -0.600000 -0.525000
   -4.282   -1.046    3.845    3.873    6.329    8.325    8.495   12.538
           -0.600000 -0.600000 -0.500000
   -4.227   -1.112    3.744    3.838    6.415    8.299    8.540   12.516
           -0.600000 -0.600000 -0.475000
   -4.172   -1.171    3.622    3.803    6.515    8.279    8.594   12.491
           -0.600000 -0.600000 -0.450000
   -4.117   -1.222    3.485    3.767    6.620    8.268    8.655   12.463
           -0.600000 -0.600000 -0.425000
   -4.063   -1.265    3.338    3.732    6.725    8.269    8.724   12.432
           -0.600000 -0.600000 -0.400000
   -4.011   -1.300    3.183    3.697    6.821    8.289    8.801   12.398
           -0.600000 -0.600000 -0.375000
   -3.961   -1.325    3.023    3.663    6.904    8.330    8.885   12.362
           -0.600000 -0.600000 -0.350000
   -3.914   -1.341    2.861    3.630    6.968    8.398    8.977   12.325
           -0.600000 -0.600000 -0.325000
   -3.870   -1.348    2.698    3.599    7.012    8.491    9.074   12.287
           -0.600000 -0.600000 -0.300000
   -3.830   -1.346    2.536    3.568    7.037    8.610    9.178   12.249
           -0.600000 -0.600000 -0.275000
   -3.794   -1.335    2.376    3.540    7.048    8.750    9.288   12.213
           -0.600000 -0.600000 -0.250000
   -3.762   -1.316    2.220    3.513    7.047    8.907    9.402   12.178
           -0.600000 -0.600000 -0.225000
   -3.733   -1.289    2.069    3.488    7.038    9.078    9.521   12.145
           -0.600000 -0.600000 -0.200000
   -3.709   -1.256    1.925    3.466    7.025    9.260    9.643   12.114
           -0.600000 -0.600000 -0.175000
   -3.689   -1.218    1.789    3.445    7.010    9.450    9.767   12.087
           -0.600000 -0.600000 -0.150000
   -3.672   -1.178    1.665    3.428    6.994    9.646    9.891   12.061
           -0.600000 -0.600000 -0.125000
   -3.659   -1.137    1.552    3.413    6.979    9.848   10.012   12.027
           -0.600000 -0.600000 -0.100000
   -3.648   -1.098    1.455    3.400    6.965   10.053   10.127   11.848
           -0.600000 -0.600000 -0.075000
   -3.641   -1.063    1.376    3.390    6.954   10.230   10.259   11.632
           -0.600000 -0.600000 -0.050000
   -3.635   -1.036    1.317    3.383    6.946   10.314   10.463   11.419
           -0.600000 -0.600000 -0.025000
   -3.632   -1.019    1.281    3.379    6.941   10.370   10.652   11.225
           -0.600000 -0.600000  0.000000
   -3.631   -1.013    1.268    3.377    6.939   10.390   10.756   11.120
           -0.600000 -0.600000  0.025000
   -3.632   -1.019    1.281    3.379    6.941   10.370   10.652   11.225
           -0.600000 -0.600000  0.050000
   -3.635   -1.036    1.317    3.383    6.946   10.314   10.463   11.419
           -0.600000 -0.600000  0.075000
   -3.641   -1.063    1.376    3.390    6.954   10.230   10.259   11.632
           -0.600000 -0.600000  0.100000
   -3.648   -1.098    1.455    3.400    6.965   10.053   10.127   11.848
           -0.600000 -0.600000  0.125000
   -3.659   -1.137    1.552    3.413    6.979    9.848   10.012   12.027
           -0.600000 -0.600000  0.150000
   -3.672   -1.178    1.665    3.428    6.994    9.646    9.891   12.061
           -0.600000 -0.600000  0.175000
   -3.689   -1.218    1.789    3.445    7.010    9.450    9.767   12.087
           -0.600000 -0.600000  0.200000
   -3.709   -1.256    1.925    3.466    7.025    9.260    9.643   12.114
           -0.600000 -0.600000  0.225000
   -3.733   -1.289    2.069    3.488    7.038    9.078    9.521   12.145
           -0.600000 -0.600000  0.250000
   -3.762   -1.316    2.220    3.513    7.047    8.907    9.402   12.178
           -0.600000 -0.600000  0.275000
   -3.794   -1.335    2.376    3.540    7.048    8.750    9.288   12.213
           -0.600000 -0.600000  0.300000
   -3.830   -1.346    2.536    3.568    7.037    8.610    9.178   12.249
           -0.600000 -0.600000  0.325000
   -3.870   -1.348    2.698    3.599    7.012    8.491    9.074   12.287
           -0.600000 -0.600000  0.350000
   -3.914   -1.341    2.861    3.630    6.968    8.398    8.977   12.325
           -0.600000 -0.600000  0.375000
   -3.961   -1.325    3.023    3.663    6.904    8.330    8.885   12.362
           -0.600000 -0.600000  0.400000
   -4.011   -1.300    3.183    3.697    6.821    8.289    8.801   12.398
           -0.600000 -0.600000  0.425000
   -4.063   -1.265    3.338    3.732    6.725    8.269    8.724   12.432
           -0.600000 -0.600000  0.450000
   -4.117   -1.222    3.485    3.767    6.620    8.268    8.655   12.463
           -0.600000 -0.600000  0.475000
   -4.172   -1.171    3.622    3.803    6.515    8.279    8.594   12.491
           -0.600000 -0.600000  0.500000
   -4.227   -1.112    3.744    3.838    6.415    8.299    8.540   12.516
           -0.600000 -0.600000  0.525000
   -4.282   -1.046    3.845    3.873    6.329    8.325    8.495   12.538
           -0.600000 -0.600000  0.550000
   -4.337   -0.972    3.907    3.920    6.265    8.353    8.459   12.557
           -0.600000 -0.600000  0.575000
   -4.391   -0.892    3.941    3.964    6.229    8.383    8.431   12.570
           -0.600000 -0.600000  0.600000
   -4.443   -0.806    3.973    3.973    6.225    8.411    8.411   12.574
           -0.600000 -0.600000  0.625000
   -4.494   -0.715    3.946    4.004    6.255    8.401    8.439   12.556
           -0.600000 -0.600000  0.650000
   -4.543   -0.618    3.887    4.033    6.316    8.398    8.465   12.503
           -0.600000 -0.600000  0.675000
   -4.589   -0.516    3.800    4.060    6.403    8.405    8.489   12.403
           -0.600000 -0.600000  0.700000
   -4.633   -0.411    3.692    4.085    6.510    8.419    8.513   12.258
           -0.600000 -0.600000  0.725000
   -4.674   -0.302    3.568    4.109    6.630    8.440    8.536   12.080
           -0.600000 -0.600000  0.750000
   -4.712   -0.190    3.435    4.130    6.759    8.468    8.561   11.882
           -0.600000 -0.600000  0.775000
   -4.746   -0.076    3.294    4.149    6.891    8.503    8.590   11.674
           -0.600000 -0.600000  0.800000
   -4.778    0.039    3.152    4.166    7.022    8.542    8.624   11.463
           -0.600000 -0.600000  0.825000
   -4.806    0.154    3.009    4.180    7.147    8.584    8.664   11.253
           -0.600000 -0.600000  0.850000
   -4.830    0.266    2.871    4.193    7.262    8.628    8.714   11.048
           -0.600000 -0.600000  0.875000
   -4.851    0.373    2.741    4.203    7.364    8.672    8.774   10.852
           -0.600000 -0.600000  0.900000
   -4.869    0.472    2.621    4.212    7.449    8.713    8.843   10.668
           -0.600000 -0.600000  0.925000
   -4.882    0.558    2.519    4.218    7.515    8.749    8.917   10.505
           -0.600000 -0.600000  0.950000
   -4.892    0.627    2.438    4.223    7.562    8.777    8.987   10.371
           -0.600000 -0.600000  0.975000
   -4.897    0.671    2.387    4.225    7.590    8.795    9.039   10.280
           -0.600000 -0.600000  1.000000
   -4.899    0.687    2.369    4.226    7.600    8.801    9.059   10.248
