 &plot nbnd=   8, nks=   100 /
           -0.435900 -0.435900 -1.000000
   -3.986   -0.876    1.228    3.422    6.884    9.920   10.219   10.644
           -0.435900 -0.435900 -0.979800
   -3.986   -0.882    1.237    3.423    6.884    9.909   10.157   10.708
           -0.435900 -0.435900 -0.959600
   -3.986   -0.899    1.264    3.425    6.887    9.876   10.025   10.845
           -0.435900 -0.435900 -0.939400
   -3.986   -0.927    1.309    3.429    6.891    9.825    9.873   11.005
           -0.435900 -0.435900 -0.919200
   -3.986   -0.962    1.369    3.434    6.896    9.717    9.760   11.176
           -0.435900 -0.435900 -0.899000
   -3.985   -1.005    1.443    3.441    6.901    9.558    9.683   11.349
           -0.435900 -0.435900 -0.878800
   -3.985   -1.053    1.528    3.450    6.907    9.401    9.599   11.523
           -0.435900 -0.435900 -0.858600
   -3.986   -1.104    1.624    3.460    6.912    9.247    9.510   11.696
           -0.435900 -0.435900 -0.838400
   -3.987   -1.157    1.729    3.471    6.917    9.098    9.418   11.867
           -0.435900 -0.435900 -0.818200
   -3.989   -1.210    1.840    3.483    6.919    8.954    9.325   12.031
           -0.435900 -0.435900 -0.798000
   -3.992   -1.261    1.958    3.497    6.919    8.817    9.233   12.182
           -0.435900 -0.435900 -0.777800
   -3.996   -1.311    2.080    3.512    6.913    8.690    9.143   12.305
           -0.435900 -0.435900 -0.757600
   -4.002   -1.357    2.207    3.527    6.901    8.571    9.055   12.387
           -0.435900 -0.435900 -0.737400
   -4.009   -1.399    2.336    3.544    6.881    8.464    8.969   12.427
           -0.435900 -0.435900 -0.717200
   -4.018   -1.436    2.468    3.562    6.852    8.372    8.887   12.441
           -0.435900 -0.435900 -0.697000
   -4.029   -1.467    2.600    3.581    6.810    8.294    8.808   12.440
           -0.435900 -0.435900 -0.676800
   -4.042   -1.493    2.734    3.600    6.757    8.233    8.734   12.428
           -0.435900 -0.435900 -0.656600
   -4.058   -1.512    2.867    3.620    6.691    8.188    8.664   12.409
           -0.435900 -0.435900 -0.636400
   -4.076   -1.525    2.998    3.640    6.615    8.158    8.598   12.384
           -0.435900 -0.435900 -0.616200
   -4.097   -1.531    3.127    3.661    6.531    8.141    8.538   12.355
           -0.435900 -0.435900 -0.596000
   -4.119   -1.531    3.252    3.681    6.442    8.134    8.482   12.325
           -0.435900 -0.435900 -0.575800
   -4.145   -1.523    3.371    3.702    6.350    8.136    8.431   12.294
           -0.435900 -0.435900 -0.555600
   -4.172   -1.508    3.483    3.722    6.259    8.145    8.387   12.265
           -0.435900 -0.435900 -0.535400
   -4.201   -1.487    3.585    3.742    6.174    8.158    8.347   12.239
           -0.435900 -0.435900 -0.515200
   -4.232   -1.460    3.673    3.762    6.097    8.173    8.313   12.218
           -0.435900 -0.435900 -0.494900
   -4.264   -1.426    3.746    3.782    6.034    8.190    8.286   12.203
           -0.435900 -0.435900 -0.474700
   -4.297   -1.386    3.799    3.801    5.988    8.208    8.264   12.194
           -0.435900 -0.435900 -0.454500
   -4.330   -1.340    3.819    3.829    5.962    8.224    8.248   12.191
           -0.435900 -0.435900 -0.434300
   -4.364   -1.289    3.834    3.836    5.959    8.239    8.240   12.195
           -0.435900 -0.435900 -0.414100
   -4.398   -1.233    3.815    3.852    5.979    8.235    8.256   12.202
           -0.435900 -0.435900 -0.393900
   -4.431   -1.172    3.772    3.867    6.022    8.238    8.270   12.210
           -0.435900 -0.435900 -0.373700
   -4.465   -1.106    3.708    3.882    6.083    8.246    8.283   12.214
           -0.435900 -0.435900 -0.353500
   -4.497   -1.036    3.628    3.895    6.160    8.260    8.295   12.208
           -0.435900 -0.435900 -0.333300
   -4.529   -0.963    3.534    3.907    6.249    8.280    8.307   12.182
           -0.435900 -0.435900 -0.313100
   -4.560   -0.885    3.429    3.918    6.346    8.306    8.320   12.128
           -0.435900 -0.435900 -0.292900
   -4.589   -0.805    3.317    3.928    6.449    8.335    8.337   12.042
           -0.435900 -0.435900 -0.272700
   -4.618   -0.722    3.200    3.937    6.555    8.353    8.372   11.929
           -0.435900 -0.435900 -0.252500
   -4.645   -0.637    3.078    3.945    6.661    8.375    8.411   11.793
           -0.435900 -0.435900 -0.232300
   -4.670   -0.549    2.956    3.952    6.764    8.403    8.455   11.642
           -0.435900 -0.435900 -0.212100
   -4.693   -0.460    2.833    3.958    6.863    8.438    8.503   11.482
           -0.435900 -0.435900 -0.191900
   -4.715   -0.372    2.711    3.964    6.955    8.482    8.552   11.317
           -0.435900 -0.435900 -0.171700
   -4.735   -0.283    2.591    3.968    7.038    8.535    8.603   11.149
           -0.435900 -0.435900 -0.151500
   -4.752   -0.196    2.476    3.972    7.111    8.598    8.655   10.981
           -0.435900 -0.435900 -0.131300
   -4.768   -0.112    2.366    3.974    7.174    8.671    8.705   10.816
           -0.435900 -0.435900 -0.111100
   -4.782   -0.032    2.264    3.977    7.227    8.754    8.754   10.656
           -0.435900 -0.435900 -0.090900
   -4.793    0.041    2.172    3.979    7.268    8.798    8.843   10.504
           -0.435900 -0.435900 -0.070700
   -4.802    0.105    2.093    3.981    7.300    8.837    8.934   10.363
           -0.435900 -0.435900 -0.050500
   -4.809    0.157    2.030    3.982    7.323    8.869    9.020   10.240
           -0.435900 -0.435900 -0.030300
   -4.814    0.193    1.985    3.982    7.338    8.890    9.091   10.144
           -0.435900 -0.435900 -0.010100
   -4.816    0.213    1.962    3.982    7.345    8.901    9.132   10.091
           -0.435900 -0.435900  0.010100
   -4.816    0.213    1.962    3.982    7.345    8.901    9.132   10.091
           -0.435900 -0.435900  0.030300
   -4.814    0.193    1.985    3.982    7.338    8.890    9.091   10.144
           -0.435900 -0.435900  0.050500
   -4.809    0.157    2.030    3.982    7.323    8.869    9.020   10.240
           -0.435900 -0.435900  0.070700
   -4.802    0.105    2.093    3.981    7.300    8.837    8.934   10.363
           -0.435900 -0.435900  0.090900
   -4.793    0.041    2.172    3.979    7.268    8.798    8.843   10.504
           -0.435900 -0.435900  0.111100
   -4.782   -0.032    2.264    3.977    7.227    8.754    8.754   10.656
           -0.435900 -0.435900  0.131300
   -4.768   -0.112    2.366    3.974    7.174    8.671    8.705   10.816
           -0.435900 -0.435900  0.151500
   -4.752   -0.196    2.476    3.972    7.111    8.598    8.655   10.981
           -0.435900 -0.435900  0.171700
   -4.735   -0.283    2.591    3.968    7.038    8.535    8.603   11.149
           -0.435900 -0.435900  0.191900
   -4.715   -0.372    2.711    3.964    6.955    8.482    8.552   11.317
           -0.435900 -0.435900  0.212100
   -4.693   -0.460    2.833    3.958    6.863    8.438    8.503   11.482
           -0.435900 -0.435900  0.232300
   -4.670   -0.549    2.956    3.952    6.764    8.403    8.455   11.642
           -0.435900 -0.435900  0.252500
   -4.645   -0.637    3.078    3.945    6.661    8.375    8.411   11.793
           -0.435900 -0.435900  0.272700
   -4.618   -0.722    3.200    3.937    6.555    8.353    8.372   11.929
           -0.435900 -0.435900  0.292900
   -4.589   -0.805    3.317    3.928    6.449    8.335    8.337   12.042
           -0.435900 -0.435900  0.313100
   -4.560   -0.885    3.429    3.918    6.346    8.306    8.320   12.128
           -0.435900 -0.435900  0.333300
   -4.529   -0.963    3.534    3.907    6.249    8.280    8.307   12.182
           -0.435900 -0.435900  0.353500
   -4.497   -1.036    3.628    3.895    6.160    8.260    8.295   12.208
           -0.435900 -0.435900  0.373700
   -4.465   -1.106    3.708    3.882    6.083    8.246    8.283   12.214
           -0.435900 -0.435900  0.393900
   -4.431   -1.172    3.772    3.867    6.022    8.238    8.270   12.210
           -0.435900 -0.435900  0.414100
   -4.398   -1.233    3.815    3.852    5.979    8.235    8.256   12.202
           -0.435900 -0.435900  0.434300
   -4.364   -1.289    3.834    3.836    5.959    8.239    8.240   12.195
           -0.435900 -0.435900  0.454500
   -4.330   -1.340    3.819    3.829    5.962    8.224    8.248   12.191
           -0.435900 -0.435900  0.474700
   -4.297   -1.386    3.799    3.801    5.988    8.208    8.264   12.194
           -0.435900 -0.435900  0.494900
   -4.264   -1.426    3.746    3.782    6.034    8.190    8.286   12.203
           -0.435900 -0.435900  0.515200
   -4.232   -1.460    3.673    3.762    6.097    8.173    8.313   12.218
           -0.435900 -0.435900  0.535400
   -4.201   -1.487    3.585    3.742    6.174    8.158    8.347   12.239
           -0.435900 -0.435900  0.555600
   -4.172   -1.508    3.483    3.722    6.259    8.145    8.387   12.265
           -0.435900 -0.435900  0.575800
   -4.145   -1.523    3.371    3.702    6.350    8.136    8.431   12.294
           -0.435900 -0.435900  0.596000
   -4.119   -1.531    3.252    3.681    6.442    8.134    8.482   12.325
           -0.435900 -0.435900  0.616200
   -4.097   -1.531    3.127    3.661    6.531    8.141    8.538   12.355
           -0.435900 -0.435900  0.636400
   -4.076   -1.525    2.998    3.640    6.615    8.158    8.598   12.384
           -0.435900 -0.435900  0.656600
   -4.058   -1.512    2.867    3.620    6.691    8.188    8.664   12.409
           -0.435900 -0.435900  0.676800
   -4.042   -1.493    2.734    3.600    6.757    8.233    8.734   12.428
           -0.435900 -0.435900  0.697000
   -4.029   -1.467    2.600    3.581    6.810    8.294    8.808   12.440
           -0.435900 -0.435900  0.717200
   -4.018   -1.436    2.468    3.562    6.852    8.372    8.887   12.441
           -0.435900 -0.435900  0.737400
   -4.009   -1.399    2.336    3.544    6.881    8.464    8.969   12.427
           -0.435900 -0.435900  0.757600
   -4.002   -1.357    2.207    3.527    6.901    8.571    9.055   12.387
           -0.435900 -0.435900  0.777800
   -3.996   -1.311    2.080    3.512    6.913    8.690    9.143   12.306
           -0.435900 -0.435900  0.798000
   -3.992   -1.261    1.958    3.497    6.919    8.817    9.233   12.182
           -0.435900 -0.435900  0.818200
   -3.989   -1.210    1.840    3.483    6.919    8.954    9.325   12.031
           -0.435900 -0.435900  0.838400
   -3.987   -1.157    1.729    3.471    6.917    9.098    9.418   11.867
           -0.435900 -0.435900  0.858600
   -3.986   -1.104    1.624    3.460    6.912    9.247    9.510   11.696
           -0.435900 -0.435900  0.878800
   -3.985   -1.053    1.528    3.450    6.907    9.401    9.599   11.523
           -0.435900 -0.435900  0.899000
   -3.985   -1.005    1.443    3.441    6.901    9.558    9.683   11.349
           -0.435900 -0.435900  0.919200
   -3.986   -0.962    1.369    3.434    6.896    9.717    9.760   11.176
           -0.435900 -0.435900  0.939400
   -3.986   -0.927    1.309    3.429    6.891    9.825    9.873   11.005
           -0.435900 -0.435900  0.959600
   -3.986   -0.899    1.264    3.425    6.887    9.876   10.025   10.845
           -0.435900 -0.435900  0.979800
   -3.986   -0.882    1.237    3.423    6.884    9.909   10.157   10.708
           -0.435900 -0.435900  1.000000
   -3.986   -0.876    1.228    3.422    6.884    9.920   10.219   10.644
