 &plot nbnd=   8, nks=   100 /
           -0.692300  0.282100 -1.000000
   -4.130   -0.921    1.619    2.466    7.224    7.953    9.238   11.766
           -0.692300  0.282100 -0.979800
   -4.129   -0.924    1.621    2.470    7.204    7.979    9.239   11.743
           -0.692300  0.282100 -0.959600
   -4.127   -0.935    1.624    2.482    7.152    8.049    9.239   11.678
           -0.692300  0.282100 -0.939400
   -4.124   -0.952    1.629    2.503    7.081    8.150    9.242   11.580
           -0.692300  0.282100 -0.919200
   -4.120   -0.975    1.637    2.530    7.002    8.272    9.245   11.455
           -0.692300  0.282100 -0.899000
   -4.114   -1.004    1.646    2.564    6.922    8.407    9.248   11.311
           -0.692300  0.282100 -0.878800
   -4.108   -1.038    1.658    2.603    6.846    8.552    9.252   11.154
           -0.692300  0.282100 -0.858600
   -4.100   -1.075    1.671    2.647    6.774    8.705    9.257   10.989
           -0.692300  0.282100 -0.838400
   -4.092   -1.116    1.686    2.693    6.710    8.861    9.263   10.818
           -0.692300  0.282100 -0.818200
   -4.083   -1.160    1.703    2.741    6.655    9.019    9.271   10.645
           -0.692300  0.282100 -0.798000
   -4.073   -1.204    1.721    2.790    6.611    9.159    9.301   10.473
           -0.692300  0.282100 -0.777800
   -4.063   -1.250    1.741    2.837    6.577    9.217    9.413   10.303
           -0.692300  0.282100 -0.757600
   -4.052   -1.295    1.761    2.883    6.556    9.219    9.578   10.141
           -0.692300  0.282100 -0.737400
   -4.042   -1.340    1.783    2.926    6.546    9.200    9.752    9.992
           -0.692300  0.282100 -0.717200
   -4.032   -1.382    1.805    2.964    6.551    9.162    9.836    9.959
           -0.692300  0.282100 -0.697000
   -4.023   -1.423    1.827    2.998    6.568    9.098    9.739   10.137
           -0.692300  0.282100 -0.676800
   -4.014   -1.461    1.850    3.028    6.599    9.004    9.664   10.328
           -0.692300  0.282100 -0.656600
   -4.006   -1.496    1.873    3.051    6.643    8.884    9.616   10.523
           -0.692300  0.282100 -0.636400
   -4.000   -1.526    1.895    3.070    6.700    8.748    9.589   10.721
           -0.692300  0.282100 -0.616200
   -3.995   -1.552    1.917    3.084    6.768    8.603    9.573   10.921
           -0.692300  0.282100 -0.596000
   -3.991   -1.573    1.937    3.094    6.846    8.456    9.566   11.123
           -0.692300  0.282100 -0.575800
   -3.989   -1.590    1.956    3.100    6.930    8.311    9.564   11.327
           -0.692300  0.282100 -0.555600
   -3.989   -1.600    1.972    3.103    7.018    8.174    9.563   11.531
           -0.692300  0.282100 -0.535400
   -3.992   -1.606    1.987    3.104    7.103    8.053    9.565   11.735
           -0.692300  0.282100 -0.515200
   -3.996   -1.605    1.999    3.103    7.172    7.960    9.568   11.919
           -0.692300  0.282100 -0.494900
   -4.002   -1.599    2.007    3.101    7.208    7.913    9.571   11.871
           -0.692300  0.282100 -0.474700
   -4.011   -1.587    2.013    3.097    7.196    7.929    9.575   11.673
           -0.692300  0.282100 -0.454500
   -4.021   -1.570    2.016    3.093    7.140    8.000    9.579   11.467
           -0.692300  0.282100 -0.434300
   -4.033   -1.547    2.015    3.088    7.060    8.107    9.584   11.261
           -0.692300  0.282100 -0.414100
   -4.046   -1.519    2.011    3.081    6.972    8.236    9.590   11.056
           -0.692300  0.282100 -0.393900
   -4.061   -1.487    2.004    3.073    6.884    8.376    9.597   10.852
           -0.692300  0.282100 -0.373700
   -4.076   -1.450    1.995    3.063    6.801    8.522    9.609   10.651
           -0.692300  0.282100 -0.353500
   -4.093   -1.409    1.984    3.049    6.726    8.667    9.625   10.453
           -0.692300  0.282100 -0.333300
   -4.110   -1.365    1.970    3.033    6.662    8.809    9.651   10.258
           -0.692300  0.282100 -0.313100
   -4.127   -1.318    1.955    3.013    6.609    8.939    9.690   10.067
           -0.692300  0.282100 -0.292900
   -4.144   -1.268    1.939    2.989    6.569    9.049    9.750    9.881
           -0.692300  0.282100 -0.272700
   -4.162   -1.217    1.922    2.961    6.542    9.131    9.702    9.835
           -0.692300  0.282100 -0.252500
   -4.178   -1.164    1.905    2.930    6.528    9.179    9.537    9.948
           -0.692300  0.282100 -0.232300
   -4.195   -1.111    1.887    2.895    6.527    9.171    9.408   10.083
           -0.692300  0.282100 -0.212100
   -4.210   -1.058    1.869    2.857    6.538    9.077    9.354   10.233
           -0.692300  0.282100 -0.191900
   -4.225   -1.006    1.852    2.818    6.562    8.933    9.345   10.392
           -0.692300  0.282100 -0.171700
   -4.238   -0.956    1.835    2.778    6.597    8.779    9.344   10.556
           -0.692300  0.282100 -0.151500
   -4.251   -0.908    1.819    2.739    6.641    8.626    9.344   10.720
           -0.692300  0.282100 -0.131300
   -4.262   -0.863    1.805    2.702    6.695    8.477    9.344   10.882
           -0.692300  0.282100 -0.111100
   -4.272   -0.823    1.791    2.667    6.756    8.335    9.344   11.037
           -0.692300  0.282100 -0.090900
   -4.280   -0.788    1.780    2.636    6.820    8.203    9.343   11.183
           -0.692300  0.282100 -0.070700
   -4.287   -0.759    1.770    2.610    6.887    8.083    9.342   11.313
           -0.692300  0.282100 -0.050500
   -4.292   -0.736    1.762    2.589    6.949    7.981    9.341   11.422
           -0.692300  0.282100 -0.030300
   -4.295   -0.720    1.757    2.575    6.999    7.904    9.341   11.502
           -0.692300  0.282100 -0.010100
   -4.296   -0.712    1.755    2.568    7.029    7.861    9.341   11.544
           -0.692300  0.282100  0.010100
   -4.296   -0.712    1.755    2.568    7.029    7.861    9.341   11.544
           -0.692300  0.282100  0.030300
   -4.295   -0.720    1.757    2.575    6.999    7.904    9.341   11.502
           -0.692300  0.282100  0.050500
   -4.292   -0.736    1.762    2.589    6.949    7.981    9.341   11.422
           -0.692300  0.282100  0.070700
   -4.287   -0.759    1.770    2.610    6.887    8.083    9.342   11.314
           -0.692300  0.282100  0.090900
   -4.280   -0.788    1.780    2.636    6.820    8.203    9.343   11.183
           -0.692300  0.282100  0.111100
   -4.272   -0.823    1.791    2.667    6.756    8.335    9.344   11.037
           -0.692300  0.282100  0.131300
   -4.262   -0.863    1.805    2.702    6.695    8.477    9.344   10.882
           -0.692300  0.282100  0.151500
   -4.251   -0.908    1.819    2.739    6.641    8.626    9.344   10.720
           -0.692300  0.282100  0.171700
   -4.238   -0.956    1.835    2.778    6.597    8.779    9.344   10.556
           -0.692300  0.282100  0.191900
   -4.225   -1.006    1.852    2.818    6.562    8.933    9.345   10.392
           -0.692300  0.282100  0.212100
   -4.210   -1.058    1.869    2.857    6.538    9.077    9.354   10.233
           -0.692300  0.282100  0.232300
   -4.195   -1.111    1.887    2.895    6.527    9.171    9.408   10.083
           -0.692300  0.282100  0.252500
   -4.178   -1.164    1.905    2.930    6.528    9.179    9.537    9.948
           -0.692300  0.282100  0.272700
   -4.162   -1.217    1.922    2.961    6.542    9.131    9.702    9.835
           -0.692300  0.282100  0.292900
   -4.144   -1.268    1.939    2.989    6.569    9.049    9.750    9.881
           -0.692300  0.282100  0.313100
   -4.127   -1.318    1.955    3.013    6.609    8.939    9.690   10.067
           -0.692300  0.282100  0.333300
   -4.110   -1.365    1.970    3.033    6.662    8.809    9.651   10.258
           -0.692300  0.282100  0.353500
   -4.093   -1.409    1.984    3.049    6.726    8.667    9.625   10.453
           -0.692300  0.282100  0.373700
   -4.076   -1.450    1.995    3.063    6.801    8.522    9.609   10.651
           -0.692300  0.282100  0.393900
   -4.061   -1.487    2.004    3.073    6.884    8.376    9.597   10.852
           -0.692300  0.282100  0.414100
   -4.046   -1.519    2.011    3.081    6.972    8.236    9.590   11.056
           -0.692300  0.282100  0.434300
   -4.033   -1.547    2.015    3.088    7.060    8.107    9.584   11.261
           -0.692300  0.282100  0.454500
   -4.021   -1.570    2.016    3.093    7.140    8.000    9.579   11.467
           -0.692300  0.282100  0.474700
   -4.011   -1.587    2.013    3.097    7.196    7.929    9.575   11.673
           -0.692300  0.282100  0.494900
   -4.002   -1.599    2.007    3.101    7.208    7.913    9.571   11.871
           -0.692300  0.282100  0.515200
   -3.996   -1.605    1.999    3.103    7.172    7.960    9.568   11.919
           -0.692300  0.282100  0.535400
   -3.992   -1.606    1.987    3.104    7.103    8.053    9.565   11.735
           -0.692300  0.282100  0.555600
   -3.989   -1.600    1.972    3.103    7.018    8.174    9.563   11.531
           -0.692300  0.282100  0.575800
   -3.989   -1.590    1.956    3.100    6.930    8.311    9.564   11.327
           -0.692300  0.282100  0.596000
   -3.991   -1.573    1.937    3.094    6.846    8.456    9.566   11.123
           -0.692300  0.282100  0.616200
   -3.995   -1.552    1.917    3.084    6.768    8.603    9.573   10.921
           -0.692300  0.282100  0.636400
   -4.000   -1.526    1.895    3.070    6.700    8.748    9.589   10.721
           -0.692300  0.282100  0.656600
   -4.006   -1.496    1.873    3.051    6.643    8.884    9.616   10.523
           -0.692300  0.282100  0.676800
   -4.014   -1.461    1.850    3.028    6.599    9.004    9.664   10.328
           -0.692300  0.282100  0.697000
   -4.023   -1.423    1.827    2.998    6.568    9.098    9.739   10.137
           -0.692300  0.282100  0.717200
   -4.032   -1.382    1.805    2.964    6.551    9.162    9.836    9.959
           -0.692300  0.282100  0.737400
   -4.042   -1.340    1.783    2.926    6.546    9.200    9.752    9.992
           -0.692300  0.282100  0.757600
   -4.052   -1.295    1.761    2.883    6.556    9.219    9.578   10.141
           -0.692300  0.282100  0.777800
   -4.063   -1.250    1.741    2.837    6.577    9.217    9.413   10.303
           -0.692300  0.282100  0.798000
   -4.073   -1.204    1.721    2.790    6.611    9.159    9.301   10.473
           -0.692300  0.282100  0.818200
   -4.083   -1.160    1.703    2.741    6.655    9.019    9.271   10.645
           -0.692300  0.282100  0.838400
   -4.092   -1.116    1.686    2.693    6.710    8.861    9.263   10.818
           -0.692300  0.282100  0.858600
   -4.100   -1.075    1.671    2.647    6.774    8.704    9.257   10.989
           -0.692300  0.282100  0.878800
   -4.108   -1.038    1.658    2.603    6.846    8.552    9.252   11.154
           -0.692300  0.282100  0.899000
   -4.114   -1.004    1.646    2.564    6.922    8.407    9.248   11.311
           -0.692300  0.282100  0.919200
   -4.120   -0.975    1.637    2.530    7.002    8.272    9.245   11.455
           -0.692300  0.282100  0.939400
   -4.124   -0.952    1.629    2.503    7.081    8.151    9.242   11.580
           -0.692300  0.282100  0.959600
   -4.127   -0.935    1.624    2.482    7.152    8.049    9.239   11.678
           -0.692300  0.282100  0.979800
   -4.129   -0.924    1.621    2.470    7.204    7.979    9.239   11.743
           -0.692300  0.282100  1.000000
   -4.130   -0.921    1.619    2.466    7.224    7.953    9.238   11.766
