 &plot nbnd=   8, nks=    41 /
           -0.300000  0.300000 -1.000000
   -2.948   -1.525    1.221    3.082    6.590   10.027   11.454   11.938
           -0.300000  0.300000 -0.950000
   -2.981   -1.504    1.255    3.089    6.601   10.039   11.357   11.510
           -0.300000  0.300000 -0.900000
   -3.073   -1.446    1.354    3.112    6.632   10.072   11.066   11.126
           -0.300000  0.300000 -0.850000
   -3.209   -1.360    1.513    3.149    6.683   10.128   10.628   10.843
           -0.300000  0.300000 -0.800000
   -3.375   -1.254    1.723    3.200    6.753   10.194   10.211   10.549
           -0.300000  0.300000 -0.750000
   -3.557   -1.132    1.975    3.265    6.836    9.783   10.261   10.307
           -0.300000  0.300000 -0.700000
   -3.746   -0.997    2.258    3.343    6.928    9.383    9.985   10.432
           -0.300000  0.300000 -0.650000
   -3.935   -0.848    2.564    3.434    7.017    9.011    9.726   10.581
           -0.300000  0.300000 -0.600000
   -4.121   -0.685    2.884    3.535    7.085    8.685    9.487   10.754
           -0.300000  0.300000 -0.550000
   -4.300   -0.507    3.209    3.646    7.096    8.438    9.268   10.951
           -0.300000  0.300000 -0.500000
   -4.468   -0.315    3.526    3.764    7.017    8.309    9.071   11.172
           -0.300000  0.300000 -0.450000
   -4.625   -0.108    3.820    3.888    6.857    8.295    8.897   11.415
           -0.300000  0.300000 -0.400000
   -4.768    0.113    4.014    4.066    6.677    8.351    8.746   11.669
           -0.300000  0.300000 -0.350000
   -4.896    0.347    4.140    4.225    6.550    8.433    8.619   11.890
           -0.300000  0.300000 -0.300000
   -5.009    0.593    4.262    4.262    6.535    8.516    8.516   11.860
           -0.300000  0.300000 -0.250000
   -5.105    0.848    4.168    4.375    6.646    8.436    8.583   11.511
           -0.300000  0.300000 -0.200000
   -5.185    1.108    3.980    4.476    6.855    8.377    8.625   11.113
           -0.300000  0.300000 -0.150000
   -5.247    1.364    3.745    4.560    7.115    8.338    8.634   10.746
           -0.300000  0.300000 -0.100000
   -5.292    1.602    3.508    4.623    7.382    8.314    8.606   10.446
           -0.300000  0.300000 -0.050000
   -5.318    1.786    3.319    4.662    7.603    8.302    8.551   10.247
           -0.300000  0.300000  0.000000
   -5.327    1.860    3.243    4.676    7.696    8.298    8.516   10.177
           -0.300000  0.300000  0.050000
   -5.318    1.786    3.319    4.662    7.603    8.302    8.551   10.247
           -0.300000  0.300000  0.100000
   -5.292    1.602    3.508    4.623    7.382    8.314    8.606   10.446
           -0.300000  0.300000  0.150000
   -5.247    1.364    3.745    4.560    7.115    8.338    8.634   10.746
           -0.300000  0.300000  0.200000
   -5.185    1.108    3.980    4.476    6.855    8.377    8.625   11.113
           -0.300000  0.300000  0.250000
   -5.105    0.848    4.168    4.375    6.646    8.436    8.583   11.511
           -0.300000  0.300000  0.300000
   -5.009    0.593    4.262    4.262    6.535    8.516    8.516   11.860
           -0.300000  0.300000  0.350000
   -4.896    0.347    4.140    4.225    6.550    8.433    8.619   11.890
           -0.300000  0.300000  0.400000
   -4.768    0.113    4.014    4.066    6.677    8.351    8.746   11.669
           -0.300000  0.300000  0.450000
   -4.625   -0.108    3.820    3.888    6.857    8.295    8.897   11.415
           -0.300000  0.300000  0.500000
   -4.468   -0.315    3.526    3.764    7.017    8.309    9.071   11.172
           -0.300000  0.300000  0.550000
   -4.300   -0.507    3.209    3.646    7.096    8.438    9.268   10.951
           -0.300000  0.300000  0.600000
   -4.121   -0.685    2.884    3.535    7.085    8.685    9.487   10.754
           -0.300000  0.300000  0.650000
   -3.935   -0.848    2.564    3.434    7.017    9.011    9.726   10.581
           -0.300000  0.300000  0.700000
   -3.746   -0.997    2.258    3.343    6.928    9.383    9.985   10.432
           -0.300000  0.300000  0.750000
   -3.557   -1.132    1.975    3.265    6.836    9.783   10.261   10.307
           -0.300000  0.300000  0.800000
   -3.375   -1.254    1.723    3.200    6.753   10.194   10.211   10.549
           -0.300000  0.300000  0.850000
   -3.209   -1.360    1.513    3.149    6.683   10.128   10.628   10.843
           -0.300000  0.300000  0.900000
   -3.073   -1.446    1.354    3.112    6.632   10.072   11.066   11.126
           -0.300000  0.300000  0.950000
   -2.981   -1.504    1.255    3.089    6.601   10.039   11.357   11.510
           -0.300000  0.300000  1.000000
   -2.948   -1.525    1.221    3.082    6.590   10.027   11.454   11.939
