 &plot nbnd=   8, nks=   101 /
           -0.280000  0.920000 -1.000000
   -3.607    0.496    3.346    3.434    6.798    7.798   13.164   13.531
           -0.280000  0.920000 -0.980000
   -3.606    0.494    3.331    3.444    6.804    7.808   13.163   13.505
           -0.280000  0.920000 -0.960000
   -3.602    0.488    3.296    3.462    6.822    7.837   13.161   13.431
           -0.280000  0.920000 -0.940000
   -3.595    0.478    3.251    3.479    6.853    7.884   13.154   13.319
           -0.280000  0.920000 -0.920000
   -3.586    0.464    3.202    3.492    6.895    7.949   13.115   13.205
           -0.280000  0.920000 -0.900000
   -3.575    0.446    3.148    3.500    6.951    8.030   12.971   13.172
           -0.280000  0.920000 -0.880000
   -3.561    0.424    3.092    3.503    7.020    8.127   12.785   13.164
           -0.280000  0.920000 -0.860000
   -3.545    0.399    3.033    3.501    7.101    8.236   12.583   13.158
           -0.280000  0.920000 -0.840000
   -3.526    0.370    2.973    3.497    7.194    8.359   12.372   13.152
           -0.280000  0.920000 -0.820000
   -3.505    0.337    2.912    3.491    7.300    8.492   12.154   13.146
           -0.280000  0.920000 -0.800000
   -3.481    0.301    2.849    3.483    7.416    8.635   11.932   13.139
           -0.280000  0.920000 -0.780000
   -3.455    0.261    2.786    3.476    7.544    8.787   11.708   13.131
           -0.280000  0.920000 -0.760000
   -3.427    0.219    2.722    3.470    7.681    8.948   11.482   13.123
           -0.280000  0.920000 -0.740000
   -3.397    0.174    2.658    3.465    7.827    9.116   11.256   13.114
           -0.280000  0.920000 -0.720000
   -3.365    0.126    2.593    3.463    7.982    9.290   11.031   13.104
           -0.280000  0.920000 -0.700000
   -3.330    0.076    2.529    3.464    8.145    9.470   10.807   13.093
           -0.280000  0.920000 -0.680000
   -3.294    0.024    2.466    3.468    8.316    9.652   10.588   13.081
           -0.280000  0.920000 -0.660000
   -3.256   -0.029    2.403    3.475    8.493    9.831   10.381   13.068
           -0.280000  0.920000 -0.640000
   -3.216   -0.083    2.341    3.486    8.676    9.956   10.235   13.054
           -0.280000  0.920000 -0.620000
   -3.175   -0.138    2.281    3.500    8.865    9.860   10.318   13.039
           -0.280000  0.920000 -0.600000
   -3.133   -0.194    2.223    3.517    9.059    9.669   10.504   13.023
           -0.280000  0.920000 -0.580000
   -3.089   -0.250    2.166    3.536    9.255    9.469   10.710   13.006
           -0.280000  0.920000 -0.560000
   -3.044   -0.305    2.113    3.558    9.259    9.468   10.924   12.988
           -0.280000  0.920000 -0.540000
   -2.998   -0.361    2.061    3.582    9.064    9.673   11.142   12.967
           -0.280000  0.920000 -0.520000
   -2.951   -0.415    2.013    3.607    8.871    9.884   11.364   12.943
           -0.280000  0.920000 -0.500000
   -2.904   -0.469    1.969    3.632    8.684   10.099   11.588   12.906
           -0.280000  0.920000 -0.480000
   -2.857   -0.521    1.928    3.657    8.505   10.317   11.813   12.826
           -0.280000  0.920000 -0.460000
   -2.809   -0.572    1.891    3.682    8.333   10.537   12.034   12.667
           -0.280000  0.920000 -0.440000
   -2.762   -0.622    1.858    3.704    8.171   10.757   12.230   12.489
           -0.280000  0.920000 -0.420000
   -2.715   -0.670    1.830    3.724    8.019   10.976   12.204   12.512
           -0.280000  0.920000 -0.400000
   -2.669   -0.715    1.806    3.739    7.878   11.187   12.021   12.652
           -0.280000  0.920000 -0.380000
   -2.623   -0.759    1.788    3.749    7.750   11.361   11.864   12.725
           -0.280000  0.920000 -0.360000
   -2.579   -0.800    1.775    3.754    7.635   11.391   11.851   12.745
           -0.280000  0.920000 -0.340000
   -2.537   -0.839    1.768    3.751    7.535   11.251   12.010   12.745
           -0.280000  0.920000 -0.320000
   -2.496   -0.875    1.766    3.739    7.452   11.063   12.219   12.741
           -0.280000  0.920000 -0.300000
   -2.457   -0.909    1.771    3.719    7.385   10.864   12.433   12.741
           -0.280000  0.920000 -0.280000
   -2.421   -0.941    1.781    3.688    7.336   10.663   12.605   12.787
           -0.280000  0.920000 -0.260000
   -2.387   -0.969    1.798    3.648    7.304   10.464   12.653   12.957
           -0.280000  0.920000 -0.240000
   -2.355   -0.995    1.821    3.599    7.290   10.267   12.653   13.175
           -0.280000  0.920000 -0.220000
   -2.326   -1.018    1.850    3.540    7.293   10.073   12.644   13.396
           -0.280000  0.920000 -0.200000
   -2.300   -1.039    1.886    3.473    7.313    9.882   12.634   13.608
           -0.280000  0.920000 -0.180000
   -2.276   -1.057    1.928    3.398    7.349    9.696   12.623   13.793
           -0.280000  0.920000 -0.160000
   -2.256   -1.073    1.976    3.318    7.399    9.513   12.613   13.920
           -0.280000  0.920000 -0.140000
   -2.238   -1.087    2.030    3.232    7.463    9.335   12.604   13.976
           -0.280000  0.920000 -0.120000
   -2.222   -1.098    2.089    3.143    7.540    9.161   12.595   13.991
           -0.280000  0.920000 -0.100000
   -2.210   -1.108    2.153    3.052    7.627    8.993   12.588   13.991
           -0.280000  0.920000 -0.080000
   -2.200   -1.115    2.222    2.960    7.724    8.831   12.582   13.987
           -0.280000  0.920000 -0.060000
   -2.192   -1.121    2.294    2.870    7.830    8.675   12.577   13.981
           -0.280000  0.920000 -0.040000
   -2.186   -1.125    2.366    2.784    7.942    8.528   12.574   13.976
           -0.280000  0.920000 -0.020000
   -2.183   -1.127    2.431    2.711    8.052    8.396   12.572   13.973
           -0.280000  0.920000  0.000000
   -2.182   -1.128    2.463    2.677    8.117    8.325   12.571   13.972
           -0.280000  0.920000  0.020000
   -2.183   -1.127    2.431    2.711    8.052    8.396   12.572   13.973
           -0.280000  0.920000  0.040000
   -2.186   -1.125    2.366    2.784    7.942    8.528   12.574   13.976
           -0.280000  0.920000  0.060000
   -2.192   -1.121    2.294    2.870    7.830    8.675   12.577   13.981
           -0.280000  0.920000  0.080000
   -2.200   -1.115    2.222    2.960    7.724    8.831   12.582   13.987
           -0.280000  0.920000  0.100000
   -2.210   -1.108    2.153    3.052    7.627    8.993   12.588   13.991
           -0.280000  0.920000  0.120000
   -2.222   -1.098    2.089    3.143    7.540    9.161   12.595   13.991
           -0.280000  0.920000  0.140000
   -2.238   -1.087    2.030    3.232    7.463    9.335   12.604   13.976
           -0.280000  0.920000  0.160000
   -2.256   -1.073    1.976    3.318    7.399    9.513   12.613   13.920
           -0.280000  0.920000  0.180000
   -2.276   -1.057    1.928    3.398    7.349    9.696   12.623   13.793
           -0.280000  0.920000  0.200000
   -2.300   -1.039    1.886    3.473    7.313    9.882   12.634   13.608
           -0.280000  0.920000  0.220000
   -2.326   -1.018    1.850    3.540    7.293   10.073   12.644   13.396
           -0.280000  0.920000  0.240000
   -2.355   -0.995    1.821    3.599    7.290   10.267   12.653   13.175
           -0.280000  0.920000  0.260000
   -2.387   -0.969    1.798    3.648    7.304   10.464   12.653   12.957
           -0.280000  0.920000  0.280000
   -2.421   -0.941    1.781    3.688    7.336   10.663   12.605   12.787
           -0.280000  0.920000  0.300000
   -2.457   -0.909    1.771    3.719    7.385   10.864   12.433   12.741
           -0.280000  0.920000  0.320000
   -2.496   -0.875    1.766    3.739    7.452   11.063   12.219   12.741
           -0.280000  0.920000  0.340000
   -2.537   -0.839    1.768    3.751    7.535   11.251   12.010   12.745
           -0.280000  0.920000  0.360000
   -2.579   -0.800    1.775    3.754    7.635   11.391   11.851   12.745
           -0.280000  0.920000  0.380000
   -2.623   -0.759    1.788    3.749    7.750   11.361   11.864   12.725
           -0.280000  0.920000  0.400000
   -2.669   -0.715    1.806    3.739    7.878   11.187   12.021   12.652
           -0.280000  0.920000  0.420000
   -2.715   -0.670    1.830    3.724    8.019   10.976   12.204   12.512
           -0.280000  0.920000  0.440000
   -2.762   -0.622    1.858    3.704    8.171   10.757   12.230   12.489
           -0.280000  0.920000  0.460000
   -2.809   -0.572    1.891    3.682    8.333   10.537   12.034   12.667
           -0.280000  0.920000  0.480000
   -2.857   -0.521    1.928    3.657    8.505   10.317   11.813   12.826
           -0.280000  0.920000  0.500000
   -2.904   -0.469    1.969    3.632    8.684   10.099   11.588   12.906
           -0.280000  0.920000  0.520000
   -2.951   -0.415    2.013    3.607    8.871    9.884   11.364   12.943
           -0.280000  0.920000  0.540000
   -2.998   -0.361    2.061    3.582    9.064    9.673   11.142   12.967
           -0.280000  0.920000  0.560000
   -3.044   -0.305    2.113    3.558    9.259    9.468   10.924   12.988
           -0.280000  0.920000  0.580000
   -3.089   -0.250    2.166    3.536    9.255    9.469   10.710   13.006
           -0.280000  0.920000  0.600000
   -3.133   -0.194    2.223    3.517    9.059    9.669   10.504   13.023
           -0.280000  0.920000  0.620000
   -3.175   -0.138    2.281    3.500    8.865    9.860   10.318   13.039
           -0.280000  0.920000  0.640000
   -3.216   -0.083    2.341    3.486    8.676    9.956   10.235   13.054
           -0.280000  0.920000  0.660000
   -3.256   -0.029    2.403    3.475    8.493    9.831   10.381   13.068
           -0.280000  0.920000  0.680000
   -3.294    0.024    2.466    3.468    8.316    9.652   10.588   13.081
           -0.280000  0.920000  0.700000
   -3.330    0.076    2.529    3.464    8.145    9.470   10.807   13.093
           -0.280000  0.920000  0.720000
   -3.365    0.126    2.593    3.463    7.982    9.290   11.031   13.104
           -0.280000  0.920000  0.740000
   -3.397    0.174    2.658    3.465    7.827    9.116   11.256   13.114
           -0.280000  0.920000  0.760000
   -3.427    0.219    2.722    3.470    7.681    8.948   11.482   13.123
           -0.280000  0.920000  0.780000
   -3.455    0.261    2.786    3.476    7.544    8.787   11.708   13.131
           -0.280000  0.920000  0.800000
   -3.481    0.301    2.849    3.483    7.416    8.635   11.932   13.139
           -0.280000  0.920000  0.820000
   -3.505    0.337    2.912    3.491    7.300    8.492   12.154   13.146
           -0.280000  0.920000  0.840000
   -3.526    0.370    2.973    3.497    7.194    8.359   12.372   13.152
           -0.280000  0.920000  0.860000
   -3.545    0.399    3.033    3.501    7.101    8.236   12.583   13.158
           -0.280000  0.920000  0.880000
   -3.561    0.424    3.092    3.503    7.020    8.127   12.785   13.164
           -0.280000  0.920000  0.900000
   -3.575    0.446    3.148    3.500    6.951    8.030   12.971   13.172
           -0.280000  0.920000  0.920000
   -3.586    0.464    3.202    3.492    6.895    7.949   13.115   13.205
           -0.280000  0.920000  0.940000
   -3.595    0.478    3.251    3.479    6.853    7.884   13.154   13.319
           -0.280000  0.920000  0.960000
   -3.602    0.488    3.296    3.462    6.822    7.837   13.161   13.431
           -0.280000  0.920000  0.980000
   -3.606    0.494    3.331    3.444    6.804    7.808   13.163   13.505
           -0.280000  0.920000  1.000000
   -3.607    0.496    3.346    3.434    6.798    7.798   13.164   13.531
