 &plot nbnd=   8, nks=    81 /
           -0.550000  0.700000 -1.000000
   -4.994    0.907    2.582    4.060    7.931    7.993    9.603    9.644
           -0.550000  0.700000 -0.975000
   -4.992    0.892    2.598    4.058    7.874    8.039    9.565    9.686
           -0.550000  0.700000 -0.950000
   -4.986    0.848    2.646    4.052    7.784    8.094    9.510    9.756
           -0.550000  0.700000 -0.925000
   -4.975    0.781    2.720    4.043    7.686    8.138    9.448    9.845
           -0.550000  0.700000 -0.900000
   -4.961    0.696    2.815    4.029    7.582    8.171    9.379    9.955
           -0.550000  0.700000 -0.875000
   -4.943    0.599    2.924    4.012    7.474    8.193    9.307   10.083
           -0.550000  0.700000 -0.850000
   -4.921    0.492    3.043    3.990    7.365    8.206    9.232   10.229
           -0.550000  0.700000 -0.825000
   -4.895    0.380    3.168    3.965    7.256    8.213    9.159   10.390
           -0.550000  0.700000 -0.800000
   -4.866    0.266    3.295    3.935    7.149    8.216    9.088   10.564
           -0.550000  0.700000 -0.775000
   -4.832    0.150    3.421    3.901    7.045    8.217    9.020   10.749
           -0.550000  0.700000 -0.750000
   -4.795    0.034    3.541    3.863    6.947    8.219    8.955   10.942
           -0.550000  0.700000 -0.725000
   -4.755   -0.080    3.653    3.823    6.857    8.224    8.893   11.143
           -0.550000  0.700000 -0.700000
   -4.711   -0.192    3.732    3.800    6.776    8.235    8.833   11.349
           -0.550000  0.700000 -0.675000
   -4.663   -0.301    3.709    3.860    6.710    8.253    8.774   11.559
           -0.550000  0.700000 -0.650000
   -4.613   -0.407    3.656    3.928    6.660    8.279    8.715   11.770
           -0.550000  0.700000 -0.625000
   -4.560   -0.509    3.596    3.977    6.629    8.315    8.657   11.975
           -0.550000  0.700000 -0.600000
   -4.504   -0.607    3.531    4.005    6.620    8.362    8.598   12.167
           -0.550000  0.700000 -0.575000
   -4.446   -0.700    3.462    4.010    6.633    8.419    8.540   12.324
           -0.550000  0.700000 -0.550000
   -4.386   -0.788    3.387    3.992    6.668    8.469    8.500   12.410
           -0.550000  0.700000 -0.525000
   -4.324   -0.871    3.306    3.956    6.722    8.421    8.572   12.415
           -0.550000  0.700000 -0.500000
   -4.260   -0.948    3.220    3.905    6.792    8.366    8.663   12.372
           -0.550000  0.700000 -0.475000
   -4.195   -1.019    3.127    3.842    6.873    8.315    8.766   12.309
           -0.550000  0.700000 -0.450000
   -4.130   -1.083    3.028    3.773    6.962    8.269    8.880   12.239
           -0.550000  0.700000 -0.425000
   -4.065   -1.141    2.921    3.700    7.053    8.232    9.004   12.168
           -0.550000  0.700000 -0.400000
   -4.001   -1.192    2.808    3.627    7.141    8.207    9.137   12.099
           -0.550000  0.700000 -0.375000
   -3.937   -1.235    2.689    3.557    7.221    8.200    9.279   12.032
           -0.550000  0.700000 -0.350000
   -3.875   -1.271    2.565    3.489    7.285    8.216    9.429   11.968
           -0.550000  0.700000 -0.325000
   -3.815   -1.299    2.436    3.426    7.330    8.258    9.587   11.909
           -0.550000  0.700000 -0.300000
   -3.759   -1.320    2.306    3.368    7.355    8.328    9.750   11.853
           -0.550000  0.700000 -0.275000
   -3.705   -1.332    2.175    3.315    7.362    8.423    9.918   11.801
           -0.550000  0.700000 -0.250000
   -3.656   -1.337    2.045    3.267    7.357    8.537   10.091   11.753
           -0.550000  0.700000 -0.225000
   -3.611   -1.335    1.918    3.223    7.343    8.667   10.266   11.710
           -0.550000  0.700000 -0.200000
   -3.571   -1.326    1.796    3.185    7.326    8.808   10.441   11.671
           -0.550000  0.700000 -0.175000
   -3.536   -1.312    1.681    3.151    7.306    8.957   10.612   11.635
           -0.550000  0.700000 -0.150000
   -3.506   -1.295    1.575    3.121    7.287    9.113   10.771   11.601
           -0.550000  0.700000 -0.125000
   -3.481   -1.275    1.480    3.097    7.269    9.273   10.897   11.528
           -0.550000  0.700000 -0.100000
   -3.461   -1.255    1.398    3.077    7.253    9.435   10.939   11.468
           -0.550000  0.700000 -0.075000
   -3.445   -1.236    1.331    3.061    7.241    9.594   10.866   11.516
           -0.550000  0.700000 -0.050000
   -3.435   -1.221    1.282    3.050    7.232    9.742   10.741   11.536
           -0.550000  0.700000 -0.025000
   -3.428   -1.212    1.252    3.043    7.226    9.861   10.627   11.529
           -0.550000  0.700000  0.000000
   -3.426   -1.208    1.241    3.041    7.224    9.911   10.578   11.527
           -0.550000  0.700000  0.025000
   -3.428   -1.212    1.252    3.043    7.226    9.861   10.627   11.529
           -0.550000  0.700000  0.050000
   -3.435   -1.221    1.282    3.050    7.232    9.742   10.741   11.536
           -0.550000  0.700000  0.075000
   -3.445   -1.236    1.331    3.061    7.241    9.594   10.866   11.516
           -0.550000  0.700000  0.100000
   -3.461   -1.255    1.398    3.077    7.253    9.435   10.939   11.468
           -0.550000  0.700000  0.125000
   -3.481   -1.275    1.480    3.097    7.269    9.273   10.897   11.528
           -0.550000  0.700000  0.150000
   -3.506   -1.295    1.575    3.121    7.287    9.113   10.771   11.601
           -0.550000  0.700000  0.175000
   -3.536   -1.312    1.681    3.151    7.306    8.957   10.612   11.635
           -0.550000  0.700000  0.200000
   -3.571   -1.326    1.796    3.185    7.326    8.808   10.441   11.671
           -0.550000  0.700000  0.225000
   -3.611   -1.335    1.918    3.223    7.343    8.667   10.266   11.710
           -0.550000  0.700000  0.250000
   -3.656   -1.337    2.045    3.267    7.357    8.537   10.091   11.753
           -0.550000  0.700000  0.275000
   -3.705   -1.332    2.175    3.315    7.362    8.423    9.918   11.801
           -0.550000  0.700000  0.300000
   -3.759   -1.320    2.306    3.368    7.355    8.328    9.750   11.853
           -0.550000  0.700000  0.325000
   -3.815   -1.299    2.436    3.426    7.330    8.258    9.587   11.909
           -0.550000  0.700000  0.350000
   -3.875   -1.271    2.565    3.489    7.285    8.216    9.429   11.968
           -0.550000  0.700000  0.375000
   -3.937   -1.235    2.689    3.557    7.221    8.200    9.279   12.032
           -0.550000  0.700000  0.400000
   -4.001   -1.192    2.808    3.627    7.141    8.207    9.137   12.099
           -0.550000  0.700000  0.425000
   -4.065   -1.141    2.921    3.700    7.053    8.232    9.004   12.168
           -0.550000  0.700000  0.450000
   -4.130   -1.083    3.028    3.773    6.962    8.269    8.880   12.239
           -0.550000  0.700000  0.475000
   -4.195   -1.019    3.127    3.842    6.873    8.315    8.766   12.309
           -0.550000  0.700000  0.500000
   -4.260   -0.948    3.220    3.905    6.792    8.366    8.663   12.372
           -0.550000  0.700000  0.525000
   -4.324   -0.871    3.306    3.956    6.722    8.421    8.572   12.415
           -0.550000  0.700000  0.550000
   -4.386   -0.788    3.387    3.992    6.668    8.469    8.500   12.410
           -0.550000  0.700000  0.575000
   -4.446   -0.700    3.462    4.010    6.633    8.419    8.540   12.324
           -0.550000  0.700000  0.600000
   -4.504   -0.607    3.531    4.005    6.620    8.362    8.598   12.167
           -0.550000  0.700000  0.625000
   -4.560   -0.509    3.596    3.977    6.629    8.315    8.657   11.975
           -0.550000  0.700000  0.650000
   -4.613   -0.407    3.656    3.928    6.660    8.279    8.715   11.770
           -0.550000  0.700000  0.675000
   -4.663   -0.301    3.709    3.860    6.710    8.253    8.774   11.559
           -0.550000  0.700000  0.700000
   -4.711   -0.192    3.732    3.800    6.776    8.235    8.833   11.349
           -0.550000  0.700000  0.725000
   -4.755   -0.080    3.653    3.823    6.857    8.224    8.893   11.143
           -0.550000  0.700000  0.750000
   -4.795    0.034    3.541    3.863    6.947    8.219    8.955   10.942
           -0.550000  0.700000  0.775000
   -4.832    0.150    3.421    3.901    7.045    8.217    9.020   10.749
           -0.550000  0.700000  0.800000
   -4.866    0.266    3.295    3.935    7.149    8.216    9.088   10.564
           -0.550000  0.700000  0.825000
   -4.895    0.380    3.168    3.965    7.256    8.213    9.159   10.390
           -0.550000  0.700000  0.850000
   -4.921    0.492    3.043    3.990    7.365    8.206    9.232   10.229
           -0.550000  0.700000  0.875000
   -4.943    0.599    2.924    4.012    7.474    8.193    9.307   10.083
           -0.550000  0.700000  0.900000
   -4.961    0.696    2.815    4.029    7.582    8.171    9.379    9.955
           -0.550000  0.700000  0.925000
   -4.975    0.781    2.720    4.043    7.686    8.138    9.448    9.845
           -0.550000  0.700000  0.950000
   -4.986    0.848    2.646    4.052    7.784    8.094    9.510    9.756
           -0.550000  0.700000  0.975000
   -4.992    0.892    2.598    4.058    7.874    8.039    9.565    9.686
           -0.550000  0.700000  1.000000
   -4.994    0.907    2.582    4.060    7.931    7.993    9.603    9.644
