 &plot nbnd=   8, nks=    81 /
           -0.500000  0.825000 -1.000000
   -5.026    1.121    2.922    3.562    6.873    8.361    9.494   10.232
           -0.500000  0.825000 -0.975000
   -5.023    1.109    2.932    3.558    6.875    8.371    9.492   10.216
           -0.500000  0.825000 -0.950000
   -5.017    1.075    2.960    3.547    6.880    8.400    9.485   10.168
           -0.500000  0.825000 -0.925000
   -5.007    1.022    3.004    3.529    6.888    8.445    9.474   10.097
           -0.500000  0.825000 -0.900000
   -4.992    0.952    3.059    3.506    6.903    8.500    9.460   10.012
           -0.500000  0.825000 -0.875000
   -4.973    0.870    3.117    3.481    6.925    8.556    9.450    9.922
           -0.500000  0.825000 -0.850000
   -4.950    0.777    3.168    3.462    6.955    8.600    9.452    9.834
           -0.500000  0.825000 -0.825000
   -4.923    0.678    3.195    3.464    6.994    8.618    9.478    9.756
           -0.500000  0.825000 -0.800000
   -4.891    0.574    3.184    3.498    7.043    8.600    9.534    9.694
           -0.500000  0.825000 -0.775000
   -4.856    0.467    3.145    3.555    7.101    8.548    9.571    9.697
           -0.500000  0.825000 -0.750000
   -4.817    0.358    3.088    3.619    7.165    8.473    9.533    9.811
           -0.500000  0.825000 -0.725000
   -4.774    0.248    3.022    3.684    7.233    8.392    9.481    9.968
           -0.500000  0.825000 -0.700000
   -4.727    0.139    2.950    3.745    7.299    8.317    9.428   10.146
           -0.500000  0.825000 -0.675000
   -4.677    0.031    2.874    3.799    7.352    8.265    9.373   10.340
           -0.500000  0.825000 -0.650000
   -4.623   -0.076    2.795    3.843    7.383    8.251    9.318   10.546
           -0.500000  0.825000 -0.625000
   -4.565   -0.181    2.715    3.877    7.385    8.284    9.263   10.761
           -0.500000  0.825000 -0.600000
   -4.505   -0.283    2.634    3.897    7.362    8.362    9.207   10.982
           -0.500000  0.825000 -0.575000
   -4.441   -0.382    2.553    3.904    7.327    8.475    9.152   11.207
           -0.500000  0.825000 -0.550000
   -4.374   -0.479    2.472    3.895    7.291    8.611    9.099   11.429
           -0.500000  0.825000 -0.525000
   -4.305   -0.572    2.392    3.871    7.261    8.754    9.059   11.632
           -0.500000  0.825000 -0.500000
   -4.233   -0.662    2.313    3.831    7.243    8.856    9.074   11.768
           -0.500000  0.825000 -0.475000
   -4.159   -0.748    2.236    3.776    7.240    8.855    9.203   11.788
           -0.500000  0.825000 -0.450000
   -4.083   -0.830    2.160    3.708    7.253    8.813    9.383   11.739
           -0.500000  0.825000 -0.425000
   -4.005   -0.908    2.087    3.627    7.282    8.761    9.580   11.669
           -0.500000  0.825000 -0.400000
   -3.926   -0.983    2.015    3.536    7.328    8.708    9.785   11.595
           -0.500000  0.825000 -0.375000
   -3.847   -1.053    1.946    3.438    7.388    8.655    9.995   11.523
           -0.500000  0.825000 -0.350000
   -3.767   -1.119    1.880    3.334    7.462    8.604   10.207   11.457
           -0.500000  0.825000 -0.325000
   -3.688   -1.180    1.816    3.228    7.549    8.555   10.419   11.399
           -0.500000  0.825000 -0.300000
   -3.609   -1.237    1.754    3.120    7.648    8.509   10.623   11.354
           -0.500000  0.825000 -0.275000
   -3.532   -1.290    1.696    3.014    7.757    8.465   10.805   11.335
           -0.500000  0.825000 -0.250000
   -3.457   -1.338    1.640    2.911    7.875    8.426   10.932   11.367
           -0.500000  0.825000 -0.225000
   -3.386   -1.381    1.587    2.813    8.001    8.390   10.975   11.405
           -0.500000  0.825000 -0.200000
   -3.318   -1.420    1.538    2.722    8.130    8.363   10.956   11.260
           -0.500000  0.825000 -0.175000
   -3.255   -1.454    1.492    2.639    8.243    8.364   10.882   11.105
           -0.500000  0.825000 -0.150000
   -3.199   -1.484    1.450    2.565    8.269    8.462   10.731   11.018
           -0.500000  0.825000 -0.125000
   -3.148   -1.509    1.413    2.501    8.256    8.609   10.540   10.975
           -0.500000  0.825000 -0.100000
   -3.106   -1.529    1.382    2.447    8.240    8.767   10.341   10.948
           -0.500000  0.825000 -0.075000
   -3.072   -1.545    1.356    2.406    8.227    8.930   10.145   10.928
           -0.500000  0.825000 -0.050000
   -3.047   -1.556    1.337    2.376    8.217    9.092    9.959   10.914
           -0.500000  0.825000 -0.025000
   -3.032   -1.563    1.326    2.357    8.211    9.239    9.798   10.907
           -0.500000  0.825000  0.000000
   -3.027   -1.565    1.322    2.351    8.209    9.312    9.719   10.904
           -0.500000  0.825000  0.025000
   -3.032   -1.563    1.326    2.357    8.211    9.239    9.798   10.907
           -0.500000  0.825000  0.050000
   -3.047   -1.556    1.337    2.376    8.217    9.092    9.959   10.914
           -0.500000  0.825000  0.075000
   -3.072   -1.545    1.356    2.406    8.227    8.930   10.145   10.928
           -0.500000  0.825000  0.100000
   -3.106   -1.529    1.382    2.447    8.240    8.767   10.341   10.948
           -0.500000  0.825000  0.125000
   -3.148   -1.509    1.413    2.501    8.256    8.609   10.540   10.975
           -0.500000  0.825000  0.150000
   -3.199   -1.484    1.450    2.565    8.269    8.462   10.731   11.018
           -0.500000  0.825000  0.175000
   -3.255   -1.454    1.492    2.639    8.243    8.364   10.882   11.105
           -0.500000  0.825000  0.200000
   -3.318   -1.420    1.538    2.722    8.130    8.363   10.956   11.260
           -0.500000  0.825000  0.225000
   -3.386   -1.381    1.587    2.813    8.001    8.390   10.975   11.405
           -0.500000  0.825000  0.250000
   -3.457   -1.338    1.640    2.911    7.875    8.426   10.932   11.367
           -0.500000  0.825000  0.275000
   -3.532   -1.290    1.696    3.014    7.757    8.465   10.805   11.335
           -0.500000  0.825000  0.300000
   -3.609   -1.237    1.754    3.120    7.648    8.509   10.623   11.354
           -0.500000  0.825000  0.325000
   -3.688   -1.180    1.816    3.228    7.549    8.555   10.419   11.399
           -0.500000  0.825000  0.350000
   -3.767   -1.119    1.880    3.334    7.462    8.604   10.207   11.457
           -0.500000  0.825000  0.375000
   -3.847   -1.053    1.946    3.438    7.388    8.655    9.995   11.523
           -0.500000  0.825000  0.400000
   -3.926   -0.983    2.015    3.536    7.328    8.708    9.785   11.595
           -0.500000  0.825000  0.425000
   -4.005   -0.908    2.087    3.627    7.282    8.761    9.580   11.669
           -0.500000  0.825000  0.450000
   -4.083   -0.830    2.160    3.708    7.253    8.813    9.383   11.739
           -0.500000  0.825000  0.475000
   -4.159   -0.748    2.236    3.776    7.240    8.855    9.203   11.788
           -0.500000  0.825000  0.500000
   -4.233   -0.662    2.313    3.831    7.243    8.856    9.074   11.768
           -0.500000  0.825000  0.525000
   -4.305   -0.572    2.392    3.871    7.261    8.754    9.059   11.632
           -0.500000  0.825000  0.550000
   -4.374   -0.479    2.472    3.895    7.291    8.611    9.099   11.429
           -0.500000  0.825000  0.575000
   -4.441   -0.382    2.553    3.904    7.327    8.475    9.152   11.207
           -0.500000  0.825000  0.600000
   -4.505   -0.283    2.634    3.897    7.362    8.362    9.207   10.982
           -0.500000  0.825000  0.625000
   -4.565   -0.181    2.715    3.877    7.385    8.284    9.263   10.761
           -0.500000  0.825000  0.650000
   -4.623   -0.076    2.795    3.843    7.383    8.251    9.318   10.546
           -0.500000  0.825000  0.675000
   -4.677    0.031    2.874    3.799    7.352    8.265    9.373   10.340
           -0.500000  0.825000  0.700000
   -4.727    0.139    2.950    3.745    7.299    8.317    9.428   10.146
           -0.500000  0.825000  0.725000
   -4.774    0.248    3.022    3.684    7.233    8.392    9.481    9.968
           -0.500000  0.825000  0.750000
   -4.817    0.358    3.088    3.619    7.165    8.473    9.533    9.811
           -0.500000  0.825000  0.775000
   -4.856    0.467    3.145    3.555    7.101    8.548    9.571    9.697
           -0.500000  0.825000  0.800000
   -4.891    0.574    3.184    3.498    7.043    8.600    9.534    9.694
           -0.500000  0.825000  0.825000
   -4.923    0.678    3.195    3.464    6.994    8.618    9.478    9.756
           -0.500000  0.825000  0.850000
   -4.950    0.777    3.168    3.462    6.955    8.600    9.452    9.834
           -0.500000  0.825000  0.875000
   -4.973    0.870    3.117    3.481    6.925    8.556    9.450    9.922
           -0.500000  0.825000  0.900000
   -4.992    0.952    3.059    3.506    6.903    8.500    9.460   10.012
           -0.500000  0.825000  0.925000
   -5.007    1.022    3.004    3.529    6.888    8.445    9.474   10.097
           -0.500000  0.825000  0.950000
   -5.017    1.075    2.960    3.547    6.880    8.400    9.485   10.168
           -0.500000  0.825000  0.975000
   -5.023    1.109    2.932    3.558    6.875    8.371    9.492   10.216
           -0.500000  0.825000  1.000000
   -5.026    1.121    2.922    3.562    6.873    8.361    9.494   10.232
