 &plot nbnd=   8, nks=   101 /
           -0.640000 -0.240000 -1.000000
   -3.011   -0.229    2.229    3.214    8.923    9.503   10.408   13.820
           -0.640000 -0.240000 -0.980000
   -3.011   -0.232    2.231    3.219    8.891    9.540   10.410   13.793
           -0.640000 -0.240000 -0.960000
   -3.010   -0.243    2.237    3.235    8.812    9.632   10.416   13.716
           -0.640000 -0.240000 -0.940000
   -3.010   -0.262    2.246    3.261    8.712    9.754   10.426   13.599
           -0.640000 -0.240000 -0.920000
   -3.008   -0.286    2.259    3.296    8.604    9.890   10.443   13.453
           -0.640000 -0.240000 -0.900000
   -3.007   -0.316    2.275    3.340    8.497   10.028   10.470   13.286
           -0.640000 -0.240000 -0.880000
   -3.006   -0.350    2.294    3.392    8.393   10.159   10.515   13.106
           -0.640000 -0.240000 -0.860000
   -3.005   -0.387    2.315    3.451    8.294   10.265   10.592   12.916
           -0.640000 -0.240000 -0.840000
   -3.004   -0.427    2.339    3.515    8.203   10.336   10.712   12.720
           -0.640000 -0.240000 -0.820000
   -3.004   -0.468    2.365    3.583    8.119   10.382   10.863   12.519
           -0.640000 -0.240000 -0.800000
   -3.005   -0.509    2.393    3.653    8.045   10.415   11.032   12.316
           -0.640000 -0.240000 -0.780000
   -3.006   -0.549    2.423    3.725    7.981   10.442   11.212   12.111
           -0.640000 -0.240000 -0.760000
   -3.010   -0.587    2.455    3.797    7.928   10.467   11.398   11.906
           -0.640000 -0.240000 -0.740000
   -3.015   -0.621    2.488    3.866    7.887   10.489   11.580   11.711
           -0.640000 -0.240000 -0.720000
   -3.022   -0.653    2.523    3.933    7.859   10.510   11.488   11.796
           -0.640000 -0.240000 -0.700000
   -3.031   -0.680    2.559    3.994    7.846   10.528   11.291   11.994
           -0.640000 -0.240000 -0.680000
   -3.043   -0.701    2.597    4.050    7.847   10.539   11.100   12.197
           -0.640000 -0.240000 -0.660000
   -3.057   -0.718    2.635    4.099    7.863   10.532   10.928   12.403
           -0.640000 -0.240000 -0.640000
   -3.074   -0.728    2.675    4.141    7.895   10.478   10.804   12.612
           -0.640000 -0.240000 -0.620000
   -3.094   -0.732    2.716    4.175    7.942   10.353   10.754   12.822
           -0.640000 -0.240000 -0.600000
   -3.116   -0.729    2.756    4.201    8.004   10.187   10.749   13.034
           -0.640000 -0.240000 -0.580000
   -3.141   -0.721    2.798    4.220    8.081   10.007   10.761   13.246
           -0.640000 -0.240000 -0.560000
   -3.168   -0.705    2.839    4.231    8.171    9.826   10.778   13.459
           -0.640000 -0.240000 -0.540000
   -3.198   -0.683    2.879    4.236    8.273    9.647   10.798   13.658
           -0.640000 -0.240000 -0.520000
   -3.229   -0.655    2.919    4.235    8.384    9.474   10.819   13.487
           -0.640000 -0.240000 -0.500000
   -3.262   -0.621    2.958    4.229    8.500    9.312   10.839   13.258
           -0.640000 -0.240000 -0.480000
   -3.296   -0.582    2.995    4.219    8.611    9.170   10.860   13.030
           -0.640000 -0.240000 -0.460000
   -3.332   -0.537    3.030    4.206    8.682    9.084   10.880   12.804
           -0.640000 -0.240000 -0.440000
   -3.367   -0.487    3.062    4.190    8.655    9.110   10.899   12.580
           -0.640000 -0.240000 -0.420000
   -3.404   -0.433    3.091    4.173    8.554    9.225   10.917   12.360
           -0.640000 -0.240000 -0.400000
   -3.440   -0.374    3.116    4.154    8.433    9.374   10.934   12.142
           -0.640000 -0.240000 -0.380000
   -3.476   -0.311    3.137    4.134    8.313    9.538   10.951   11.927
           -0.640000 -0.240000 -0.360000
   -3.511   -0.245    3.154    4.114    8.198    9.708   10.968   11.715
           -0.640000 -0.240000 -0.340000
   -3.545   -0.176    3.165    4.093    8.093    9.883   10.985   11.507
           -0.640000 -0.240000 -0.320000
   -3.579   -0.105    3.172    4.072    7.998   10.058   11.004   11.304
           -0.640000 -0.240000 -0.300000
   -3.611   -0.031    3.175    4.049    7.916   10.231   11.023   11.109
           -0.640000 -0.240000 -0.280000
   -3.642    0.044    3.172    4.026    7.847   10.397   10.902   11.067
           -0.640000 -0.240000 -0.260000
   -3.672    0.121    3.165    4.002    7.792   10.546   10.713   11.113
           -0.640000 -0.240000 -0.240000
   -3.699    0.198    3.153    3.976    7.750   10.525   10.672   11.187
           -0.640000 -0.240000 -0.220000
   -3.725    0.274    3.138    3.950    7.723   10.344   10.759   11.295
           -0.640000 -0.240000 -0.200000
   -3.749    0.350    3.119    3.923    7.709   10.169   10.814   11.434
           -0.640000 -0.240000 -0.180000
   -3.771    0.424    3.097    3.896    7.708   10.000   10.848   11.592
           -0.640000 -0.240000 -0.160000
   -3.791    0.496    3.073    3.869    7.720    9.838   10.869   11.759
           -0.640000 -0.240000 -0.140000
   -3.809    0.563    3.047    3.843    7.742    9.685   10.882   11.927
           -0.640000 -0.240000 -0.120000
   -3.825    0.625    3.021    3.820    7.774    9.541   10.891   12.091
           -0.640000 -0.240000 -0.100000
   -3.838    0.681    2.996    3.799    7.812    9.408   10.897   12.248
           -0.640000 -0.240000 -0.080000
   -3.849    0.730    2.973    3.781    7.854    9.290   10.901   12.391
           -0.640000 -0.240000 -0.060000
   -3.857    0.769    2.953    3.766    7.896    9.189   10.903   12.514
           -0.640000 -0.240000 -0.040000
   -3.863    0.799    2.937    3.756    7.932    9.111   10.905   12.611
           -0.640000 -0.240000 -0.020000
   -3.867    0.817    2.928    3.749    7.957    9.061   10.906   12.674
           -0.640000 -0.240000  0.000000
   -3.868    0.823    2.924    3.747    7.966    9.043   10.906   12.695
           -0.640000 -0.240000  0.020000
   -3.867    0.817    2.928    3.749    7.957    9.061   10.906   12.674
           -0.640000 -0.240000  0.040000
   -3.863    0.799    2.937    3.756    7.932    9.111   10.905   12.611
           -0.640000 -0.240000  0.060000
   -3.857    0.769    2.953    3.766    7.896    9.189   10.903   12.514
           -0.640000 -0.240000  0.080000
   -3.849    0.730    2.973    3.781    7.854    9.290   10.901   12.391
           -0.640000 -0.240000  0.100000
   -3.838    0.681    2.996    3.799    7.812    9.408   10.897   12.248
           -0.640000 -0.240000  0.120000
   -3.825    0.625    3.021    3.820    7.774    9.541   10.891   12.091
           -0.640000 -0.240000  0.140000
   -3.809    0.563    3.047    3.843    7.742    9.685   10.882   11.927
           -0.640000 -0.240000  0.160000
   -3.791    0.496    3.073    3.869    7.720    9.838   10.869   11.759
           -0.640000 -0.240000  0.180000
   -3.771    0.424    3.097    3.896    7.708   10.000   10.848   11.592
           -0.640000 -0.240000  0.200000
   -3.749    0.350    3.119    3.923    7.709   10.169   10.814   11.434
           -0.640000 -0.240000  0.220000
   -3.725    0.274    3.138    3.950    7.723   10.344   10.759   11.295
           -0.640000 -0.240000  0.240000
   -3.699    0.198    3.153    3.976    7.750   10.525   10.672   11.187
           -0.640000 -0.240000  0.260000
   -3.672    0.121    3.165    4.002    7.792   10.546   10.713   11.113
           -0.640000 -0.240000  0.280000
   -3.642    0.044    3.172    4.026    7.847   10.397   10.902   11.067
           -0.640000 -0.240000  0.300000
   -3.611   -0.031    3.175    4.049    7.916   10.231   11.023   11.109
           -0.640000 -0.240000  0.320000
   -3.579   -0.105    3.172    4.072    7.998   10.058   11.004   11.304
           -0.640000 -0.240000  0.340000
   -3.545   -0.176    3.165    4.093    8.093    9.883   10.985   11.507
           -0.640000 -0.240000  0.360000
   -3.511   -0.245    3.154    4.114    8.198    9.708   10.968   11.715
           -0.640000 -0.240000  0.380000
   -3.476   -0.311    3.137    4.134    8.313    9.538   10.951   11.927
           -0.640000 -0.240000  0.400000
   -3.440   -0.374    3.116    4.154    8.433    9.374   10.934   12.142
           -0.640000 -0.240000  0.420000
   -3.404   -0.433    3.091    4.173    8.554    9.225   10.917   12.360
           -0.640000 -0.240000  0.440000
   -3.367   -0.487    3.062    4.190    8.655    9.110   10.899   12.580
           -0.640000 -0.240000  0.460000
   -3.332   -0.537    3.030    4.206    8.682    9.084   10.880   12.804
           -0.640000 -0.240000  0.480000
   -3.296   -0.582    2.995    4.219    8.611    9.170   10.860   13.030
           -0.640000 -0.240000  0.500000
   -3.262   -0.621    2.958    4.229    8.500    9.312   10.839   13.258
           -0.640000 -0.240000  0.520000
   -3.229   -0.655    2.919    4.235    8.384    9.474   10.819   13.487
           -0.640000 -0.240000  0.540000
   -3.198   -0.683    2.879    4.236    8.273    9.647   10.798   13.658
           -0.640000 -0.240000  0.560000
   -3.168   -0.705    2.839    4.231    8.171    9.826   10.778   13.459
           -0.640000 -0.240000  0.580000
   -3.141   -0.721    2.798    4.220    8.081   10.007   10.761   13.246
           -0.640000 -0.240000  0.600000
   -3.116   -0.729    2.756    4.201    8.004   10.187   10.749   13.034
           -0.640000 -0.240000  0.620000
   -3.094   -0.732    2.716    4.175    7.942   10.353   10.754   12.822
           -0.640000 -0.240000  0.640000
   -3.074   -0.728    2.675    4.141    7.895   10.478   10.804   12.612
           -0.640000 -0.240000  0.660000
   -3.057   -0.718    2.635    4.099    7.863   10.532   10.928   12.403
           -0.640000 -0.240000  0.680000
   -3.043   -0.701    2.597    4.050    7.847   10.539   11.100   12.197
           -0.640000 -0.240000  0.700000
   -3.031   -0.680    2.559    3.994    7.846   10.528   11.291   11.994
           -0.640000 -0.240000  0.720000
   -3.022   -0.653    2.523    3.933    7.859   10.510   11.488   11.796
           -0.640000 -0.240000  0.740000
   -3.015   -0.621    2.488    3.866    7.887   10.489   11.580   11.711
           -0.640000 -0.240000  0.760000
   -3.010   -0.587    2.455    3.797    7.928   10.467   11.398   11.906
           -0.640000 -0.240000  0.780000
   -3.006   -0.549    2.423    3.725    7.981   10.442   11.212   12.111
           -0.640000 -0.240000  0.800000
   -3.005   -0.509    2.393    3.653    8.045   10.415   11.032   12.316
           -0.640000 -0.240000  0.820000
   -3.004   -0.468    2.365    3.583    8.119   10.382   10.863   12.519
           -0.640000 -0.240000  0.840000
   -3.004   -0.427    2.339    3.515    8.203   10.336   10.712   12.720
           -0.640000 -0.240000  0.860000
   -3.005   -0.387    2.315    3.451    8.294   10.265   10.592   12.916
           -0.640000 -0.240000  0.880000
   -3.006   -0.350    2.294    3.392    8.393   10.159   10.515   13.106
           -0.640000 -0.240000  0.900000
   -3.007   -0.316    2.275    3.340    8.497   10.028   10.470   13.286
           -0.640000 -0.240000  0.920000
   -3.008   -0.286    2.259    3.296    8.604    9.890   10.443   13.453
           -0.640000 -0.240000  0.940000
   -3.010   -0.262    2.246    3.261    8.712    9.754   10.426   13.599
           -0.640000 -0.240000  0.960000
   -3.010   -0.243    2.237    3.235    8.812    9.632   10.416   13.716
           -0.640000 -0.240000  0.980000
   -3.011   -0.232    2.231    3.219    8.891    9.540   10.410   13.793
           -0.640000 -0.240000  1.000000
   -3.011   -0.229    2.229    3.214    8.923    9.503   10.408   13.820
