 &plot nbnd=   8, nks=   101 /
           -0.220000  0.800000 -1.000000
   -3.149   -0.090    2.829    3.181    7.460    8.118   12.405   14.069
           -0.220000  0.800000 -0.980000
   -3.148   -0.092    2.816    3.195    7.446    8.142   12.405   14.042
           -0.220000  0.800000 -0.960000
   -3.145   -0.098    2.783    3.230    7.410    8.207   12.406   13.962
           -0.220000  0.800000 -0.940000
   -3.140   -0.108    2.738    3.279    7.363    8.303   12.408   13.839
           -0.220000  0.800000 -0.920000
   -3.134   -0.122    2.688    3.332    7.316    8.420   12.410   13.684
           -0.220000  0.800000 -0.900000
   -3.126   -0.140    2.638    3.387    7.274    8.553   12.413   13.506
           -0.220000  0.800000 -0.880000
   -3.116   -0.161    2.590    3.439    7.241    8.697   12.416   13.311
           -0.220000  0.800000 -0.860000
   -3.105   -0.186    2.545    3.487    7.221    8.850   12.419   13.106
           -0.220000  0.800000 -0.840000
   -3.092   -0.214    2.503    3.529    7.215    9.012   12.420   12.894
           -0.220000  0.800000 -0.820000
   -3.078   -0.245    2.465    3.565    7.224    9.180   12.417   12.682
           -0.220000  0.800000 -0.800000
   -3.062   -0.278    2.432    3.594    7.249    9.355   12.371   12.509
           -0.220000  0.800000 -0.780000
   -3.046   -0.313    2.403    3.615    7.291    9.535   12.192   12.467
           -0.220000  0.800000 -0.760000
   -3.028   -0.350    2.378    3.629    7.349    9.719   11.973   12.464
           -0.220000  0.800000 -0.740000
   -3.010   -0.387    2.357    3.636    7.423    9.908   11.748   12.467
           -0.220000  0.800000 -0.720000
   -2.991   -0.426    2.340    3.638    7.513   10.100   11.524   12.472
           -0.220000  0.800000 -0.700000
   -2.972   -0.464    2.326    3.634    7.617   10.293   11.303   12.476
           -0.220000  0.800000 -0.680000
   -2.952   -0.501    2.315    3.627    7.734   10.477   11.095   12.481
           -0.220000  0.800000 -0.660000
   -2.933   -0.538    2.307    3.617    7.864   10.606   10.949   12.486
           -0.220000  0.800000 -0.640000
   -2.915   -0.573    2.300    3.605    8.006   10.528   11.013   12.490
           -0.220000  0.800000 -0.620000
   -2.897   -0.605    2.294    3.593    8.158   10.338   11.197   12.493
           -0.220000  0.800000 -0.600000
   -2.880   -0.635    2.290    3.582    8.319   10.129   11.405   12.496
           -0.220000  0.800000 -0.580000
   -2.865   -0.661    2.285    3.572    8.490    9.918   11.620   12.499
           -0.220000  0.800000 -0.560000
   -2.851   -0.683    2.281    3.565    8.667    9.708   11.840   12.501
           -0.220000  0.800000 -0.540000
   -2.839   -0.702    2.276    3.560    8.852    9.501   12.059   12.504
           -0.220000  0.800000 -0.520000
   -2.829   -0.715    2.271    3.559    9.043    9.298   12.268   12.513
           -0.220000  0.800000 -0.500000
   -2.822   -0.725    2.265    3.562    9.098    9.241   12.411   12.544
           -0.220000  0.800000 -0.480000
   -2.817   -0.729    2.259    3.567    8.906    9.442   12.391   12.507
           -0.220000  0.800000 -0.460000
   -2.815   -0.728    2.252    3.576    8.719    9.648   12.210   12.485
           -0.220000  0.800000 -0.440000
   -2.815   -0.723    2.245    3.587    8.539    9.858   11.994   12.478
           -0.220000  0.800000 -0.420000
   -2.817   -0.713    2.239    3.601    8.367   10.070   11.775   12.472
           -0.220000  0.800000 -0.400000
   -2.822   -0.699    2.233    3.615    8.203   10.284   11.560   12.466
           -0.220000  0.800000 -0.380000
   -2.828   -0.680    2.228    3.629    8.049   10.493   11.352   12.459
           -0.220000  0.800000 -0.360000
   -2.837   -0.658    2.226    3.643    7.905   10.682   11.171   12.451
           -0.220000  0.800000 -0.340000
   -2.847   -0.634    2.225    3.654    7.773   10.752   11.114   12.442
           -0.220000  0.800000 -0.320000
   -2.858   -0.606    2.228    3.662    7.653   10.622   11.263   12.434
           -0.220000  0.800000 -0.300000
   -2.870   -0.577    2.233    3.666    7.547   10.437   11.472   12.425
           -0.220000  0.800000 -0.280000
   -2.883   -0.546    2.243    3.664    7.455   10.243   11.693   12.417
           -0.220000  0.800000 -0.260000
   -2.896   -0.515    2.256    3.655    7.380   10.049   11.919   12.410
           -0.220000  0.800000 -0.240000
   -2.909   -0.483    2.274    3.640    7.320    9.858   12.142   12.406
           -0.220000  0.800000 -0.220000
   -2.922   -0.452    2.296    3.616    7.277    9.671   12.330   12.439
           -0.220000  0.800000 -0.200000
   -2.935   -0.422    2.324    3.585    7.251    9.488   12.365   12.623
           -0.220000  0.800000 -0.180000
   -2.947   -0.394    2.356    3.546    7.242    9.309   12.362   12.843
           -0.220000  0.800000 -0.160000
   -2.958   -0.367    2.393    3.499    7.249    9.137   12.357   13.064
           -0.220000  0.800000 -0.140000
   -2.968   -0.343    2.434    3.447    7.271    8.971   12.351   13.279
           -0.220000  0.800000 -0.120000
   -2.977   -0.321    2.480    3.389    7.307    8.812   12.345   13.487
           -0.220000  0.800000 -0.100000
   -2.985   -0.302    2.529    3.328    7.355    8.661   12.340   13.684
           -0.220000  0.800000 -0.080000
   -2.992   -0.286    2.580    3.266    7.412    8.521   12.336   13.865
           -0.220000  0.800000 -0.060000
   -2.997   -0.274    2.631    3.206    7.475    8.394   12.332   14.022
           -0.220000  0.800000 -0.040000
   -3.001   -0.265    2.678    3.153    7.536    8.287   12.330   14.146
           -0.220000  0.800000 -0.020000
   -3.003   -0.259    2.713    3.113    7.585    8.211   12.329   14.227
           -0.220000  0.800000  0.000000
   -3.004   -0.258    2.726    3.098    7.605    8.183   12.328   14.256
           -0.220000  0.800000  0.020000
   -3.003   -0.259    2.713    3.113    7.585    8.211   12.329   14.227
           -0.220000  0.800000  0.040000
   -3.001   -0.265    2.678    3.153    7.536    8.287   12.330   14.146
           -0.220000  0.800000  0.060000
   -2.997   -0.274    2.631    3.206    7.475    8.394   12.332   14.022
           -0.220000  0.800000  0.080000
   -2.992   -0.286    2.580    3.266    7.412    8.521   12.336   13.865
           -0.220000  0.800000  0.100000
   -2.985   -0.302    2.529    3.328    7.355    8.661   12.340   13.684
           -0.220000  0.800000  0.120000
   -2.977   -0.321    2.480    3.389    7.307    8.812   12.345   13.487
           -0.220000  0.800000  0.140000
   -2.968   -0.343    2.434    3.447    7.271    8.971   12.351   13.279
           -0.220000  0.800000  0.160000
   -2.958   -0.367    2.393    3.499    7.249    9.137   12.357   13.064
           -0.220000  0.800000  0.180000
   -2.947   -0.394    2.356    3.546    7.242    9.309   12.362   12.843
           -0.220000  0.800000  0.200000
   -2.935   -0.422    2.324    3.585    7.251    9.488   12.365   12.623
           -0.220000  0.800000  0.220000
   -2.922   -0.452    2.296    3.616    7.277    9.671   12.330   12.439
           -0.220000  0.800000  0.240000
   -2.909   -0.483    2.274    3.640    7.320    9.858   12.142   12.406
           -0.220000  0.800000  0.260000
   -2.896   -0.515    2.256    3.655    7.380   10.049   11.919   12.410
           -0.220000  0.800000  0.280000
   -2.883   -0.546    2.243    3.664    7.455   10.243   11.693   12.417
           -0.220000  0.800000  0.300000
   -2.870   -0.577    2.233    3.666    7.547   10.437   11.472   12.425
           -0.220000  0.800000  0.320000
   -2.858   -0.606    2.228    3.662    7.653   10.622   11.263   12.434
           -0.220000  0.800000  0.340000
   -2.847   -0.634    2.225    3.654    7.773   10.752   11.114   12.442
           -0.220000  0.800000  0.360000
   -2.837   -0.658    2.226    3.643    7.905   10.682   11.171   12.451
           -0.220000  0.800000  0.380000
   -2.828   -0.680    2.228    3.629    8.049   10.493   11.352   12.459
           -0.220000  0.800000  0.400000
   -2.822   -0.699    2.233    3.615    8.203   10.284   11.560   12.466
           -0.220000  0.800000  0.420000
   -2.817   -0.713    2.239    3.601    8.367   10.070   11.775   12.472
           -0.220000  0.800000  0.440000
   -2.815   -0.723    2.245    3.587    8.539    9.858   11.994   12.478
           -0.220000  0.800000  0.460000
   -2.815   -0.728    2.252    3.576    8.719    9.648   12.210   12.485
           -0.220000  0.800000  0.480000
   -2.817   -0.729    2.259    3.567    8.906    9.442   12.391   12.507
           -0.220000  0.800000  0.500000
   -2.822   -0.725    2.265    3.562    9.098    9.241   12.411   12.544
           -0.220000  0.800000  0.520000
   -2.829   -0.715    2.271    3.559    9.043    9.298   12.268   12.513
           -0.220000  0.800000  0.540000
   -2.839   -0.702    2.276    3.560    8.852    9.501   12.059   12.504
           -0.220000  0.800000  0.560000
   -2.851   -0.683    2.281    3.565    8.667    9.708   11.840   12.501
           -0.220000  0.800000  0.580000
   -2.865   -0.661    2.285    3.572    8.490    9.918   11.620   12.499
           -0.220000  0.800000  0.600000
   -2.880   -0.635    2.290    3.582    8.319   10.129   11.405   12.496
           -0.220000  0.800000  0.620000
   -2.897   -0.605    2.294    3.593    8.158   10.338   11.197   12.493
           -0.220000  0.800000  0.640000
   -2.915   -0.573    2.300    3.605    8.006   10.528   11.013   12.490
           -0.220000  0.800000  0.660000
   -2.933   -0.538    2.307    3.617    7.864   10.606   10.949   12.486
           -0.220000  0.800000  0.680000
   -2.952   -0.501    2.315    3.627    7.734   10.477   11.095   12.481
           -0.220000  0.800000  0.700000
   -2.972   -0.464    2.326    3.634    7.617   10.293   11.303   12.476
           -0.220000  0.800000  0.720000
   -2.991   -0.426    2.340    3.638    7.513   10.100   11.524   12.472
           -0.220000  0.800000  0.740000
   -3.010   -0.387    2.357    3.636    7.423    9.908   11.748   12.467
           -0.220000  0.800000  0.760000
   -3.028   -0.350    2.378    3.629    7.349    9.719   11.973   12.464
           -0.220000  0.800000  0.780000
   -3.046   -0.313    2.403    3.615    7.291    9.535   12.192   12.467
           -0.220000  0.800000  0.800000
   -3.062   -0.278    2.432    3.594    7.249    9.355   12.371   12.509
           -0.220000  0.800000  0.820000
   -3.078   -0.245    2.465    3.565    7.224    9.180   12.417   12.682
           -0.220000  0.800000  0.840000
   -3.092   -0.214    2.503    3.529    7.215    9.012   12.420   12.894
           -0.220000  0.800000  0.860000
   -3.105   -0.186    2.545    3.487    7.221    8.850   12.419   13.106
           -0.220000  0.800000  0.880000
   -3.116   -0.161    2.590    3.439    7.241    8.697   12.416   13.311
           -0.220000  0.800000  0.900000
   -3.126   -0.140    2.638    3.387    7.274    8.553   12.413   13.506
           -0.220000  0.800000  0.920000
   -3.134   -0.122    2.688    3.332    7.316    8.420   12.410   13.684
           -0.220000  0.800000  0.940000
   -3.140   -0.108    2.738    3.279    7.363    8.303   12.408   13.839
           -0.220000  0.800000  0.960000
   -3.145   -0.098    2.783    3.230    7.410    8.207   12.406   13.962
           -0.220000  0.800000  0.980000
   -3.148   -0.092    2.816    3.195    7.446    8.142   12.405   14.042
           -0.220000  0.800000  1.000000
   -3.149   -0.090    2.829    3.181    7.460    8.118   12.405   14.069
