 &plot nbnd=   8, nks=    81 /
           -0.825000  0.700000 -1.000000
   -5.634    2.473    3.679    4.515    7.450    7.831    8.643    9.634
           -0.825000  0.700000 -0.975000
   -5.632    2.453    3.698    4.509    7.443    7.827    8.649    9.646
           -0.825000  0.700000 -0.950000
   -5.625    2.395    3.751    4.490    7.418    7.819    8.665    9.682
           -0.825000  0.700000 -0.925000
   -5.613    2.308    3.828    4.460    7.373    7.819    8.682    9.742
           -0.825000  0.700000 -0.900000
   -5.597    2.202    3.919    4.420    7.308    7.835    8.694    9.825
           -0.825000  0.700000 -0.875000
   -5.576    2.083    4.014    4.372    7.229    7.867    8.697    9.929
           -0.825000  0.700000 -0.850000
   -5.551    1.956    4.099    4.323    7.145    7.913    8.690   10.049
           -0.825000  0.700000 -0.825000
   -5.520    1.824    4.144    4.300    7.064    7.971    8.672   10.183
           -0.825000  0.700000 -0.800000
   -5.486    1.690    4.113    4.335    6.992    8.036    8.647   10.326
           -0.825000  0.700000 -0.775000
   -5.446    1.555    4.043    4.386    6.937    8.107    8.616   10.472
           -0.825000  0.700000 -0.750000
   -5.403    1.419    3.960    4.422    6.901    8.180    8.585   10.616
           -0.825000  0.700000 -0.725000
   -5.354    1.284    3.872    4.437    6.889    8.247    8.563   10.746
           -0.825000  0.700000 -0.700000
   -5.302    1.150    3.779    4.427    6.902    8.292    8.566   10.840
           -0.825000  0.700000 -0.675000
   -5.245    1.017    3.682    4.392    6.937    8.298    8.612   10.874
           -0.825000  0.700000 -0.650000
   -5.183    0.886    3.583    4.335    6.992    8.276    8.694   10.838
           -0.825000  0.700000 -0.625000
   -5.118    0.757    3.482    4.260    7.059    8.246    8.796   10.753
           -0.825000  0.700000 -0.600000
   -5.048    0.629    3.380    4.170    7.132    8.219    8.909   10.641
           -0.825000  0.700000 -0.575000
   -4.974    0.504    3.275    4.071    7.200    8.205    9.031   10.517
           -0.825000  0.700000 -0.550000
   -4.895    0.380    3.168    3.965    7.256    8.213    9.159   10.390
           -0.825000  0.700000 -0.525000
   -4.813    0.259    3.060    3.855    7.290    8.249    9.292   10.265
           -0.825000  0.700000 -0.500000
   -4.727    0.139    2.950    3.745    7.299    8.317    9.428   10.146
           -0.825000  0.700000 -0.475000
   -4.637    0.021    2.838    3.637    7.285    8.412    9.559   10.043
           -0.825000  0.700000 -0.450000
   -4.544   -0.096    2.724    3.531    7.254    8.530    9.659    9.981
           -0.825000  0.700000 -0.425000
   -4.447   -0.211    2.609    3.431    7.212    8.663    9.669   10.021
           -0.825000  0.700000 -0.400000
   -4.346   -0.326    2.494    3.336    7.162    8.806    9.606   10.148
           -0.825000  0.700000 -0.375000
   -4.243   -0.439    2.378    3.247    7.109    8.956    9.526   10.305
           -0.825000  0.700000 -0.350000
   -4.136   -0.552    2.264    3.165    7.054    9.104    9.452   10.474
           -0.825000  0.700000 -0.325000
   -4.027   -0.665    2.151    3.089    6.999    9.220    9.419   10.652
           -0.825000  0.700000 -0.300000
   -3.915   -0.778    2.042    3.019    6.946    9.222    9.509   10.834
           -0.825000  0.700000 -0.275000
   -3.801   -0.890    1.938    2.955    6.895    9.168    9.665   11.020
           -0.825000  0.700000 -0.250000
   -3.685   -1.003    1.838    2.898    6.847    9.108    9.835   11.210
           -0.825000  0.700000 -0.225000
   -3.568   -1.116    1.746    2.847    6.802    9.051   10.012   11.400
           -0.825000  0.700000 -0.200000
   -3.450   -1.229    1.660    2.801    6.761    8.999   10.192   11.591
           -0.825000  0.700000 -0.175000
   -3.332   -1.342    1.583    2.762    6.724    8.953   10.376   11.779
           -0.825000  0.700000 -0.150000
   -3.215   -1.454    1.515    2.727    6.692    8.913   10.562   11.958
           -0.825000  0.700000 -0.125000
   -3.101   -1.563    1.456    2.698    6.664    8.879   10.750   12.117
           -0.825000  0.700000 -0.100000
   -2.992   -1.668    1.407    2.675    6.641    8.851   10.939   12.225
           -0.825000  0.700000 -0.075000
   -2.891   -1.765    1.369    2.656    6.624    8.830   11.127   12.231
           -0.825000  0.700000 -0.050000
   -2.807   -1.847    1.342    2.643    6.611    8.814   11.311   12.134
           -0.825000  0.700000 -0.025000
   -2.748   -1.905    1.325    2.636    6.603    8.805   11.475   12.000
           -0.825000  0.700000  0.000000
   -2.726   -1.926    1.320    2.633    6.600    8.802   11.560   11.924
           -0.825000  0.700000  0.025000
   -2.748   -1.905    1.325    2.636    6.603    8.805   11.475   12.000
           -0.825000  0.700000  0.050000
   -2.807   -1.847    1.342    2.643    6.611    8.814   11.311   12.134
           -0.825000  0.700000  0.075000
   -2.891   -1.765    1.369    2.656    6.624    8.830   11.127   12.231
           -0.825000  0.700000  0.100000
   -2.992   -1.668    1.407    2.675    6.641    8.851   10.939   12.225
           -0.825000  0.700000  0.125000
   -3.101   -1.563    1.456    2.698    6.664    8.879   10.750   12.117
           -0.825000  0.700000  0.150000
   -3.215   -1.454    1.515    2.727    6.692    8.913   10.562   11.958
           -0.825000  0.700000  0.175000
   -3.332   -1.342    1.583    2.762    6.724    8.953   10.376   11.779
           -0.825000  0.700000  0.200000
   -3.450   -1.229    1.660    2.801    6.761    8.999   10.192   11.591
           -0.825000  0.700000  0.225000
   -3.568   -1.116    1.746    2.847    6.802    9.051   10.012   11.400
           -0.825000  0.700000  0.250000
   -3.685   -1.003    1.838    2.898    6.847    9.108    9.835   11.210
           -0.825000  0.700000  0.275000
   -3.801   -0.890    1.938    2.955    6.895    9.168    9.665   11.020
           -0.825000  0.700000  0.300000
   -3.915   -0.778    2.042    3.019    6.946    9.222    9.509   10.834
           -0.825000  0.700000  0.325000
   -4.027   -0.665    2.151    3.089    6.999    9.220    9.419   10.652
           -0.825000  0.700000  0.350000
   -4.136   -0.552    2.264    3.165    7.054    9.104    9.452   10.474
           -0.825000  0.700000  0.375000
   -4.243   -0.439    2.378    3.247    7.109    8.956    9.526   10.305
           -0.825000  0.700000  0.400000
   -4.346   -0.326    2.494    3.336    7.162    8.806    9.606   10.148
           -0.825000  0.700000  0.425000
   -4.447   -0.211    2.609    3.431    7.212    8.663    9.669   10.021
           -0.825000  0.700000  0.450000
   -4.544   -0.096    2.724    3.531    7.254    8.530    9.659    9.981
           -0.825000  0.700000  0.475000
   -4.637    0.021    2.838    3.637    7.285    8.412    9.559   10.043
           -0.825000  0.700000  0.500000
   -4.727    0.139    2.950    3.745    7.299    8.317    9.428   10.146
           -0.825000  0.700000  0.525000
   -4.813    0.259    3.060    3.855    7.290    8.249    9.292   10.265
           -0.825000  0.700000  0.550000
   -4.895    0.380    3.168    3.965    7.256    8.213    9.159   10.390
           -0.825000  0.700000  0.575000
   -4.974    0.504    3.275    4.071    7.200    8.205    9.031   10.517
           -0.825000  0.700000  0.600000
   -5.048    0.629    3.380    4.170    7.132    8.219    8.909   10.641
           -0.825000  0.700000  0.625000
   -5.118    0.757    3.482    4.260    7.059    8.246    8.796   10.753
           -0.825000  0.700000  0.650000
   -5.183    0.886    3.583    4.335    6.992    8.276    8.694   10.838
           -0.825000  0.700000  0.675000
   -5.245    1.017    3.682    4.392    6.937    8.298    8.612   10.874
           -0.825000  0.700000  0.700000
   -5.302    1.150    3.779    4.427    6.902    8.292    8.566   10.840
           -0.825000  0.700000  0.725000
   -5.354    1.284    3.872    4.437    6.889    8.247    8.563   10.746
           -0.825000  0.700000  0.750000
   -5.403    1.419    3.960    4.422    6.901    8.180    8.585   10.616
           -0.825000  0.700000  0.775000
   -5.446    1.555    4.043    4.386    6.937    8.107    8.616   10.472
           -0.825000  0.700000  0.800000
   -5.486    1.690    4.113    4.335    6.992    8.036    8.647   10.326
           -0.825000  0.700000  0.825000
   -5.520    1.824    4.144    4.300    7.064    7.971    8.672   10.183
           -0.825000  0.700000  0.850000
   -5.551    1.956    4.099    4.323    7.145    7.913    8.690   10.049
           -0.825000  0.700000  0.875000
   -5.576    2.083    4.014    4.372    7.229    7.867    8.697    9.929
           -0.825000  0.700000  0.900000
   -5.597    2.202    3.919    4.420    7.308    7.835    8.694    9.825
           -0.825000  0.700000  0.925000
   -5.613    2.308    3.828    4.460    7.373    7.819    8.682    9.742
           -0.825000  0.700000  0.950000
   -5.625    2.395    3.751    4.490    7.418    7.819    8.665    9.682
           -0.825000  0.700000  0.975000
   -5.632    2.453    3.698    4.509    7.443    7.827    8.649    9.646
           -0.825000  0.700000  1.000000
   -5.634    2.473    3.679    4.515    7.450    7.831    8.643    9.634
