 &plot nbnd=   8, nks=    81 /
           -0.125000  0.925000 -1.000000
   -3.210   -1.503    2.447    2.477    5.917    6.350   13.100   13.423
           -0.125000  0.925000 -0.975000
   -3.209   -1.503    2.408    2.506    5.921    6.370   13.099   13.383
           -0.125000  0.925000 -0.950000
   -3.205   -1.504    2.350    2.534    5.935    6.425   13.097   13.270
           -0.125000  0.925000 -0.925000
   -3.199   -1.506    2.285    2.552    5.962    6.512   13.075   13.118
           -0.125000  0.925000 -0.900000
   -3.191   -1.509    2.215    2.557    6.007    6.624   12.881   13.096
           -0.125000  0.925000 -0.875000
   -3.180   -1.513    2.143    2.551    6.073    6.757   12.642   13.089
           -0.125000  0.925000 -0.850000
   -3.168   -1.517    2.069    2.535    6.159    6.908   12.385   13.080
           -0.125000  0.925000 -0.825000
   -3.153   -1.523    1.995    2.509    6.265    7.075   12.116   13.065
           -0.125000  0.925000 -0.800000
   -3.137   -1.531    1.923    2.477    6.390    7.254   11.840   13.042
           -0.125000  0.925000 -0.775000
   -3.118   -1.539    1.854    2.440    6.533    7.445   11.559   13.004
           -0.125000  0.925000 -0.750000
   -3.099   -1.549    1.787    2.400    6.692    7.647   11.276   12.935
           -0.125000  0.925000 -0.725000
   -3.078   -1.560    1.725    2.359    6.866    7.858   10.992   12.817
           -0.125000  0.925000 -0.700000
   -3.056   -1.573    1.666    2.320    7.053    8.078   10.708   12.636
           -0.125000  0.925000 -0.675000
   -3.034   -1.587    1.612    2.284    7.252    8.305   10.426   12.405
           -0.125000  0.925000 -0.650000
   -3.011   -1.602    1.563    2.252    7.461    8.540   10.146   12.145
           -0.125000  0.925000 -0.625000
   -2.988   -1.619    1.519    2.225    7.680    8.779    9.871   11.872
           -0.125000  0.925000 -0.600000
   -2.966   -1.636    1.479    2.205    7.908    9.022    9.602   11.594
           -0.125000  0.925000 -0.575000
   -2.944   -1.654    1.445    2.191    8.144    9.217    9.390   11.314
           -0.125000  0.925000 -0.550000
   -2.923   -1.672    1.416    2.185    8.386    9.039    9.560   11.035
           -0.125000  0.925000 -0.525000
   -2.904   -1.690    1.393    2.187    8.632    8.788    9.814   10.761
           -0.125000  0.925000 -0.500000
   -2.886   -1.708    1.376    2.196    8.530    8.892   10.066   10.501
           -0.125000  0.925000 -0.475000
   -2.871   -1.726    1.365    2.212    8.283    9.148   10.154   10.417
           -0.125000  0.925000 -0.450000
   -2.858   -1.743    1.360    2.234    8.043    9.403    9.933   10.657
           -0.125000  0.925000 -0.425000
   -2.847   -1.758    1.363    2.263    7.809    9.563    9.786   10.930
           -0.125000  0.925000 -0.400000
   -2.839   -1.773    1.372    2.296    7.585    9.374    9.993   11.208
           -0.125000  0.925000 -0.375000
   -2.833   -1.786    1.389    2.334    7.369    9.130   10.262   11.488
           -0.125000  0.925000 -0.350000
   -2.830   -1.798    1.413    2.374    7.165    8.885   10.540   11.767
           -0.125000  0.925000 -0.325000
   -2.829   -1.808    1.444    2.415    6.972    8.644   10.822   12.040
           -0.125000  0.925000 -0.300000
   -2.830   -1.818    1.484    2.456    6.793    8.409   11.106   12.301
           -0.125000  0.925000 -0.275000
   -2.832   -1.826    1.530    2.495    6.629    8.180   11.391   12.536
           -0.125000  0.925000 -0.250000
   -2.836   -1.833    1.583    2.530    6.482    7.958   11.676   12.726
           -0.125000  0.925000 -0.225000
   -2.841   -1.839    1.643    2.559    6.353    7.743   11.959   12.856
           -0.125000  0.925000 -0.200000
   -2.846   -1.845    1.709    2.580    6.245    7.537   12.238   12.933
           -0.125000  0.925000 -0.175000
   -2.851   -1.849    1.780    2.591    6.160    7.341   12.510   12.977
           -0.125000  0.925000 -0.150000
   -2.857   -1.853    1.856    2.591    6.098    7.154   12.772   13.002
           -0.125000  0.925000 -0.125000
   -2.862   -1.857    1.935    2.578    6.061    6.979   13.011   13.022
           -0.125000  0.925000 -0.100000
   -2.866   -1.859    2.016    2.553    6.048    6.816   13.026   13.237
           -0.125000  0.925000 -0.075000
   -2.870   -1.862    2.098    2.514    6.059    6.669   13.032   13.422
           -0.125000  0.925000 -0.050000
   -2.873   -1.863    2.178    2.465    6.090    6.540   13.035   13.560
           -0.125000  0.925000 -0.025000
   -2.874   -1.864    2.256    2.407    6.131    6.441   13.037   13.645
           -0.125000  0.925000  0.000000
   -2.875   -1.864    2.311    2.358    6.154    6.398   13.038   13.673
           -0.125000  0.925000  0.025000
   -2.874   -1.864    2.256    2.407    6.131    6.441   13.037   13.645
           -0.125000  0.925000  0.050000
   -2.873   -1.863    2.178    2.465    6.090    6.540   13.035   13.560
           -0.125000  0.925000  0.075000
   -2.870   -1.862    2.098    2.514    6.059    6.669   13.032   13.422
           -0.125000  0.925000  0.100000
   -2.866   -1.859    2.016    2.553    6.048    6.816   13.026   13.237
           -0.125000  0.925000  0.125000
   -2.862   -1.857    1.935    2.578    6.061    6.979   13.011   13.022
           -0.125000  0.925000  0.150000
   -2.857   -1.853    1.856    2.591    6.098    7.154   12.772   13.002
           -0.125000  0.925000  0.175000
   -2.851   -1.849    1.780    2.591    6.160    7.341   12.510   12.977
           -0.125000  0.925000  0.200000
   -2.846   -1.845    1.709    2.580    6.245    7.537   12.238   12.933
           -0.125000  0.925000  0.225000
   -2.841   -1.839    1.643    2.559    6.353    7.743   11.959   12.856
           -0.125000  0.925000  0.250000
   -2.836   -1.833    1.583    2.530    6.482    7.958   11.676   12.726
           -0.125000  0.925000  0.275000
   -2.832   -1.826    1.530    2.495    6.629    8.180   11.391   12.536
           -0.125000  0.925000  0.300000
   -2.830   -1.818    1.484    2.456    6.793    8.409   11.106   12.301
           -0.125000  0.925000  0.325000
   -2.829   -1.808    1.444    2.415    6.972    8.644   10.822   12.040
           -0.125000  0.925000  0.350000
   -2.830   -1.798    1.413    2.374    7.165    8.885   10.540   11.767
           -0.125000  0.925000  0.375000
   -2.833   -1.786    1.389    2.334    7.369    9.130   10.262   11.488
           -0.125000  0.925000  0.400000
   -2.839   -1.773    1.372    2.296    7.585    9.374    9.993   11.208
           -0.125000  0.925000  0.425000
   -2.847   -1.758    1.363    2.263    7.809    9.563    9.786   10.930
           -0.125000  0.925000  0.450000
   -2.858   -1.743    1.360    2.234    8.043    9.403    9.933   10.657
           -0.125000  0.925000  0.475000
   -2.871   -1.726    1.365    2.212    8.283    9.148   10.154   10.417
           -0.125000  0.925000  0.500000
   -2.886   -1.708    1.376    2.196    8.530    8.892   10.066   10.501
           -0.125000  0.925000  0.525000
   -2.904   -1.690    1.393    2.187    8.632    8.788    9.814   10.761
           -0.125000  0.925000  0.550000
   -2.923   -1.672    1.416    2.185    8.386    9.039    9.560   11.035
           -0.125000  0.925000  0.575000
   -2.944   -1.654    1.445    2.191    8.144    9.217    9.390   11.314
           -0.125000  0.925000  0.600000
   -2.966   -1.636    1.479    2.205    7.908    9.022    9.602   11.594
           -0.125000  0.925000  0.625000
   -2.988   -1.619    1.519    2.225    7.680    8.779    9.871   11.872
           -0.125000  0.925000  0.650000
   -3.011   -1.602    1.563    2.252    7.461    8.540   10.146   12.145
           -0.125000  0.925000  0.675000
   -3.034   -1.587    1.612    2.284    7.252    8.305   10.426   12.405
           -0.125000  0.925000  0.700000
   -3.056   -1.573    1.666    2.320    7.053    8.078   10.708   12.636
           -0.125000  0.925000  0.725000
   -3.078   -1.560    1.725    2.359    6.866    7.858   10.992   12.817
           -0.125000  0.925000  0.750000
   -3.099   -1.549    1.787    2.400    6.692    7.647   11.276   12.935
           -0.125000  0.925000  0.775000
   -3.118   -1.539    1.854    2.440    6.533    7.445   11.559   13.004
           -0.125000  0.925000  0.800000
   -3.137   -1.531    1.923    2.477    6.390    7.254   11.840   13.042
           -0.125000  0.925000  0.825000
   -3.153   -1.523    1.995    2.509    6.265    7.075   12.116   13.065
           -0.125000  0.925000  0.850000
   -3.168   -1.517    2.069    2.535    6.159    6.908   12.385   13.080
           -0.125000  0.925000  0.875000
   -3.180   -1.513    2.143    2.551    6.073    6.757   12.642   13.089
           -0.125000  0.925000  0.900000
   -3.191   -1.509    2.215    2.557    6.007    6.624   12.881   13.096
           -0.125000  0.925000  0.925000
   -3.199   -1.506    2.285    2.552    5.962    6.512   13.075   13.118
           -0.125000  0.925000  0.950000
   -3.205   -1.504    2.350    2.534    5.935    6.425   13.097   13.270
           -0.125000  0.925000  0.975000
   -3.209   -1.503    2.408    2.506    5.921    6.370   13.099   13.383
           -0.125000  0.925000  1.000000
   -3.210   -1.503    2.447    2.477    5.917    6.350   13.100   13.423
