 &plot nbnd=   8, nks=   101 /
           -0.980000 -0.400000 -1.000000
   -4.271    1.559    3.751    3.760    6.851    8.390   12.433   12.455
           -0.980000 -0.400000 -0.980000
   -4.270    1.555    3.745    3.761    6.861    8.397   12.425   12.440
           -0.980000 -0.400000 -0.960000
   -4.266    1.543    3.724    3.765    6.892    8.416   12.364   12.433
           -0.980000 -0.400000 -0.940000
   -4.258    1.524    3.690    3.772    6.942    8.449   12.262   12.427
           -0.980000 -0.400000 -0.920000
   -4.248    1.498    3.644    3.783    7.011    8.495   12.131   12.419
           -0.980000 -0.400000 -0.900000
   -4.235    1.465    3.588    3.797    7.097    8.553   11.977   12.409
           -0.980000 -0.400000 -0.880000
   -4.219    1.425    3.523    3.813    7.197    8.624   11.808   12.398
           -0.980000 -0.400000 -0.860000
   -4.200    1.380    3.451    3.832    7.312    8.706   11.626   12.384
           -0.980000 -0.400000 -0.840000
   -4.178    1.329    3.374    3.852    7.438    8.800   11.437   12.368
           -0.980000 -0.400000 -0.820000
   -4.154    1.273    3.293    3.875    7.575    8.904   11.241   12.351
           -0.980000 -0.400000 -0.800000
   -4.126    1.213    3.208    3.900    7.721    9.019   11.042   12.332
           -0.980000 -0.400000 -0.780000
   -4.096    1.149    3.122    3.927    7.876    9.144   10.840   12.311
           -0.980000 -0.400000 -0.760000
   -4.063    1.082    3.034    3.955    8.039    9.278   10.637   12.288
           -0.980000 -0.400000 -0.740000
   -4.028    1.012    2.946    3.983    8.208    9.421   10.435   12.264
           -0.980000 -0.400000 -0.720000
   -3.989    0.940    2.859    4.013    8.383    9.572   10.233   12.239
           -0.980000 -0.400000 -0.700000
   -3.949    0.866    2.772    4.043    8.564    9.730   10.033   12.212
           -0.980000 -0.400000 -0.680000
   -3.905    0.790    2.687    4.074    8.750    9.831    9.902   12.184
           -0.980000 -0.400000 -0.660000
   -3.859    0.713    2.604    4.104    8.941    9.640   10.072   12.156
           -0.980000 -0.400000 -0.640000
   -3.811    0.636    2.523    4.133    9.135    9.451   10.252   12.126
           -0.980000 -0.400000 -0.620000
   -3.760    0.557    2.444    4.161    9.262    9.339   10.438   12.096
           -0.980000 -0.400000 -0.600000
   -3.707    0.479    2.368    4.187    9.086    9.538   10.630   12.066
           -0.980000 -0.400000 -0.580000
   -3.651    0.400    2.295    4.211    8.914    9.744   10.828   12.036
           -0.980000 -0.400000 -0.560000
   -3.594    0.322    2.225    4.231    8.750    9.952   11.030   12.005
           -0.980000 -0.400000 -0.540000
   -3.534    0.244    2.159    4.246    8.596   10.163   11.236   11.975
           -0.980000 -0.400000 -0.520000
   -3.473    0.166    2.096    4.257    8.451   10.377   11.445   11.947
           -0.980000 -0.400000 -0.500000
   -3.409    0.089    2.037    4.261    8.318   10.592   11.653   11.925
           -0.980000 -0.400000 -0.480000
   -3.344    0.012    1.983    4.258    8.198   10.807   11.822   11.945
           -0.980000 -0.400000 -0.460000
   -3.277   -0.063    1.932    4.247    8.091   11.022   11.841   12.119
           -0.980000 -0.400000 -0.440000
   -3.209   -0.138    1.886    4.227    8.000   11.232   11.827   12.327
           -0.980000 -0.400000 -0.420000
   -3.139   -0.212    1.844    4.197    7.924   11.428   11.824   12.522
           -0.980000 -0.400000 -0.400000
   -3.068   -0.284    1.808    4.157    7.864   11.575   11.867   12.656
           -0.980000 -0.400000 -0.380000
   -2.996   -0.356    1.776    4.107    7.822   11.627   11.999   12.673
           -0.980000 -0.400000 -0.360000
   -2.923   -0.427    1.749    4.046    7.796   11.624   12.171   12.626
           -0.980000 -0.400000 -0.340000
   -2.849   -0.497    1.728    3.976    7.787   11.601   12.314   12.554
           -0.980000 -0.400000 -0.320000
   -2.775   -0.566    1.711    3.897    7.794   11.569   12.330   12.491
           -0.980000 -0.400000 -0.300000
   -2.700   -0.633    1.701    3.810    7.816   11.527   12.217   12.444
           -0.980000 -0.400000 -0.280000
   -2.625   -0.700    1.696    3.716    7.852   11.472   12.077   12.390
           -0.980000 -0.400000 -0.260000
   -2.551   -0.766    1.697    3.617    7.901   11.396   11.948   12.335
           -0.980000 -0.400000 -0.240000
   -2.476   -0.831    1.704    3.513    7.962   11.292   11.845   12.282
           -0.980000 -0.400000 -0.220000
   -2.401   -0.896    1.717    3.406    8.035   11.161   11.770   12.231
           -0.980000 -0.400000 -0.200000
   -2.327   -0.959    1.737    3.297    8.117   11.010   11.719   12.183
           -0.980000 -0.400000 -0.180000
   -2.254   -1.023    1.762    3.187    8.209   10.847   11.683   12.139
           -0.980000 -0.400000 -0.160000
   -2.181   -1.085    1.794    3.077    8.310   10.678   11.658   12.098
           -0.980000 -0.400000 -0.140000
   -2.110   -1.147    1.832    2.968    8.418   10.506   11.640   12.062
           -0.980000 -0.400000 -0.120000
   -2.040   -1.208    1.877    2.860    8.534   10.335   11.626   12.030
           -0.980000 -0.400000 -0.100000
   -1.972   -1.269    1.928    2.754    8.657   10.164   11.616   12.002
           -0.980000 -0.400000 -0.080000
   -1.906   -1.329    1.984    2.652    8.785    9.996   11.609   11.979
           -0.980000 -0.400000 -0.060000
   -1.843   -1.386    2.047    2.554    8.920    9.831   11.604   11.960
           -0.980000 -0.400000 -0.040000
   -1.786   -1.439    2.114    2.461    9.060    9.669   11.600   11.947
           -0.980000 -0.400000 -0.020000
   -1.741   -1.482    2.184    2.376    9.204    9.512   11.598   11.939
           -0.980000 -0.400000  0.000000
   -1.723   -1.499    2.230    2.325    9.334    9.377   11.598   11.936
           -0.980000 -0.400000  0.020000
   -1.741   -1.482    2.184    2.376    9.204    9.512   11.598   11.939
           -0.980000 -0.400000  0.040000
   -1.786   -1.439    2.114    2.461    9.060    9.669   11.600   11.947
           -0.980000 -0.400000  0.060000
   -1.843   -1.386    2.047    2.554    8.920    9.831   11.604   11.960
           -0.980000 -0.400000  0.080000
   -1.906   -1.329    1.984    2.652    8.785    9.996   11.609   11.979
           -0.980000 -0.400000  0.100000
   -1.972   -1.269    1.928    2.754    8.657   10.164   11.616   12.002
           -0.980000 -0.400000  0.120000
   -2.040   -1.208    1.877    2.860    8.534   10.335   11.626   12.030
           -0.980000 -0.400000  0.140000
   -2.110   -1.147    1.832    2.968    8.418   10.506   11.640   12.062
           -0.980000 -0.400000  0.160000
   -2.181   -1.085    1.794    3.077    8.310   10.678   11.658   12.098
           -0.980000 -0.400000  0.180000
   -2.254   -1.023    1.762    3.187    8.209   10.847   11.683   12.139
           -0.980000 -0.400000  0.200000
   -2.327   -0.959    1.737    3.297    8.117   11.010   11.719   12.183
           -0.980000 -0.400000  0.220000
   -2.401   -0.896    1.717    3.406    8.035   11.161   11.770   12.231
           -0.980000 -0.400000  0.240000
   -2.476   -0.831    1.704    3.513    7.962   11.292   11.845   12.282
           -0.980000 -0.400000  0.260000
   -2.551   -0.766    1.697    3.617    7.901   11.396   11.948   12.335
           -0.980000 -0.400000  0.280000
   -2.625   -0.700    1.696    3.716    7.852   11.472   12.077   12.390
           -0.980000 -0.400000  0.300000
   -2.700   -0.633    1.701    3.810    7.816   11.527   12.217   12.444
           -0.980000 -0.400000  0.320000
   -2.775   -0.566    1.711    3.897    7.794   11.569   12.330   12.491
           -0.980000 -0.400000  0.340000
   -2.849   -0.497    1.728    3.976    7.787   11.601   12.314   12.554
           -0.980000 -0.400000  0.360000
   -2.923   -0.427    1.749    4.046    7.796   11.624   12.171   12.626
           -0.980000 -0.400000  0.380000
   -2.996   -0.356    1.776    4.107    7.822   11.627   11.999   12.673
           -0.980000 -0.400000  0.400000
   -3.068   -0.284    1.808    4.157    7.864   11.575   11.867   12.656
           -0.980000 -0.400000  0.420000
   -3.139   -0.212    1.844    4.197    7.924   11.428   11.824   12.522
           -0.980000 -0.400000  0.440000
   -3.209   -0.138    1.886    4.227    8.000   11.232   11.827   12.327
           -0.980000 -0.400000  0.460000
   -3.277   -0.063    1.932    4.247    8.091   11.022   11.841   12.119
           -0.980000 -0.400000  0.480000
   -3.344    0.012    1.983    4.258    8.198   10.807   11.822   11.945
           -0.980000 -0.400000  0.500000
   -3.409    0.089    2.037    4.261    8.318   10.592   11.653   11.925
           -0.980000 -0.400000  0.520000
   -3.473    0.166    2.096    4.257    8.451   10.377   11.445   11.947
           -0.980000 -0.400000  0.540000
   -3.534    0.244    2.159    4.246    8.596   10.163   11.236   11.975
           -0.980000 -0.400000  0.560000
   -3.594    0.322    2.225    4.231    8.750    9.952   11.030   12.005
           -0.980000 -0.400000  0.580000
   -3.651    0.400    2.295    4.211    8.914    9.744   10.828   12.036
           -0.980000 -0.400000  0.600000
   -3.707    0.479    2.368    4.187    9.086    9.538   10.630   12.066
           -0.980000 -0.400000  0.620000
   -3.760    0.557    2.444    4.161    9.262    9.339   10.438   12.096
           -0.980000 -0.400000  0.640000
   -3.811    0.636    2.523    4.133    9.135    9.451   10.252   12.126
           -0.980000 -0.400000  0.660000
   -3.859    0.713    2.604    4.104    8.941    9.640   10.072   12.156
           -0.980000 -0.400000  0.680000
   -3.905    0.790    2.687    4.074    8.750    9.831    9.902   12.184
           -0.980000 -0.400000  0.700000
   -3.949    0.866    2.772    4.043    8.564    9.730   10.033   12.212
           -0.980000 -0.400000  0.720000
   -3.989    0.940    2.859    4.013    8.383    9.572   10.233   12.239
           -0.980000 -0.400000  0.740000
   -4.028    1.012    2.946    3.983    8.208    9.421   10.435   12.264
           -0.980000 -0.400000  0.760000
   -4.063    1.082    3.034    3.955    8.039    9.278   10.637   12.288
           -0.980000 -0.400000  0.780000
   -4.096    1.149    3.122    3.927    7.876    9.144   10.840   12.311
           -0.980000 -0.400000  0.800000
   -4.126    1.213    3.208    3.900    7.721    9.019   11.042   12.332
           -0.980000 -0.400000  0.820000
   -4.154    1.273    3.293    3.875    7.575    8.904   11.241   12.351
           -0.980000 -0.400000  0.840000
   -4.178    1.329    3.374    3.852    7.438    8.800   11.437   12.368
           -0.980000 -0.400000  0.860000
   -4.200    1.380    3.451    3.832    7.312    8.706   11.626   12.384
           -0.980000 -0.400000  0.880000
   -4.219    1.425    3.523    3.813    7.197    8.624   11.808   12.398
           -0.980000 -0.400000  0.900000
   -4.235    1.465    3.588    3.797    7.097    8.553   11.977   12.409
           -0.980000 -0.400000  0.920000
   -4.248    1.498    3.644    3.783    7.011    8.495   12.131   12.419
           -0.980000 -0.400000  0.940000
   -4.258    1.524    3.690    3.772    6.942    8.449   12.262   12.427
           -0.980000 -0.400000  0.960000
   -4.266    1.543    3.724    3.765    6.892    8.416   12.364   12.433
           -0.980000 -0.400000  0.980000
   -4.270    1.555    3.745    3.761    6.861    8.397   12.425   12.440
           -0.980000 -0.400000  1.000000
   -4.271    1.559    3.751    3.760    6.851    8.390   12.433   12.455
