 &plot nbnd=   8, nks=   101 /
           -0.680000  0.640000 -1.000000
   -4.818    2.183    3.533    5.316    8.924    9.355    9.903   11.375
           -0.680000  0.640000 -0.980000
   -4.816    2.169    3.549    5.315    8.912    9.355    9.898   11.389
           -0.680000  0.640000 -0.960000
   -4.812    2.127    3.593    5.310    8.877    9.356    9.885   11.432
           -0.680000  0.640000 -0.940000
   -4.804    2.063    3.661    5.302    8.822    9.357    9.865   11.501
           -0.680000  0.640000 -0.920000
   -4.793    1.982    3.748    5.291    8.751    9.356    9.841   11.591
           -0.680000  0.640000 -0.900000
   -4.780    1.890    3.847    5.276    8.666    9.353    9.815   11.698
           -0.680000  0.640000 -0.880000
   -4.763    1.789    3.955    5.259    8.570    9.348    9.789   11.819
           -0.680000  0.640000 -0.860000
   -4.744    1.683    4.068    5.238    8.468    9.343    9.762   11.952
           -0.680000  0.640000 -0.840000
   -4.721    1.574    4.183    5.215    8.362    9.336    9.736   12.094
           -0.680000  0.640000 -0.820000
   -4.696    1.464    4.298    5.189    8.254    9.330    9.710   12.242
           -0.680000  0.640000 -0.800000
   -4.667    1.353    4.411    5.160    8.146    9.325    9.683   12.397
           -0.680000  0.640000 -0.780000
   -4.636    1.242    4.520    5.128    8.043    9.323    9.656   12.557
           -0.680000  0.640000 -0.760000
   -4.602    1.132    4.621    5.094    7.945    9.323    9.628   12.722
           -0.680000  0.640000 -0.740000
   -4.565    1.023    4.713    5.058    7.856    9.326    9.599   12.889
           -0.680000  0.640000 -0.720000
   -4.525    0.916    4.791    5.021    7.778    9.333    9.567   13.058
           -0.680000  0.640000 -0.700000
   -4.483    0.810    4.850    4.985    7.715    9.344    9.535   13.228
           -0.680000  0.640000 -0.680000
   -4.438    0.707    4.879    4.960    7.669    9.358    9.503   13.395
           -0.680000  0.640000 -0.660000
   -4.391    0.607    4.861    4.961    7.642    9.370    9.474   13.547
           -0.680000  0.640000 -0.640000
   -4.340    0.509    4.819    4.961    7.635    9.371    9.461   13.630
           -0.680000  0.640000 -0.620000
   -4.288    0.413    4.771    4.946    7.648    9.350    9.476   13.572
           -0.680000  0.640000 -0.600000
   -4.233    0.321    4.717    4.913    7.679    9.316    9.507   13.474
           -0.680000  0.640000 -0.580000
   -4.176    0.232    4.658    4.864    7.727    9.280    9.548   13.372
           -0.680000  0.640000 -0.560000
   -4.117    0.145    4.593    4.804    7.787    9.246    9.596   13.272
           -0.680000  0.640000 -0.540000
   -4.055    0.063    4.519    4.739    7.854    9.216    9.649   13.176
           -0.680000  0.640000 -0.520000
   -3.992   -0.017    4.432    4.672    7.924    9.195    9.709   13.083
           -0.680000  0.640000 -0.500000
   -3.928   -0.093    4.333    4.609    7.990    9.187    9.774   12.995
           -0.680000  0.640000 -0.480000
   -3.861   -0.165    4.223    4.550    8.048    9.195    9.845   12.910
           -0.680000  0.640000 -0.460000
   -3.794   -0.234    4.102    4.494    8.091    9.224    9.921   12.830
           -0.680000  0.640000 -0.440000
   -3.725   -0.298    3.974    4.443    8.118    9.275   10.003   12.753
           -0.680000  0.640000 -0.420000
   -3.655   -0.359    3.840    4.394    8.127    9.350   10.090   12.681
           -0.680000  0.640000 -0.400000
   -3.585   -0.415    3.703    4.347    8.120    9.444   10.182   12.612
           -0.680000  0.640000 -0.380000
   -3.514   -0.467    3.563    4.303    8.102    9.554   10.279   12.546
           -0.680000  0.640000 -0.360000
   -3.443   -0.515    3.422    4.261    8.074    9.677   10.381   12.485
           -0.680000  0.640000 -0.340000
   -3.373   -0.558    3.281    4.220    8.041    9.809   10.489   12.427
           -0.680000  0.640000 -0.320000
   -3.304   -0.597    3.140    4.182    8.003    9.948   10.601   12.373
           -0.680000  0.640000 -0.300000
   -3.236   -0.630    3.000    4.146    7.964   10.092   10.719   12.323
           -0.680000  0.640000 -0.280000
   -3.169   -0.659    2.863    4.112    7.925   10.239   10.841   12.277
           -0.680000  0.640000 -0.260000
   -3.105   -0.683    2.728    4.080    7.885   10.388   10.968   12.235
           -0.680000  0.640000 -0.240000
   -3.043   -0.701    2.597    4.050    7.847   10.539   11.100   12.197
           -0.680000  0.640000 -0.220000
   -2.984   -0.715    2.470    4.023    7.810   10.689   11.235   12.164
           -0.680000  0.640000 -0.200000
   -2.929   -0.724    2.349    3.997    7.776   10.839   11.373   12.137
           -0.680000  0.640000 -0.180000
   -2.878   -0.729    2.234    3.974    7.744   10.988   11.512   12.118
           -0.680000  0.640000 -0.160000
   -2.831   -0.729    2.126    3.954    7.715   11.135   11.647   12.109
           -0.680000  0.640000 -0.140000
   -2.790   -0.726    2.026    3.935    7.689   11.277   11.772   12.121
           -0.680000  0.640000 -0.120000
   -2.753   -0.721    1.936    3.919    7.666   11.413   11.871   12.168
           -0.680000  0.640000 -0.100000
   -2.722   -0.713    1.857    3.906    7.646   11.536   11.936   12.261
           -0.680000  0.640000 -0.080000
   -2.697   -0.705    1.790    3.895    7.630   11.638   11.986   12.385
           -0.680000  0.640000 -0.060000
   -2.677   -0.698    1.737    3.886    7.617   11.710   12.044   12.520
           -0.680000  0.640000 -0.040000
   -2.662   -0.691    1.697    3.880    7.608   11.752   12.109   12.655
           -0.680000  0.640000 -0.020000
   -2.654   -0.687    1.673    3.876    7.603   11.771   12.163   12.784
           -0.680000  0.640000  0.000000
   -2.651   -0.686    1.665    3.875    7.601   11.776   12.185   12.883
           -0.680000  0.640000  0.020000
   -2.654   -0.687    1.673    3.876    7.603   11.771   12.163   12.784
           -0.680000  0.640000  0.040000
   -2.662   -0.691    1.697    3.880    7.608   11.752   12.109   12.655
           -0.680000  0.640000  0.060000
   -2.677   -0.698    1.737    3.886    7.617   11.710   12.044   12.520
           -0.680000  0.640000  0.080000
   -2.697   -0.705    1.790    3.895    7.630   11.638   11.986   12.385
           -0.680000  0.640000  0.100000
   -2.722   -0.713    1.857    3.906    7.646   11.536   11.936   12.261
           -0.680000  0.640000  0.120000
   -2.753   -0.721    1.936    3.919    7.666   11.413   11.871   12.168
           -0.680000  0.640000  0.140000
   -2.790   -0.726    2.026    3.935    7.689   11.277   11.772   12.121
           -0.680000  0.640000  0.160000
   -2.831   -0.729    2.126    3.954    7.715   11.135   11.647   12.109
           -0.680000  0.640000  0.180000
   -2.878   -0.729    2.234    3.974    7.744   10.988   11.512   12.118
           -0.680000  0.640000  0.200000
   -2.929   -0.724    2.349    3.997    7.776   10.839   11.373   12.137
           -0.680000  0.640000  0.220000
   -2.984   -0.715    2.470    4.023    7.810   10.689   11.235   12.164
           -0.680000  0.640000  0.240000
   -3.043   -0.701    2.597    4.050    7.847   10.539   11.100   12.197
           -0.680000  0.640000  0.260000
   -3.105   -0.683    2.728    4.080    7.885   10.388   10.968   12.235
           -0.680000  0.640000  0.280000
   -3.169   -0.659    2.863    4.112    7.925   10.239   10.841   12.277
           -0.680000  0.640000  0.300000
   -3.236   -0.630    3.000    4.146    7.964   10.092   10.719   12.323
           -0.680000  0.640000  0.320000
   -3.304   -0.597    3.140    4.182    8.003    9.948   10.601   12.373
           -0.680000  0.640000  0.340000
   -3.373   -0.558    3.281    4.220    8.041    9.809   10.489   12.427
           -0.680000  0.640000  0.360000
   -3.443   -0.515    3.422    4.261    8.074    9.677   10.381   12.485
           -0.680000  0.640000  0.380000
   -3.514   -0.467    3.563    4.303    8.102    9.554   10.279   12.546
           -0.680000  0.640000  0.400000
   -3.585   -0.415    3.703    4.347    8.120    9.444   10.182   12.612
           -0.680000  0.640000  0.420000
   -3.655   -0.359    3.840    4.394    8.127    9.350   10.090   12.681
           -0.680000  0.640000  0.440000
   -3.725   -0.298    3.974    4.443    8.118    9.275   10.003   12.753
           -0.680000  0.640000  0.460000
   -3.794   -0.234    4.102    4.494    8.091    9.224    9.921   12.830
           -0.680000  0.640000  0.480000
   -3.861   -0.165    4.223    4.550    8.048    9.195    9.845   12.910
           -0.680000  0.640000  0.500000
   -3.928   -0.093    4.333    4.609    7.990    9.187    9.774   12.995
           -0.680000  0.640000  0.520000
   -3.992   -0.017    4.432    4.672    7.924    9.195    9.709   13.083
           -0.680000  0.640000  0.540000
   -4.055    0.063    4.519    4.739    7.854    9.216    9.649   13.176
           -0.680000  0.640000  0.560000
   -4.117    0.145    4.593    4.804    7.787    9.246    9.596   13.272
           -0.680000  0.640000  0.580000
   -4.176    0.232    4.658    4.864    7.727    9.280    9.548   13.372
           -0.680000  0.640000  0.600000
   -4.233    0.321    4.717    4.913    7.679    9.316    9.507   13.474
           -0.680000  0.640000  0.620000
   -4.288    0.413    4.771    4.946    7.648    9.350    9.476   13.572
           -0.680000  0.640000  0.640000
   -4.340    0.509    4.819    4.961    7.635    9.371    9.461   13.630
           -0.680000  0.640000  0.660000
   -4.391    0.607    4.861    4.961    7.642    9.370    9.474   13.547
           -0.680000  0.640000  0.680000
   -4.438    0.707    4.879    4.960    7.669    9.358    9.503   13.395
           -0.680000  0.640000  0.700000
   -4.483    0.810    4.850    4.985    7.715    9.344    9.535   13.228
           -0.680000  0.640000  0.720000
   -4.525    0.916    4.791    5.021    7.778    9.333    9.567   13.058
           -0.680000  0.640000  0.740000
   -4.565    1.023    4.713    5.058    7.856    9.326    9.599   12.889
           -0.680000  0.640000  0.760000
   -4.602    1.132    4.621    5.094    7.945    9.323    9.628   12.722
           -0.680000  0.640000  0.780000
   -4.636    1.242    4.520    5.128    8.043    9.323    9.656   12.557
           -0.680000  0.640000  0.800000
   -4.667    1.353    4.411    5.160    8.146    9.325    9.683   12.397
           -0.680000  0.640000  0.820000
   -4.696    1.464    4.298    5.189    8.254    9.330    9.710   12.242
           -0.680000  0.640000  0.840000
   -4.721    1.574    4.183    5.215    8.362    9.336    9.736   12.094
           -0.680000  0.640000  0.860000
   -4.744    1.683    4.068    5.238    8.468    9.343    9.762   11.952
           -0.680000  0.640000  0.880000
   -4.763    1.789    3.955    5.259    8.570    9.348    9.789   11.819
           -0.680000  0.640000  0.900000
   -4.780    1.890    3.847    5.276    8.666    9.353    9.815   11.698
           -0.680000  0.640000  0.920000
   -4.793    1.982    3.748    5.291    8.751    9.356    9.841   11.591
           -0.680000  0.640000  0.940000
   -4.804    2.063    3.661    5.302    8.822    9.357    9.865   11.501
           -0.680000  0.640000  0.960000
   -4.812    2.127    3.593    5.310    8.877    9.356    9.885   11.432
           -0.680000  0.640000  0.980000
   -4.816    2.169    3.549    5.315    8.912    9.355    9.898   11.389
           -0.680000  0.640000  1.000000
   -4.818    2.183    3.533    5.316    8.924    9.355    9.903   11.375
