 &plot nbnd=   8, nks=   100 /
           -0.487200  0.948700 -1.000000
   -5.318    1.089    3.017    3.083    6.000    7.754   10.083   10.194
           -0.487200  0.948700 -0.979800
   -5.316    1.083    3.018    3.079    6.009    7.759   10.074   10.183
           -0.487200  0.948700 -0.959600
   -5.312    1.067    3.017    3.073    6.035    7.773   10.041   10.158
           -0.487200  0.948700 -0.939400
   -5.305    1.040    3.001    3.077    6.078    7.797    9.975   10.135
           -0.487200  0.948700 -0.919200
   -5.295    1.004    2.966    3.095    6.138    7.830    9.879   10.117
           -0.487200  0.948700 -0.899000
   -5.282    0.959    2.919    3.123    6.211    7.872    9.764   10.100
           -0.487200  0.948700 -0.878800
   -5.267    0.907    2.863    3.156    6.298    7.922    9.638   10.082
           -0.487200  0.948700 -0.858600
   -5.248    0.848    2.799    3.193    6.397    7.978    9.507   10.062
           -0.487200  0.948700 -0.838400
   -5.227    0.783    2.730    3.232    6.506    8.037    9.374   10.041
           -0.487200  0.948700 -0.818200
   -5.203    0.713    2.657    3.274    6.625    8.097    9.247   10.017
           -0.487200  0.948700 -0.798000
   -5.177    0.639    2.580    3.316    6.751    8.151    9.134    9.991
           -0.487200  0.948700 -0.777800
   -5.147    0.562    2.501    3.358    6.885    8.188    9.044    9.964
           -0.487200  0.948700 -0.757600
   -5.115    0.483    2.421    3.399    7.026    8.196    8.995    9.936
           -0.487200  0.948700 -0.737400
   -5.080    0.402    2.340    3.439    7.171    8.165    8.995    9.906
           -0.487200  0.948700 -0.717200
   -5.042    0.319    2.259    3.477    7.318    8.099    9.041    9.875
           -0.487200  0.948700 -0.697000
   -5.002    0.235    2.179    3.513    7.464    8.015    9.122    9.845
           -0.487200  0.948700 -0.676800
   -4.960    0.150    2.099    3.544    7.590    7.942    9.223    9.816
           -0.487200  0.948700 -0.656600
   -4.914    0.064    2.021    3.571    7.637    7.948    9.334    9.792
           -0.487200  0.948700 -0.636400
   -4.867   -0.021    1.944    3.594    7.580    8.064    9.442    9.782
           -0.487200  0.948700 -0.616200
   -4.816   -0.107    1.870    3.610    7.488    8.221    9.521    9.808
           -0.487200  0.948700 -0.596000
   -4.764   -0.192    1.797    3.620    7.392    8.391    9.549    9.890
           -0.487200  0.948700 -0.575800
   -4.709   -0.277    1.727    3.622    7.301    8.569    9.539   10.010
           -0.487200  0.948700 -0.555600
   -4.651   -0.362    1.659    3.616    7.218    8.751    9.514   10.143
           -0.487200  0.948700 -0.535400
   -4.592   -0.446    1.594    3.601    7.145    8.936    9.484   10.274
           -0.487200  0.948700 -0.515200
   -4.530   -0.530    1.533    3.576    7.084    9.121    9.452   10.390
           -0.487200  0.948700 -0.494900
   -4.466   -0.613    1.474    3.541    7.036    9.298    9.430   10.479
           -0.487200  0.948700 -0.474700
   -4.400   -0.695    1.418    3.496    7.001    9.356    9.526   10.533
           -0.487200  0.948700 -0.454500
   -4.333   -0.776    1.367    3.442    6.981    9.330    9.706   10.552
           -0.487200  0.948700 -0.434300
   -4.263   -0.856    1.318    3.378    6.974    9.296    9.887   10.549
           -0.487200  0.948700 -0.414100
   -4.193   -0.935    1.274    3.306    6.980    9.262   10.053   10.545
           -0.487200  0.948700 -0.393900
   -4.120   -1.014    1.233    3.226    7.000    9.229   10.176   10.576
           -0.487200  0.948700 -0.373700
   -4.046   -1.092    1.196    3.139    7.031    9.196   10.222   10.680
           -0.487200  0.948700 -0.353500
   -3.971   -1.168    1.164    3.047    7.074    9.165   10.210   10.841
           -0.487200  0.948700 -0.333300
   -3.894   -1.245    1.136    2.951    7.127    9.135   10.173   11.026
           -0.487200  0.948700 -0.313100
   -3.817   -1.320    1.112    2.851    7.190    9.106   10.128   11.220
           -0.487200  0.948700 -0.292900
   -3.738   -1.395    1.093    2.748    7.262    9.078   10.080   11.407
           -0.487200  0.948700 -0.272700
   -3.659   -1.469    1.078    2.644    7.342    9.052   10.032   11.380
           -0.487200  0.948700 -0.252500
   -3.579   -1.543    1.068    2.540    7.430    9.028    9.986   11.201
           -0.487200  0.948700 -0.232300
   -3.499   -1.616    1.062    2.437    7.524    9.005    9.941   11.017
           -0.487200  0.948700 -0.212100
   -3.419   -1.688    1.062    2.335    7.626    8.985    9.899   10.833
           -0.487200  0.948700 -0.191900
   -3.339   -1.761    1.066    2.234    7.733    8.965    9.860   10.652
           -0.487200  0.948700 -0.171700
   -3.259   -1.833    1.076    2.136    7.846    8.948    9.822   10.474
           -0.487200  0.948700 -0.151500
   -3.180   -1.904    1.090    2.042    7.964    8.932    9.787   10.300
           -0.487200  0.948700 -0.131300
   -3.102   -1.974    1.109    1.951    8.087    8.919    9.753   10.133
           -0.487200  0.948700 -0.111100
   -3.027   -2.043    1.133    1.866    8.215    8.908    9.713    9.977
           -0.487200  0.948700 -0.090900
   -2.954   -2.109    1.160    1.786    8.345    8.899    9.653    9.851
           -0.487200  0.948700 -0.070700
   -2.886   -2.172    1.190    1.713    8.478    8.892    9.546    9.778
           -0.487200  0.948700 -0.050500
   -2.825   -2.229    1.221    1.650    8.612    8.888    9.410    9.744
           -0.487200  0.948700 -0.030300
   -2.778   -2.274    1.248    1.601    8.737    8.891    9.271    9.728
           -0.487200  0.948700 -0.010100
   -2.750   -2.300    1.266    1.573    8.819    8.917    9.156    9.721
           -0.487200  0.948700  0.010100
   -2.750   -2.300    1.266    1.573    8.819    8.917    9.156    9.721
           -0.487200  0.948700  0.030300
   -2.778   -2.274    1.248    1.601    8.737    8.891    9.271    9.728
           -0.487200  0.948700  0.050500
   -2.825   -2.229    1.221    1.650    8.612    8.888    9.410    9.744
           -0.487200  0.948700  0.070700
   -2.886   -2.172    1.190    1.713    8.478    8.892    9.546    9.778
           -0.487200  0.948700  0.090900
   -2.954   -2.109    1.160    1.786    8.345    8.899    9.653    9.851
           -0.487200  0.948700  0.111100
   -3.027   -2.043    1.133    1.866    8.215    8.908    9.713    9.977
           -0.487200  0.948700  0.131300
   -3.102   -1.974    1.109    1.951    8.087    8.919    9.753   10.133
           -0.487200  0.948700  0.151500
   -3.180   -1.904    1.090    2.042    7.964    8.932    9.787   10.300
           -0.487200  0.948700  0.171700
   -3.259   -1.833    1.076    2.136    7.846    8.948    9.822   10.474
           -0.487200  0.948700  0.191900
   -3.339   -1.761    1.066    2.234    7.733    8.965    9.860   10.652
           -0.487200  0.948700  0.212100
   -3.419   -1.688    1.062    2.335    7.626    8.985    9.899   10.833
           -0.487200  0.948700  0.232300
   -3.499   -1.616    1.062    2.437    7.524    9.005    9.941   11.017
           -0.487200  0.948700  0.252500
   -3.579   -1.543    1.068    2.540    7.430    9.028    9.986   11.201
           -0.487200  0.948700  0.272700
   -3.659   -1.469    1.078    2.644    7.342    9.052   10.032   11.380
           -0.487200  0.948700  0.292900
   -3.738   -1.395    1.093    2.748    7.262    9.078   10.080   11.408
           -0.487200  0.948700  0.313100
   -3.817   -1.320    1.112    2.851    7.190    9.106   10.128   11.220
           -0.487200  0.948700  0.333300
   -3.894   -1.245    1.136    2.951    7.127    9.135   10.173   11.026
           -0.487200  0.948700  0.353500
   -3.971   -1.168    1.164    3.047    7.074    9.165   10.210   10.841
           -0.487200  0.948700  0.373700
   -4.046   -1.092    1.196    3.139    7.031    9.196   10.222   10.680
           -0.487200  0.948700  0.393900
   -4.120   -1.014    1.233    3.226    7.000    9.229   10.176   10.576
           -0.487200  0.948700  0.414100
   -4.193   -0.935    1.274    3.306    6.980    9.262   10.053   10.545
           -0.487200  0.948700  0.434300
   -4.263   -0.856    1.318    3.378    6.974    9.296    9.887   10.549
           -0.487200  0.948700  0.454500
   -4.333   -0.776    1.367    3.442    6.981    9.330    9.706   10.552
           -0.487200  0.948700  0.474700
   -4.400   -0.695    1.418    3.496    7.001    9.356    9.526   10.533
           -0.487200  0.948700  0.494900
   -4.466   -0.613    1.474    3.541    7.036    9.298    9.430   10.479
           -0.487200  0.948700  0.515200
   -4.530   -0.530    1.533    3.576    7.084    9.121    9.452   10.390
           -0.487200  0.948700  0.535400
   -4.592   -0.446    1.594    3.601    7.145    8.936    9.484   10.274
           -0.487200  0.948700  0.555600
   -4.651   -0.362    1.659    3.616    7.218    8.751    9.514   10.143
           -0.487200  0.948700  0.575800
   -4.709   -0.277    1.727    3.622    7.301    8.569    9.539   10.010
           -0.487200  0.948700  0.596000
   -4.764   -0.192    1.797    3.620    7.392    8.391    9.549    9.890
           -0.487200  0.948700  0.616200
   -4.816   -0.107    1.870    3.610    7.488    8.221    9.521    9.808
           -0.487200  0.948700  0.636400
   -4.867   -0.021    1.944    3.594    7.580    8.064    9.442    9.782
           -0.487200  0.948700  0.656600
   -4.914    0.064    2.021    3.571    7.637    7.948    9.334    9.792
           -0.487200  0.948700  0.676800
   -4.960    0.150    2.099    3.544    7.590    7.942    9.223    9.816
           -0.487200  0.948700  0.697000
   -5.002    0.235    2.179    3.513    7.464    8.015    9.122    9.845
           -0.487200  0.948700  0.717200
   -5.042    0.319    2.259    3.477    7.318    8.099    9.041    9.875
           -0.487200  0.948700  0.737400
   -5.080    0.402    2.340    3.439    7.171    8.165    8.995    9.906
           -0.487200  0.948700  0.757600
   -5.115    0.483    2.421    3.399    7.026    8.196    8.995    9.936
           -0.487200  0.948700  0.777800
   -5.147    0.562    2.501    3.358    6.885    8.188    9.044    9.964
           -0.487200  0.948700  0.798000
   -5.177    0.639    2.580    3.316    6.751    8.151    9.134    9.991
           -0.487200  0.948700  0.818200
   -5.203    0.713    2.657    3.274    6.625    8.097    9.247   10.017
           -0.487200  0.948700  0.838400
   -5.227    0.783    2.730    3.232    6.506    8.037    9.374   10.041
           -0.487200  0.948700  0.858600
   -5.248    0.848    2.799    3.193    6.397    7.978    9.507   10.062
           -0.487200  0.948700  0.878800
   -5.267    0.907    2.863    3.156    6.298    7.922    9.638   10.082
           -0.487200  0.948700  0.899000
   -5.282    0.959    2.919    3.123    6.211    7.872    9.764   10.100
           -0.487200  0.948700  0.919200
   -5.295    1.004    2.966    3.095    6.138    7.830    9.879   10.117
           -0.487200  0.948700  0.939400
   -5.305    1.040    3.001    3.077    6.078    7.797    9.975   10.135
           -0.487200  0.948700  0.959600
   -5.312    1.067    3.017    3.073    6.035    7.773   10.041   10.158
           -0.487200  0.948700  0.979800
   -5.316    1.083    3.018    3.079    6.009    7.759   10.074   10.183
           -0.487200  0.948700  1.000000
   -5.318    1.089    3.017    3.083    6.000    7.754   10.083   10.194
