 &plot nbnd=   8, nks=   101 /
           -0.200000 -0.480000 -1.000000
   -2.481   -0.783    1.802    3.161    8.858   10.606   11.168   12.164
           -0.200000 -0.480000 -0.980000
   -2.484   -0.783    1.807    3.165    8.860   10.564   11.212   12.167
           -0.200000 -0.480000 -0.960000
   -2.493   -0.783    1.822    3.174    8.864   10.464   11.320   12.175
           -0.200000 -0.480000 -0.940000
   -2.508   -0.783    1.846    3.190    8.872   10.339   11.456   12.189
           -0.200000 -0.480000 -0.920000
   -2.530   -0.782    1.879    3.213    8.883   10.205   11.603   12.212
           -0.200000 -0.480000 -0.900000
   -2.557   -0.780    1.919    3.242    8.897   10.068   11.753   12.245
           -0.200000 -0.480000 -0.880000
   -2.590   -0.777    1.967    3.279    8.914    9.932   11.894   12.295
           -0.200000 -0.480000 -0.860000
   -2.628   -0.771    2.020    3.321    8.934    9.798   12.015   12.374
           -0.200000 -0.480000 -0.840000
   -2.672   -0.762    2.078    3.371    8.957    9.667   12.107   12.488
           -0.200000 -0.480000 -0.820000
   -2.720   -0.750    2.140    3.427    8.983    9.539   12.174   12.630
           -0.200000 -0.480000 -0.800000
   -2.773   -0.735    2.204    3.490    9.012    9.416   12.226   12.685
           -0.200000 -0.480000 -0.780000
   -2.829   -0.715    2.271    3.559    9.043    9.298   12.268   12.513
           -0.200000 -0.480000 -0.760000
   -2.889   -0.692    2.339    3.634    9.075    9.186   12.259   12.379
           -0.200000 -0.480000 -0.740000
   -2.952   -0.665    2.408    3.715    9.064    9.126   12.101   12.393
           -0.200000 -0.480000 -0.720000
   -3.017   -0.633    2.477    3.799    8.967    9.159   11.914   12.439
           -0.200000 -0.480000 -0.700000
   -3.084   -0.598    2.547    3.888    8.871    9.200   11.725   12.491
           -0.200000 -0.480000 -0.680000
   -3.153   -0.558    2.617    3.979    8.781    9.244   11.535   12.546
           -0.200000 -0.480000 -0.660000
   -3.222   -0.514    2.686    4.071    8.697    9.290   11.347   12.605
           -0.200000 -0.480000 -0.640000
   -3.293   -0.466    2.756    4.164    8.622    9.339   11.161   12.668
           -0.200000 -0.480000 -0.620000
   -3.363   -0.415    2.826    4.256    8.554    9.389   10.977   12.734
           -0.200000 -0.480000 -0.600000
   -3.433   -0.360    2.896    4.345    8.496    9.441   10.797   12.804
           -0.200000 -0.480000 -0.580000
   -3.503   -0.301    2.967    4.430    8.447    9.493   10.620   12.877
           -0.200000 -0.480000 -0.560000
   -3.572   -0.238    3.037    4.510    8.408    9.547   10.447   12.954
           -0.200000 -0.480000 -0.540000
   -3.640   -0.172    3.108    4.583    8.379    9.601   10.281   13.034
           -0.200000 -0.480000 -0.520000
   -3.708   -0.103    3.180    4.648    8.362    9.653   10.122   13.116
           -0.200000 -0.480000 -0.500000
   -3.773   -0.030    3.251    4.703    8.355    9.699    9.977   13.198
           -0.200000 -0.480000 -0.480000
   -3.837    0.046    3.323    4.747    8.358    9.710    9.875   13.235
           -0.200000 -0.480000 -0.460000
   -3.900    0.124    3.395    4.781    8.371    9.630    9.874   13.073
           -0.200000 -0.480000 -0.440000
   -3.960    0.206    3.467    4.802    8.391    9.517    9.918   12.867
           -0.200000 -0.480000 -0.420000
   -4.019    0.291    3.538    4.812    8.414    9.411    9.970   12.659
           -0.200000 -0.480000 -0.400000
   -4.076    0.378    3.609    4.809    8.435    9.323   10.025   12.454
           -0.200000 -0.480000 -0.380000
   -4.130    0.467    3.680    4.795    8.448    9.261   10.080   12.253
           -0.200000 -0.480000 -0.360000
   -4.182    0.559    3.749    4.770    8.445    9.231   10.135   12.055
           -0.200000 -0.480000 -0.340000
   -4.231    0.653    3.818    4.735    8.423    9.236   10.190   11.863
           -0.200000 -0.480000 -0.320000
   -4.278    0.750    3.884    4.691    8.384    9.273   10.245   11.676
           -0.200000 -0.480000 -0.300000
   -4.323    0.848    3.948    4.638    8.336    9.333   10.300   11.495
           -0.200000 -0.480000 -0.280000
   -4.365    0.947    4.009    4.579    8.283    9.408   10.355   11.320
           -0.200000 -0.480000 -0.260000
   -4.404    1.048    4.066    4.514    8.232    9.492   10.411   11.153
           -0.200000 -0.480000 -0.240000
   -4.440    1.149    4.116    4.448    8.184    9.579   10.470   10.994
           -0.200000 -0.480000 -0.220000
   -4.474    1.251    4.153    4.387    8.141    9.663   10.531   10.844
           -0.200000 -0.480000 -0.200000
   -4.505    1.352    4.158    4.350    8.105    9.740   10.597   10.707
           -0.200000 -0.480000 -0.180000
   -4.533    1.452    4.118    4.352    8.077    9.803   10.582   10.671
           -0.200000 -0.480000 -0.160000
   -4.558    1.551    4.049    4.378    8.055    9.848   10.479   10.747
           -0.200000 -0.480000 -0.140000
   -4.581    1.647    3.971    4.409    8.040    9.868   10.401   10.828
           -0.200000 -0.480000 -0.120000
   -4.600    1.738    3.891    4.439    8.030    9.861   10.351   10.911
           -0.200000 -0.480000 -0.100000
   -4.616    1.822    3.814    4.466    8.026    9.831   10.327   10.993
           -0.200000 -0.480000 -0.080000
   -4.630    1.898    3.744    4.488    8.025    9.790   10.319   11.071
           -0.200000 -0.480000 -0.060000
   -4.640    1.963    3.683    4.506    8.026    9.749   10.319   11.138
           -0.200000 -0.480000 -0.040000
   -4.648    2.012    3.636    4.519    8.028    9.714   10.322   11.191
           -0.200000 -0.480000 -0.020000
   -4.652    2.043    3.606    4.527    8.030    9.692   10.325   11.225
           -0.200000 -0.480000  0.000000
   -4.654    2.054    3.596    4.530    8.030    9.685   10.326   11.236
           -0.200000 -0.480000  0.020000
   -4.652    2.043    3.606    4.527    8.030    9.692   10.325   11.225
           -0.200000 -0.480000  0.040000
   -4.648    2.012    3.636    4.519    8.028    9.714   10.322   11.191
           -0.200000 -0.480000  0.060000
   -4.640    1.963    3.683    4.506    8.026    9.749   10.319   11.138
           -0.200000 -0.480000  0.080000
   -4.630    1.898    3.744    4.488    8.025    9.790   10.319   11.071
           -0.200000 -0.480000  0.100000
   -4.616    1.822    3.814    4.466    8.026    9.831   10.327   10.993
           -0.200000 -0.480000  0.120000
   -4.600    1.738    3.891    4.439    8.030    9.861   10.351   10.911
           -0.200000 -0.480000  0.140000
   -4.581    1.647    3.971    4.409    8.040    9.868   10.401   10.828
           -0.200000 -0.480000  0.160000
   -4.558    1.551    4.049    4.378    8.055    9.848   10.479   10.747
           -0.200000 -0.480000  0.180000
   -4.533    1.452    4.118    4.352    8.077    9.803   10.582   10.671
           -0.200000 -0.480000  0.200000
   -4.505    1.352    4.158    4.350    8.105    9.740   10.597   10.707
           -0.200000 -0.480000  0.220000
   -4.474    1.251    4.153    4.387    8.141    9.663   10.531   10.844
           -0.200000 -0.480000  0.240000
   -4.440    1.149    4.116    4.448    8.184    9.579   10.470   10.994
           -0.200000 -0.480000  0.260000
   -4.404    1.048    4.066    4.514    8.232    9.492   10.411   11.153
           -0.200000 -0.480000  0.280000
   -4.365    0.947    4.009    4.579    8.283    9.408   10.355   11.320
           -0.200000 -0.480000  0.300000
   -4.323    0.848    3.948    4.638    8.336    9.333   10.300   11.495
           -0.200000 -0.480000  0.320000
   -4.278    0.750    3.884    4.691    8.384    9.273   10.245   11.676
           -0.200000 -0.480000  0.340000
   -4.231    0.653    3.818    4.735    8.423    9.236   10.190   11.863
           -0.200000 -0.480000  0.360000
   -4.182    0.559    3.749    4.770    8.445    9.231   10.135   12.055
           -0.200000 -0.480000  0.380000
   -4.130    0.467    3.680    4.795    8.448    9.261   10.080   12.253
           -0.200000 -0.480000  0.400000
   -4.076    0.378    3.609    4.809    8.435    9.323   10.025   12.454
           -0.200000 -0.480000  0.420000
   -4.019    0.291    3.538    4.812    8.414    9.411    9.970   12.659
           -0.200000 -0.480000  0.440000
   -3.960    0.206    3.467    4.802    8.391    9.517    9.918   12.867
           -0.200000 -0.480000  0.460000
   -3.900    0.124    3.395    4.781    8.371    9.630    9.874   13.073
           -0.200000 -0.480000  0.480000
   -3.837    0.046    3.323    4.747    8.358    9.710    9.875   13.235
           -0.200000 -0.480000  0.500000
   -3.773   -0.030    3.251    4.703    8.355    9.699    9.977   13.198
           -0.200000 -0.480000  0.520000
   -3.708   -0.103    3.180    4.648    8.362    9.653   10.122   13.116
           -0.200000 -0.480000  0.540000
   -3.640   -0.172    3.108    4.583    8.379    9.601   10.281   13.034
           -0.200000 -0.480000  0.560000
   -3.572   -0.238    3.037    4.510    8.408    9.547   10.447   12.954
           -0.200000 -0.480000  0.580000
   -3.503   -0.301    2.967    4.430    8.447    9.493   10.620   12.877
           -0.200000 -0.480000  0.600000
   -3.433   -0.360    2.896    4.345    8.496    9.441   10.797   12.804
           -0.200000 -0.480000  0.620000
   -3.363   -0.415    2.826    4.256    8.554    9.389   10.977   12.734
           -0.200000 -0.480000  0.640000
   -3.293   -0.466    2.756    4.164    8.622    9.339   11.161   12.668
           -0.200000 -0.480000  0.660000
   -3.222   -0.514    2.686    4.071    8.697    9.290   11.347   12.605
           -0.200000 -0.480000  0.680000
   -3.153   -0.558    2.617    3.979    8.781    9.244   11.535   12.546
           -0.200000 -0.480000  0.700000
   -3.084   -0.598    2.547    3.888    8.871    9.200   11.725   12.491
           -0.200000 -0.480000  0.720000
   -3.017   -0.633    2.477    3.799    8.967    9.159   11.914   12.439
           -0.200000 -0.480000  0.740000
   -2.952   -0.665    2.408    3.715    9.064    9.126   12.101   12.393
           -0.200000 -0.480000  0.760000
   -2.889   -0.692    2.339    3.634    9.075    9.186   12.259   12.379
           -0.200000 -0.480000  0.780000
   -2.829   -0.715    2.271    3.559    9.043    9.298   12.268   12.513
           -0.200000 -0.480000  0.800000
   -2.773   -0.735    2.204    3.490    9.012    9.416   12.226   12.685
           -0.200000 -0.480000  0.820000
   -2.720   -0.750    2.140    3.427    8.983    9.539   12.174   12.630
           -0.200000 -0.480000  0.840000
   -2.672   -0.762    2.078    3.371    8.957    9.667   12.107   12.488
           -0.200000 -0.480000  0.860000
   -2.628   -0.771    2.020    3.321    8.934    9.798   12.015   12.374
           -0.200000 -0.480000  0.880000
   -2.590   -0.777    1.967    3.279    8.914    9.932   11.894   12.295
           -0.200000 -0.480000  0.900000
   -2.557   -0.780    1.919    3.242    8.897   10.068   11.753   12.245
           -0.200000 -0.480000  0.920000
   -2.530   -0.782    1.879    3.213    8.883   10.205   11.603   12.212
           -0.200000 -0.480000  0.940000
   -2.508   -0.783    1.846    3.190    8.872   10.339   11.456   12.189
           -0.200000 -0.480000  0.960000
   -2.493   -0.783    1.822    3.174    8.864   10.464   11.320   12.175
           -0.200000 -0.480000  0.980000
   -2.484   -0.783    1.807    3.165    8.860   10.564   11.212   12.167
           -0.200000 -0.480000  1.000000
   -2.481   -0.783    1.802    3.161    8.858   10.606   11.168   12.164
