 &plot nbnd=   8, nks=   100 /
           -0.128200  0.948700 -1.000000
   -3.548   -1.796    2.195    2.210    5.554    6.008   12.892   13.051
           -0.128200  0.948700 -0.979800
   -3.547   -1.796    2.171    2.226    5.560    6.018   12.892   13.026
           -0.128200  0.948700 -0.959600
   -3.545   -1.797    2.135    2.241    5.578    6.048   12.886   12.954
           -0.128200  0.948700 -0.939400
   -3.541   -1.798    2.093    2.247    5.608    6.097   12.822   12.899
           -0.128200  0.948700 -0.919200
   -3.535   -1.800    2.045    2.246    5.652    6.162   12.677   12.890
           -0.128200  0.948700 -0.899000
   -3.527   -1.803    1.993    2.238    5.708    6.244   12.504   12.883
           -0.128200  0.948700 -0.878800
   -3.518   -1.806    1.939    2.223    5.777    6.339   12.314   12.876
           -0.128200  0.948700 -0.858600
   -3.508   -1.810    1.881    2.202    5.859    6.448   12.111   12.866
           -0.128200  0.948700 -0.838400
   -3.496   -1.814    1.823    2.176    5.953    6.567   11.899   12.851
           -0.128200  0.948700 -0.818200
   -3.483   -1.820    1.764    2.146    6.059    6.697   11.681   12.832
           -0.128200  0.948700 -0.798000
   -3.468   -1.826    1.705    2.114    6.176    6.836   11.459   12.803
           -0.128200  0.948700 -0.777800
   -3.453   -1.834    1.646    2.081    6.303    6.983   11.234   12.759
           -0.128200  0.948700 -0.757600
   -3.436   -1.842    1.589    2.047    6.439    7.138   11.008   12.694
           -0.128200  0.948700 -0.737400
   -3.418   -1.852    1.533    2.014    6.584    7.300   10.780   12.599
           -0.128200  0.948700 -0.717200
   -3.399   -1.863    1.478    1.982    6.737    7.468   10.552   12.466
           -0.128200  0.948700 -0.697000
   -3.379   -1.875    1.426    1.953    6.897    7.642   10.324   12.300
           -0.128200  0.948700 -0.676800
   -3.358   -1.888    1.376    1.926    7.064    7.822   10.098   12.110
           -0.128200  0.948700 -0.656600
   -3.337   -1.902    1.329    1.904    7.238    8.007    9.873   11.903
           -0.128200  0.948700 -0.636400
   -3.316   -1.918    1.285    1.885    7.417    8.196    9.650   11.687
           -0.128200  0.948700 -0.616200
   -3.294   -1.934    1.244    1.870    7.601    8.390    9.429   11.464
           -0.128200  0.948700 -0.596000
   -3.273   -1.951    1.206    1.860    7.790    8.585    9.213   11.240
           -0.128200  0.948700 -0.575800
   -3.251   -1.969    1.172    1.855    7.984    8.773    9.009   11.016
           -0.128200  0.948700 -0.555600
   -3.230   -1.988    1.142    1.855    8.182    8.756    9.019   10.792
           -0.128200  0.948700 -0.535400
   -3.209   -2.008    1.115    1.859    8.383    8.558    9.216   10.569
           -0.128200  0.948700 -0.515200
   -3.189   -2.028    1.093    1.868    8.350    8.591    9.424   10.350
           -0.128200  0.948700 -0.494900
   -3.169   -2.049    1.076    1.882    8.147    8.799    9.632   10.137
           -0.128200  0.948700 -0.474700
   -3.152   -2.070    1.063    1.899    7.948    9.007    9.795    9.977
           -0.128200  0.948700 -0.454500
   -3.134   -2.090    1.055    1.921    7.754    9.211    9.682   10.107
           -0.128200  0.948700 -0.434300
   -3.118   -2.111    1.052    1.946    7.565    9.347    9.561   10.320
           -0.128200  0.948700 -0.414100
   -3.103   -2.131    1.054    1.974    7.381    9.218    9.703   10.541
           -0.128200  0.948700 -0.393900
   -3.090   -2.151    1.061    2.005    7.202    9.023    9.914   10.765
           -0.128200  0.948700 -0.373700
   -3.078   -2.170    1.074    2.038    7.031    8.824   10.135   10.990
           -0.128200  0.948700 -0.353500
   -3.067   -2.188    1.092    2.072    6.867    8.626   10.360   11.215
           -0.128200  0.948700 -0.333300
   -3.058   -2.206    1.115    2.106    6.710    8.430   10.587   11.439
           -0.128200  0.948700 -0.313100
   -3.050   -2.222    1.143    2.141    6.562    8.238   10.816   11.659
           -0.128200  0.948700 -0.292900
   -3.044   -2.238    1.176    2.174    6.423    8.049   11.044   11.873
           -0.128200  0.948700 -0.272700
   -3.039   -2.253    1.215    2.205    6.294    7.865   11.272   12.076
           -0.128200  0.948700 -0.252500
   -3.036   -2.267    1.258    2.233    6.177    7.685   11.499   12.263
           -0.128200  0.948700 -0.232300
   -3.033   -2.280    1.305    2.258    6.071    7.510   11.724   12.424
           -0.128200  0.948700 -0.212100
   -3.031   -2.291    1.357    2.277    5.980    7.341   11.948   12.553
           -0.128200  0.948700 -0.191900
   -3.031   -2.301    1.412    2.290    5.902    7.177   12.165   12.647
           -0.128200  0.948700 -0.171700
   -3.030   -2.310    1.471    2.296    5.840    7.019   12.374   12.711
           -0.128200  0.948700 -0.151500
   -3.031   -2.318    1.533    2.294    5.794    6.867   12.573   12.753
           -0.128200  0.948700 -0.131300
   -3.031   -2.325    1.597    2.283    5.764    6.723   12.754   12.784
           -0.128200  0.948700 -0.111100
   -3.031   -2.331    1.663    2.264    5.751    6.586   12.799   12.922
           -0.128200  0.948700 -0.090900
   -3.032   -2.336    1.730    2.237    5.754    6.457   12.812   13.059
           -0.128200  0.948700 -0.070700
   -3.033   -2.340    1.798    2.202    5.773    6.338   12.822   13.168
           -0.128200  0.948700 -0.050500
   -3.034   -2.343    1.864    2.159    5.805    6.230   12.828   13.247
           -0.128200  0.948700 -0.030300
   -3.034   -2.345    1.929    2.110    5.848    6.137   12.832   13.296
           -0.128200  0.948700 -0.010100
   -3.034   -2.346    1.990    2.058    5.888    6.072   12.834   13.320
           -0.128200  0.948700  0.010100
   -3.034   -2.346    1.990    2.058    5.888    6.072   12.834   13.320
           -0.128200  0.948700  0.030300
   -3.034   -2.345    1.929    2.110    5.848    6.137   12.832   13.296
           -0.128200  0.948700  0.050500
   -3.034   -2.343    1.864    2.159    5.805    6.230   12.828   13.247
           -0.128200  0.948700  0.070700
   -3.033   -2.340    1.798    2.202    5.772    6.338   12.822   13.168
           -0.128200  0.948700  0.090900
   -3.032   -2.336    1.730    2.237    5.754    6.457   12.813   13.059
           -0.128200  0.948700  0.111100
   -3.031   -2.331    1.663    2.264    5.751    6.586   12.799   12.922
           -0.128200  0.948700  0.131300
   -3.031   -2.325    1.597    2.283    5.764    6.723   12.754   12.784
           -0.128200  0.948700  0.151500
   -3.031   -2.318    1.533    2.294    5.794    6.867   12.573   12.753
           -0.128200  0.948700  0.171700
   -3.030   -2.310    1.471    2.296    5.840    7.019   12.374   12.711
           -0.128200  0.948700  0.191900
   -3.031   -2.301    1.412    2.290    5.902    7.177   12.165   12.647
           -0.128200  0.948700  0.212100
   -3.031   -2.291    1.357    2.277    5.980    7.341   11.948   12.553
           -0.128200  0.948700  0.232300
   -3.033   -2.280    1.305    2.258    6.071    7.510   11.724   12.424
           -0.128200  0.948700  0.252500
   -3.036   -2.267    1.258    2.233    6.176    7.685   11.499   12.263
           -0.128200  0.948700  0.272700
   -3.039   -2.253    1.215    2.205    6.294    7.865   11.272   12.076
           -0.128200  0.948700  0.292900
   -3.044   -2.238    1.176    2.174    6.423    8.049   11.044   11.873
           -0.128200  0.948700  0.313100
   -3.050   -2.222    1.143    2.141    6.562    8.238   10.816   11.659
           -0.128200  0.948700  0.333300
   -3.058   -2.206    1.115    2.106    6.710    8.430   10.587   11.439
           -0.128200  0.948700  0.353500
   -3.067   -2.188    1.092    2.072    6.867    8.626   10.360   11.215
           -0.128200  0.948700  0.373700
   -3.078   -2.170    1.074    2.038    7.031    8.824   10.135   10.990
           -0.128200  0.948700  0.393900
   -3.090   -2.151    1.061    2.005    7.202    9.023    9.914   10.765
           -0.128200  0.948700  0.414100
   -3.103   -2.131    1.054    1.974    7.381    9.218    9.703   10.541
           -0.128200  0.948700  0.434300
   -3.118   -2.111    1.052    1.946    7.565    9.347    9.561   10.320
           -0.128200  0.948700  0.454500
   -3.134   -2.090    1.055    1.921    7.754    9.211    9.682   10.107
           -0.128200  0.948700  0.474700
   -3.152   -2.070    1.063    1.899    7.948    9.007    9.795    9.977
           -0.128200  0.948700  0.494900
   -3.169   -2.049    1.076    1.882    8.147    8.799    9.632   10.137
           -0.128200  0.948700  0.515200
   -3.189   -2.028    1.093    1.868    8.350    8.591    9.424   10.350
           -0.128200  0.948700  0.535400
   -3.209   -2.008    1.115    1.859    8.383    8.558    9.216   10.569
           -0.128200  0.948700  0.555600
   -3.230   -1.988    1.142    1.855    8.182    8.756    9.019   10.792
           -0.128200  0.948700  0.575800
   -3.251   -1.969    1.172    1.855    7.984    8.773    9.009   11.016
           -0.128200  0.948700  0.596000
   -3.273   -1.951    1.206    1.860    7.790    8.585    9.213   11.240
           -0.128200  0.948700  0.616200
   -3.294   -1.934    1.244    1.870    7.601    8.390    9.429   11.464
           -0.128200  0.948700  0.636400
   -3.316   -1.918    1.285    1.885    7.417    8.196    9.650   11.687
           -0.128200  0.948700  0.656600
   -3.337   -1.902    1.329    1.904    7.238    8.007    9.873   11.903
           -0.128200  0.948700  0.676800
   -3.358   -1.888    1.376    1.926    7.064    7.822   10.098   12.110
           -0.128200  0.948700  0.697000
   -3.379   -1.875    1.426    1.953    6.897    7.642   10.324   12.300
           -0.128200  0.948700  0.717200
   -3.399   -1.863    1.478    1.982    6.737    7.468   10.552   12.466
           -0.128200  0.948700  0.737400
   -3.418   -1.852    1.533    2.014    6.584    7.300   10.780   12.599
           -0.128200  0.948700  0.757600
   -3.436   -1.842    1.589    2.047    6.439    7.138   11.008   12.694
           -0.128200  0.948700  0.777800
   -3.453   -1.834    1.646    2.081    6.303    6.983   11.234   12.759
           -0.128200  0.948700  0.798000
   -3.468   -1.826    1.705    2.114    6.176    6.836   11.459   12.803
           -0.128200  0.948700  0.818200
   -3.483   -1.820    1.764    2.146    6.059    6.697   11.681   12.832
           -0.128200  0.948700  0.838400
   -3.496   -1.814    1.823    2.176    5.953    6.567   11.899   12.851
           -0.128200  0.948700  0.858600
   -3.508   -1.810    1.881    2.202    5.859    6.448   12.111   12.866
           -0.128200  0.948700  0.878800
   -3.518   -1.806    1.939    2.223    5.777    6.339   12.314   12.876
           -0.128200  0.948700  0.899000
   -3.527   -1.803    1.993    2.238    5.708    6.244   12.504   12.883
           -0.128200  0.948700  0.919200
   -3.535   -1.800    2.045    2.246    5.652    6.162   12.677   12.890
           -0.128200  0.948700  0.939400
   -3.541   -1.798    2.093    2.247    5.608    6.097   12.822   12.899
           -0.128200  0.948700  0.959600
   -3.545   -1.797    2.135    2.241    5.578    6.048   12.886   12.954
           -0.128200  0.948700  0.979800
   -3.547   -1.796    2.171    2.226    5.560    6.018   12.892   13.026
           -0.128200  0.948700  1.000000
   -3.548   -1.796    2.195    2.210    5.554    6.008   12.892   13.051
