 &plot nbnd=   8, nks=   101 /
           -0.320000 -0.740000 -1.000000
   -3.628    0.502    2.748    3.565    8.070    8.988   10.966   13.070
           -0.320000 -0.740000 -0.980000
   -3.627    0.496    2.750    3.569    8.057    9.009   10.966   13.047
           -0.320000 -0.740000 -0.960000
   -3.624    0.481    2.755    3.580    8.020    9.069   10.966   12.979
           -0.320000 -0.740000 -0.940000
   -3.618    0.456    2.763    3.598    7.968    9.160   10.967   12.874
           -0.320000 -0.740000 -0.920000
   -3.611    0.422    2.774    3.622    7.910    9.273   10.968   12.741
           -0.320000 -0.740000 -0.900000
   -3.601    0.379    2.788    3.652    7.851    9.403   10.969   12.587
           -0.320000 -0.740000 -0.880000
   -3.590    0.330    2.803    3.686    7.796    9.545   10.969   12.419
           -0.320000 -0.740000 -0.860000
   -3.576    0.276    2.819    3.723    7.747    9.698   10.969   12.242
           -0.320000 -0.740000 -0.840000
   -3.561    0.216    2.836    3.762    7.709    9.859   10.967   12.059
           -0.320000 -0.740000 -0.820000
   -3.544    0.153    2.854    3.801    7.681   10.027   10.962   11.873
           -0.320000 -0.740000 -0.800000
   -3.525    0.087    2.872    3.840    7.666   10.201   10.952   11.689
           -0.320000 -0.740000 -0.780000
   -3.505    0.020    2.890    3.877    7.665   10.380   10.932   11.514
           -0.320000 -0.740000 -0.760000
   -3.483   -0.048    2.907    3.911    7.677   10.560   10.894   11.359
           -0.320000 -0.740000 -0.740000
   -3.460   -0.116    2.923    3.941    7.705   10.715   10.848   11.241
           -0.320000 -0.740000 -0.720000
   -3.436   -0.183    2.938    3.968    7.748   10.657   10.972   11.170
           -0.320000 -0.740000 -0.700000
   -3.411   -0.249    2.951    3.991    7.805   10.503   11.133   11.164
           -0.320000 -0.740000 -0.680000
   -3.385   -0.313    2.962    4.011    7.877   10.327   11.112   11.365
           -0.320000 -0.740000 -0.660000
   -3.359   -0.374    2.971    4.027    7.963   10.143   11.100   11.571
           -0.320000 -0.740000 -0.640000
   -3.333   -0.432    2.977    4.041    8.062    9.957   11.091   11.780
           -0.320000 -0.740000 -0.620000
   -3.307   -0.486    2.979    4.053    8.172    9.773   11.084   11.994
           -0.320000 -0.740000 -0.600000
   -3.281   -0.536    2.978    4.063    8.293    9.591   11.078   12.210
           -0.320000 -0.740000 -0.580000
   -3.256   -0.581    2.974    4.073    8.422    9.416   11.071   12.429
           -0.320000 -0.740000 -0.560000
   -3.232   -0.622    2.965    4.082    8.554    9.251   11.063   12.651
           -0.320000 -0.740000 -0.540000
   -3.210   -0.656    2.953    4.091    8.674    9.112   11.055   12.875
           -0.320000 -0.740000 -0.520000
   -3.189   -0.685    2.938    4.099    8.725    9.058   11.046   13.100
           -0.320000 -0.740000 -0.500000
   -3.170   -0.708    2.919    4.107    8.649    9.144   11.036   13.327
           -0.320000 -0.740000 -0.480000
   -3.153   -0.724    2.897    4.113    8.525    9.293   11.025   13.503
           -0.320000 -0.740000 -0.460000
   -3.138   -0.734    2.872    4.118    8.395    9.463   11.013   13.313
           -0.320000 -0.740000 -0.440000
   -3.127   -0.737    2.846    4.119    8.271    9.642   11.001   13.096
           -0.320000 -0.740000 -0.420000
   -3.117   -0.733    2.818    4.117    8.156    9.827   10.989   12.878
           -0.320000 -0.740000 -0.400000
   -3.111   -0.722    2.788    4.110    8.052   10.015   10.978   12.661
           -0.320000 -0.740000 -0.380000
   -3.106   -0.706    2.758    4.098    7.962   10.204   10.970   12.447
           -0.320000 -0.740000 -0.360000
   -3.105   -0.683    2.728    4.080    7.885   10.388   10.968   12.235
           -0.320000 -0.740000 -0.340000
   -3.105   -0.654    2.698    4.055    7.823   10.558   10.984   12.026
           -0.320000 -0.740000 -0.320000
   -3.107   -0.620    2.668    4.024    7.777   10.685   11.042   11.820
           -0.320000 -0.740000 -0.300000
   -3.111   -0.582    2.638    3.985    7.747   10.746   11.167   11.620
           -0.320000 -0.740000 -0.280000
   -3.117   -0.540    2.610    3.941    7.732   10.759   11.328   11.435
           -0.320000 -0.740000 -0.260000
   -3.123   -0.495    2.583    3.890    7.732   10.748   11.228   11.540
           -0.320000 -0.740000 -0.240000
   -3.131   -0.447    2.557    3.834    7.747   10.719   11.057   11.737
           -0.320000 -0.740000 -0.220000
   -3.138   -0.397    2.533    3.775    7.777   10.655   10.920   11.940
           -0.320000 -0.740000 -0.200000
   -3.147   -0.347    2.511    3.714    7.819   10.537   10.840   12.144
           -0.320000 -0.740000 -0.180000
   -3.155   -0.297    2.490    3.651    7.873   10.384   10.799   12.347
           -0.320000 -0.740000 -0.160000
   -3.162   -0.248    2.471    3.589    7.938   10.219   10.775   12.547
           -0.320000 -0.740000 -0.140000
   -3.170   -0.202    2.455    3.530    8.013   10.053   10.757   12.743
           -0.320000 -0.740000 -0.120000
   -3.177   -0.159    2.440    3.474    8.096    9.891   10.744   12.932
           -0.320000 -0.740000 -0.100000
   -3.182   -0.120    2.428    3.424    8.185    9.735   10.733   13.110
           -0.320000 -0.740000 -0.080000
   -3.188   -0.086    2.418    3.380    8.278    9.587   10.725   13.275
           -0.320000 -0.740000 -0.060000
   -3.192   -0.059    2.410    3.345    8.371    9.452   10.718   13.419
           -0.320000 -0.740000 -0.040000
   -3.194   -0.039    2.405    3.319    8.456    9.336   10.714   13.533
           -0.320000 -0.740000 -0.020000
   -3.196   -0.027    2.401    3.303    8.521    9.253   10.711   13.608
           -0.320000 -0.740000  0.000000
   -3.197   -0.023    2.400    3.298    8.547    9.222   10.710   13.634
           -0.320000 -0.740000  0.020000
   -3.196   -0.027    2.401    3.303    8.521    9.253   10.711   13.608
           -0.320000 -0.740000  0.040000
   -3.194   -0.039    2.405    3.319    8.456    9.336   10.714   13.533
           -0.320000 -0.740000  0.060000
   -3.192   -0.059    2.410    3.345    8.371    9.452   10.718   13.419
           -0.320000 -0.740000  0.080000
   -3.188   -0.086    2.418    3.380    8.278    9.587   10.725   13.275
           -0.320000 -0.740000  0.100000
   -3.182   -0.120    2.428    3.424    8.185    9.735   10.733   13.110
           -0.320000 -0.740000  0.120000
   -3.177   -0.159    2.440    3.474    8.096    9.891   10.744   12.932
           -0.320000 -0.740000  0.140000
   -3.170   -0.202    2.455    3.530    8.013   10.053   10.757   12.743
           -0.320000 -0.740000  0.160000
   -3.162   -0.248    2.471    3.589    7.938   10.219   10.775   12.547
           -0.320000 -0.740000  0.180000
   -3.155   -0.297    2.490    3.651    7.873   10.384   10.799   12.347
           -0.320000 -0.740000  0.200000
   -3.147   -0.347    2.511    3.714    7.819   10.537   10.840   12.144
           -0.320000 -0.740000  0.220000
   -3.138   -0.397    2.533    3.775    7.777   10.655   10.920   11.940
           -0.320000 -0.740000  0.240000
   -3.131   -0.447    2.557    3.834    7.747   10.719   11.057   11.737
           -0.320000 -0.740000  0.260000
   -3.123   -0.495    2.583    3.890    7.732   10.748   11.228   11.540
           -0.320000 -0.740000  0.280000
   -3.117   -0.540    2.610    3.941    7.732   10.759   11.328   11.435
           -0.320000 -0.740000  0.300000
   -3.111   -0.582    2.638    3.985    7.747   10.746   11.167   11.620
           -0.320000 -0.740000  0.320000
   -3.107   -0.620    2.668    4.024    7.777   10.685   11.042   11.820
           -0.320000 -0.740000  0.340000
   -3.105   -0.654    2.698    4.055    7.823   10.558   10.984   12.026
           -0.320000 -0.740000  0.360000
   -3.105   -0.683    2.728    4.080    7.885   10.388   10.968   12.235
           -0.320000 -0.740000  0.380000
   -3.106   -0.706    2.758    4.098    7.962   10.204   10.970   12.447
           -0.320000 -0.740000  0.400000
   -3.111   -0.722    2.788    4.110    8.052   10.015   10.978   12.661
           -0.320000 -0.740000  0.420000
   -3.117   -0.733    2.818    4.117    8.156    9.827   10.989   12.878
           -0.320000 -0.740000  0.440000
   -3.127   -0.737    2.846    4.119    8.271    9.642   11.001   13.096
           -0.320000 -0.740000  0.460000
   -3.138   -0.734    2.872    4.118    8.395    9.463   11.013   13.313
           -0.320000 -0.740000  0.480000
   -3.153   -0.724    2.897    4.113    8.525    9.293   11.025   13.503
           -0.320000 -0.740000  0.500000
   -3.170   -0.708    2.919    4.107    8.649    9.144   11.036   13.327
           -0.320000 -0.740000  0.520000
   -3.189   -0.685    2.938    4.099    8.725    9.058   11.046   13.100
           -0.320000 -0.740000  0.540000
   -3.210   -0.656    2.953    4.091    8.674    9.112   11.055   12.875
           -0.320000 -0.740000  0.560000
   -3.232   -0.622    2.965    4.082    8.554    9.251   11.063   12.651
           -0.320000 -0.740000  0.580000
   -3.256   -0.581    2.974    4.073    8.422    9.416   11.071   12.429
           -0.320000 -0.740000  0.600000
   -3.281   -0.536    2.978    4.063    8.293    9.591   11.078   12.210
           -0.320000 -0.740000  0.620000
   -3.307   -0.486    2.979    4.053    8.172    9.773   11.084   11.994
           -0.320000 -0.740000  0.640000
   -3.333   -0.432    2.977    4.041    8.062    9.957   11.091   11.780
           -0.320000 -0.740000  0.660000
   -3.359   -0.374    2.971    4.027    7.963   10.143   11.100   11.571
           -0.320000 -0.740000  0.680000
   -3.385   -0.313    2.962    4.011    7.877   10.327   11.112   11.365
           -0.320000 -0.740000  0.700000
   -3.411   -0.249    2.951    3.991    7.805   10.503   11.133   11.164
           -0.320000 -0.740000  0.720000
   -3.436   -0.183    2.938    3.968    7.748   10.657   10.972   11.170
           -0.320000 -0.740000  0.740000
   -3.460   -0.116    2.923    3.941    7.705   10.715   10.848   11.241
           -0.320000 -0.740000  0.760000
   -3.483   -0.048    2.907    3.911    7.677   10.560   10.894   11.359
           -0.320000 -0.740000  0.780000
   -3.505    0.020    2.890    3.877    7.665   10.380   10.932   11.514
           -0.320000 -0.740000  0.800000
   -3.525    0.087    2.872    3.840    7.666   10.201   10.952   11.689
           -0.320000 -0.740000  0.820000
   -3.544    0.153    2.854    3.801    7.681   10.027   10.962   11.873
           -0.320000 -0.740000  0.840000
   -3.561    0.216    2.836    3.762    7.709    9.859   10.967   12.059
           -0.320000 -0.740000  0.860000
   -3.576    0.276    2.819    3.723    7.747    9.698   10.969   12.242
           -0.320000 -0.740000  0.880000
   -3.590    0.330    2.803    3.686    7.796    9.545   10.969   12.419
           -0.320000 -0.740000  0.900000
   -3.601    0.379    2.788    3.652    7.851    9.403   10.969   12.587
           -0.320000 -0.740000  0.920000
   -3.611    0.422    2.774    3.622    7.910    9.273   10.968   12.741
           -0.320000 -0.740000  0.940000
   -3.618    0.456    2.763    3.598    7.968    9.160   10.967   12.874
           -0.320000 -0.740000  0.960000
   -3.624    0.481    2.755    3.580    8.020    9.069   10.966   12.979
           -0.320000 -0.740000  0.980000
   -3.627    0.496    2.750    3.569    8.057    9.009   10.966   13.047
           -0.320000 -0.740000  1.000000
   -3.628    0.502    2.748    3.565    8.070    8.988   10.966   13.070
