 &plot nbnd=   8, nks=    81 /
           -0.500000  0.800000 -1.000000
   -4.993    1.029    2.824    3.615    7.040    8.414    9.359   10.201
           -0.500000  0.800000 -0.975000
   -4.991    1.017    2.835    3.612    7.038    8.424    9.359   10.184
           -0.500000  0.800000 -0.950000
   -4.985    0.982    2.867    3.602    7.033    8.452    9.360   10.136
           -0.500000  0.800000 -0.925000
   -4.974    0.926    2.917    3.586    7.028    8.493    9.365   10.065
           -0.500000  0.800000 -0.900000
   -4.960    0.854    2.980    3.566    7.023    8.540    9.377    9.977
           -0.500000  0.800000 -0.875000
   -4.941    0.769    3.051    3.541    7.023    8.581    9.404    9.882
           -0.500000  0.800000 -0.850000
   -4.918    0.675    3.123    3.516    7.029    8.604    9.454    9.786
           -0.500000  0.800000 -0.825000
   -4.891    0.574    3.184    3.498    7.043    8.600    9.534    9.694
           -0.500000  0.800000 -0.800000
   -4.861    0.468    3.220    3.502    7.065    8.567    9.609    9.646
           -0.500000  0.800000 -0.775000
   -4.826    0.360    3.216    3.538    7.096    8.512    9.533    9.783
           -0.500000  0.800000 -0.750000
   -4.787    0.250    3.181    3.596    7.133    8.443    9.463    9.944
           -0.500000  0.800000 -0.725000
   -4.745    0.141    3.129    3.662    7.175    8.372    9.398   10.122
           -0.500000  0.800000 -0.700000
   -4.699    0.031    3.067    3.726    7.215    8.308    9.336   10.314
           -0.500000  0.800000 -0.675000
   -4.650   -0.076    2.999    3.784    7.249    8.264    9.277   10.518
           -0.500000  0.800000 -0.650000
   -4.597   -0.182    2.926    3.832    7.269    8.249    9.218   10.731
           -0.500000  0.800000 -0.625000
   -4.541   -0.285    2.851    3.870    7.272    8.272    9.160   10.952
           -0.500000  0.800000 -0.600000
   -4.482   -0.386    2.774    3.894    7.260    8.331    9.103   11.178
           -0.500000  0.800000 -0.575000
   -4.419   -0.483    2.696    3.904    7.239    8.421    9.048   11.407
           -0.500000  0.800000 -0.550000
   -4.355   -0.576    2.617    3.898    7.217    8.534    8.998   11.633
           -0.500000  0.800000 -0.525000
   -4.287   -0.666    2.538    3.876    7.200    8.651    8.963   11.839
           -0.500000  0.800000 -0.500000
   -4.218   -0.752    2.459    3.838    7.195    8.730    8.983   11.976
           -0.500000  0.800000 -0.475000
   -4.146   -0.833    2.381    3.786    7.202    8.729    9.097   11.994
           -0.500000  0.800000 -0.450000
   -4.074   -0.910    2.303    3.720    7.224    8.689    9.261   11.943
           -0.500000  0.800000 -0.425000
   -4.000   -0.983    2.227    3.642    7.261    8.639    9.444   11.873
           -0.500000  0.800000 -0.400000
   -3.925   -1.050    2.151    3.555    7.313    8.586    9.638   11.798
           -0.500000  0.800000 -0.375000
   -3.850   -1.113    2.077    3.460    7.379    8.534    9.840   11.726
           -0.500000  0.800000 -0.350000
   -3.775   -1.170    2.004    3.362    7.458    8.483   10.046   11.657
           -0.500000  0.800000 -0.325000
   -3.702   -1.222    1.932    3.261    7.548    8.434   10.255   11.594
           -0.500000  0.800000 -0.300000
   -3.630   -1.268    1.861    3.160    7.648    8.388   10.464   11.537
           -0.500000  0.800000 -0.275000
   -3.560   -1.309    1.792    3.061    7.758    8.347   10.668   11.490
           -0.500000  0.800000 -0.250000
   -3.493   -1.345    1.725    2.967    7.873    8.311   10.857   11.457
           -0.500000  0.800000 -0.225000
   -3.430   -1.375    1.659    2.878    7.990    8.286   11.004   11.445
           -0.500000  0.800000 -0.200000
   -3.371   -1.400    1.597    2.796    8.089    8.290   11.050   11.353
           -0.500000  0.800000 -0.175000
   -3.318   -1.420    1.538    2.722    8.130    8.363   10.956   11.260
           -0.500000  0.800000 -0.150000
   -3.271   -1.435    1.483    2.657    8.127    8.490   10.780   11.217
           -0.500000  0.800000 -0.125000
   -3.229   -1.447    1.433    2.602    8.113    8.638   10.583   11.189
           -0.500000  0.800000 -0.100000
   -3.195   -1.455    1.391    2.556    8.099    8.794   10.384   11.167
           -0.500000  0.800000 -0.075000
   -3.168   -1.460    1.356    2.521    8.086    8.955   10.189   11.150
           -0.500000  0.800000 -0.050000
   -3.149   -1.463    1.330    2.496    8.077    9.113   10.006   11.139
           -0.500000  0.800000 -0.025000
   -3.137   -1.465    1.314    2.480    8.071    9.253    9.851   11.131
           -0.500000  0.800000  0.000000
   -3.133   -1.465    1.309    2.475    8.069    9.320    9.780   11.129
           -0.500000  0.800000  0.025000
   -3.137   -1.465    1.314    2.480    8.071    9.253    9.851   11.131
           -0.500000  0.800000  0.050000
   -3.149   -1.463    1.330    2.496    8.077    9.113   10.006   11.139
           -0.500000  0.800000  0.075000
   -3.168   -1.460    1.356    2.521    8.086    8.955   10.189   11.150
           -0.500000  0.800000  0.100000
   -3.195   -1.455    1.391    2.556    8.099    8.794   10.384   11.167
           -0.500000  0.800000  0.125000
   -3.229   -1.447    1.433    2.602    8.113    8.638   10.583   11.189
           -0.500000  0.800000  0.150000
   -3.271   -1.435    1.483    2.657    8.127    8.490   10.780   11.217
           -0.500000  0.800000  0.175000
   -3.318   -1.420    1.538    2.722    8.130    8.363   10.956   11.260
           -0.500000  0.800000  0.200000
   -3.371   -1.400    1.597    2.796    8.089    8.290   11.050   11.353
           -0.500000  0.800000  0.225000
   -3.430   -1.375    1.659    2.878    7.990    8.286   11.004   11.445
           -0.500000  0.800000  0.250000
   -3.493   -1.345    1.725    2.967    7.873    8.311   10.857   11.457
           -0.500000  0.800000  0.275000
   -3.560   -1.309    1.792    3.061    7.758    8.347   10.668   11.490
           -0.500000  0.800000  0.300000
   -3.630   -1.268    1.861    3.160    7.648    8.388   10.464   11.537
           -0.500000  0.800000  0.325000
   -3.702   -1.222    1.932    3.261    7.548    8.434   10.255   11.594
           -0.500000  0.800000  0.350000
   -3.775   -1.170    2.004    3.362    7.458    8.483   10.046   11.657
           -0.500000  0.800000  0.375000
   -3.850   -1.113    2.077    3.460    7.379    8.534    9.840   11.726
           -0.500000  0.800000  0.400000
   -3.925   -1.050    2.151    3.555    7.313    8.586    9.638   11.798
           -0.500000  0.800000  0.425000
   -4.000   -0.983    2.227    3.642    7.261    8.639    9.444   11.873
           -0.500000  0.800000  0.450000
   -4.074   -0.910    2.303    3.720    7.224    8.689    9.261   11.943
           -0.500000  0.800000  0.475000
   -4.146   -0.833    2.381    3.786    7.202    8.729    9.097   11.994
           -0.500000  0.800000  0.500000
   -4.218   -0.752    2.459    3.838    7.195    8.730    8.983   11.976
           -0.500000  0.800000  0.525000
   -4.287   -0.666    2.538    3.876    7.200    8.651    8.963   11.839
           -0.500000  0.800000  0.550000
   -4.355   -0.576    2.617    3.898    7.217    8.534    8.998   11.633
           -0.500000  0.800000  0.575000
   -4.419   -0.483    2.696    3.904    7.239    8.421    9.048   11.407
           -0.500000  0.800000  0.600000
   -4.482   -0.386    2.774    3.894    7.260    8.331    9.103   11.178
           -0.500000  0.800000  0.625000
   -4.541   -0.285    2.851    3.870    7.272    8.272    9.160   10.952
           -0.500000  0.800000  0.650000
   -4.597   -0.182    2.926    3.832    7.269    8.249    9.218   10.731
           -0.500000  0.800000  0.675000
   -4.650   -0.076    2.999    3.784    7.249    8.264    9.277   10.518
           -0.500000  0.800000  0.700000
   -4.699    0.031    3.067    3.726    7.215    8.308    9.336   10.314
           -0.500000  0.800000  0.725000
   -4.745    0.141    3.129    3.662    7.175    8.372    9.398   10.122
           -0.500000  0.800000  0.750000
   -4.787    0.250    3.181    3.596    7.133    8.443    9.463    9.944
           -0.500000  0.800000  0.775000
   -4.826    0.360    3.216    3.538    7.096    8.512    9.533    9.783
           -0.500000  0.800000  0.800000
   -4.861    0.468    3.220    3.502    7.065    8.567    9.609    9.646
           -0.500000  0.800000  0.825000
   -4.891    0.574    3.184    3.498    7.043    8.600    9.534    9.694
           -0.500000  0.800000  0.850000
   -4.918    0.675    3.123    3.516    7.029    8.604    9.454    9.786
           -0.500000  0.800000  0.875000
   -4.941    0.769    3.051    3.541    7.023    8.581    9.404    9.882
           -0.500000  0.800000  0.900000
   -4.960    0.854    2.980    3.566    7.023    8.540    9.377    9.977
           -0.500000  0.800000  0.925000
   -4.974    0.926    2.917    3.586    7.028    8.493    9.365   10.065
           -0.500000  0.800000  0.950000
   -4.985    0.982    2.867    3.602    7.033    8.452    9.360   10.136
           -0.500000  0.800000  0.975000
   -4.991    1.017    2.835    3.612    7.038    8.424    9.359   10.184
           -0.500000  0.800000  1.000000
   -4.993    1.029    2.824    3.615    7.040    8.414    9.359   10.201
