 &plot nbnd=   8, nks=   101 /
           -0.220000 -0.720000 -1.000000
   -3.040   -0.197    2.509    3.120    8.135    8.726   11.459   14.050
           -0.220000 -0.720000 -0.980000
   -3.039   -0.200    2.504    3.129    8.109    8.759   11.460   14.022
           -0.220000 -0.720000 -0.960000
   -3.038   -0.208    2.490    3.157    8.045    8.844   11.462   13.944
           -0.220000 -0.720000 -0.940000
   -3.035   -0.221    2.469    3.199    7.963    8.962   11.466   13.823
           -0.220000 -0.720000 -0.920000
   -3.031   -0.239    2.445    3.251    7.877    9.098   11.471   13.671
           -0.220000 -0.720000 -0.900000
   -3.026   -0.262    2.421    3.312    7.793    9.247   11.477   13.497
           -0.220000 -0.720000 -0.880000
   -3.020   -0.289    2.398    3.377    7.716    9.405   11.484   13.307
           -0.220000 -0.720000 -0.860000
   -3.013   -0.320    2.378    3.444    7.648    9.570   11.493   13.107
           -0.220000 -0.720000 -0.840000
   -3.006   -0.353    2.361    3.511    7.590    9.742   11.503   12.900
           -0.220000 -0.720000 -0.820000
   -2.999   -0.389    2.349    3.576    7.545    9.919   11.513   12.687
           -0.220000 -0.720000 -0.800000
   -2.991   -0.426    2.340    3.638    7.513   10.100   11.524   12.472
           -0.220000 -0.720000 -0.780000
   -2.983   -0.463    2.336    3.695    7.495   10.286   11.535   12.255
           -0.220000 -0.720000 -0.760000
   -2.975   -0.501    2.335    3.746    7.493   10.475   11.545   12.041
           -0.220000 -0.720000 -0.740000
   -2.968   -0.538    2.339    3.790    7.507   10.665   11.548   11.835
           -0.220000 -0.720000 -0.720000
   -2.962   -0.573    2.346    3.827    7.537   10.851   11.512   11.676
           -0.220000 -0.720000 -0.700000
   -2.957   -0.606    2.357    3.856    7.584   11.012   11.389   11.635
           -0.220000 -0.720000 -0.680000
   -2.953   -0.636    2.370    3.878    7.647   11.019   11.374   11.643
           -0.220000 -0.720000 -0.660000
   -2.951   -0.662    2.386    3.893    7.727   10.852   11.518   11.672
           -0.220000 -0.720000 -0.640000
   -2.951   -0.684    2.404    3.901    7.821   10.650   11.621   11.781
           -0.220000 -0.720000 -0.620000
   -2.953   -0.701    2.424    3.903    7.930   10.441   11.652   11.974
           -0.220000 -0.720000 -0.600000
   -2.958   -0.713    2.444    3.901    8.051   10.232   11.671   12.185
           -0.220000 -0.720000 -0.580000
   -2.965   -0.719    2.466    3.895    8.185   10.025   11.686   12.401
           -0.220000 -0.720000 -0.560000
   -2.974   -0.720    2.488    3.887    8.330    9.820   11.700   12.620
           -0.220000 -0.720000 -0.540000
   -2.987   -0.715    2.510    3.877    8.484    9.619   11.712   12.833
           -0.220000 -0.720000 -0.520000
   -3.001   -0.704    2.531    3.867    8.647    9.424   11.723   12.981
           -0.220000 -0.720000 -0.500000
   -3.018   -0.687    2.550    3.857    8.814    9.236   11.733   12.840
           -0.220000 -0.720000 -0.480000
   -3.037   -0.665    2.569    3.848    8.952    9.090   11.742   12.620
           -0.220000 -0.720000 -0.460000
   -3.058   -0.637    2.585    3.841    8.844    9.203   11.750   12.394
           -0.220000 -0.720000 -0.440000
   -3.080   -0.604    2.599    3.835    8.676    9.388   11.756   12.170
           -0.220000 -0.720000 -0.420000
   -3.104   -0.567    2.611    3.831    8.511    9.582   11.759   11.949
           -0.220000 -0.720000 -0.400000
   -3.129   -0.525    2.621    3.828    8.354    9.781   11.708   11.784
           -0.220000 -0.720000 -0.380000
   -3.155   -0.480    2.629    3.827    8.205    9.983   11.503   11.775
           -0.220000 -0.720000 -0.360000
   -3.180   -0.431    2.635    3.825    8.067   10.188   11.293   11.777
           -0.220000 -0.720000 -0.340000
   -3.206   -0.380    2.640    3.823    7.939   10.390   11.089   11.778
           -0.220000 -0.720000 -0.320000
   -3.232   -0.326    2.644    3.820    7.823   10.576   10.908   11.780
           -0.220000 -0.720000 -0.300000
   -3.258   -0.271    2.648    3.814    7.721   10.603   10.888   11.783
           -0.220000 -0.720000 -0.280000
   -3.282   -0.214    2.652    3.805    7.632   10.438   11.064   11.787
           -0.220000 -0.720000 -0.260000
   -3.306   -0.157    2.656    3.792    7.558   10.252   11.262   11.797
           -0.220000 -0.720000 -0.240000
   -3.329   -0.101    2.662    3.774    7.499   10.065   11.449   11.820
           -0.220000 -0.720000 -0.220000
   -3.350   -0.045    2.670    3.750    7.456    9.882   11.596   11.885
           -0.220000 -0.720000 -0.200000
   -3.371    0.009    2.679    3.722    7.429    9.703   11.669   12.023
           -0.220000 -0.720000 -0.180000
   -3.389    0.061    2.692    3.688    7.416    9.531   11.695   12.205
           -0.220000 -0.720000 -0.160000
   -3.406    0.110    2.706    3.649    7.419    9.364   11.704   12.400
           -0.220000 -0.720000 -0.140000
   -3.421    0.155    2.723    3.607    7.434    9.205   11.708   12.596
           -0.220000 -0.720000 -0.120000
   -3.434    0.195    2.743    3.563    7.462    9.055   11.709   12.786
           -0.220000 -0.720000 -0.100000
   -3.446    0.231    2.764    3.519    7.499    8.915   11.709   12.966
           -0.220000 -0.720000 -0.080000
   -3.455    0.261    2.786    3.476    7.544    8.787   11.708   13.131
           -0.220000 -0.720000 -0.060000
   -3.463    0.285    2.807    3.438    7.590    8.677   11.707   13.275
           -0.220000 -0.720000 -0.040000
   -3.468    0.303    2.824    3.407    7.633    8.588   11.706   13.387
           -0.220000 -0.720000 -0.020000
   -3.471    0.313    2.837    3.387    7.665    8.529   11.706   13.461
           -0.220000 -0.720000  0.000000
   -3.472    0.317    2.841    3.380    7.676    8.509   11.706   13.486
           -0.220000 -0.720000  0.020000
   -3.471    0.313    2.837    3.387    7.665    8.529   11.706   13.461
           -0.220000 -0.720000  0.040000
   -3.468    0.303    2.824    3.407    7.633    8.588   11.706   13.387
           -0.220000 -0.720000  0.060000
   -3.463    0.285    2.807    3.438    7.590    8.677   11.707   13.275
           -0.220000 -0.720000  0.080000
   -3.455    0.261    2.786    3.476    7.544    8.787   11.708   13.131
           -0.220000 -0.720000  0.100000
   -3.446    0.231    2.764    3.519    7.499    8.915   11.709   12.966
           -0.220000 -0.720000  0.120000
   -3.434    0.195    2.743    3.563    7.462    9.055   11.709   12.786
           -0.220000 -0.720000  0.140000
   -3.421    0.155    2.723    3.607    7.434    9.205   11.708   12.596
           -0.220000 -0.720000  0.160000
   -3.406    0.110    2.706    3.649    7.419    9.364   11.704   12.400
           -0.220000 -0.720000  0.180000
   -3.389    0.061    2.692    3.688    7.416    9.531   11.695   12.205
           -0.220000 -0.720000  0.200000
   -3.371    0.009    2.679    3.722    7.429    9.703   11.669   12.023
           -0.220000 -0.720000  0.220000
   -3.350   -0.045    2.670    3.750    7.456    9.882   11.596   11.885
           -0.220000 -0.720000  0.240000
   -3.329   -0.101    2.662    3.774    7.499   10.065   11.449   11.820
           -0.220000 -0.720000  0.260000
   -3.306   -0.157    2.656    3.792    7.558   10.252   11.262   11.797
           -0.220000 -0.720000  0.280000
   -3.282   -0.214    2.652    3.805    7.632   10.438   11.064   11.787
           -0.220000 -0.720000  0.300000
   -3.258   -0.271    2.648    3.814    7.721   10.603   10.888   11.783
           -0.220000 -0.720000  0.320000
   -3.232   -0.326    2.644    3.820    7.823   10.576   10.908   11.780
           -0.220000 -0.720000  0.340000
   -3.206   -0.380    2.640    3.823    7.939   10.390   11.089   11.778
           -0.220000 -0.720000  0.360000
   -3.180   -0.431    2.635    3.825    8.067   10.188   11.293   11.777
           -0.220000 -0.720000  0.380000
   -3.155   -0.480    2.629    3.827    8.205    9.983   11.503   11.775
           -0.220000 -0.720000  0.400000
   -3.129   -0.525    2.621    3.828    8.354    9.781   11.708   11.784
           -0.220000 -0.720000  0.420000
   -3.104   -0.567    2.611    3.831    8.511    9.582   11.759   11.949
           -0.220000 -0.720000  0.440000
   -3.080   -0.604    2.599    3.835    8.676    9.388   11.756   12.170
           -0.220000 -0.720000  0.460000
   -3.058   -0.637    2.585    3.841    8.844    9.203   11.750   12.394
           -0.220000 -0.720000  0.480000
   -3.037   -0.665    2.569    3.848    8.952    9.090   11.742   12.620
           -0.220000 -0.720000  0.500000
   -3.018   -0.687    2.550    3.857    8.814    9.236   11.733   12.840
           -0.220000 -0.720000  0.520000
   -3.001   -0.704    2.531    3.867    8.647    9.424   11.723   12.981
           -0.220000 -0.720000  0.540000
   -2.987   -0.715    2.510    3.877    8.484    9.619   11.712   12.833
           -0.220000 -0.720000  0.560000
   -2.974   -0.720    2.488    3.887    8.330    9.820   11.700   12.620
           -0.220000 -0.720000  0.580000
   -2.965   -0.719    2.466    3.895    8.185   10.025   11.686   12.401
           -0.220000 -0.720000  0.600000
   -2.958   -0.713    2.444    3.901    8.051   10.232   11.671   12.185
           -0.220000 -0.720000  0.620000
   -2.953   -0.701    2.424    3.903    7.930   10.441   11.652   11.974
           -0.220000 -0.720000  0.640000
   -2.951   -0.684    2.404    3.901    7.821   10.650   11.621   11.781
           -0.220000 -0.720000  0.660000
   -2.951   -0.662    2.386    3.893    7.727   10.852   11.518   11.672
           -0.220000 -0.720000  0.680000
   -2.953   -0.636    2.370    3.878    7.647   11.019   11.374   11.643
           -0.220000 -0.720000  0.700000
   -2.957   -0.606    2.357    3.856    7.584   11.012   11.389   11.635
           -0.220000 -0.720000  0.720000
   -2.962   -0.573    2.346    3.827    7.537   10.851   11.512   11.676
           -0.220000 -0.720000  0.740000
   -2.968   -0.538    2.339    3.790    7.507   10.665   11.548   11.835
           -0.220000 -0.720000  0.760000
   -2.975   -0.501    2.335    3.746    7.493   10.475   11.545   12.041
           -0.220000 -0.720000  0.780000
   -2.983   -0.463    2.336    3.695    7.495   10.286   11.535   12.255
           -0.220000 -0.720000  0.800000
   -2.991   -0.426    2.340    3.638    7.513   10.100   11.524   12.472
           -0.220000 -0.720000  0.820000
   -2.999   -0.389    2.349    3.576    7.545    9.919   11.513   12.687
           -0.220000 -0.720000  0.840000
   -3.006   -0.353    2.361    3.511    7.590    9.742   11.503   12.900
           -0.220000 -0.720000  0.860000
   -3.013   -0.320    2.378    3.444    7.648    9.570   11.493   13.107
           -0.220000 -0.720000  0.880000
   -3.020   -0.289    2.398    3.377    7.716    9.405   11.484   13.307
           -0.220000 -0.720000  0.900000
   -3.026   -0.262    2.421    3.312    7.793    9.247   11.477   13.497
           -0.220000 -0.720000  0.920000
   -3.031   -0.239    2.445    3.251    7.877    9.098   11.471   13.671
           -0.220000 -0.720000  0.940000
   -3.035   -0.221    2.469    3.199    7.963    8.962   11.466   13.823
           -0.220000 -0.720000  0.960000
   -3.038   -0.208    2.490    3.157    8.045    8.844   11.462   13.944
           -0.220000 -0.720000  0.980000
   -3.039   -0.200    2.504    3.129    8.109    8.759   11.460   14.022
           -0.220000 -0.720000  1.000000
   -3.040   -0.197    2.509    3.120    8.135    8.726   11.459   14.050
