 &plot nbnd=   8, nks=   101 /
           -0.040000 -1.000000 -1.000000
   -2.045   -1.443    3.157    3.157    6.647    6.791   15.647   15.647
           -0.040000 -1.000000 -0.980000
   -2.044   -1.443    3.152    3.153    6.657    6.800   15.620   15.643
           -0.040000 -1.000000 -0.960000
   -2.042   -1.442    3.136    3.139    6.686    6.827   15.544   15.630
           -0.040000 -1.000000 -0.940000
   -2.039   -1.440    3.110    3.116    6.733    6.872   15.422   15.605
           -0.040000 -1.000000 -0.920000
   -2.034   -1.437    3.074    3.086    6.797    6.934   15.263   15.563
           -0.040000 -1.000000 -0.900000
   -2.028   -1.434    3.031    3.049    6.878    7.011   15.075   15.495
           -0.040000 -1.000000 -0.880000
   -2.020   -1.431    2.981    3.006    6.974    7.104   14.866   15.389
           -0.040000 -1.000000 -0.860000
   -2.011   -1.427    2.926    2.959    7.084    7.210   14.642   15.240
           -0.040000 -1.000000 -0.840000
   -2.001   -1.422    2.867    2.909    7.206    7.329   14.407   15.054
           -0.040000 -1.000000 -0.820000
   -1.990   -1.418    2.805    2.856    7.340    7.459   14.165   14.840
           -0.040000 -1.000000 -0.800000
   -1.978   -1.413    2.741    2.802    7.484    7.599   13.918   14.609
           -0.040000 -1.000000 -0.780000
   -1.966   -1.408    2.677    2.748    7.637    7.749   13.668   14.367
           -0.040000 -1.000000 -0.760000
   -1.952   -1.403    2.613    2.695    7.799    7.908   13.416   14.118
           -0.040000 -1.000000 -0.740000
   -1.938   -1.399    2.549    2.644    7.969    8.075   13.163   13.867
           -0.040000 -1.000000 -0.720000
   -1.923   -1.395    2.488    2.595    8.145    8.248   12.910   13.613
           -0.040000 -1.000000 -0.700000
   -1.908   -1.392    2.429    2.549    8.328    8.429   12.658   13.359
           -0.040000 -1.000000 -0.680000
   -1.893   -1.389    2.374    2.506    8.517    8.615   12.408   13.106
           -0.040000 -1.000000 -0.660000
   -1.878   -1.387    2.321    2.468    8.711    8.806   12.159   12.854
           -0.040000 -1.000000 -0.640000
   -1.863   -1.386    2.273    2.434    8.909    9.002   11.913   12.603
           -0.040000 -1.000000 -0.620000
   -1.849   -1.387    2.229    2.405    9.112    9.202   11.671   12.355
           -0.040000 -1.000000 -0.600000
   -1.835   -1.388    2.191    2.381    9.318    9.403   11.434   12.110
           -0.040000 -1.000000 -0.580000
   -1.821   -1.391    2.157    2.362    9.527    9.604   11.204   11.870
           -0.040000 -1.000000 -0.560000
   -1.808   -1.396    2.129    2.350    9.735    9.799   10.988   11.636
           -0.040000 -1.000000 -0.540000
   -1.797   -1.401    2.106    2.343    9.940    9.970   10.802   11.411
           -0.040000 -1.000000 -0.520000
   -1.786   -1.409    2.089    2.341   10.068   10.133   10.697   11.206
           -0.040000 -1.000000 -0.500000
   -1.776   -1.417    2.079    2.346   10.018   10.287   10.746   11.046
           -0.040000 -1.000000 -0.480000
   -1.768   -1.427    2.074    2.356    9.863   10.335   10.908   10.999
           -0.040000 -1.000000 -0.460000
   -1.760   -1.438    2.076    2.372    9.671   10.239   11.102   11.114
           -0.040000 -1.000000 -0.440000
   -1.754   -1.451    2.083    2.394    9.468   10.067   11.287   11.338
           -0.040000 -1.000000 -0.420000
   -1.750   -1.464    2.097    2.420    9.263    9.871   11.503   11.571
           -0.040000 -1.000000 -0.400000
   -1.746   -1.479    2.117    2.452    9.059    9.667   11.733   11.811
           -0.040000 -1.000000 -0.380000
   -1.743   -1.494    2.143    2.488    8.858    9.461   11.971   12.055
           -0.040000 -1.000000 -0.360000
   -1.742   -1.510    2.175    2.528    8.661    9.257   12.215   12.302
           -0.040000 -1.000000 -0.340000
   -1.742   -1.526    2.212    2.573    8.469    9.056   12.461   12.552
           -0.040000 -1.000000 -0.320000
   -1.742   -1.543    2.254    2.620    8.282    8.859   12.710   12.804
           -0.040000 -1.000000 -0.300000
   -1.743   -1.560    2.301    2.670    8.102    8.665   12.961   13.058
           -0.040000 -1.000000 -0.280000
   -1.745   -1.577    2.352    2.722    7.928    8.477   13.213   13.312
           -0.040000 -1.000000 -0.260000
   -1.747   -1.593    2.407    2.776    7.763    8.295   13.466   13.567
           -0.040000 -1.000000 -0.240000
   -1.749   -1.610    2.465    2.830    7.605    8.118   13.718   13.821
           -0.040000 -1.000000 -0.220000
   -1.751   -1.626    2.526    2.883    7.457    7.948   13.968   14.074
           -0.040000 -1.000000 -0.200000
   -1.754   -1.641    2.590    2.935    7.320    7.785   14.215   14.323
           -0.040000 -1.000000 -0.180000
   -1.756   -1.656    2.654    2.985    7.193    7.631   14.457   14.568
           -0.040000 -1.000000 -0.160000
   -1.757   -1.670    2.719    3.031    7.079    7.485   14.691   14.804
           -0.040000 -1.000000 -0.140000
   -1.759   -1.683    2.784    3.072    6.979    7.348   14.914   15.027
           -0.040000 -1.000000 -0.120000
   -1.759   -1.695    2.847    3.107    6.894    7.222   15.119   15.232
           -0.040000 -1.000000 -0.100000
   -1.759   -1.706    2.908    3.134    6.824    7.107   15.301   15.408
           -0.040000 -1.000000 -0.080000
   -1.759   -1.716    2.965    3.153    6.772    7.005   15.450   15.548
           -0.040000 -1.000000 -0.060000
   -1.757   -1.725    3.017    3.162    6.738    6.917   15.565   15.646
           -0.040000 -1.000000 -0.040000
   -1.754   -1.733    3.063    3.162    6.722    6.844   15.646   15.703
           -0.040000 -1.000000 -0.020000
   -1.751   -1.740    3.101    3.151    6.725    6.787   15.697   15.727
           -0.040000 -1.000000  0.000000
   -1.746   -1.746    3.131    3.131    6.747    6.747   15.724   15.724
           -0.040000 -1.000000  0.020000
   -1.751   -1.740    3.101    3.151    6.725    6.787   15.697   15.727
           -0.040000 -1.000000  0.040000
   -1.754   -1.733    3.063    3.162    6.722    6.844   15.646   15.703
           -0.040000 -1.000000  0.060000
   -1.757   -1.725    3.017    3.162    6.738    6.917   15.565   15.646
           -0.040000 -1.000000  0.080000
   -1.759   -1.716    2.965    3.153    6.772    7.005   15.450   15.548
           -0.040000 -1.000000  0.100000
   -1.759   -1.706    2.908    3.134    6.824    7.107   15.301   15.408
           -0.040000 -1.000000  0.120000
   -1.759   -1.695    2.847    3.107    6.894    7.222   15.119   15.232
           -0.040000 -1.000000  0.140000
   -1.759   -1.683    2.784    3.072    6.979    7.348   14.914   15.027
           -0.040000 -1.000000  0.160000
   -1.757   -1.670    2.719    3.031    7.079    7.485   14.691   14.804
           -0.040000 -1.000000  0.180000
   -1.756   -1.656    2.654    2.985    7.193    7.631   14.457   14.568
           -0.040000 -1.000000  0.200000
   -1.754   -1.641    2.590    2.935    7.320    7.785   14.215   14.323
           -0.040000 -1.000000  0.220000
   -1.751   -1.626    2.526    2.883    7.457    7.948   13.968   14.074
           -0.040000 -1.000000  0.240000
   -1.749   -1.610    2.465    2.830    7.605    8.118   13.718   13.821
           -0.040000 -1.000000  0.260000
   -1.747   -1.593    2.407    2.776    7.763    8.295   13.466   13.567
           -0.040000 -1.000000  0.280000
   -1.745   -1.577    2.352    2.722    7.928    8.477   13.213   13.312
           -0.040000 -1.000000  0.300000
   -1.743   -1.560    2.301    2.670    8.102    8.665   12.961   13.058
           -0.040000 -1.000000  0.320000
   -1.742   -1.543    2.254    2.620    8.282    8.859   12.710   12.804
           -0.040000 -1.000000  0.340000
   -1.742   -1.526    2.212    2.573    8.469    9.056   12.461   12.552
           -0.040000 -1.000000  0.360000
   -1.742   -1.510    2.175    2.528    8.661    9.257   12.215   12.302
           -0.040000 -1.000000  0.380000
   -1.743   -1.494    2.143    2.488    8.858    9.461   11.971   12.055
           -0.040000 -1.000000  0.400000
   -1.746   -1.479    2.117    2.452    9.059    9.667   11.733   11.811
           -0.040000 -1.000000  0.420000
   -1.750   -1.464    2.097    2.420    9.263    9.871   11.503   11.571
           -0.040000 -1.000000  0.440000
   -1.754   -1.451    2.083    2.394    9.468   10.067   11.287   11.338
           -0.040000 -1.000000  0.460000
   -1.760   -1.438    2.076    2.372    9.671   10.239   11.102   11.114
           -0.040000 -1.000000  0.480000
   -1.768   -1.427    2.074    2.356    9.863   10.335   10.908   10.999
           -0.040000 -1.000000  0.500000
   -1.776   -1.417    2.079    2.346   10.018   10.287   10.746   11.046
           -0.040000 -1.000000  0.520000
   -1.786   -1.409    2.089    2.341   10.068   10.133   10.697   11.206
           -0.040000 -1.000000  0.540000
   -1.797   -1.401    2.106    2.343    9.940    9.970   10.802   11.411
           -0.040000 -1.000000  0.560000
   -1.808   -1.396    2.129    2.350    9.735    9.799   10.988   11.636
           -0.040000 -1.000000  0.580000
   -1.821   -1.391    2.157    2.362    9.527    9.604   11.204   11.870
           -0.040000 -1.000000  0.600000
   -1.835   -1.388    2.191    2.381    9.318    9.403   11.434   12.110
           -0.040000 -1.000000  0.620000
   -1.849   -1.387    2.229    2.405    9.112    9.202   11.671   12.355
           -0.040000 -1.000000  0.640000
   -1.863   -1.386    2.273    2.434    8.909    9.002   11.913   12.603
           -0.040000 -1.000000  0.660000
   -1.878   -1.387    2.321    2.468    8.711    8.806   12.159   12.854
           -0.040000 -1.000000  0.680000
   -1.893   -1.389    2.374    2.506    8.517    8.615   12.408   13.106
           -0.040000 -1.000000  0.700000
   -1.908   -1.392    2.429    2.549    8.328    8.429   12.658   13.359
           -0.040000 -1.000000  0.720000
   -1.923   -1.395    2.488    2.595    8.145    8.248   12.910   13.613
           -0.040000 -1.000000  0.740000
   -1.938   -1.399    2.549    2.644    7.969    8.075   13.163   13.867
           -0.040000 -1.000000  0.760000
   -1.952   -1.403    2.613    2.695    7.799    7.908   13.416   14.118
           -0.040000 -1.000000  0.780000
   -1.966   -1.408    2.677    2.748    7.637    7.749   13.668   14.367
           -0.040000 -1.000000  0.800000
   -1.978   -1.413    2.741    2.802    7.484    7.599   13.918   14.609
           -0.040000 -1.000000  0.820000
   -1.990   -1.418    2.805    2.856    7.340    7.459   14.165   14.840
           -0.040000 -1.000000  0.840000
   -2.001   -1.422    2.867    2.909    7.206    7.329   14.407   15.054
           -0.040000 -1.000000  0.860000
   -2.011   -1.427    2.926    2.959    7.084    7.210   14.642   15.240
           -0.040000 -1.000000  0.880000
   -2.020   -1.431    2.981    3.006    6.974    7.104   14.866   15.389
           -0.040000 -1.000000  0.900000
   -2.028   -1.434    3.031    3.049    6.878    7.011   15.075   15.495
           -0.040000 -1.000000  0.920000
   -2.034   -1.437    3.074    3.086    6.797    6.934   15.263   15.563
           -0.040000 -1.000000  0.940000
   -2.039   -1.440    3.110    3.116    6.733    6.872   15.422   15.605
           -0.040000 -1.000000  0.960000
   -2.042   -1.442    3.136    3.139    6.686    6.827   15.544   15.630
           -0.040000 -1.000000  0.980000
   -2.044   -1.443    3.152    3.153    6.657    6.800   15.620   15.643
           -0.040000 -1.000000  1.000000
   -2.045   -1.443    3.157    3.157    6.647    6.791   15.647   15.647
