 &plot nbnd=   8, nks=   101 /
           -0.920000 -0.020000 -1.000000
   -1.888   -1.589    3.073    3.078    6.824    6.893   15.410   15.585
           -0.920000 -0.020000 -0.980000
   -1.887   -1.589    3.024    3.119    6.799    6.935   15.404   15.575
           -0.920000 -0.020000 -0.960000
   -1.887   -1.586    2.967    3.154    6.770    7.012   15.384   15.546
           -0.920000 -0.020000 -0.940000
   -1.886   -1.582    2.904    3.180    6.756    7.106   15.343   15.496
           -0.920000 -0.020000 -0.920000
   -1.884   -1.577    2.838    3.196    6.760    7.214   15.265   15.429
           -0.920000 -0.020000 -0.900000
   -1.883   -1.570    2.769    3.202    6.782    7.334   15.138   15.349
           -0.920000 -0.020000 -0.880000
   -1.881   -1.562    2.699    3.198    6.823    7.464   14.967   15.245
           -0.920000 -0.020000 -0.860000
   -1.879   -1.552    2.628    3.185    6.881    7.604   14.766   15.101
           -0.920000 -0.020000 -0.840000
   -1.877   -1.541    2.558    3.163    6.957    7.753   14.545   14.918
           -0.920000 -0.020000 -0.820000
   -1.875   -1.528    2.489    3.134    7.048    7.909   14.313   14.705
           -0.920000 -0.020000 -0.800000
   -1.874   -1.514    2.422    3.098    7.154    8.074   14.072   14.473
           -0.920000 -0.020000 -0.780000
   -1.872   -1.499    2.358    3.058    7.274    8.245   13.826   14.231
           -0.920000 -0.020000 -0.760000
   -1.872   -1.483    2.298    3.014    7.406    8.422   13.577   13.983
           -0.920000 -0.020000 -0.740000
   -1.872   -1.466    2.241    2.968    7.549    8.605   13.326   13.731
           -0.920000 -0.020000 -0.720000
   -1.873   -1.448    2.189    2.920    7.702    8.793   13.075   13.478
           -0.920000 -0.020000 -0.700000
   -1.876   -1.429    2.141    2.871    7.865    8.986   12.825   13.224
           -0.920000 -0.020000 -0.680000
   -1.879   -1.410    2.098    2.824    8.035    9.183   12.575   12.971
           -0.920000 -0.020000 -0.660000
   -1.884   -1.390    2.061    2.777    8.214    9.384   12.328   12.720
           -0.920000 -0.020000 -0.640000
   -1.889   -1.369    2.030    2.733    8.398    9.587   12.083   12.470
           -0.920000 -0.020000 -0.620000
   -1.897   -1.349    2.004    2.691    8.589    9.792   11.843   12.222
           -0.920000 -0.020000 -0.600000
   -1.906   -1.329    1.984    2.652    8.785    9.996   11.609   11.979
           -0.920000 -0.020000 -0.580000
   -1.916   -1.309    1.971    2.617    8.986   10.194   11.386   11.740
           -0.920000 -0.020000 -0.560000
   -1.927   -1.289    1.963    2.587    9.189   10.369   11.187   11.511
           -0.920000 -0.020000 -0.540000
   -1.940   -1.270    1.962    2.561    9.394   10.473   11.045   11.307
           -0.920000 -0.020000 -0.520000
   -1.955   -1.251    1.967    2.540    9.596   10.431   10.949   11.222
           -0.920000 -0.020000 -0.500000
   -1.971   -1.234    1.978    2.524    9.783   10.282   10.785   11.340
           -0.920000 -0.020000 -0.480000
   -1.987   -1.218    1.995    2.514    9.905   10.124   10.631   11.535
           -0.920000 -0.020000 -0.460000
   -2.005   -1.203    2.017    2.509    9.814   10.056   10.589   11.755
           -0.920000 -0.020000 -0.440000
   -2.024   -1.189    2.045    2.510    9.621    9.933   10.706   11.986
           -0.920000 -0.020000 -0.420000
   -2.043   -1.176    2.078    2.516    9.416    9.753   10.898   12.225
           -0.920000 -0.020000 -0.400000
   -2.063   -1.165    2.116    2.529    9.210    9.557   11.118   12.468
           -0.920000 -0.020000 -0.380000
   -2.083   -1.155    2.159    2.547    9.006    9.356   11.349   12.715
           -0.920000 -0.020000 -0.360000
   -2.103   -1.147    2.207    2.570    8.805    9.156   11.587   12.965
           -0.920000 -0.020000 -0.340000
   -2.124   -1.140    2.258    2.599    8.609    8.960   11.829   13.216
           -0.920000 -0.020000 -0.320000
   -2.144   -1.135    2.313    2.632    8.418    8.767   12.074   13.469
           -0.920000 -0.020000 -0.300000
   -2.164   -1.130    2.371    2.669    8.232    8.579   12.322   13.721
           -0.920000 -0.020000 -0.280000
   -2.183   -1.127    2.431    2.711    8.052    8.396   12.572   13.973
           -0.920000 -0.020000 -0.260000
   -2.202   -1.125    2.494    2.755    7.879    8.220   12.822   14.221
           -0.920000 -0.020000 -0.240000
   -2.219   -1.123    2.559    2.802    7.714    8.051   13.073   14.463
           -0.920000 -0.020000 -0.220000
   -2.236   -1.123    2.625    2.851    7.556    7.889   13.323   14.691
           -0.920000 -0.020000 -0.200000
   -2.252   -1.123    2.691    2.900    7.408    7.736   13.571   14.895
           -0.920000 -0.020000 -0.180000
   -2.267   -1.123    2.757    2.949    7.268    7.592   13.817   15.057
           -0.920000 -0.020000 -0.160000
   -2.280   -1.124    2.821    2.996    7.140    7.459   14.059   15.166
           -0.920000 -0.020000 -0.140000
   -2.292   -1.125    2.884    3.041    7.023    7.336   14.295   15.231
           -0.920000 -0.020000 -0.120000
   -2.303   -1.126    2.943    3.081    6.919    7.227   14.522   15.268
           -0.920000 -0.020000 -0.100000
   -2.312   -1.127    2.998    3.116    6.828    7.130   14.736   15.290
           -0.920000 -0.020000 -0.080000
   -2.319   -1.128    3.048    3.144    6.752    7.049   14.931   15.303
           -0.920000 -0.020000 -0.060000
   -2.325   -1.129    3.091    3.165    6.692    6.985   15.100   15.312
           -0.920000 -0.020000 -0.040000
   -2.329   -1.130    3.127    3.176    6.648    6.937   15.232   15.317
           -0.920000 -0.020000 -0.020000
   -2.332   -1.130    3.153    3.178    6.622    6.909   15.315   15.323
           -0.920000 -0.020000  0.000000
   -2.333   -1.130    3.170    3.172    6.613    6.899   15.320   15.349
           -0.920000 -0.020000  0.020000
   -2.332   -1.130    3.153    3.178    6.622    6.909   15.315   15.323
           -0.920000 -0.020000  0.040000
   -2.329   -1.130    3.127    3.176    6.648    6.937   15.232   15.317
           -0.920000 -0.020000  0.060000
   -2.325   -1.129    3.091    3.165    6.692    6.985   15.100   15.312
           -0.920000 -0.020000  0.080000
   -2.319   -1.128    3.048    3.144    6.752    7.049   14.931   15.303
           -0.920000 -0.020000  0.100000
   -2.312   -1.127    2.998    3.116    6.828    7.130   14.736   15.290
           -0.920000 -0.020000  0.120000
   -2.303   -1.126    2.943    3.081    6.919    7.227   14.522   15.268
           -0.920000 -0.020000  0.140000
   -2.292   -1.125    2.884    3.041    7.023    7.336   14.295   15.231
           -0.920000 -0.020000  0.160000
   -2.280   -1.124    2.821    2.996    7.140    7.459   14.059   15.166
           -0.920000 -0.020000  0.180000
   -2.267   -1.123    2.757    2.949    7.268    7.592   13.817   15.057
           -0.920000 -0.020000  0.200000
   -2.252   -1.123    2.691    2.900    7.408    7.736   13.571   14.895
           -0.920000 -0.020000  0.220000
   -2.236   -1.123    2.625    2.851    7.556    7.889   13.323   14.691
           -0.920000 -0.020000  0.240000
   -2.219   -1.123    2.559    2.802    7.714    8.051   13.073   14.463
           -0.920000 -0.020000  0.260000
   -2.202   -1.125    2.494    2.755    7.879    8.220   12.822   14.221
           -0.920000 -0.020000  0.280000
   -2.183   -1.127    2.431    2.711    8.052    8.396   12.572   13.973
           -0.920000 -0.020000  0.300000
   -2.164   -1.130    2.371    2.669    8.232    8.579   12.322   13.721
           -0.920000 -0.020000  0.320000
   -2.144   -1.135    2.313    2.632    8.418    8.767   12.074   13.469
           -0.920000 -0.020000  0.340000
   -2.124   -1.140    2.258    2.599    8.609    8.960   11.829   13.216
           -0.920000 -0.020000  0.360000
   -2.103   -1.147    2.207    2.570    8.805    9.156   11.587   12.965
           -0.920000 -0.020000  0.380000
   -2.083   -1.155    2.159    2.547    9.006    9.356   11.349   12.715
           -0.920000 -0.020000  0.400000
   -2.063   -1.165    2.116    2.529    9.210    9.557   11.118   12.468
           -0.920000 -0.020000  0.420000
   -2.043   -1.176    2.078    2.516    9.416    9.753   10.898   12.225
           -0.920000 -0.020000  0.440000
   -2.024   -1.189    2.045    2.510    9.621    9.933   10.706   11.986
           -0.920000 -0.020000  0.460000
   -2.005   -1.203    2.017    2.509    9.814   10.056   10.589   11.755
           -0.920000 -0.020000  0.480000
   -1.987   -1.218    1.995    2.514    9.905   10.124   10.631   11.535
           -0.920000 -0.020000  0.500000
   -1.971   -1.234    1.978    2.524    9.783   10.282   10.785   11.340
           -0.920000 -0.020000  0.520000
   -1.955   -1.251    1.967    2.540    9.596   10.431   10.949   11.222
           -0.920000 -0.020000  0.540000
   -1.940   -1.270    1.962    2.561    9.394   10.473   11.045   11.307
           -0.920000 -0.020000  0.560000
   -1.927   -1.289    1.963    2.587    9.189   10.369   11.187   11.511
           -0.920000 -0.020000  0.580000
   -1.916   -1.309    1.971    2.617    8.986   10.194   11.386   11.740
           -0.920000 -0.020000  0.600000
   -1.906   -1.329    1.984    2.652    8.785    9.996   11.609   11.979
           -0.920000 -0.020000  0.620000
   -1.897   -1.349    2.004    2.691    8.589    9.792   11.843   12.222
           -0.920000 -0.020000  0.640000
   -1.889   -1.369    2.030    2.733    8.398    9.587   12.083   12.470
           -0.920000 -0.020000  0.660000
   -1.884   -1.390    2.061    2.777    8.214    9.384   12.328   12.720
           -0.920000 -0.020000  0.680000
   -1.879   -1.410    2.098    2.824    8.035    9.183   12.575   12.971
           -0.920000 -0.020000  0.700000
   -1.876   -1.429    2.141    2.871    7.865    8.986   12.825   13.224
           -0.920000 -0.020000  0.720000
   -1.873   -1.448    2.189    2.920    7.702    8.793   13.075   13.478
           -0.920000 -0.020000  0.740000
   -1.872   -1.466    2.241    2.968    7.549    8.605   13.326   13.731
           -0.920000 -0.020000  0.760000
   -1.872   -1.483    2.298    3.014    7.406    8.422   13.577   13.983
           -0.920000 -0.020000  0.780000
   -1.872   -1.499    2.358    3.058    7.274    8.245   13.826   14.231
           -0.920000 -0.020000  0.800000
   -1.874   -1.514    2.422    3.098    7.154    8.074   14.072   14.473
           -0.920000 -0.020000  0.820000
   -1.875   -1.528    2.489    3.134    7.048    7.909   14.313   14.705
           -0.920000 -0.020000  0.840000
   -1.877   -1.541    2.558    3.163    6.957    7.753   14.545   14.918
           -0.920000 -0.020000  0.860000
   -1.879   -1.552    2.628    3.185    6.881    7.604   14.766   15.101
           -0.920000 -0.020000  0.880000
   -1.881   -1.562    2.699    3.198    6.823    7.464   14.967   15.245
           -0.920000 -0.020000  0.900000
   -1.883   -1.570    2.769    3.202    6.782    7.334   15.138   15.349
           -0.920000 -0.020000  0.920000
   -1.884   -1.577    2.838    3.196    6.760    7.214   15.265   15.429
           -0.920000 -0.020000  0.940000
   -1.886   -1.582    2.904    3.180    6.756    7.106   15.343   15.496
           -0.920000 -0.020000  0.960000
   -1.887   -1.586    2.967    3.154    6.770    7.012   15.384   15.546
           -0.920000 -0.020000  0.980000
   -1.887   -1.589    3.024    3.119    6.799    6.935   15.404   15.575
           -0.920000 -0.020000  1.000000
   -1.888   -1.589    3.073    3.078    6.824    6.893   15.410   15.585
