 &plot nbnd=   8, nks=    41 /
           -0.900000  0.650000 -1.000000
   -5.554    2.529    3.767    4.104    6.929    8.423    9.163    9.395
           -0.900000  0.650000 -0.950000
   -5.545    2.459    3.826    4.070    6.968    8.368    9.160    9.431
           -0.900000  0.650000 -0.900000
   -5.517    2.284    3.951    3.994    7.074    8.234    9.133    9.539
           -0.900000  0.650000 -0.850000
   -5.471    2.054    3.824    4.148    7.225    8.082    9.072    9.703
           -0.900000  0.650000 -0.800000
   -5.406    1.800    3.648    4.305    7.368    7.989    8.984    9.909
           -0.900000  0.650000 -0.750000
   -5.323    1.537    3.453    4.417    7.424    8.052    8.878   10.146
           -0.900000  0.650000 -0.700000
   -5.222    1.272    3.249    4.460    7.414    8.264    8.766   10.388
           -0.900000  0.650000 -0.650000
   -5.103    1.010    3.045    4.422    7.427    8.488    8.710   10.550
           -0.900000  0.650000 -0.600000
   -4.967    0.752    2.845    4.304    7.495    8.453    8.952   10.494
           -0.900000  0.650000 -0.550000
   -4.815    0.499    2.653    4.124    7.610    8.347    9.297   10.297
           -0.900000  0.650000 -0.500000
   -4.647    0.251    2.470    3.901    7.735    8.273    9.630   10.106
           -0.900000  0.650000 -0.450000
   -4.463    0.008    2.299    3.655    7.796    8.305    9.688   10.214
           -0.900000  0.650000 -0.400000
   -4.265   -0.233    2.141    3.404    7.755    8.473    9.509   10.591
           -0.900000  0.650000 -0.350000
   -4.053   -0.472    1.996    3.159    7.672    8.718    9.321   11.012
           -0.900000  0.650000 -0.300000
   -3.830   -0.711    1.866    2.931    7.582    8.998    9.156   11.445
           -0.900000  0.650000 -0.250000
   -3.597   -0.952    1.752    2.729    7.498    8.999    9.320   11.878
           -0.900000  0.650000 -0.200000
   -3.356   -1.195    1.654    2.559    7.426    8.882    9.651   12.270
           -0.900000  0.650000 -0.150000
   -3.111   -1.438    1.575    2.424    7.368    8.789   10.001   12.329
           -0.900000  0.650000 -0.100000
   -2.869   -1.677    1.516    2.327    7.325    8.723   10.367   11.980
           -0.900000  0.650000 -0.050000
   -2.652   -1.893    1.479    2.269    7.299    8.683   10.745   11.578
           -0.900000  0.650000  0.000000
   -2.543   -2.001    1.467    2.249    7.291    8.670   11.052   11.262
           -0.900000  0.650000  0.050000
   -2.652   -1.893    1.479    2.269    7.299    8.683   10.745   11.578
           -0.900000  0.650000  0.100000
   -2.869   -1.677    1.516    2.327    7.325    8.723   10.367   11.980
           -0.900000  0.650000  0.150000
   -3.111   -1.438    1.575    2.424    7.368    8.789   10.001   12.329
           -0.900000  0.650000  0.200000
   -3.356   -1.195    1.654    2.559    7.426    8.882    9.651   12.270
           -0.900000  0.650000  0.250000
   -3.597   -0.952    1.752    2.729    7.498    8.999    9.320   11.878
           -0.900000  0.650000  0.300000
   -3.830   -0.711    1.866    2.931    7.582    8.998    9.156   11.445
           -0.900000  0.650000  0.350000
   -4.053   -0.472    1.996    3.159    7.672    8.718    9.321   11.012
           -0.900000  0.650000  0.400000
   -4.265   -0.233    2.141    3.404    7.755    8.473    9.509   10.591
           -0.900000  0.650000  0.450000
   -4.463    0.008    2.299    3.655    7.796    8.305    9.688   10.214
           -0.900000  0.650000  0.500000
   -4.647    0.251    2.470    3.901    7.735    8.273    9.630   10.106
           -0.900000  0.650000  0.550000
   -4.815    0.499    2.653    4.124    7.610    8.347    9.297   10.297
           -0.900000  0.650000  0.600000
   -4.967    0.752    2.845    4.304    7.495    8.453    8.952   10.494
           -0.900000  0.650000  0.650000
   -5.103    1.010    3.045    4.422    7.427    8.488    8.710   10.550
           -0.900000  0.650000  0.700000
   -5.222    1.272    3.249    4.460    7.414    8.264    8.766   10.388
           -0.900000  0.650000  0.750000
   -5.323    1.537    3.453    4.417    7.424    8.052    8.878   10.146
           -0.900000  0.650000  0.800000
   -5.406    1.800    3.648    4.305    7.368    7.989    8.984    9.909
           -0.900000  0.650000  0.850000
   -5.471    2.054    3.824    4.148    7.225    8.082    9.072    9.703
           -0.900000  0.650000  0.900000
   -5.517    2.284    3.951    3.994    7.074    8.234    9.133    9.539
           -0.900000  0.650000  0.950000
   -5.545    2.459    3.826    4.070    6.968    8.368    9.160    9.431
           -0.900000  0.650000  1.000000
   -5.554    2.529    3.767    4.104    6.929    8.423    9.163    9.395
