 &plot nbnd=   8, nks=   101 /
           -0.400000 -0.320000 -1.000000
   -2.773   -0.562    1.703    3.896    7.792   11.597   12.336   12.473
           -0.400000 -0.320000 -0.980000
   -2.775   -0.566    1.711    3.897    7.794   11.569   12.330   12.491
           -0.400000 -0.320000 -0.960000
   -2.781   -0.574    1.737    3.901    7.799   11.494   12.315   12.521
           -0.400000 -0.320000 -0.940000
   -2.790   -0.588    1.778    3.907    7.808   11.388   12.284   12.520
           -0.400000 -0.320000 -0.920000
   -2.804   -0.606    1.835    3.916    7.819   11.264   12.221   12.496
           -0.400000 -0.320000 -0.900000
   -2.821   -0.626    1.905    3.928    7.835   11.130   12.122   12.481
           -0.400000 -0.320000 -0.880000
   -2.843   -0.648    1.987    3.942    7.853   10.992   11.996   12.481
           -0.400000 -0.320000 -0.860000
   -2.869   -0.668    2.080    3.958    7.874   10.851   11.856   12.491
           -0.400000 -0.320000 -0.840000
   -2.899   -0.688    2.182    3.977    7.899   10.709   11.710   12.509
           -0.400000 -0.320000 -0.820000
   -2.933   -0.704    2.292    3.999    7.925   10.567   11.562   12.531
           -0.400000 -0.320000 -0.800000
   -2.972   -0.716    2.409    4.023    7.955   10.426   11.413   12.558
           -0.400000 -0.320000 -0.780000
   -3.014   -0.723    2.531    4.050    7.986   10.287   11.266   12.589
           -0.400000 -0.320000 -0.760000
   -3.061   -0.726    2.658    4.079    8.019   10.150   11.120   12.624
           -0.400000 -0.320000 -0.740000
   -3.111   -0.722    2.788    4.110    8.052   10.015   10.978   12.661
           -0.400000 -0.320000 -0.720000
   -3.164   -0.713    2.921    4.144    8.086    9.884   10.840   12.702
           -0.400000 -0.320000 -0.700000
   -3.219   -0.698    3.056    4.181    8.119    9.758   10.706   12.747
           -0.400000 -0.320000 -0.680000
   -3.277   -0.678    3.191    4.220    8.149    9.637   10.576   12.794
           -0.400000 -0.320000 -0.660000
   -3.338   -0.651    3.326    4.261    8.175    9.524   10.452   12.844
           -0.400000 -0.320000 -0.640000
   -3.399   -0.619    3.460    4.306    8.193    9.422   10.333   12.897
           -0.400000 -0.320000 -0.620000
   -3.462   -0.581    3.592    4.353    8.202    9.334   10.220   12.954
           -0.400000 -0.320000 -0.600000
   -3.525   -0.538    3.720    4.403    8.196    9.262   10.113   13.013
           -0.400000 -0.320000 -0.580000
   -3.589   -0.490    3.844    4.456    8.175    9.211   10.012   13.074
           -0.400000 -0.320000 -0.560000
   -3.653   -0.437    3.961    4.513    8.137    9.182    9.918   13.139
           -0.400000 -0.320000 -0.540000
   -3.716   -0.380    4.071    4.573    8.084    9.172    9.830   13.206
           -0.400000 -0.320000 -0.520000
   -3.779   -0.317    4.172    4.635    8.020    9.180    9.749   13.275
           -0.400000 -0.320000 -0.500000
   -3.841   -0.251    4.265    4.698    7.951    9.200    9.675   13.347
           -0.400000 -0.320000 -0.480000
   -3.902   -0.180    4.348    4.759    7.881    9.230    9.607   13.421
           -0.400000 -0.320000 -0.460000
   -3.961   -0.106    4.424    4.815    7.815    9.266    9.548   13.494
           -0.400000 -0.320000 -0.440000
   -4.019   -0.027    4.493    4.864    7.758    9.303    9.496   13.566
           -0.400000 -0.320000 -0.420000
   -4.076    0.055    4.556    4.900    7.714    9.338    9.457   13.626
           -0.400000 -0.320000 -0.400000
   -4.130    0.140    4.614    4.922    7.684    9.353    9.446   13.650
           -0.400000 -0.320000 -0.380000
   -4.183    0.229    4.668    4.926    7.672    9.339    9.469   13.597
           -0.400000 -0.320000 -0.360000
   -4.233    0.321    4.717    4.913    7.679    9.316    9.507   13.474
           -0.400000 -0.320000 -0.340000
   -4.281    0.416    4.759    4.884    7.704    9.295    9.548   13.320
           -0.400000 -0.320000 -0.320000
   -4.327    0.514    4.778    4.858    7.747    9.279    9.589   13.154
           -0.400000 -0.320000 -0.300000
   -4.370    0.614    4.736    4.874    7.805    9.268    9.630   12.982
           -0.400000 -0.320000 -0.280000
   -4.411    0.717    4.660    4.908    7.877    9.261    9.671   12.810
           -0.400000 -0.320000 -0.260000
   -4.450    0.821    4.568    4.943    7.959    9.258    9.711   12.640
           -0.400000 -0.320000 -0.240000
   -4.485    0.928    4.466    4.976    8.049    9.258    9.752   12.471
           -0.400000 -0.320000 -0.220000
   -4.518    1.035    4.357    5.007    8.146    9.261    9.794   12.307
           -0.400000 -0.320000 -0.200000
   -4.549    1.144    4.243    5.035    8.246    9.266    9.837   12.148
           -0.400000 -0.320000 -0.180000
   -4.576    1.252    4.126    5.061    8.348    9.272    9.882   11.994
           -0.400000 -0.320000 -0.160000
   -4.601    1.360    4.008    5.084    8.449    9.277    9.930   11.848
           -0.400000 -0.320000 -0.140000
   -4.623    1.467    3.892    5.105    8.549    9.282    9.980   11.709
           -0.400000 -0.320000 -0.120000
   -4.642    1.570    3.778    5.122    8.644    9.284   10.031   11.579
           -0.400000 -0.320000 -0.100000
   -4.658    1.668    3.671    5.137    8.734    9.284   10.084   11.461
           -0.400000 -0.320000 -0.080000
   -4.672    1.757    3.573    5.149    8.815    9.281   10.134   11.356
           -0.400000 -0.320000 -0.060000
   -4.682    1.835    3.488    5.159    8.885    9.274   10.181   11.267
           -0.400000 -0.320000 -0.040000
   -4.689    1.896    3.422    5.166    8.941    9.266   10.220   11.199
           -0.400000 -0.320000 -0.020000
   -4.694    1.936    3.379    5.170    8.978    9.259   10.246   11.155
           -0.400000 -0.320000  0.000000
   -4.695    1.950    3.364    5.171    8.991    9.256   10.255   11.139
           -0.400000 -0.320000  0.020000
   -4.694    1.936    3.379    5.170    8.978    9.259   10.246   11.155
           -0.400000 -0.320000  0.040000
   -4.689    1.896    3.422    5.166    8.941    9.266   10.220   11.199
           -0.400000 -0.320000  0.060000
   -4.682    1.835    3.488    5.159    8.885    9.274   10.181   11.267
           -0.400000 -0.320000  0.080000
   -4.672    1.757    3.573    5.149    8.815    9.281   10.134   11.356
           -0.400000 -0.320000  0.100000
   -4.658    1.668    3.671    5.137    8.734    9.284   10.084   11.461
           -0.400000 -0.320000  0.120000
   -4.642    1.570    3.778    5.122    8.644    9.284   10.031   11.579
           -0.400000 -0.320000  0.140000
   -4.623    1.467    3.892    5.105    8.549    9.282    9.980   11.709
           -0.400000 -0.320000  0.160000
   -4.601    1.360    4.008    5.084    8.449    9.277    9.930   11.848
           -0.400000 -0.320000  0.180000
   -4.576    1.252    4.126    5.061    8.348    9.272    9.882   11.994
           -0.400000 -0.320000  0.200000
   -4.549    1.144    4.243    5.035    8.246    9.266    9.837   12.148
           -0.400000 -0.320000  0.220000
   -4.518    1.035    4.357    5.007    8.146    9.261    9.794   12.307
           -0.400000 -0.320000  0.240000
   -4.485    0.928    4.466    4.976    8.049    9.258    9.752   12.471
           -0.400000 -0.320000  0.260000
   -4.450    0.821    4.568    4.943    7.959    9.258    9.711   12.640
           -0.400000 -0.320000  0.280000
   -4.411    0.717    4.660    4.908    7.877    9.261    9.671   12.810
           -0.400000 -0.320000  0.300000
   -4.370    0.614    4.736    4.874    7.805    9.268    9.630   12.982
           -0.400000 -0.320000  0.320000
   -4.327    0.514    4.778    4.858    7.747    9.279    9.589   13.154
           -0.400000 -0.320000  0.340000
   -4.281    0.416    4.759    4.884    7.704    9.295    9.548   13.320
           -0.400000 -0.320000  0.360000
   -4.233    0.321    4.717    4.913    7.679    9.316    9.507   13.474
           -0.400000 -0.320000  0.380000
   -4.183    0.229    4.668    4.926    7.672    9.339    9.469   13.597
           -0.400000 -0.320000  0.400000
   -4.130    0.140    4.614    4.922    7.684    9.353    9.446   13.650
           -0.400000 -0.320000  0.420000
   -4.076    0.055    4.556    4.900    7.714    9.338    9.457   13.626
           -0.400000 -0.320000  0.440000
   -4.019   -0.027    4.493    4.864    7.758    9.303    9.496   13.566
           -0.400000 -0.320000  0.460000
   -3.961   -0.106    4.424    4.815    7.815    9.266    9.548   13.494
           -0.400000 -0.320000  0.480000
   -3.902   -0.180    4.348    4.759    7.881    9.230    9.607   13.421
           -0.400000 -0.320000  0.500000
   -3.841   -0.251    4.265    4.698    7.951    9.200    9.675   13.347
           -0.400000 -0.320000  0.520000
   -3.779   -0.317    4.172    4.635    8.020    9.180    9.749   13.275
           -0.400000 -0.320000  0.540000
   -3.716   -0.380    4.071    4.573    8.084    9.172    9.830   13.206
           -0.400000 -0.320000  0.560000
   -3.653   -0.437    3.961    4.513    8.137    9.182    9.918   13.139
           -0.400000 -0.320000  0.580000
   -3.589   -0.490    3.844    4.456    8.175    9.211   10.012   13.074
           -0.400000 -0.320000  0.600000
   -3.525   -0.538    3.720    4.403    8.196    9.262   10.113   13.013
           -0.400000 -0.320000  0.620000
   -3.462   -0.581    3.592    4.353    8.202    9.334   10.220   12.954
           -0.400000 -0.320000  0.640000
   -3.399   -0.619    3.460    4.306    8.193    9.422   10.333   12.897
           -0.400000 -0.320000  0.660000
   -3.338   -0.651    3.326    4.261    8.175    9.524   10.452   12.844
           -0.400000 -0.320000  0.680000
   -3.277   -0.678    3.191    4.220    8.149    9.637   10.576   12.794
           -0.400000 -0.320000  0.700000
   -3.219   -0.698    3.056    4.181    8.119    9.758   10.706   12.747
           -0.400000 -0.320000  0.720000
   -3.164   -0.713    2.921    4.144    8.086    9.884   10.840   12.702
           -0.400000 -0.320000  0.740000
   -3.111   -0.722    2.788    4.110    8.052   10.015   10.978   12.661
           -0.400000 -0.320000  0.760000
   -3.061   -0.726    2.658    4.079    8.019   10.150   11.120   12.624
           -0.400000 -0.320000  0.780000
   -3.014   -0.723    2.531    4.050    7.986   10.287   11.266   12.589
           -0.400000 -0.320000  0.800000
   -2.972   -0.716    2.409    4.023    7.955   10.426   11.413   12.558
           -0.400000 -0.320000  0.820000
   -2.933   -0.704    2.292    3.999    7.925   10.567   11.562   12.531
           -0.400000 -0.320000  0.840000
   -2.899   -0.688    2.182    3.977    7.899   10.709   11.710   12.509
           -0.400000 -0.320000  0.860000
   -2.869   -0.668    2.080    3.958    7.874   10.851   11.856   12.491
           -0.400000 -0.320000  0.880000
   -2.843   -0.648    1.987    3.942    7.853   10.992   11.996   12.481
           -0.400000 -0.320000  0.900000
   -2.821   -0.626    1.905    3.928    7.835   11.130   12.122   12.481
           -0.400000 -0.320000  0.920000
   -2.804   -0.606    1.835    3.916    7.819   11.264   12.221   12.496
           -0.400000 -0.320000  0.940000
   -2.790   -0.588    1.778    3.907    7.808   11.388   12.284   12.520
           -0.400000 -0.320000  0.960000
   -2.781   -0.574    1.737    3.901    7.799   11.494   12.315   12.521
           -0.400000 -0.320000  0.980000
   -2.775   -0.566    1.711    3.897    7.794   11.569   12.330   12.491
           -0.400000 -0.320000  1.000000
   -2.773   -0.562    1.703    3.896    7.792   11.597   12.336   12.473
