 &plot nbnd=   8, nks=    41 /
           -0.200000  0.700000 -1.000000
   -3.548   -1.219    1.749    2.310    7.310    7.836   10.077   12.653
           -0.200000  0.700000 -0.950000
   -3.547   -1.229    1.721    2.362    7.177    8.008   10.081   12.523
           -0.200000  0.700000 -0.900000
   -3.545   -1.257    1.663    2.486    6.963    8.342   10.092   12.189
           -0.200000  0.700000 -0.850000
   -3.542   -1.298    1.610    2.641    6.778    8.730   10.109   11.751
           -0.200000  0.700000 -0.800000
   -3.541   -1.347    1.576    2.797    6.653    9.153   10.129   11.272
           -0.200000  0.700000 -0.750000
   -3.545   -1.394    1.567    2.932    6.604    9.602   10.137   10.793
           -0.200000  0.700000 -0.700000
   -3.558   -1.430    1.580    3.032    6.642   10.034   10.084   10.416
           -0.200000  0.700000 -0.650000
   -3.581   -1.449    1.614    3.090    6.771    9.664   10.326   10.571
           -0.200000  0.700000 -0.600000
   -3.616   -1.444    1.663    3.110    6.983    9.200   10.341   11.080
           -0.200000  0.700000 -0.550000
   -3.664   -1.413    1.723    3.101    7.264    8.742   10.368   11.605
           -0.200000  0.700000 -0.500000
   -3.722   -1.355    1.787    3.077    7.581    8.328   10.390   11.471
           -0.200000  0.700000 -0.450000
   -3.787   -1.273    1.850    3.049    7.708    8.179   10.390   10.963
           -0.200000  0.700000 -0.400000
   -3.856   -1.171    1.907    3.025    7.418    8.519   10.252   10.610
           -0.200000  0.700000 -0.350000
   -3.925   -1.054    1.954    3.007    7.103    8.952    9.846   10.544
           -0.200000  0.700000 -0.300000
   -3.990   -0.929    1.994    2.989    6.838    9.314    9.485   10.551
           -0.200000  0.700000 -0.250000
   -4.050   -0.802    2.031    2.963    6.641    8.934    9.873   10.586
           -0.200000  0.700000 -0.200000
   -4.101   -0.682    2.069    2.920    6.521    8.527   10.228   10.711
           -0.200000  0.700000 -0.150000
   -4.143   -0.576    2.114    2.857    6.481    8.156   10.379   11.026
           -0.200000  0.700000 -0.100000
   -4.173   -0.493    2.165    2.781    6.507    7.839   10.420   11.412
           -0.200000  0.700000 -0.050000
   -4.192   -0.440    2.212    2.712    6.568    7.606   10.433   11.728
           -0.200000  0.700000  0.000000
   -4.198   -0.422    2.234    2.683    6.602    7.515   10.436   11.858
           -0.200000  0.700000  0.050000
   -4.192   -0.440    2.212    2.712    6.568    7.606   10.433   11.728
           -0.200000  0.700000  0.100000
   -4.173   -0.493    2.165    2.781    6.507    7.839   10.420   11.412
           -0.200000  0.700000  0.150000
   -4.143   -0.576    2.114    2.857    6.481    8.156   10.379   11.026
           -0.200000  0.700000  0.200000
   -4.101   -0.682    2.069    2.920    6.521    8.527   10.228   10.711
           -0.200000  0.700000  0.250000
   -4.050   -0.802    2.031    2.963    6.641    8.934    9.873   10.586
           -0.200000  0.700000  0.300000
   -3.990   -0.929    1.994    2.989    6.838    9.314    9.485   10.551
           -0.200000  0.700000  0.350000
   -3.925   -1.054    1.954    3.007    7.103    8.952    9.846   10.544
           -0.200000  0.700000  0.400000
   -3.856   -1.171    1.907    3.025    7.418    8.519   10.252   10.610
           -0.200000  0.700000  0.450000
   -3.787   -1.273    1.850    3.049    7.708    8.179   10.390   10.963
           -0.200000  0.700000  0.500000
   -3.722   -1.355    1.787    3.077    7.581    8.328   10.390   11.471
           -0.200000  0.700000  0.550000
   -3.664   -1.413    1.723    3.101    7.264    8.742   10.368   11.604
           -0.200000  0.700000  0.600000
   -3.616   -1.444    1.663    3.110    6.983    9.200   10.341   11.080
           -0.200000  0.700000  0.650000
   -3.581   -1.449    1.614    3.090    6.771    9.664   10.327   10.571
           -0.200000  0.700000  0.700000
   -3.558   -1.430    1.580    3.032    6.642   10.034   10.084   10.416
           -0.200000  0.700000  0.750000
   -3.545   -1.394    1.567    2.932    6.604    9.602   10.137   10.793
           -0.200000  0.700000  0.800000
   -3.541   -1.347    1.576    2.797    6.653    9.153   10.129   11.272
           -0.200000  0.700000  0.850000
   -3.542   -1.298    1.610    2.641    6.778    8.730   10.109   11.751
           -0.200000  0.700000  0.900000
   -3.545   -1.257    1.663    2.486    6.963    8.342   10.092   12.189
           -0.200000  0.700000  0.950000
   -3.547   -1.229    1.721    2.362    7.177    8.008   10.081   12.523
           -0.200000  0.700000  1.000000
   -3.548   -1.219    1.749    2.310    7.310    7.836   10.077   12.653
