 &plot nbnd=   8, nks=    81 /
           -0.625000 -0.075000 -1.000000
   -2.700   -1.896    1.631    1.927    8.064    8.242   10.227   11.436
           -0.625000 -0.075000 -0.975000
   -2.706   -1.891    1.608    1.957    7.958    8.355   10.229   11.438
           -0.625000 -0.075000 -0.950000
   -2.723   -1.877    1.556    2.029    7.803    8.533   10.233   11.445
           -0.625000 -0.075000 -0.925000
   -2.751   -1.853    1.497    2.121    7.650    8.725   10.240   11.456
           -0.625000 -0.075000 -0.900000
   -2.788   -1.823    1.440    2.224    7.505    8.924   10.249   11.470
           -0.625000 -0.075000 -0.875000
   -2.833   -1.786    1.389    2.334    7.369    9.130   10.262   11.488
           -0.625000 -0.075000 -0.850000
   -2.885   -1.744    1.344    2.447    7.245    9.341   10.277   11.508
           -0.625000 -0.075000 -0.825000
   -2.941   -1.697    1.307    2.561    7.132    9.558   10.296   11.528
           -0.625000 -0.075000 -0.800000
   -3.002   -1.647    1.279    2.675    7.033    9.778   10.318   11.544
           -0.625000 -0.075000 -0.775000
   -3.067   -1.593    1.258    2.786    6.949    9.999   10.347   11.546
           -0.625000 -0.075000 -0.750000
   -3.134   -1.536    1.246    2.893    6.882   10.204   10.399   11.508
           -0.625000 -0.075000 -0.725000
   -3.203   -1.477    1.242    2.993    6.833   10.326   10.539   11.393
           -0.625000 -0.075000 -0.700000
   -3.274   -1.414    1.247    3.085    6.805   10.375   10.758   11.202
           -0.625000 -0.075000 -0.675000
   -3.346   -1.349    1.259    3.166    6.797   10.409   10.965   11.002
           -0.625000 -0.075000 -0.650000
   -3.419   -1.282    1.278    3.235    6.813   10.439   10.722   11.244
           -0.625000 -0.075000 -0.625000
   -3.491   -1.212    1.305    3.290    6.852   10.457   10.480   11.493
           -0.625000 -0.075000 -0.600000
   -3.564   -1.140    1.339    3.333    6.915   10.212   10.495   11.671
           -0.625000 -0.075000 -0.575000
   -3.636   -1.066    1.379    3.362    7.000    9.957   10.516   11.488
           -0.625000 -0.075000 -0.550000
   -3.706   -0.990    1.426    3.378    7.107    9.705   10.529   11.269
           -0.625000 -0.075000 -0.525000
   -3.776   -0.911    1.478    3.383    7.234    9.455   10.518   11.065
           -0.625000 -0.075000 -0.500000
   -3.844   -0.832    1.536    3.378    7.379    9.209   10.451   10.914
           -0.625000 -0.075000 -0.475000
   -3.910   -0.750    1.599    3.365    7.540    8.969   10.304   10.845
           -0.625000 -0.075000 -0.450000
   -3.974   -0.668    1.667    3.346    7.712    8.736   10.105   10.833
           -0.625000 -0.075000 -0.425000
   -4.036   -0.585    1.739    3.322    7.889    8.514    9.888   10.844
           -0.625000 -0.075000 -0.400000
   -4.095   -0.501    1.815    3.295    8.037    8.337    9.668   10.864
           -0.625000 -0.075000 -0.375000
   -4.151   -0.417    1.894    3.265    7.986    8.371    9.453   10.888
           -0.625000 -0.075000 -0.350000
   -4.204   -0.333    1.976    3.234    7.801    8.546    9.251   10.913
           -0.625000 -0.075000 -0.325000
   -4.254   -0.251    2.060    3.203    7.604    8.709    9.095   10.938
           -0.625000 -0.075000 -0.300000
   -4.302   -0.170    2.146    3.173    7.411    8.710    9.117   10.963
           -0.625000 -0.075000 -0.275000
   -4.345   -0.091    2.231    3.144    7.226    8.564    9.301   10.987
           -0.625000 -0.075000 -0.250000
   -4.385   -0.015    2.317    3.116    7.050    8.396    9.520   11.010
           -0.625000 -0.075000 -0.225000
   -4.422    0.058    2.401    3.090    6.885    8.232    9.748   11.031
           -0.625000 -0.075000 -0.200000
   -4.455    0.126    2.483    3.067    6.732    8.078    9.978   11.051
           -0.625000 -0.075000 -0.175000
   -4.484    0.189    2.560    3.046    6.592    7.936   10.205   11.069
           -0.625000 -0.075000 -0.150000
   -4.510    0.246    2.633    3.028    6.467    7.809   10.426   11.087
           -0.625000 -0.075000 -0.125000
   -4.532    0.295    2.699    3.012    6.357    7.699   10.636   11.106
           -0.625000 -0.075000 -0.100000
   -4.550    0.337    2.756    2.999    6.265    7.606   10.823   11.129
           -0.625000 -0.075000 -0.075000
   -4.563    0.371    2.804    2.988    6.191    7.533   10.966   11.172
           -0.625000 -0.075000 -0.050000
   -4.573    0.395    2.840    2.979    6.138    7.479   11.040   11.247
           -0.625000 -0.075000 -0.025000
   -4.579    0.410    2.864    2.972    6.105    7.447   11.066   11.321
           -0.625000 -0.075000  0.000000
   -4.581    0.415    2.872    2.970    6.094    7.436   11.072   11.350
           -0.625000 -0.075000  0.025000
   -4.579    0.410    2.864    2.972    6.105    7.447   11.066   11.321
           -0.625000 -0.075000  0.050000
   -4.573    0.395    2.840    2.979    6.138    7.479   11.040   11.247
           -0.625000 -0.075000  0.075000
   -4.563    0.371    2.804    2.988    6.191    7.533   10.966   11.172
           -0.625000 -0.075000  0.100000
   -4.550    0.337    2.756    2.999    6.265    7.606   10.823   11.129
           -0.625000 -0.075000  0.125000
   -4.532    0.295    2.699    3.012    6.357    7.699   10.636   11.106
           -0.625000 -0.075000  0.150000
   -4.510    0.246    2.633    3.028    6.467    7.809   10.426   11.087
           -0.625000 -0.075000  0.175000
   -4.484    0.189    2.560    3.046    6.592    7.936   10.205   11.069
           -0.625000 -0.075000  0.200000
   -4.455    0.126    2.483    3.067    6.732    8.078    9.978   11.051
           -0.625000 -0.075000  0.225000
   -4.422    0.058    2.401    3.090    6.885    8.232    9.748   11.031
           -0.625000 -0.075000  0.250000
   -4.385   -0.015    2.317    3.116    7.050    8.396    9.520   11.010
           -0.625000 -0.075000  0.275000
   -4.345   -0.091    2.231    3.144    7.226    8.564    9.301   10.987
           -0.625000 -0.075000  0.300000
   -4.302   -0.170    2.146    3.173    7.411    8.710    9.117   10.963
           -0.625000 -0.075000  0.325000
   -4.254   -0.251    2.060    3.203    7.604    8.709    9.095   10.938
           -0.625000 -0.075000  0.350000
   -4.204   -0.333    1.976    3.234    7.801    8.546    9.251   10.913
           -0.625000 -0.075000  0.375000
   -4.151   -0.417    1.894    3.265    7.986    8.371    9.453   10.888
           -0.625000 -0.075000  0.400000
   -4.095   -0.501    1.815    3.295    8.037    8.337    9.668   10.864
           -0.625000 -0.075000  0.425000
   -4.036   -0.585    1.739    3.322    7.889    8.514    9.888   10.844
           -0.625000 -0.075000  0.450000
   -3.974   -0.668    1.667    3.346    7.712    8.736   10.105   10.833
           -0.625000 -0.075000  0.475000
   -3.910   -0.750    1.599    3.365    7.540    8.969   10.304   10.845
           -0.625000 -0.075000  0.500000
   -3.844   -0.832    1.536    3.378    7.379    9.209   10.451   10.914
           -0.625000 -0.075000  0.525000
   -3.776   -0.911    1.478    3.383    7.234    9.455   10.518   11.065
           -0.625000 -0.075000  0.550000
   -3.706   -0.990    1.426    3.378    7.107    9.705   10.529   11.269
           -0.625000 -0.075000  0.575000
   -3.636   -1.066    1.379    3.362    7.000    9.957   10.516   11.488
           -0.625000 -0.075000  0.600000
   -3.564   -1.140    1.339    3.333    6.915   10.212   10.495   11.671
           -0.625000 -0.075000  0.625000
   -3.491   -1.212    1.305    3.290    6.852   10.457   10.480   11.493
           -0.625000 -0.075000  0.650000
   -3.419   -1.282    1.278    3.235    6.813   10.439   10.722   11.244
           -0.625000 -0.075000  0.675000
   -3.346   -1.349    1.259    3.166    6.797   10.409   10.965   11.002
           -0.625000 -0.075000  0.700000
   -3.274   -1.414    1.247    3.085    6.805   10.375   10.758   11.202
           -0.625000 -0.075000  0.725000
   -3.203   -1.477    1.242    2.993    6.833   10.326   10.539   11.393
           -0.625000 -0.075000  0.750000
   -3.134   -1.536    1.246    2.893    6.882   10.204   10.399   11.508
           -0.625000 -0.075000  0.775000
   -3.067   -1.593    1.258    2.786    6.949    9.999   10.347   11.546
           -0.625000 -0.075000  0.800000
   -3.002   -1.647    1.279    2.675    7.033    9.778   10.318   11.544
           -0.625000 -0.075000  0.825000
   -2.941   -1.697    1.307    2.561    7.132    9.558   10.296   11.528
           -0.625000 -0.075000  0.850000
   -2.885   -1.744    1.344    2.447    7.245    9.341   10.277   11.508
           -0.625000 -0.075000  0.875000
   -2.833   -1.786    1.389    2.334    7.369    9.130   10.262   11.488
           -0.625000 -0.075000  0.900000
   -2.788   -1.823    1.440    2.224    7.505    8.924   10.249   11.470
           -0.625000 -0.075000  0.925000
   -2.751   -1.853    1.497    2.121    7.650    8.725   10.240   11.456
           -0.625000 -0.075000  0.950000
   -2.723   -1.877    1.556    2.029    7.803    8.533   10.233   11.445
           -0.625000 -0.075000  0.975000
   -2.706   -1.891    1.608    1.957    7.958    8.355   10.229   11.438
           -0.625000 -0.075000  1.000000
   -2.700   -1.896    1.631    1.927    8.064    8.242   10.227   11.436
