 &plot nbnd=   8, nks=   101 /
           -0.980000  0.700000 -1.000000
   -5.398    4.153    4.908    4.931    7.781    9.905    9.944   10.231
           -0.980000  0.700000 -0.980000
   -5.396    4.134    4.917    4.931    7.791    9.870    9.944   10.262
           -0.980000  0.700000 -0.960000
   -5.391    4.083    4.899    4.969    7.820    9.792    9.937   10.334
           -0.980000  0.700000 -0.940000
   -5.383    4.008    4.864    5.029    7.868    9.698    9.923   10.421
           -0.980000  0.700000 -0.920000
   -5.371    3.917    4.817    5.098    7.934    9.600    9.903   10.514
           -0.980000  0.700000 -0.900000
   -5.356    3.816    4.758    5.170    8.015    9.500    9.877   10.608
           -0.980000  0.700000 -0.880000
   -5.338    3.708    4.691    5.242    8.110    9.402    9.847   10.703
           -0.980000  0.700000 -0.860000
   -5.316    3.595    4.617    5.309    8.217    9.309    9.811   10.798
           -0.980000  0.700000 -0.840000
   -5.292    3.480    4.537    5.370    8.334    9.222    9.772   10.894
           -0.980000  0.700000 -0.820000
   -5.264    3.362    4.452    5.423    8.460    9.143    9.730   10.991
           -0.980000  0.700000 -0.800000
   -5.232    3.243    4.365    5.465    8.593    9.074    9.684   11.088
           -0.980000  0.700000 -0.780000
   -5.198    3.124    4.275    5.495    8.730    9.018    9.637   11.185
           -0.980000  0.700000 -0.760000
   -5.160    3.003    4.183    5.513    8.859    8.987    9.590   11.279
           -0.980000  0.700000 -0.740000
   -5.119    2.883    4.091    5.516    8.906    9.051    9.546   11.367
           -0.980000  0.700000 -0.720000
   -5.075    2.762    3.999    5.505    8.897    9.176    9.514   11.438
           -0.980000  0.700000 -0.700000
   -5.027    2.642    3.908    5.480    8.894    9.267    9.528   11.475
           -0.980000  0.700000 -0.680000
   -4.977    2.521    3.817    5.440    8.902    9.278    9.627   11.458
           -0.980000  0.700000 -0.660000
   -4.923    2.402    3.727    5.387    8.923    9.244    9.775   11.388
           -0.980000  0.700000 -0.640000
   -4.866    2.282    3.639    5.322    8.954    9.198    9.941   11.283
           -0.980000  0.700000 -0.620000
   -4.806    2.163    3.553    5.245    8.993    9.152   10.114   11.160
           -0.980000  0.700000 -0.600000
   -4.743    2.044    3.469    5.159    9.022    9.123   10.292   11.029
           -0.980000  0.700000 -0.580000
   -4.677    1.926    3.387    5.065    9.002    9.153   10.473   10.894
           -0.980000  0.700000 -0.560000
   -4.607    1.808    3.307    4.963    8.955    9.217   10.650   10.766
           -0.980000  0.700000 -0.540000
   -4.535    1.690    3.230    4.857    8.904    9.295   10.613   10.854
           -0.980000  0.700000 -0.520000
   -4.460    1.572    3.156    4.745    8.851    9.382   10.482   11.041
           -0.980000  0.700000 -0.500000
   -4.382    1.455    3.084    4.631    8.799    9.474   10.352   11.232
           -0.980000  0.700000 -0.480000
   -4.301    1.338    3.016    4.514    8.749    9.572   10.224   11.426
           -0.980000  0.700000 -0.460000
   -4.217    1.220    2.950    4.397    8.700    9.674   10.102   11.620
           -0.980000  0.700000 -0.440000
   -4.130    1.102    2.888    4.278    8.653    9.773    9.990   11.816
           -0.980000  0.700000 -0.420000
   -4.041    0.984    2.828    4.160    8.607    9.816    9.944   12.014
           -0.980000  0.700000 -0.400000
   -3.949    0.866    2.772    4.043    8.564    9.730   10.033   12.212
           -0.980000  0.700000 -0.380000
   -3.854    0.747    2.720    3.928    8.523    9.627   10.149   12.411
           -0.980000  0.700000 -0.360000
   -3.756    0.627    2.671    3.815    8.485    9.525   10.271   12.612
           -0.980000  0.700000 -0.340000
   -3.656    0.507    2.625    3.704    8.449    9.427   10.397   12.812
           -0.980000  0.700000 -0.320000
   -3.554    0.386    2.583    3.597    8.416    9.333   10.527   13.013
           -0.980000  0.700000 -0.300000
   -3.449    0.264    2.544    3.493    8.386    9.243   10.661   13.215
           -0.980000  0.700000 -0.280000
   -3.342    0.142    2.510    3.394    8.358    9.158   10.797   13.417
           -0.980000  0.700000 -0.260000
   -3.233    0.018    2.479    3.298    8.333    9.078   10.937   13.618
           -0.980000  0.700000 -0.240000
   -3.121   -0.107    2.452    3.207    8.311    9.002   11.080   13.819
           -0.980000  0.700000 -0.220000
   -3.007   -0.232    2.428    3.121    8.292    8.931   11.225   14.016
           -0.980000  0.700000 -0.200000
   -2.892   -0.359    2.409    3.040    8.275    8.865   11.374   14.207
           -0.980000  0.700000 -0.180000
   -2.774   -0.486    2.393    2.964    8.262    8.804   11.525   14.366
           -0.980000  0.700000 -0.160000
   -2.655   -0.614    2.381    2.893    8.251    8.748   11.679   14.387
           -0.980000  0.700000 -0.140000
   -2.534   -0.742    2.373    2.828    8.243    8.698   11.836   14.253
           -0.980000  0.700000 -0.120000
   -2.412   -0.871    2.369    2.769    8.237    8.652   11.995   14.081
           -0.980000  0.700000 -0.100000
   -2.289   -1.001    2.368    2.716    8.234    8.612   12.158   13.902
           -0.980000  0.700000 -0.080000
   -2.164   -1.130    2.371    2.669    8.232    8.579   12.322   13.721
           -0.980000  0.700000 -0.060000
   -2.038   -1.260    2.375    2.630    8.231    8.551   12.489   13.541
           -0.980000  0.700000 -0.040000
   -1.912   -1.388    2.381    2.600    8.232    8.531   12.659   13.361
           -0.980000  0.700000 -0.020000
   -1.788   -1.514    2.386    2.580    8.232    8.519   12.830   13.184
           -0.980000  0.700000  0.000000
   -1.697   -1.605    2.388    2.573    8.233    8.515   12.982   13.030
           -0.980000  0.700000  0.020000
   -1.788   -1.514    2.386    2.580    8.232    8.519   12.830   13.184
           -0.980000  0.700000  0.040000
   -1.912   -1.388    2.381    2.600    8.232    8.531   12.659   13.361
           -0.980000  0.700000  0.060000
   -2.038   -1.260    2.375    2.630    8.231    8.551   12.489   13.541
           -0.980000  0.700000  0.080000
   -2.164   -1.130    2.371    2.669    8.232    8.579   12.322   13.721
           -0.980000  0.700000  0.100000
   -2.289   -1.001    2.368    2.716    8.234    8.612   12.158   13.902
           -0.980000  0.700000  0.120000
   -2.412   -0.871    2.369    2.769    8.237    8.652   11.995   14.081
           -0.980000  0.700000  0.140000
   -2.534   -0.742    2.373    2.828    8.243    8.698   11.836   14.253
           -0.980000  0.700000  0.160000
   -2.655   -0.614    2.381    2.893    8.251    8.748   11.679   14.387
           -0.980000  0.700000  0.180000
   -2.774   -0.486    2.393    2.964    8.262    8.804   11.525   14.366
           -0.980000  0.700000  0.200000
   -2.892   -0.359    2.409    3.040    8.275    8.865   11.374   14.207
           -0.980000  0.700000  0.220000
   -3.007   -0.232    2.428    3.121    8.292    8.931   11.225   14.016
           -0.980000  0.700000  0.240000
   -3.121   -0.107    2.452    3.207    8.311    9.002   11.080   13.819
           -0.980000  0.700000  0.260000
   -3.233    0.018    2.479    3.298    8.333    9.078   10.937   13.618
           -0.980000  0.700000  0.280000
   -3.342    0.142    2.510    3.394    8.358    9.158   10.797   13.417
           -0.980000  0.700000  0.300000
   -3.449    0.264    2.544    3.493    8.386    9.243   10.661   13.215
           -0.980000  0.700000  0.320000
   -3.554    0.386    2.583    3.597    8.416    9.333   10.527   13.013
           -0.980000  0.700000  0.340000
   -3.656    0.507    2.625    3.704    8.449    9.427   10.397   12.812
           -0.980000  0.700000  0.360000
   -3.756    0.627    2.671    3.815    8.485    9.525   10.271   12.612
           -0.980000  0.700000  0.380000
   -3.854    0.747    2.720    3.928    8.523    9.627   10.149   12.411
           -0.980000  0.700000  0.400000
   -3.949    0.866    2.772    4.043    8.564    9.730   10.033   12.212
           -0.980000  0.700000  0.420000
   -4.041    0.984    2.828    4.160    8.607    9.816    9.944   12.014
           -0.980000  0.700000  0.440000
   -4.130    1.102    2.888    4.278    8.653    9.773    9.990   11.816
           -0.980000  0.700000  0.460000
   -4.217    1.220    2.950    4.397    8.700    9.674   10.102   11.620
           -0.980000  0.700000  0.480000
   -4.301    1.338    3.016    4.514    8.749    9.572   10.224   11.426
           -0.980000  0.700000  0.500000
   -4.382    1.455    3.084    4.631    8.799    9.474   10.352   11.232
           -0.980000  0.700000  0.520000
   -4.460    1.572    3.156    4.745    8.851    9.382   10.482   11.041
           -0.980000  0.700000  0.540000
   -4.535    1.690    3.230    4.857    8.904    9.295   10.613   10.854
           -0.980000  0.700000  0.560000
   -4.607    1.808    3.307    4.963    8.955    9.217   10.650   10.766
           -0.980000  0.700000  0.580000
   -4.677    1.926    3.387    5.065    9.002    9.153   10.473   10.894
           -0.980000  0.700000  0.600000
   -4.743    2.044    3.469    5.159    9.022    9.123   10.292   11.029
           -0.980000  0.700000  0.620000
   -4.806    2.163    3.553    5.245    8.993    9.152   10.114   11.160
           -0.980000  0.700000  0.640000
   -4.866    2.282    3.639    5.322    8.954    9.198    9.941   11.283
           -0.980000  0.700000  0.660000
   -4.923    2.402    3.727    5.387    8.923    9.244    9.775   11.388
           -0.980000  0.700000  0.680000
   -4.977    2.521    3.817    5.440    8.902    9.278    9.627   11.458
           -0.980000  0.700000  0.700000
   -5.027    2.642    3.908    5.480    8.894    9.267    9.528   11.475
           -0.980000  0.700000  0.720000
   -5.075    2.762    3.999    5.505    8.897    9.176    9.514   11.438
           -0.980000  0.700000  0.740000
   -5.119    2.883    4.091    5.516    8.906    9.051    9.546   11.367
           -0.980000  0.700000  0.760000
   -5.160    3.003    4.183    5.513    8.859    8.987    9.590   11.279
           -0.980000  0.700000  0.780000
   -5.198    3.124    4.275    5.495    8.730    9.018    9.637   11.185
           -0.980000  0.700000  0.800000
   -5.232    3.243    4.365    5.465    8.593    9.074    9.684   11.088
           -0.980000  0.700000  0.820000
   -5.264    3.362    4.452    5.423    8.460    9.143    9.730   10.991
           -0.980000  0.700000  0.840000
   -5.292    3.480    4.537    5.370    8.334    9.222    9.772   10.894
           -0.980000  0.700000  0.860000
   -5.316    3.595    4.617    5.309    8.217    9.309    9.811   10.798
           -0.980000  0.700000  0.880000
   -5.338    3.708    4.691    5.242    8.110    9.402    9.847   10.703
           -0.980000  0.700000  0.900000
   -5.356    3.816    4.758    5.170    8.015    9.500    9.877   10.608
           -0.980000  0.700000  0.920000
   -5.371    3.917    4.817    5.098    7.934    9.600    9.903   10.514
           -0.980000  0.700000  0.940000
   -5.383    4.008    4.864    5.029    7.868    9.698    9.923   10.421
           -0.980000  0.700000  0.960000
   -5.391    4.083    4.899    4.969    7.820    9.792    9.937   10.334
           -0.980000  0.700000  0.980000
   -5.396    4.134    4.917    4.931    7.791    9.870    9.944   10.262
           -0.980000  0.700000  1.000000
   -5.398    4.153    4.908    4.931    7.781    9.905    9.944   10.231
