 &plot nbnd=   8, nks=   101 /
           -0.860000 -0.960000 -1.000000
   -5.691    5.275    5.582    5.698    8.323    8.843    8.872    9.621
           -0.860000 -0.960000 -0.980000
   -5.689    5.245    5.596    5.698    8.332    8.818    8.884    9.640
           -0.860000 -0.960000 -0.960000
   -5.684    5.172    5.609    5.708    8.357    8.777    8.893    9.694
           -0.860000 -0.960000 -0.940000
   -5.676    5.077    5.592    5.741    8.397    8.735    8.892    9.777
           -0.860000 -0.960000 -0.920000
   -5.664    4.970    5.552    5.777    8.450    8.699    8.882    9.879
           -0.860000 -0.960000 -0.900000
   -5.649    4.855    5.498    5.804    8.510    8.673    8.869    9.995
           -0.860000 -0.960000 -0.880000
   -5.630    4.734    5.433    5.817    8.567    8.665    8.863   10.120
           -0.860000 -0.960000 -0.860000
   -5.608    4.610    5.361    5.814    8.600    8.678    8.880   10.249
           -0.860000 -0.960000 -0.840000
   -5.583    4.483    5.283    5.794    8.598    8.707    8.938   10.378
           -0.860000 -0.960000 -0.820000
   -5.554    4.354    5.200    5.758    8.572    8.748    9.029   10.504
           -0.860000 -0.960000 -0.800000
   -5.522    4.223    5.114    5.707    8.530    8.805    9.140   10.620
           -0.860000 -0.960000 -0.780000
   -5.487    4.090    5.025    5.643    8.478    8.878    9.262   10.721
           -0.860000 -0.960000 -0.760000
   -5.448    3.956    4.934    5.568    8.420    8.963    9.393   10.799
           -0.860000 -0.960000 -0.740000
   -5.406    3.821    4.843    5.483    8.359    9.059    9.531   10.845
           -0.860000 -0.960000 -0.720000
   -5.360    3.685    4.751    5.392    8.294    9.163    9.674   10.853
           -0.860000 -0.960000 -0.700000
   -5.312    3.547    4.659    5.294    8.228    9.274    9.821   10.824
           -0.860000 -0.960000 -0.680000
   -5.260    3.409    4.567    5.193    8.161    9.388    9.972   10.764
           -0.860000 -0.960000 -0.660000
   -5.204    3.270    4.476    5.089    8.094    9.503   10.126   10.681
           -0.860000 -0.960000 -0.640000
   -5.146    3.130    4.386    4.984    8.026    9.611   10.284   10.591
           -0.860000 -0.960000 -0.620000
   -5.084    2.989    4.298    4.878    7.959    9.704   10.442   10.508
           -0.860000 -0.960000 -0.600000
   -5.019    2.847    4.211    4.772    7.892    9.764   10.450   10.607
           -0.860000 -0.960000 -0.580000
   -4.951    2.704    4.125    4.667    7.826    9.767   10.449   10.772
           -0.860000 -0.960000 -0.560000
   -4.879    2.560    4.042    4.563    7.762    9.711   10.508   10.938
           -0.860000 -0.960000 -0.540000
   -4.805    2.414    3.960    4.462    7.699    9.615   10.608   11.106
           -0.860000 -0.960000 -0.520000
   -4.727    2.267    3.880    4.362    7.638    9.499   10.731   11.277
           -0.860000 -0.960000 -0.500000
   -4.646    2.120    3.803    4.266    7.579    9.373   10.867   11.448
           -0.860000 -0.960000 -0.480000
   -4.562    1.971    3.728    4.172    7.522    9.244   11.010   11.621
           -0.860000 -0.960000 -0.460000
   -4.475    1.821    3.655    4.082    7.468    9.114   11.158   11.796
           -0.860000 -0.960000 -0.440000
   -4.385    1.669    3.585    3.995    7.415    8.985   11.310   11.972
           -0.860000 -0.960000 -0.420000
   -4.292    1.517    3.517    3.912    7.366    8.859   11.464   12.149
           -0.860000 -0.960000 -0.400000
   -4.196    1.364    3.452    3.833    7.319    8.736   11.620   12.327
           -0.860000 -0.960000 -0.380000
   -4.097    1.209    3.389    3.757    7.275    8.617   11.778   12.507
           -0.860000 -0.960000 -0.360000
   -3.995    1.054    3.329    3.686    7.233    8.502   11.938   12.687
           -0.860000 -0.960000 -0.340000
   -3.890    0.899    3.272    3.618    7.195    8.391   12.099   12.868
           -0.860000 -0.960000 -0.320000
   -3.783    0.743    3.218    3.555    7.160    8.285   12.261   13.051
           -0.860000 -0.960000 -0.300000
   -3.672    0.586    3.167    3.496    7.128    8.183   12.424   13.234
           -0.860000 -0.960000 -0.280000
   -3.559    0.429    3.118    3.440    7.099    8.087   12.589   13.417
           -0.860000 -0.960000 -0.260000
   -3.443    0.272    3.073    3.389    7.073    7.995   12.755   13.601
           -0.860000 -0.960000 -0.240000
   -3.325    0.115    3.031    3.341    7.050    7.909   12.922   13.786
           -0.860000 -0.960000 -0.220000
   -3.204   -0.042    2.992    3.298    7.031    7.828   13.090   13.971
           -0.860000 -0.960000 -0.200000
   -3.081   -0.199    2.956    3.258    7.015    7.752   13.260   14.155
           -0.860000 -0.960000 -0.180000
   -2.955   -0.355    2.924    3.223    7.002    7.682   13.430   14.339
           -0.860000 -0.960000 -0.160000
   -2.826   -0.511    2.895    3.191    6.991    7.618   13.602   14.521
           -0.860000 -0.960000 -0.140000
   -2.696   -0.666    2.869    3.163    6.984    7.559   13.774   14.700
           -0.860000 -0.960000 -0.120000
   -2.563   -0.820    2.846    3.139    6.979    7.506   13.948   14.873
           -0.860000 -0.960000 -0.100000
   -2.428   -0.973    2.827    3.118    6.977    7.460   14.121   15.032
           -0.860000 -0.960000 -0.080000
   -2.291   -1.124    2.812    3.102    6.976    7.421   14.295   15.164
           -0.860000 -0.960000 -0.060000
   -2.152   -1.275    2.800    3.089    6.977    7.390   14.468   15.236
           -0.860000 -0.960000 -0.040000
   -2.011   -1.424    2.791    3.079    6.978    7.367   14.638   15.217
           -0.860000 -0.960000 -0.020000
   -1.871   -1.569    2.786    3.074    6.979    7.353   14.801   15.122
           -0.860000 -0.960000  0.000000
   -1.759   -1.683    2.784    3.072    6.979    7.348   14.914   15.027
           -0.860000 -0.960000  0.020000
   -1.871   -1.569    2.786    3.074    6.979    7.353   14.801   15.122
           -0.860000 -0.960000  0.040000
   -2.011   -1.424    2.791    3.079    6.978    7.367   14.638   15.217
           -0.860000 -0.960000  0.060000
   -2.152   -1.275    2.800    3.089    6.977    7.390   14.468   15.236
           -0.860000 -0.960000  0.080000
   -2.291   -1.124    2.812    3.102    6.976    7.421   14.295   15.164
           -0.860000 -0.960000  0.100000
   -2.428   -0.973    2.827    3.118    6.977    7.460   14.121   15.032
           -0.860000 -0.960000  0.120000
   -2.563   -0.820    2.846    3.139    6.979    7.506   13.948   14.873
           -0.860000 -0.960000  0.140000
   -2.696   -0.666    2.869    3.163    6.984    7.559   13.774   14.700
           -0.860000 -0.960000  0.160000
   -2.826   -0.511    2.895    3.191    6.991    7.618   13.602   14.521
           -0.860000 -0.960000  0.180000
   -2.955   -0.355    2.924    3.223    7.002    7.682   13.430   14.339
           -0.860000 -0.960000  0.200000
   -3.081   -0.199    2.956    3.258    7.015    7.752   13.260   14.155
           -0.860000 -0.960000  0.220000
   -3.204   -0.042    2.992    3.298    7.031    7.828   13.090   13.971
           -0.860000 -0.960000  0.240000
   -3.325    0.115    3.031    3.341    7.050    7.909   12.922   13.786
           -0.860000 -0.960000  0.260000
   -3.443    0.272    3.073    3.389    7.073    7.995   12.755   13.601
           -0.860000 -0.960000  0.280000
   -3.559    0.429    3.118    3.440    7.099    8.087   12.589   13.417
           -0.860000 -0.960000  0.300000
   -3.672    0.586    3.167    3.496    7.128    8.183   12.424   13.234
           -0.860000 -0.960000  0.320000
   -3.783    0.743    3.218    3.555    7.160    8.285   12.261   13.051
           -0.860000 -0.960000  0.340000
   -3.890    0.899    3.272    3.618    7.195    8.391   12.099   12.868
           -0.860000 -0.960000  0.360000
   -3.995    1.054    3.329    3.686    7.233    8.502   11.938   12.687
           -0.860000 -0.960000  0.380000
   -4.097    1.209    3.389    3.757    7.275    8.617   11.778   12.507
           -0.860000 -0.960000  0.400000
   -4.196    1.364    3.452    3.833    7.319    8.736   11.620   12.327
           -0.860000 -0.960000  0.420000
   -4.292    1.517    3.517    3.912    7.366    8.859   11.464   12.149
           -0.860000 -0.960000  0.440000
   -4.385    1.669    3.585    3.995    7.415    8.985   11.310   11.972
           -0.860000 -0.960000  0.460000
   -4.475    1.821    3.655    4.082    7.468    9.114   11.158   11.796
           -0.860000 -0.960000  0.480000
   -4.562    1.971    3.728    4.172    7.522    9.244   11.010   11.621
           -0.860000 -0.960000  0.500000
   -4.646    2.120    3.803    4.266    7.579    9.373   10.867   11.448
           -0.860000 -0.960000  0.520000
   -4.727    2.267    3.880    4.362    7.638    9.499   10.731   11.277
           -0.860000 -0.960000  0.540000
   -4.805    2.414    3.960    4.462    7.699    9.615   10.608   11.106
           -0.860000 -0.960000  0.560000
   -4.879    2.560    4.042    4.563    7.762    9.711   10.508   10.938
           -0.860000 -0.960000  0.580000
   -4.951    2.704    4.125    4.667    7.826    9.767   10.449   10.772
           -0.860000 -0.960000  0.600000
   -5.019    2.847    4.211    4.772    7.892    9.764   10.450   10.607
           -0.860000 -0.960000  0.620000
   -5.084    2.989    4.298    4.878    7.959    9.704   10.442   10.508
           -0.860000 -0.960000  0.640000
   -5.146    3.130    4.386    4.984    8.026    9.611   10.284   10.591
           -0.860000 -0.960000  0.660000
   -5.204    3.270    4.476    5.089    8.094    9.503   10.126   10.681
           -0.860000 -0.960000  0.680000
   -5.260    3.409    4.567    5.193    8.161    9.388    9.972   10.764
           -0.860000 -0.960000  0.700000
   -5.312    3.547    4.659    5.294    8.228    9.274    9.821   10.824
           -0.860000 -0.960000  0.720000
   -5.360    3.685    4.751    5.392    8.294    9.163    9.674   10.853
           -0.860000 -0.960000  0.740000
   -5.406    3.821    4.843    5.483    8.359    9.059    9.531   10.845
           -0.860000 -0.960000  0.760000
   -5.448    3.956    4.934    5.568    8.420    8.963    9.393   10.799
           -0.860000 -0.960000  0.780000
   -5.487    4.090    5.025    5.643    8.478    8.878    9.262   10.721
           -0.860000 -0.960000  0.800000
   -5.522    4.223    5.114    5.707    8.530    8.805    9.140   10.620
           -0.860000 -0.960000  0.820000
   -5.554    4.354    5.200    5.758    8.572    8.748    9.029   10.504
           -0.860000 -0.960000  0.840000
   -5.583    4.483    5.283    5.794    8.598    8.707    8.938   10.378
           -0.860000 -0.960000  0.860000
   -5.608    4.610    5.361    5.814    8.600    8.678    8.880   10.249
           -0.860000 -0.960000  0.880000
   -5.630    4.734    5.433    5.817    8.567    8.665    8.863   10.120
           -0.860000 -0.960000  0.900000
   -5.649    4.855    5.498    5.804    8.510    8.673    8.869    9.995
           -0.860000 -0.960000  0.920000
   -5.664    4.970    5.552    5.777    8.450    8.699    8.882    9.879
           -0.860000 -0.960000  0.940000
   -5.676    5.077    5.592    5.741    8.397    8.735    8.892    9.777
           -0.860000 -0.960000  0.960000
   -5.684    5.172    5.609    5.708    8.357    8.777    8.893    9.694
           -0.860000 -0.960000  0.980000
   -5.689    5.245    5.596    5.698    8.332    8.818    8.884    9.640
           -0.860000 -0.960000  1.000000
   -5.691    5.275    5.582    5.698    8.323    8.843    8.872    9.621
