 &plot nbnd=   8, nks=    81 /
           -0.375000  0.150000 -1.000000
   -2.754   -1.864    1.301    2.411    7.224    9.316   10.727   11.038
           -0.375000  0.150000 -0.975000
   -2.770   -1.849    1.305    2.415    7.226    9.318   10.630   11.137
           -0.375000  0.150000 -0.950000
   -2.816   -1.806    1.320    2.427    7.233    9.327   10.459   11.315
           -0.375000  0.150000 -0.925000
   -2.885   -1.744    1.344    2.447    7.245    9.341   10.277   11.508
           -0.375000  0.150000 -0.900000
   -2.969   -1.667    1.377    2.474    7.261    9.361   10.095   11.701
           -0.375000  0.150000 -0.875000
   -3.063   -1.582    1.419    2.510    7.281    9.387    9.915   11.877
           -0.375000  0.150000 -0.850000
   -3.164   -1.492    1.468    2.555    7.306    9.416    9.740   11.994
           -0.375000  0.150000 -0.825000
   -3.270   -1.399    1.524    2.607    7.335    9.442    9.579   11.964
           -0.375000  0.150000 -0.800000
   -3.377   -1.303    1.587    2.668    7.368    9.374    9.522   11.815
           -0.375000  0.150000 -0.775000
   -3.486   -1.207    1.655    2.738    7.404    9.221    9.561   11.626
           -0.375000  0.150000 -0.750000
   -3.595   -1.110    1.727    2.816    7.443    9.065    9.613   11.425
           -0.375000  0.150000 -0.725000
   -3.703   -1.012    1.803    2.902    7.484    8.915    9.672   11.221
           -0.375000  0.150000 -0.700000
   -3.810   -0.913    1.882    2.995    7.526    8.772    9.735   11.017
           -0.375000  0.150000 -0.675000
   -3.916   -0.813    1.964    3.095    7.567    8.637    9.802   10.818
           -0.375000  0.150000 -0.650000
   -4.020   -0.713    2.048    3.201    7.604    8.515    9.867   10.629
           -0.375000  0.150000 -0.625000
   -4.121   -0.611    2.133    3.312    7.634    8.408    9.919   10.461
           -0.375000  0.150000 -0.600000
   -4.220   -0.508    2.221    3.426    7.649    8.325    9.926   10.347
           -0.375000  0.150000 -0.575000
   -4.317   -0.403    2.309    3.542    7.643    8.272    9.845   10.331
           -0.375000  0.150000 -0.550000
   -4.410   -0.297    2.400    3.658    7.610    8.254    9.701   10.389
           -0.375000  0.150000 -0.525000
   -4.500   -0.189    2.491    3.772    7.556    8.267    9.537   10.477
           -0.375000  0.150000 -0.500000
   -4.587   -0.079    2.584    3.882    7.490    8.302    9.368   10.579
           -0.375000  0.150000 -0.475000
   -4.670    0.034    2.678    3.985    7.420    8.350    9.202   10.686
           -0.375000  0.150000 -0.450000
   -4.750    0.148    2.773    4.078    7.354    8.407    9.042   10.793
           -0.375000  0.150000 -0.425000
   -4.826    0.265    2.870    4.159    7.295    8.466    8.891   10.890
           -0.375000  0.150000 -0.400000
   -4.898    0.383    2.966    4.224    7.247    8.519    8.757   10.956
           -0.375000  0.150000 -0.375000
   -4.966    0.504    3.064    4.272    7.212    8.523    8.682   10.955
           -0.375000  0.150000 -0.350000
   -5.030    0.627    3.161    4.300    7.191    8.437    8.709   10.871
           -0.375000  0.150000 -0.325000
   -5.089    0.751    3.259    4.306    7.184    8.331    8.766   10.736
           -0.375000  0.150000 -0.300000
   -5.145    0.877    3.355    4.292    7.189    8.234    8.828   10.584
           -0.375000  0.150000 -0.275000
   -5.197    1.004    3.450    4.257    7.202    8.152    8.888   10.429
           -0.375000  0.150000 -0.250000
   -5.244    1.132    3.542    4.204    7.217    8.090    8.947   10.278
           -0.375000  0.150000 -0.225000
   -5.287    1.260    3.631    4.136    7.227    8.052    9.001   10.137
           -0.375000  0.150000 -0.200000
   -5.325    1.387    3.716    4.056    7.227    8.040    9.052   10.006
           -0.375000  0.150000 -0.175000
   -5.359    1.512    3.796    3.967    7.215    8.053    9.098    9.887
           -0.375000  0.150000 -0.150000
   -5.388    1.634    3.857    3.884    7.194    8.085    9.138    9.783
           -0.375000  0.150000 -0.125000
   -5.413    1.750    3.774    3.936    7.167    8.129    9.173    9.693
           -0.375000  0.150000 -0.100000
   -5.434    1.857    3.682    3.992    7.139    8.177    9.202    9.619
           -0.375000  0.150000 -0.075000
   -5.450    1.950    3.598    4.037    7.114    8.222    9.224    9.561
           -0.375000  0.150000 -0.050000
   -5.461    2.025    3.530    4.070    7.093    8.258    9.241    9.519
           -0.375000  0.150000 -0.025000
   -5.468    2.073    3.485    4.091    7.081    8.281    9.251    9.494
           -0.375000  0.150000  0.000000
   -5.470    2.090    3.470    4.097    7.076    8.289    9.254    9.486
           -0.375000  0.150000  0.025000
   -5.468    2.073    3.485    4.091    7.081    8.281    9.251    9.494
           -0.375000  0.150000  0.050000
   -5.461    2.025    3.530    4.070    7.093    8.258    9.241    9.519
           -0.375000  0.150000  0.075000
   -5.450    1.950    3.598    4.037    7.114    8.222    9.224    9.561
           -0.375000  0.150000  0.100000
   -5.434    1.857    3.682    3.992    7.139    8.177    9.202    9.619
           -0.375000  0.150000  0.125000
   -5.413    1.750    3.774    3.936    7.167    8.129    9.173    9.693
           -0.375000  0.150000  0.150000
   -5.388    1.634    3.857    3.884    7.194    8.085    9.138    9.783
           -0.375000  0.150000  0.175000
   -5.359    1.512    3.796    3.967    7.215    8.053    9.098    9.887
           -0.375000  0.150000  0.200000
   -5.325    1.387    3.716    4.056    7.227    8.040    9.052   10.006
           -0.375000  0.150000  0.225000
   -5.287    1.260    3.631    4.136    7.227    8.052    9.001   10.137
           -0.375000  0.150000  0.250000
   -5.244    1.132    3.542    4.204    7.217    8.090    8.947   10.278
           -0.375000  0.150000  0.275000
   -5.197    1.004    3.450    4.257    7.202    8.152    8.888   10.429
           -0.375000  0.150000  0.300000
   -5.145    0.877    3.355    4.292    7.189    8.234    8.828   10.584
           -0.375000  0.150000  0.325000
   -5.089    0.751    3.259    4.306    7.184    8.331    8.766   10.736
           -0.375000  0.150000  0.350000
   -5.030    0.627    3.161    4.300    7.191    8.437    8.709   10.871
           -0.375000  0.150000  0.375000
   -4.966    0.504    3.064    4.272    7.212    8.523    8.682   10.955
           -0.375000  0.150000  0.400000
   -4.898    0.383    2.966    4.224    7.247    8.519    8.757   10.956
           -0.375000  0.150000  0.425000
   -4.826    0.265    2.870    4.159    7.295    8.466    8.891   10.890
           -0.375000  0.150000  0.450000
   -4.750    0.148    2.773    4.078    7.354    8.407    9.042   10.793
           -0.375000  0.150000  0.475000
   -4.670    0.034    2.678    3.985    7.420    8.350    9.202   10.686
           -0.375000  0.150000  0.500000
   -4.587   -0.079    2.584    3.882    7.490    8.302    9.368   10.579
           -0.375000  0.150000  0.525000
   -4.500   -0.189    2.491    3.772    7.556    8.267    9.537   10.477
           -0.375000  0.150000  0.550000
   -4.410   -0.297    2.400    3.658    7.610    8.254    9.701   10.389
           -0.375000  0.150000  0.575000
   -4.317   -0.403    2.309    3.542    7.643    8.272    9.845   10.331
           -0.375000  0.150000  0.600000
   -4.220   -0.508    2.221    3.426    7.649    8.325    9.926   10.347
           -0.375000  0.150000  0.625000
   -4.121   -0.611    2.133    3.312    7.634    8.408    9.919   10.461
           -0.375000  0.150000  0.650000
   -4.020   -0.713    2.048    3.201    7.604    8.515    9.867   10.629
           -0.375000  0.150000  0.675000
   -3.916   -0.813    1.964    3.095    7.567    8.637    9.802   10.818
           -0.375000  0.150000  0.700000
   -3.810   -0.913    1.882    2.995    7.526    8.772    9.735   11.017
           -0.375000  0.150000  0.725000
   -3.703   -1.012    1.803    2.902    7.484    8.915    9.672   11.221
           -0.375000  0.150000  0.750000
   -3.595   -1.110    1.727    2.816    7.443    9.065    9.613   11.425
           -0.375000  0.150000  0.775000
   -3.486   -1.207    1.655    2.738    7.404    9.221    9.561   11.626
           -0.375000  0.150000  0.800000
   -3.377   -1.303    1.587    2.668    7.368    9.374    9.522   11.815
           -0.375000  0.150000  0.825000
   -3.270   -1.399    1.524    2.607    7.335    9.442    9.579   11.964
           -0.375000  0.150000  0.850000
   -3.164   -1.492    1.468    2.555    7.306    9.416    9.740   11.994
           -0.375000  0.150000  0.875000
   -3.063   -1.582    1.419    2.510    7.281    9.387    9.915   11.877
           -0.375000  0.150000  0.900000
   -2.969   -1.667    1.377    2.474    7.261    9.361   10.095   11.701
           -0.375000  0.150000  0.925000
   -2.885   -1.744    1.344    2.447    7.245    9.341   10.277   11.508
           -0.375000  0.150000  0.950000
   -2.816   -1.806    1.320    2.427    7.233    9.327   10.459   11.315
           -0.375000  0.150000  0.975000
   -2.770   -1.849    1.305    2.415    7.226    9.318   10.630   11.137
           -0.375000  0.150000  1.000000
   -2.754   -1.864    1.301    2.411    7.224    9.316   10.727   11.038
