 &plot nbnd=   8, nks=    41 /
           -0.350000  1.000000 -1.000000
   -4.562    0.159    2.816    2.816    5.876    7.172   11.489   11.489
           -0.350000  1.000000 -0.950000
   -4.554    0.143    2.778    2.819    5.934    7.210   11.348   11.485
           -0.350000  1.000000 -0.900000
   -4.531    0.098    2.673    2.827    6.100    7.322   11.004   11.473
           -0.350000  1.000000 -0.850000
   -4.492    0.024    2.519    2.844    6.354    7.503   10.566   11.452
           -0.350000  1.000000 -0.800000
   -4.438   -0.075    2.339    2.870    6.676    7.746   10.091   11.423
           -0.350000  1.000000 -0.750000
   -4.369   -0.195    2.147    2.907    7.049    8.042    9.606   11.388
           -0.350000  1.000000 -0.700000
   -4.286   -0.331    1.955    2.954    7.461    8.375    9.137   11.347
           -0.350000  1.000000 -0.650000
   -4.190   -0.479    1.772    3.009    7.906    8.535    8.895   11.301
           -0.350000  1.000000 -0.600000
   -4.082   -0.634    1.603    3.067    8.154    8.375    9.253   11.253
           -0.350000  1.000000 -0.550000
   -3.963   -0.794    1.453    3.123    7.746    8.865    9.700   11.205
           -0.350000  1.000000 -0.500000
   -3.834   -0.955    1.325    3.166    7.377    9.371   10.173   11.159
           -0.350000  1.000000 -0.450000
   -3.697   -1.114    1.223    3.185    7.066    9.887   10.654   11.119
           -0.350000  1.000000 -0.400000
   -3.554   -1.271    1.148    3.166    6.830   10.397   11.095   11.104
           -0.350000  1.000000 -0.350000
   -3.407   -1.424    1.103    3.098    6.682   10.806   10.881   11.236
           -0.350000  1.000000 -0.300000
   -3.257   -1.573    1.090    2.977    6.629   10.393   10.919   11.497
           -0.350000  1.000000 -0.250000
   -3.107   -1.717    1.111    2.808    6.668    9.914   10.927   11.439
           -0.350000  1.000000 -0.200000
   -2.959   -1.857    1.166    2.604    6.789    9.452   10.929   11.348
           -0.350000  1.000000 -0.150000
   -2.813   -1.993    1.256    2.380    6.977    9.011   10.938   11.254
           -0.350000  1.000000 -0.100000
   -2.671   -2.128    1.381    2.151    7.221    8.594   10.958   11.169
           -0.350000  1.000000 -0.050000
   -2.532   -2.261    1.536    1.928    7.512    8.203   10.990   11.096
           -0.350000  1.000000  0.000000
   -2.396   -2.396    1.721    1.721    7.841    7.841   11.036   11.036
           -0.350000  1.000000  0.050000
   -2.532   -2.261    1.536    1.928    7.512    8.203   10.990   11.096
           -0.350000  1.000000  0.100000
   -2.671   -2.128    1.381    2.151    7.221    8.594   10.958   11.169
           -0.350000  1.000000  0.150000
   -2.813   -1.993    1.256    2.380    6.977    9.011   10.938   11.254
           -0.350000  1.000000  0.200000
   -2.959   -1.857    1.166    2.604    6.789    9.452   10.929   11.348
           -0.350000  1.000000  0.250000
   -3.107   -1.717    1.111    2.808    6.668    9.914   10.927   11.439
           -0.350000  1.000000  0.300000
   -3.257   -1.573    1.090    2.977    6.629   10.393   10.919   11.497
           -0.350000  1.000000  0.350000
   -3.407   -1.424    1.103    3.098    6.682   10.806   10.881   11.236
           -0.350000  1.000000  0.400000
   -3.554   -1.271    1.148    3.166    6.830   10.397   11.095   11.104
           -0.350000  1.000000  0.450000
   -3.697   -1.114    1.223    3.185    7.066    9.887   10.654   11.119
           -0.350000  1.000000  0.500000
   -3.834   -0.955    1.325    3.166    7.377    9.371   10.173   11.159
           -0.350000  1.000000  0.550000
   -3.963   -0.794    1.453    3.123    7.746    8.865    9.700   11.205
           -0.350000  1.000000  0.600000
   -4.082   -0.634    1.603    3.067    8.154    8.375    9.253   11.253
           -0.350000  1.000000  0.650000
   -4.190   -0.479    1.772    3.009    7.906    8.535    8.895   11.301
           -0.350000  1.000000  0.700000
   -4.286   -0.331    1.955    2.954    7.461    8.375    9.137   11.347
           -0.350000  1.000000  0.750000
   -4.369   -0.195    2.147    2.907    7.049    8.042    9.606   11.388
           -0.350000  1.000000  0.800000
   -4.438   -0.075    2.339    2.870    6.676    7.746   10.091   11.423
           -0.350000  1.000000  0.850000
   -4.492    0.024    2.519    2.844    6.354    7.503   10.566   11.452
           -0.350000  1.000000  0.900000
   -4.531    0.098    2.673    2.827    6.100    7.322   11.004   11.473
           -0.350000  1.000000  0.950000
   -4.554    0.143    2.778    2.819    5.934    7.210   11.348   11.485
           -0.350000  1.000000  1.000000
   -4.562    0.159    2.816    2.816    5.876    7.172   11.489   11.489
