 &plot nbnd=   8, nks=    81 /
           -0.125000 -0.775000 -1.000000
   -3.120   -1.535    2.032    2.252    6.753    7.108   11.553   13.223
           -0.125000 -0.775000 -0.975000
   -3.120   -1.536    1.999    2.286    6.710    7.164   11.554   13.200
           -0.125000 -0.775000 -0.950000
   -3.119   -1.537    1.930    2.358    6.623    7.290   11.556   13.127
           -0.125000 -0.775000 -0.925000
   -3.118   -1.539    1.854    2.440    6.533    7.445   11.559   13.004
           -0.125000 -0.775000 -0.900000
   -3.118   -1.542    1.778    2.522    6.454    7.618   11.564   12.833
           -0.125000 -0.775000 -0.875000
   -3.117   -1.545    1.706    2.599    6.390    7.802   11.569   12.625
           -0.125000 -0.775000 -0.850000
   -3.117   -1.548    1.640    2.670    6.346    7.997   11.575   12.392
           -0.125000 -0.775000 -0.825000
   -3.117   -1.550    1.580    2.732    6.324    8.200   11.581   12.143
           -0.125000 -0.775000 -0.800000
   -3.118   -1.553    1.527    2.782    6.325    8.411   11.583   11.888
           -0.125000 -0.775000 -0.775000
   -3.121   -1.554    1.482    2.821    6.350    8.630   11.540   11.672
           -0.125000 -0.775000 -0.750000
   -3.125   -1.554    1.444    2.848    6.400    8.855   11.318   11.631
           -0.125000 -0.775000 -0.725000
   -3.132   -1.551    1.415    2.863    6.474    9.086   11.051   11.632
           -0.125000 -0.775000 -0.700000
   -3.141   -1.547    1.393    2.867    6.572    9.323   10.780   11.635
           -0.125000 -0.775000 -0.675000
   -3.153   -1.539    1.379    2.861    6.691    9.564   10.509   11.635
           -0.125000 -0.775000 -0.650000
   -3.168   -1.528    1.372    2.848    6.830    9.806   10.243   11.627
           -0.125000 -0.775000 -0.625000
   -3.185   -1.513    1.372    2.829    6.987    9.927   10.106   11.598
           -0.125000 -0.775000 -0.600000
   -3.206   -1.494    1.378    2.806    7.161    9.687   10.335   11.524
           -0.125000 -0.775000 -0.575000
   -3.229   -1.471    1.391    2.781    7.348    9.427   10.589   11.375
           -0.125000 -0.775000 -0.550000
   -3.255   -1.445    1.409    2.756    7.548    9.170   10.832   11.177
           -0.125000 -0.775000 -0.525000
   -3.284   -1.415    1.431    2.731    7.759    8.917   10.858   11.168
           -0.125000 -0.775000 -0.500000
   -3.314   -1.381    1.458    2.710    7.979    8.670   10.624   11.403
           -0.125000 -0.775000 -0.475000
   -3.346   -1.345    1.489    2.692    8.197    8.439   10.369   11.628
           -0.125000 -0.775000 -0.450000
   -3.379   -1.306    1.522    2.678    8.172    8.467   10.111   11.762
           -0.125000 -0.775000 -0.425000
   -3.413   -1.265    1.558    2.669    7.952    8.703    9.855   11.809
           -0.125000 -0.775000 -0.400000
   -3.447   -1.223    1.597    2.666    7.734    8.952    9.603   11.829
           -0.125000 -0.775000 -0.375000
   -3.480   -1.180    1.637    2.668    7.523    9.205    9.357   11.841
           -0.125000 -0.775000 -0.350000
   -3.514   -1.137    1.679    2.675    7.323    9.112    9.468   11.849
           -0.125000 -0.775000 -0.325000
   -3.546   -1.094    1.723    2.685    7.134    8.876    9.730   11.855
           -0.125000 -0.775000 -0.300000
   -3.577   -1.052    1.769    2.699    6.957    8.647    9.996   11.860
           -0.125000 -0.775000 -0.275000
   -3.607   -1.012    1.818    2.714    6.795    8.425   10.263   11.864
           -0.125000 -0.775000 -0.250000
   -3.635   -0.974    1.869    2.729    6.648    8.211   10.530   11.867
           -0.125000 -0.775000 -0.225000
   -3.661   -0.938    1.923    2.742    6.518    8.006   10.797   11.871
           -0.125000 -0.775000 -0.200000
   -3.685   -0.906    1.980    2.751    6.406    7.812   11.060   11.875
           -0.125000 -0.775000 -0.175000
   -3.706   -0.876    2.041    2.753    6.314    7.628   11.315   11.883
           -0.125000 -0.775000 -0.150000
   -3.725   -0.851    2.103    2.748    6.241    7.457   11.555   11.899
           -0.125000 -0.775000 -0.125000
   -3.741   -0.829    2.168    2.734    6.189    7.301   11.740   11.959
           -0.125000 -0.775000 -0.100000
   -3.754   -0.810    2.234    2.711    6.155    7.163   11.813   12.115
           -0.125000 -0.775000 -0.075000
   -3.765   -0.796    2.300    2.680    6.138    7.046   11.833   12.300
           -0.125000 -0.775000 -0.050000
   -3.772   -0.786    2.362    2.643    6.131    6.956   11.839   12.460
           -0.125000 -0.775000 -0.025000
   -3.777   -0.780    2.415    2.605    6.131    6.898   11.842   12.568
           -0.125000 -0.775000  0.000000
   -3.778   -0.778    2.440    2.585    6.132    6.878   11.843   12.607
           -0.125000 -0.775000  0.025000
   -3.777   -0.780    2.415    2.605    6.131    6.898   11.842   12.568
           -0.125000 -0.775000  0.050000
   -3.772   -0.786    2.362    2.643    6.131    6.956   11.839   12.460
           -0.125000 -0.775000  0.075000
   -3.765   -0.796    2.300    2.680    6.138    7.046   11.833   12.300
           -0.125000 -0.775000  0.100000
   -3.754   -0.810    2.234    2.711    6.155    7.163   11.813   12.115
           -0.125000 -0.775000  0.125000
   -3.741   -0.829    2.168    2.734    6.189    7.301   11.740   11.959
           -0.125000 -0.775000  0.150000
   -3.725   -0.851    2.103    2.748    6.241    7.457   11.555   11.899
           -0.125000 -0.775000  0.175000
   -3.706   -0.876    2.041    2.753    6.314    7.628   11.315   11.883
           -0.125000 -0.775000  0.200000
   -3.685   -0.906    1.980    2.751    6.406    7.812   11.060   11.875
           -0.125000 -0.775000  0.225000
   -3.661   -0.938    1.923    2.742    6.518    8.006   10.797   11.871
           -0.125000 -0.775000  0.250000
   -3.635   -0.974    1.869    2.729    6.648    8.211   10.530   11.867
           -0.125000 -0.775000  0.275000
   -3.607   -1.012    1.818    2.714    6.795    8.425   10.263   11.864
           -0.125000 -0.775000  0.300000
   -3.577   -1.052    1.769    2.699    6.957    8.647    9.996   11.860
           -0.125000 -0.775000  0.325000
   -3.546   -1.094    1.723    2.685    7.134    8.876    9.730   11.855
           -0.125000 -0.775000  0.350000
   -3.514   -1.137    1.679    2.675    7.323    9.112    9.468   11.849
           -0.125000 -0.775000  0.375000
   -3.480   -1.180    1.637    2.668    7.523    9.205    9.357   11.841
           -0.125000 -0.775000  0.400000
   -3.447   -1.223    1.597    2.666    7.734    8.952    9.603   11.829
           -0.125000 -0.775000  0.425000
   -3.413   -1.265    1.558    2.669    7.952    8.703    9.855   11.809
           -0.125000 -0.775000  0.450000
   -3.379   -1.306    1.522    2.678    8.172    8.467   10.111   11.762
           -0.125000 -0.775000  0.475000
   -3.346   -1.345    1.489    2.692    8.197    8.439   10.369   11.628
           -0.125000 -0.775000  0.500000
   -3.314   -1.381    1.458    2.710    7.979    8.670   10.624   11.403
           -0.125000 -0.775000  0.525000
   -3.284   -1.415    1.431    2.731    7.759    8.917   10.858   11.168
           -0.125000 -0.775000  0.550000
   -3.255   -1.445    1.409    2.756    7.548    9.170   10.832   11.177
           -0.125000 -0.775000  0.575000
   -3.229   -1.471    1.391    2.781    7.348    9.427   10.589   11.375
           -0.125000 -0.775000  0.600000
   -3.206   -1.494    1.378    2.806    7.161    9.687   10.335   11.524
           -0.125000 -0.775000  0.625000
   -3.185   -1.513    1.372    2.829    6.987    9.927   10.106   11.598
           -0.125000 -0.775000  0.650000
   -3.168   -1.528    1.372    2.848    6.830    9.806   10.243   11.627
           -0.125000 -0.775000  0.675000
   -3.153   -1.539    1.379    2.861    6.691    9.564   10.509   11.635
           -0.125000 -0.775000  0.700000
   -3.141   -1.547    1.393    2.867    6.572    9.323   10.780   11.635
           -0.125000 -0.775000  0.725000
   -3.132   -1.551    1.415    2.863    6.474    9.086   11.051   11.632
           -0.125000 -0.775000  0.750000
   -3.125   -1.554    1.444    2.848    6.400    8.855   11.318   11.631
           -0.125000 -0.775000  0.775000
   -3.121   -1.554    1.482    2.821    6.350    8.630   11.540   11.672
           -0.125000 -0.775000  0.800000
   -3.118   -1.553    1.527    2.782    6.325    8.411   11.583   11.888
           -0.125000 -0.775000  0.825000
   -3.117   -1.550    1.580    2.732    6.324    8.200   11.581   12.143
           -0.125000 -0.775000  0.850000
   -3.117   -1.548    1.640    2.670    6.346    7.997   11.575   12.392
           -0.125000 -0.775000  0.875000
   -3.117   -1.545    1.706    2.599    6.390    7.802   11.569   12.625
           -0.125000 -0.775000  0.900000
   -3.118   -1.542    1.778    2.522    6.454    7.618   11.564   12.833
           -0.125000 -0.775000  0.925000
   -3.118   -1.539    1.854    2.440    6.533    7.445   11.559   13.004
           -0.125000 -0.775000  0.950000
   -3.119   -1.537    1.930    2.358    6.623    7.290   11.556   13.127
           -0.125000 -0.775000  0.975000
   -3.120   -1.536    1.999    2.286    6.710    7.164   11.554   13.200
           -0.125000 -0.775000  1.000000
   -3.120   -1.535    2.032    2.252    6.753    7.108   11.553   13.223
