 &plot nbnd=   8, nks=    81 /
           -0.550000  0.500000 -1.000000
   -4.442   -0.029    1.860    3.883    7.472    9.150    9.801   10.318
           -0.550000  0.500000 -0.975000
   -4.440   -0.042    1.876    3.883    7.469    9.132    9.759   10.371
           -0.550000  0.500000 -0.950000
   -4.436   -0.078    1.923    3.884    7.461    9.079    9.663   10.498
           -0.550000  0.500000 -0.925000
   -4.429   -0.135    1.996    3.886    7.447    8.999    9.550   10.659
           -0.550000  0.500000 -0.900000
   -4.419   -0.208    2.092    3.888    7.425    8.904    9.433   10.839
           -0.550000  0.500000 -0.875000
   -4.406   -0.292    2.206    3.890    7.393    8.802    9.318   11.029
           -0.550000  0.500000 -0.850000
   -4.391   -0.383    2.334    3.892    7.349    8.702    9.207   11.227
           -0.550000  0.500000 -0.825000
   -4.374   -0.479    2.472    3.895    7.291    8.611    9.099   11.429
           -0.550000  0.500000 -0.800000
   -4.355   -0.576    2.617    3.898    7.217    8.534    8.998   11.633
           -0.550000  0.500000 -0.775000
   -4.333   -0.673    2.767    3.900    7.128    8.471    8.903   11.835
           -0.550000  0.500000 -0.750000
   -4.310   -0.768    2.918    3.902    7.025    8.423    8.815   12.031
           -0.550000  0.500000 -0.725000
   -4.286   -0.860    3.070    3.904    6.912    8.389    8.735   12.214
           -0.550000  0.500000 -0.700000
   -4.260   -0.948    3.220    3.905    6.792    8.366    8.663   12.372
           -0.550000  0.500000 -0.675000
   -4.234   -1.030    3.364    3.904    6.670    8.351    8.600   12.490
           -0.550000  0.500000 -0.650000
   -4.208   -1.105    3.500    3.903    6.552    8.342    8.547   12.560
           -0.550000  0.500000 -0.625000
   -4.182   -1.174    3.623    3.900    6.441    8.338    8.501   12.587
           -0.550000  0.500000 -0.600000
   -4.156   -1.235    3.729    3.896    6.345    8.337    8.464   12.589
           -0.550000  0.500000 -0.575000
   -4.132   -1.287    3.812    3.890    6.269    8.339    8.434   12.579
           -0.550000  0.500000 -0.550000
   -4.110   -1.330    3.861    3.888    6.218    8.346    8.409   12.569
           -0.550000  0.500000 -0.525000
   -4.090   -1.363    3.858    3.903    6.199    8.356    8.389   12.564
           -0.550000  0.500000 -0.500000
   -4.072   -1.386    3.835    3.903    6.211    8.362    8.383   12.568
           -0.550000  0.500000 -0.475000
   -4.057   -1.399    3.790    3.889    6.255    8.349    8.406   12.582
           -0.550000  0.500000 -0.450000
   -4.046   -1.401    3.718    3.871    6.325    8.334    8.440   12.604
           -0.550000  0.500000 -0.425000
   -4.038   -1.392    3.620    3.855    6.416    8.322    8.483   12.633
           -0.550000  0.500000 -0.400000
   -4.033   -1.373    3.502    3.838    6.521    8.313    8.535   12.663
           -0.550000  0.500000 -0.375000
   -4.031   -1.343    3.368    3.823    6.634    8.310    8.597   12.689
           -0.550000  0.500000 -0.350000
   -4.032   -1.304    3.224    3.807    6.749    8.316    8.667   12.700
           -0.550000  0.500000 -0.325000
   -4.035   -1.255    3.074    3.791    6.860    8.333    8.747   12.680
           -0.550000  0.500000 -0.300000
   -4.040   -1.198    2.919    3.776    6.962    8.366    8.834   12.612
           -0.550000  0.500000 -0.275000
   -4.047   -1.134    2.762    3.761    7.052    8.417    8.930   12.491
           -0.550000  0.500000 -0.250000
   -4.056   -1.064    2.606    3.746    7.126    8.488    9.034   12.329
           -0.550000  0.500000 -0.225000
   -4.064   -0.989    2.453    3.732    7.183    8.579    9.144   12.143
           -0.550000  0.500000 -0.200000
   -4.074   -0.910    2.303    3.720    7.224    8.689    9.261   11.943
           -0.550000  0.500000 -0.175000
   -4.083   -0.830    2.160    3.708    7.253    8.813    9.383   11.739
           -0.550000  0.500000 -0.150000
   -4.091   -0.750    2.026    3.697    7.271    8.946    9.510   11.534
           -0.550000  0.500000 -0.125000
   -4.099   -0.674    1.903    3.688    7.282    9.085    9.640   11.331
           -0.550000  0.500000 -0.100000
   -4.106   -0.603    1.794    3.680    7.289    9.222    9.772   11.133
           -0.550000  0.500000 -0.075000
   -4.111   -0.542    1.704    3.674    7.292    9.349    9.904   10.942
           -0.550000  0.500000 -0.050000
   -4.115   -0.495    1.635    3.670    7.293    9.455   10.036   10.764
           -0.550000  0.500000 -0.025000
   -4.117   -0.465    1.592    3.667    7.294    9.527   10.157   10.611
           -0.550000  0.500000  0.000000
   -4.118   -0.454    1.578    3.666    7.294    9.552   10.222   10.536
           -0.550000  0.500000  0.025000
   -4.117   -0.465    1.592    3.667    7.294    9.527   10.157   10.611
           -0.550000  0.500000  0.050000
   -4.115   -0.495    1.635    3.670    7.293    9.455   10.036   10.764
           -0.550000  0.500000  0.075000
   -4.111   -0.542    1.704    3.674    7.292    9.349    9.904   10.942
           -0.550000  0.500000  0.100000
   -4.106   -0.603    1.794    3.680    7.289    9.222    9.772   11.133
           -0.550000  0.500000  0.125000
   -4.099   -0.674    1.903    3.688    7.282    9.085    9.640   11.331
           -0.550000  0.500000  0.150000
   -4.091   -0.750    2.026    3.697    7.271    8.946    9.510   11.534
           -0.550000  0.500000  0.175000
   -4.083   -0.830    2.160    3.708    7.253    8.813    9.383   11.739
           -0.550000  0.500000  0.200000
   -4.074   -0.910    2.303    3.720    7.224    8.689    9.261   11.943
           -0.550000  0.500000  0.225000
   -4.064   -0.989    2.453    3.732    7.183    8.579    9.144   12.143
           -0.550000  0.500000  0.250000
   -4.056   -1.064    2.606    3.746    7.126    8.488    9.034   12.329
           -0.550000  0.500000  0.275000
   -4.047   -1.134    2.762    3.761    7.052    8.417    8.930   12.491
           -0.550000  0.500000  0.300000
   -4.040   -1.198    2.919    3.776    6.962    8.366    8.834   12.612
           -0.550000  0.500000  0.325000
   -4.035   -1.255    3.074    3.791    6.860    8.333    8.747   12.680
           -0.550000  0.500000  0.350000
   -4.032   -1.304    3.224    3.807    6.749    8.316    8.667   12.700
           -0.550000  0.500000  0.375000
   -4.031   -1.343    3.368    3.823    6.634    8.310    8.597   12.689
           -0.550000  0.500000  0.400000
   -4.033   -1.373    3.502    3.838    6.521    8.313    8.535   12.663
           -0.550000  0.500000  0.425000
   -4.038   -1.392    3.620    3.855    6.416    8.322    8.483   12.633
           -0.550000  0.500000  0.450000
   -4.046   -1.401    3.718    3.871    6.325    8.334    8.440   12.604
           -0.550000  0.500000  0.475000
   -4.057   -1.399    3.790    3.889    6.255    8.349    8.406   12.582
           -0.550000  0.500000  0.500000
   -4.072   -1.386    3.835    3.903    6.211    8.362    8.383   12.568
           -0.550000  0.500000  0.525000
   -4.090   -1.363    3.858    3.903    6.199    8.356    8.389   12.564
           -0.550000  0.500000  0.550000
   -4.110   -1.330    3.861    3.888    6.218    8.346    8.409   12.569
           -0.550000  0.500000  0.575000
   -4.132   -1.287    3.812    3.890    6.269    8.339    8.434   12.579
           -0.550000  0.500000  0.600000
   -4.156   -1.235    3.729    3.896    6.345    8.337    8.464   12.589
           -0.550000  0.500000  0.625000
   -4.182   -1.174    3.623    3.900    6.441    8.338    8.501   12.587
           -0.550000  0.500000  0.650000
   -4.208   -1.105    3.500    3.903    6.552    8.342    8.547   12.560
           -0.550000  0.500000  0.675000
   -4.234   -1.030    3.364    3.904    6.670    8.351    8.600   12.490
           -0.550000  0.500000  0.700000
   -4.260   -0.948    3.220    3.905    6.792    8.366    8.663   12.372
           -0.550000  0.500000  0.725000
   -4.286   -0.860    3.070    3.904    6.912    8.389    8.735   12.214
           -0.550000  0.500000  0.750000
   -4.310   -0.768    2.918    3.902    7.025    8.423    8.815   12.031
           -0.550000  0.500000  0.775000
   -4.333   -0.673    2.767    3.900    7.128    8.471    8.903   11.835
           -0.550000  0.500000  0.800000
   -4.355   -0.576    2.617    3.898    7.217    8.534    8.998   11.633
           -0.550000  0.500000  0.825000
   -4.374   -0.479    2.472    3.895    7.291    8.611    9.099   11.429
           -0.550000  0.500000  0.850000
   -4.391   -0.383    2.334    3.892    7.349    8.702    9.207   11.227
           -0.550000  0.500000  0.875000
   -4.406   -0.292    2.206    3.890    7.393    8.802    9.318   11.029
           -0.550000  0.500000  0.900000
   -4.419   -0.208    2.092    3.888    7.425    8.904    9.433   10.839
           -0.550000  0.500000  0.925000
   -4.429   -0.135    1.996    3.886    7.447    8.999    9.550   10.659
           -0.550000  0.500000  0.950000
   -4.436   -0.078    1.923    3.884    7.461    9.079    9.663   10.498
           -0.550000  0.500000  0.975000
   -4.440   -0.042    1.876    3.883    7.469    9.132    9.759   10.371
           -0.550000  0.500000  1.000000
   -4.442   -0.029    1.860    3.883    7.472    9.150    9.801   10.318
