 &plot nbnd=   8, nks=   101 /
           -0.260000 -0.960000 -1.000000
   -3.505    0.346    3.383    3.404    6.656    7.609   13.615   13.720
           -0.260000 -0.960000 -0.980000
   -3.504    0.345    3.367    3.413    6.665    7.617   13.615   13.693
           -0.260000 -0.960000 -0.960000
   -3.500    0.340    3.336    3.421    6.693    7.642   13.603   13.626
           -0.260000 -0.960000 -0.940000
   -3.494    0.333    3.297    3.423    6.737    7.683   13.491   13.615
           -0.260000 -0.960000 -0.920000
   -3.485    0.322    3.250    3.420    6.799    7.740   13.337   13.612
           -0.260000 -0.960000 -0.900000
   -3.473    0.308    3.197    3.412    6.876    7.811   13.159   13.609
           -0.260000 -0.960000 -0.880000
   -3.460    0.292    3.137    3.402    6.968    7.897   12.963   13.606
           -0.260000 -0.960000 -0.860000
   -3.443    0.272    3.073    3.389    7.073    7.995   12.755   13.601
           -0.260000 -0.960000 -0.840000
   -3.425    0.249    3.004    3.375    7.190    8.106   12.538   13.597
           -0.260000 -0.960000 -0.820000
   -3.404    0.223    2.933    3.361    7.319    8.229   12.315   13.591
           -0.260000 -0.960000 -0.800000
   -3.380    0.194    2.859    3.348    7.457    8.362   12.089   13.585
           -0.260000 -0.960000 -0.780000
   -3.355    0.162    2.783    3.336    7.605    8.505   11.859   13.578
           -0.260000 -0.960000 -0.760000
   -3.327    0.127    2.707    3.326    7.761    8.657   11.629   13.570
           -0.260000 -0.960000 -0.740000
   -3.297    0.089    2.630    3.320    7.925    8.817   11.398   13.562
           -0.260000 -0.960000 -0.720000
   -3.265    0.049    2.554    3.316    8.096    8.984   11.168   13.553
           -0.260000 -0.960000 -0.700000
   -3.231    0.006    2.478    3.316    8.273    9.157   10.939   13.543
           -0.260000 -0.960000 -0.680000
   -3.194   -0.039    2.405    3.319    8.456    9.336   10.714   13.533
           -0.260000 -0.960000 -0.660000
   -3.157   -0.086    2.333    3.326    8.645    9.517   10.494   13.522
           -0.260000 -0.960000 -0.640000
   -3.117   -0.135    2.263    3.336    8.839    9.693   10.288   13.510
           -0.260000 -0.960000 -0.620000
   -3.076   -0.185    2.196    3.350    9.037    9.815   10.145   13.497
           -0.260000 -0.960000 -0.600000
   -3.033   -0.236    2.132    3.367    9.239    9.738   10.209   13.484
           -0.260000 -0.960000 -0.580000
   -2.990   -0.289    2.071    3.388    9.435    9.565   10.389   13.469
           -0.260000 -0.960000 -0.560000
   -2.944   -0.342    2.014    3.410    9.344    9.666   10.593   13.448
           -0.260000 -0.960000 -0.540000
   -2.898   -0.396    1.961    3.435    9.146    9.878   10.807   13.385
           -0.260000 -0.960000 -0.520000
   -2.851   -0.450    1.911    3.462    8.949   10.094   11.027   13.187
           -0.260000 -0.960000 -0.500000
   -2.804   -0.504    1.867    3.490    8.756   10.313   11.251   12.958
           -0.260000 -0.960000 -0.480000
   -2.755   -0.557    1.827    3.519    8.570   10.533   11.478   12.730
           -0.260000 -0.960000 -0.460000
   -2.707   -0.611    1.792    3.547    8.391   10.754   11.705   12.507
           -0.260000 -0.960000 -0.440000
   -2.658   -0.663    1.762    3.574    8.219   10.972   11.925   12.304
           -0.260000 -0.960000 -0.420000
   -2.609   -0.715    1.737    3.599    8.058   11.178   12.016   12.247
           -0.260000 -0.960000 -0.400000
   -2.561   -0.767    1.718    3.622    7.906   11.340   11.900   12.446
           -0.260000 -0.960000 -0.380000
   -2.513   -0.817    1.705    3.640    7.766   11.363   11.896   12.674
           -0.260000 -0.960000 -0.360000
   -2.466   -0.866    1.698    3.653    7.639   11.230   12.047   12.897
           -0.260000 -0.960000 -0.340000
   -2.419   -0.913    1.697    3.660    7.525   11.044   12.253   13.089
           -0.260000 -0.960000 -0.320000
   -2.374   -0.959    1.702    3.659    7.427   10.845   12.472   13.207
           -0.260000 -0.960000 -0.300000
   -2.330   -1.004    1.713    3.650    7.345   10.643   12.691   13.258
           -0.260000 -0.960000 -0.280000
   -2.287   -1.047    1.731    3.632    7.280   10.441   12.895   13.299
           -0.260000 -0.960000 -0.260000
   -2.246   -1.088    1.755    3.604    7.233   10.241   13.051   13.377
           -0.260000 -0.960000 -0.240000
   -2.207   -1.128    1.786    3.566    7.204   10.044   13.129   13.525
           -0.260000 -0.960000 -0.220000
   -2.169   -1.165    1.823    3.518    7.192    9.850   13.157   13.704
           -0.260000 -0.960000 -0.200000
   -2.134   -1.201    1.867    3.460    7.199    9.660   13.167   13.854
           -0.260000 -0.960000 -0.180000
   -2.101   -1.235    1.916    3.394    7.222    9.474   13.170   13.929
           -0.260000 -0.960000 -0.160000
   -2.070   -1.266    1.972    3.321    7.261    9.292   13.171   13.944
           -0.260000 -0.960000 -0.140000
   -2.041   -1.294    2.033    3.241    7.314    9.114   13.170   13.936
           -0.260000 -0.960000 -0.120000
   -2.016   -1.320    2.100    3.156    7.382    8.942   13.168   13.922
           -0.260000 -0.960000 -0.100000
   -1.993   -1.343    2.172    3.067    7.462    8.774   13.167   13.907
           -0.260000 -0.960000 -0.080000
   -1.974   -1.362    2.248    2.975    7.553    8.612   13.166   13.894
           -0.260000 -0.960000 -0.060000
   -1.959   -1.378    2.328    2.882    7.655    8.457   13.165   13.882
           -0.260000 -0.960000 -0.040000
   -1.947   -1.390    2.411    2.790    7.766    8.308   13.164   13.874
           -0.260000 -0.960000 -0.020000
   -1.940   -1.397    2.494    2.701    7.882    8.169   13.163   13.869
           -0.260000 -0.960000  0.000000
   -1.938   -1.399    2.549    2.644    7.969    8.075   13.163   13.867
           -0.260000 -0.960000  0.020000
   -1.940   -1.397    2.494    2.701    7.882    8.169   13.163   13.869
           -0.260000 -0.960000  0.040000
   -1.947   -1.390    2.411    2.790    7.766    8.308   13.164   13.874
           -0.260000 -0.960000  0.060000
   -1.959   -1.378    2.328    2.882    7.655    8.457   13.165   13.882
           -0.260000 -0.960000  0.080000
   -1.974   -1.362    2.248    2.975    7.553    8.612   13.166   13.894
           -0.260000 -0.960000  0.100000
   -1.993   -1.343    2.172    3.067    7.462    8.774   13.167   13.907
           -0.260000 -0.960000  0.120000
   -2.016   -1.320    2.100    3.156    7.382    8.942   13.168   13.922
           -0.260000 -0.960000  0.140000
   -2.041   -1.294    2.033    3.241    7.314    9.114   13.170   13.936
           -0.260000 -0.960000  0.160000
   -2.070   -1.266    1.972    3.321    7.261    9.292   13.171   13.944
           -0.260000 -0.960000  0.180000
   -2.101   -1.235    1.916    3.394    7.222    9.474   13.170   13.929
           -0.260000 -0.960000  0.200000
   -2.134   -1.201    1.867    3.460    7.199    9.660   13.167   13.854
           -0.260000 -0.960000  0.220000
   -2.169   -1.165    1.823    3.518    7.192    9.850   13.157   13.704
           -0.260000 -0.960000  0.240000
   -2.207   -1.128    1.786    3.566    7.204   10.044   13.129   13.525
           -0.260000 -0.960000  0.260000
   -2.246   -1.088    1.755    3.604    7.233   10.241   13.051   13.377
           -0.260000 -0.960000  0.280000
   -2.287   -1.047    1.731    3.632    7.280   10.441   12.895   13.299
           -0.260000 -0.960000  0.300000
   -2.330   -1.004    1.713    3.650    7.345   10.643   12.691   13.258
           -0.260000 -0.960000  0.320000
   -2.374   -0.959    1.702    3.659    7.427   10.845   12.472   13.207
           -0.260000 -0.960000  0.340000
   -2.419   -0.913    1.697    3.660    7.525   11.044   12.253   13.089
           -0.260000 -0.960000  0.360000
   -2.466   -0.866    1.698    3.653    7.639   11.230   12.047   12.897
           -0.260000 -0.960000  0.380000
   -2.513   -0.817    1.705    3.640    7.766   11.363   11.896   12.674
           -0.260000 -0.960000  0.400000
   -2.561   -0.767    1.718    3.622    7.906   11.340   11.900   12.446
           -0.260000 -0.960000  0.420000
   -2.609   -0.715    1.737    3.599    8.058   11.178   12.016   12.247
           -0.260000 -0.960000  0.440000
   -2.658   -0.663    1.762    3.574    8.219   10.972   11.925   12.304
           -0.260000 -0.960000  0.460000
   -2.707   -0.611    1.792    3.547    8.391   10.754   11.705   12.507
           -0.260000 -0.960000  0.480000
   -2.755   -0.557    1.827    3.519    8.570   10.533   11.478   12.730
           -0.260000 -0.960000  0.500000
   -2.804   -0.504    1.867    3.490    8.756   10.313   11.251   12.958
           -0.260000 -0.960000  0.520000
   -2.851   -0.450    1.911    3.462    8.949   10.094   11.027   13.187
           -0.260000 -0.960000  0.540000
   -2.898   -0.396    1.961    3.435    9.146    9.878   10.807   13.385
           -0.260000 -0.960000  0.560000
   -2.944   -0.342    2.014    3.410    9.344    9.666   10.593   13.448
           -0.260000 -0.960000  0.580000
   -2.990   -0.289    2.071    3.388    9.435    9.565   10.389   13.469
           -0.260000 -0.960000  0.600000
   -3.033   -0.236    2.132    3.367    9.239    9.738   10.209   13.484
           -0.260000 -0.960000  0.620000
   -3.076   -0.185    2.196    3.350    9.037    9.815   10.145   13.497
           -0.260000 -0.960000  0.640000
   -3.117   -0.135    2.263    3.336    8.839    9.693   10.288   13.510
           -0.260000 -0.960000  0.660000
   -3.157   -0.086    2.333    3.326    8.645    9.517   10.494   13.522
           -0.260000 -0.960000  0.680000
   -3.194   -0.039    2.405    3.319    8.456    9.336   10.714   13.533
           -0.260000 -0.960000  0.700000
   -3.231    0.006    2.478    3.316    8.273    9.157   10.939   13.543
           -0.260000 -0.960000  0.720000
   -3.265    0.049    2.554    3.316    8.096    8.984   11.168   13.553
           -0.260000 -0.960000  0.740000
   -3.297    0.089    2.630    3.320    7.925    8.817   11.398   13.562
           -0.260000 -0.960000  0.760000
   -3.327    0.127    2.707    3.326    7.761    8.657   11.629   13.570
           -0.260000 -0.960000  0.780000
   -3.355    0.162    2.783    3.336    7.605    8.505   11.859   13.578
           -0.260000 -0.960000  0.800000
   -3.380    0.194    2.859    3.348    7.457    8.362   12.089   13.585
           -0.260000 -0.960000  0.820000
   -3.404    0.223    2.933    3.361    7.319    8.229   12.315   13.591
           -0.260000 -0.960000  0.840000
   -3.425    0.249    3.004    3.375    7.190    8.106   12.538   13.597
           -0.260000 -0.960000  0.860000
   -3.443    0.272    3.073    3.389    7.073    7.995   12.755   13.601
           -0.260000 -0.960000  0.880000
   -3.460    0.292    3.137    3.402    6.968    7.897   12.963   13.606
           -0.260000 -0.960000  0.900000
   -3.473    0.308    3.197    3.412    6.876    7.811   13.159   13.609
           -0.260000 -0.960000  0.920000
   -3.485    0.322    3.250    3.420    6.799    7.740   13.337   13.612
           -0.260000 -0.960000  0.940000
   -3.494    0.333    3.297    3.423    6.737    7.683   13.491   13.615
           -0.260000 -0.960000  0.960000
   -3.500    0.340    3.336    3.421    6.693    7.642   13.603   13.626
           -0.260000 -0.960000  0.980000
   -3.504    0.345    3.367    3.413    6.665    7.617   13.615   13.693
           -0.260000 -0.960000  1.000000
   -3.505    0.346    3.383    3.404    6.656    7.609   13.615   13.720
