 &plot nbnd=   8, nks=   101 /
           -0.680000  0.320000 -1.000000
   -3.515    0.334    2.497    3.612    8.623    9.478   10.312   13.019
           -0.680000  0.320000 -0.980000
   -3.514    0.328    2.502    3.615    8.604    9.503   10.313   12.996
           -0.680000  0.320000 -0.960000
   -3.511    0.310    2.516    3.624    8.552    9.573   10.315   12.928
           -0.680000  0.320000 -0.940000
   -3.507    0.282    2.539    3.638    8.480    9.675   10.319   12.824
           -0.680000  0.320000 -0.920000
   -3.501    0.243    2.570    3.658    8.397    9.797   10.326   12.693
           -0.680000  0.320000 -0.900000
   -3.493    0.197    2.607    3.684    8.313    9.933   10.335   12.542
           -0.680000  0.320000 -0.880000
   -3.484    0.143    2.648    3.714    8.230   10.074   10.352   12.377
           -0.680000  0.320000 -0.860000
   -3.473    0.084    2.692    3.749    8.152   10.202   10.390   12.204
           -0.680000  0.320000 -0.840000
   -3.461    0.021    2.738    3.789    8.081   10.279   10.487   12.024
           -0.680000  0.320000 -0.820000
   -3.448   -0.045    2.784    3.831    8.018   10.309   10.637   11.840
           -0.680000  0.320000 -0.800000
   -3.433   -0.112    2.830    3.875    7.965   10.323   10.807   11.655
           -0.680000  0.320000 -0.780000
   -3.418   -0.180    2.876    3.921    7.924   10.330   10.987   11.470
           -0.680000  0.320000 -0.760000
   -3.402   -0.247    2.920    3.967    7.894   10.332   11.173   11.289
           -0.680000  0.320000 -0.740000
   -3.385   -0.313    2.962    4.011    7.877   10.327   11.112   11.365
           -0.680000  0.320000 -0.720000
   -3.368   -0.376    3.002    4.053    7.874   10.310   10.949   11.560
           -0.680000  0.320000 -0.700000
   -3.352   -0.437    3.040    4.092    7.885   10.271   10.808   11.759
           -0.680000  0.320000 -0.680000
   -3.335   -0.495    3.076    4.126    7.910   10.198   10.702   11.961
           -0.680000  0.320000 -0.660000
   -3.319   -0.548    3.109    4.157    7.950   10.087   10.636   12.166
           -0.680000  0.320000 -0.640000
   -3.304   -0.597    3.140    4.182    8.003    9.948   10.601   12.373
           -0.680000  0.320000 -0.620000
   -3.290   -0.640    3.167    4.203    8.070    9.795   10.584   12.583
           -0.680000  0.320000 -0.600000
   -3.277   -0.678    3.191    4.220    8.149    9.637   10.576   12.794
           -0.680000  0.320000 -0.580000
   -3.267   -0.709    3.211    4.232    8.238    9.481   10.573   13.006
           -0.680000  0.320000 -0.560000
   -3.258   -0.734    3.227    4.241    8.333    9.333   10.572   13.219
           -0.680000  0.320000 -0.540000
   -3.252   -0.752    3.239    4.247    8.427    9.199   10.572   13.431
           -0.680000  0.320000 -0.520000
   -3.248   -0.763    3.246    4.251    8.507    9.096   10.572   13.641
           -0.680000  0.320000 -0.500000
   -3.247   -0.766    3.249    4.252    8.541    9.055   10.572   13.809
           -0.680000  0.320000 -0.480000
   -3.248   -0.763    3.246    4.251    8.507    9.096   10.572   13.641
           -0.680000  0.320000 -0.460000
   -3.252   -0.752    3.239    4.247    8.427    9.199   10.572   13.431
           -0.680000  0.320000 -0.440000
   -3.258   -0.734    3.227    4.241    8.333    9.333   10.572   13.219
           -0.680000  0.320000 -0.420000
   -3.267   -0.709    3.211    4.232    8.238    9.481   10.573   13.006
           -0.680000  0.320000 -0.400000
   -3.277   -0.678    3.191    4.220    8.149    9.637   10.576   12.794
           -0.680000  0.320000 -0.380000
   -3.290   -0.640    3.167    4.203    8.070    9.795   10.584   12.583
           -0.680000  0.320000 -0.360000
   -3.304   -0.597    3.140    4.182    8.003    9.948   10.601   12.373
           -0.680000  0.320000 -0.340000
   -3.319   -0.548    3.109    4.157    7.950   10.087   10.636   12.166
           -0.680000  0.320000 -0.320000
   -3.335   -0.495    3.076    4.126    7.910   10.198   10.702   11.961
           -0.680000  0.320000 -0.300000
   -3.352   -0.437    3.040    4.092    7.885   10.271   10.808   11.759
           -0.680000  0.320000 -0.280000
   -3.368   -0.376    3.002    4.053    7.874   10.310   10.949   11.560
           -0.680000  0.320000 -0.260000
   -3.385   -0.313    2.962    4.011    7.877   10.327   11.112   11.365
           -0.680000  0.320000 -0.240000
   -3.402   -0.247    2.920    3.967    7.894   10.332   11.173   11.289
           -0.680000  0.320000 -0.220000
   -3.418   -0.180    2.876    3.921    7.924   10.330   10.987   11.470
           -0.680000  0.320000 -0.200000
   -3.433   -0.112    2.830    3.875    7.965   10.323   10.807   11.655
           -0.680000  0.320000 -0.180000
   -3.448   -0.045    2.784    3.831    8.018   10.309   10.637   11.840
           -0.680000  0.320000 -0.160000
   -3.461    0.021    2.738    3.789    8.081   10.279   10.487   12.024
           -0.680000  0.320000 -0.140000
   -3.473    0.084    2.692    3.749    8.152   10.202   10.390   12.204
           -0.680000  0.320000 -0.120000
   -3.484    0.143    2.648    3.714    8.230   10.074   10.352   12.377
           -0.680000  0.320000 -0.100000
   -3.493    0.197    2.607    3.684    8.313    9.933   10.335   12.542
           -0.680000  0.320000 -0.080000
   -3.501    0.243    2.570    3.658    8.397    9.797   10.326   12.693
           -0.680000  0.320000 -0.060000
   -3.507    0.282    2.539    3.638    8.480    9.675   10.319   12.824
           -0.680000  0.320000 -0.040000
   -3.511    0.310    2.516    3.624    8.552    9.573   10.315   12.928
           -0.680000  0.320000 -0.020000
   -3.514    0.328    2.502    3.615    8.604    9.503   10.313   12.996
           -0.680000  0.320000  0.000000
   -3.515    0.334    2.497    3.612    8.623    9.478   10.312   13.019
           -0.680000  0.320000  0.020000
   -3.514    0.328    2.502    3.615    8.604    9.503   10.313   12.996
           -0.680000  0.320000  0.040000
   -3.511    0.310    2.516    3.624    8.552    9.573   10.315   12.928
           -0.680000  0.320000  0.060000
   -3.507    0.282    2.539    3.638    8.480    9.675   10.319   12.824
           -0.680000  0.320000  0.080000
   -3.501    0.243    2.570    3.658    8.397    9.797   10.326   12.693
           -0.680000  0.320000  0.100000
   -3.493    0.197    2.607    3.684    8.313    9.933   10.335   12.542
           -0.680000  0.320000  0.120000
   -3.484    0.143    2.648    3.714    8.230   10.074   10.352   12.377
           -0.680000  0.320000  0.140000
   -3.473    0.084    2.692    3.749    8.152   10.202   10.390   12.204
           -0.680000  0.320000  0.160000
   -3.461    0.021    2.738    3.789    8.081   10.279   10.487   12.024
           -0.680000  0.320000  0.180000
   -3.448   -0.045    2.784    3.831    8.018   10.309   10.637   11.840
           -0.680000  0.320000  0.200000
   -3.433   -0.112    2.830    3.875    7.965   10.323   10.807   11.655
           -0.680000  0.320000  0.220000
   -3.418   -0.180    2.876    3.921    7.924   10.330   10.987   11.470
           -0.680000  0.320000  0.240000
   -3.402   -0.247    2.920    3.967    7.894   10.332   11.173   11.289
           -0.680000  0.320000  0.260000
   -3.385   -0.313    2.962    4.011    7.877   10.327   11.112   11.365
           -0.680000  0.320000  0.280000
   -3.368   -0.376    3.002    4.053    7.874   10.310   10.949   11.560
           -0.680000  0.320000  0.300000
   -3.352   -0.437    3.040    4.092    7.885   10.271   10.808   11.759
           -0.680000  0.320000  0.320000
   -3.335   -0.495    3.076    4.126    7.910   10.198   10.702   11.961
           -0.680000  0.320000  0.340000
   -3.319   -0.548    3.109    4.157    7.950   10.087   10.636   12.166
           -0.680000  0.320000  0.360000
   -3.304   -0.597    3.140    4.182    8.003    9.948   10.601   12.373
           -0.680000  0.320000  0.380000
   -3.290   -0.640    3.167    4.203    8.070    9.795   10.584   12.583
           -0.680000  0.320000  0.400000
   -3.277   -0.678    3.191    4.220    8.149    9.637   10.576   12.794
           -0.680000  0.320000  0.420000
   -3.267   -0.709    3.211    4.232    8.238    9.481   10.573   13.006
           -0.680000  0.320000  0.440000
   -3.258   -0.734    3.227    4.241    8.333    9.333   10.572   13.219
           -0.680000  0.320000  0.460000
   -3.252   -0.752    3.239    4.247    8.427    9.199   10.572   13.431
           -0.680000  0.320000  0.480000
   -3.248   -0.763    3.246    4.251    8.507    9.096   10.572   13.641
           -0.680000  0.320000  0.500000
   -3.247   -0.766    3.249    4.252    8.541    9.055   10.572   13.809
           -0.680000  0.320000  0.520000
   -3.248   -0.763    3.246    4.251    8.507    9.096   10.572   13.641
           -0.680000  0.320000  0.540000
   -3.252   -0.752    3.239    4.247    8.427    9.199   10.572   13.431
           -0.680000  0.320000  0.560000
   -3.258   -0.734    3.227    4.241    8.333    9.333   10.572   13.219
           -0.680000  0.320000  0.580000
   -3.267   -0.709    3.211    4.232    8.238    9.481   10.573   13.006
           -0.680000  0.320000  0.600000
   -3.277   -0.678    3.191    4.220    8.149    9.637   10.576   12.794
           -0.680000  0.320000  0.620000
   -3.290   -0.640    3.167    4.203    8.070    9.795   10.584   12.583
           -0.680000  0.320000  0.640000
   -3.304   -0.597    3.140    4.182    8.003    9.948   10.601   12.373
           -0.680000  0.320000  0.660000
   -3.319   -0.548    3.109    4.157    7.950   10.087   10.636   12.166
           -0.680000  0.320000  0.680000
   -3.335   -0.495    3.076    4.126    7.910   10.198   10.702   11.961
           -0.680000  0.320000  0.700000
   -3.352   -0.437    3.040    4.092    7.885   10.271   10.808   11.759
           -0.680000  0.320000  0.720000
   -3.368   -0.376    3.002    4.053    7.874   10.310   10.949   11.560
           -0.680000  0.320000  0.740000
   -3.385   -0.313    2.962    4.011    7.877   10.327   11.112   11.365
           -0.680000  0.320000  0.760000
   -3.402   -0.247    2.920    3.967    7.894   10.332   11.173   11.289
           -0.680000  0.320000  0.780000
   -3.418   -0.180    2.876    3.921    7.924   10.330   10.987   11.470
           -0.680000  0.320000  0.800000
   -3.433   -0.112    2.830    3.875    7.965   10.323   10.807   11.655
           -0.680000  0.320000  0.820000
   -3.448   -0.045    2.784    3.831    8.018   10.309   10.637   11.840
           -0.680000  0.320000  0.840000
   -3.461    0.021    2.738    3.789    8.081   10.279   10.487   12.024
           -0.680000  0.320000  0.860000
   -3.473    0.084    2.692    3.749    8.152   10.202   10.390   12.204
           -0.680000  0.320000  0.880000
   -3.484    0.143    2.648    3.714    8.230   10.074   10.352   12.377
           -0.680000  0.320000  0.900000
   -3.493    0.197    2.607    3.684    8.313    9.933   10.335   12.542
           -0.680000  0.320000  0.920000
   -3.501    0.243    2.570    3.658    8.397    9.797   10.326   12.693
           -0.680000  0.320000  0.940000
   -3.507    0.282    2.539    3.638    8.480    9.675   10.319   12.824
           -0.680000  0.320000  0.960000
   -3.511    0.310    2.516    3.624    8.552    9.573   10.315   12.928
           -0.680000  0.320000  0.980000
   -3.514    0.328    2.502    3.615    8.604    9.503   10.313   12.996
           -0.680000  0.320000  1.000000
   -3.515    0.334    2.497    3.612    8.623    9.478   10.312   13.019
