 &plot nbnd=   8, nks=   101 /
           -0.400000 -0.880000 -1.000000
   -4.220    1.430    3.524    3.813    7.193    8.615   11.810   12.417
           -0.400000 -0.880000 -0.980000
   -4.219    1.425    3.523    3.813    7.197    8.624   11.808   12.398
           -0.400000 -0.880000 -0.960000
   -4.215    1.410    3.520    3.814    7.210    8.651   11.800   12.341
           -0.400000 -0.880000 -0.940000
   -4.208    1.386    3.513    3.817    7.231    8.696   11.787   12.255
           -0.400000 -0.880000 -0.920000
   -4.198    1.352    3.501    3.822    7.262    8.758   11.762   12.150
           -0.400000 -0.880000 -0.900000
   -4.185    1.310    3.484    3.830    7.303    8.836   11.716   12.042
           -0.400000 -0.880000 -0.880000
   -4.169    1.261    3.461    3.842    7.353    8.929   11.633   11.953
           -0.400000 -0.880000 -0.860000
   -4.151    1.205    3.432    3.857    7.415    9.034   11.507   11.895
           -0.400000 -0.880000 -0.840000
   -4.130    1.143    3.396    3.876    7.487    9.152   11.349   11.858
           -0.400000 -0.880000 -0.820000
   -4.106    1.077    3.354    3.899    7.571    9.281   11.174   11.830
           -0.400000 -0.880000 -0.800000
   -4.079    1.007    3.306    3.924    7.665    9.420   10.990   11.805
           -0.400000 -0.880000 -0.780000
   -4.050    0.933    3.254    3.951    7.770    9.569   10.800   11.783
           -0.400000 -0.880000 -0.760000
   -4.018    0.857    3.198    3.979    7.885    9.725   10.607   11.760
           -0.400000 -0.880000 -0.740000
   -3.984    0.779    3.139    4.009    8.009    9.889   10.414   11.736
           -0.400000 -0.880000 -0.720000
   -3.947    0.700    3.077    4.040    8.143   10.060   10.221   11.712
           -0.400000 -0.880000 -0.700000
   -3.907    0.621    3.013    4.071    8.284   10.026   10.240   11.687
           -0.400000 -0.880000 -0.680000
   -3.866    0.540    2.948    4.103    8.434    9.837   10.422   11.661
           -0.400000 -0.880000 -0.660000
   -3.822    0.460    2.882    4.134    8.590    9.651   10.610   11.635
           -0.400000 -0.880000 -0.640000
   -3.775    0.381    2.815    4.164    8.750    9.472   10.800   11.610
           -0.400000 -0.880000 -0.620000
   -3.727    0.302    2.749    4.192    8.908    9.307   10.992   11.588
           -0.400000 -0.880000 -0.600000
   -3.676    0.224    2.683    4.218    9.004    9.214   11.174   11.579
           -0.400000 -0.880000 -0.580000
   -3.624    0.147    2.618    4.242    8.908    9.327   11.319   11.611
           -0.400000 -0.880000 -0.560000
   -3.570    0.072    2.555    4.262    8.761    9.502   11.374   11.735
           -0.400000 -0.880000 -0.540000
   -3.514   -0.001    2.492    4.278    8.616    9.691   11.369   11.922
           -0.400000 -0.880000 -0.520000
   -3.456   -0.072    2.432    4.289    8.478    9.886   11.346   12.132
           -0.400000 -0.880000 -0.500000
   -3.397   -0.141    2.374    4.293    8.350   10.086   11.315   12.350
           -0.400000 -0.880000 -0.480000
   -3.338   -0.208    2.318    4.290    8.235   10.290   11.281   12.575
           -0.400000 -0.880000 -0.460000
   -3.277   -0.273    2.265    4.280    8.132   10.498   11.246   12.801
           -0.400000 -0.880000 -0.440000
   -3.215   -0.335    2.215    4.260    8.045   10.708   11.210   13.026
           -0.400000 -0.880000 -0.420000
   -3.153   -0.394    2.168    4.231    7.972   10.921   11.174   13.226
           -0.400000 -0.880000 -0.400000
   -3.090   -0.451    2.124    4.192    7.916   11.125   11.147   13.235
           -0.400000 -0.880000 -0.380000
   -3.028   -0.505    2.084    4.143    7.876   11.099   11.354   13.066
           -0.400000 -0.880000 -0.360000
   -2.965   -0.555    2.048    4.085    7.852   11.063   11.571   12.871
           -0.400000 -0.880000 -0.340000
   -2.904   -0.603    2.015    4.018    7.845   11.027   11.787   12.672
           -0.400000 -0.880000 -0.320000
   -2.843   -0.648    1.987    3.942    7.853   10.992   11.996   12.481
           -0.400000 -0.880000 -0.300000
   -2.784   -0.689    1.964    3.859    7.876   10.956   12.142   12.353
           -0.400000 -0.880000 -0.280000
   -2.726   -0.727    1.944    3.770    7.912   10.921   12.032   12.481
           -0.400000 -0.880000 -0.260000
   -2.670   -0.762    1.930    3.676    7.962   10.884   11.851   12.675
           -0.400000 -0.880000 -0.240000
   -2.617   -0.794    1.920    3.578    8.023   10.847   11.667   12.847
           -0.400000 -0.880000 -0.220000
   -2.567   -0.822    1.916    3.478    8.095   10.805   11.490   12.943
           -0.400000 -0.880000 -0.200000
   -2.520   -0.847    1.917    3.378    8.178   10.755   11.324   12.960
           -0.400000 -0.880000 -0.180000
   -2.476   -0.869    1.923    3.277    8.269   10.691   11.178   12.948
           -0.400000 -0.880000 -0.160000
   -2.436   -0.888    1.933    3.179    8.369   10.604   11.060   12.929
           -0.400000 -0.880000 -0.140000
   -2.401   -0.904    1.949    3.083    8.476   10.489   10.975   12.909
           -0.400000 -0.880000 -0.120000
   -2.369   -0.918    1.969    2.991    8.590   10.352   10.918   12.890
           -0.400000 -0.880000 -0.100000
   -2.343   -0.929    1.993    2.906    8.710   10.204   10.879   12.873
           -0.400000 -0.880000 -0.080000
   -2.321   -0.937    2.018    2.828    8.836   10.050   10.853   12.859
           -0.400000 -0.880000 -0.060000
   -2.303   -0.943    2.044    2.762    8.966    9.896   10.835   12.848
           -0.400000 -0.880000 -0.040000
   -2.291   -0.948    2.068    2.709    9.096    9.747   10.823   12.840
           -0.400000 -0.880000 -0.020000
   -2.284   -0.950    2.084    2.675    9.220    9.613   10.817   12.835
           -0.400000 -0.880000  0.000000
   -2.281   -0.951    2.090    2.663    9.287    9.541   10.815   12.834
           -0.400000 -0.880000  0.020000
   -2.284   -0.950    2.084    2.675    9.220    9.613   10.817   12.835
           -0.400000 -0.880000  0.040000
   -2.291   -0.948    2.068    2.709    9.096    9.747   10.823   12.840
           -0.400000 -0.880000  0.060000
   -2.303   -0.943    2.044    2.762    8.966    9.896   10.835   12.848
           -0.400000 -0.880000  0.080000
   -2.321   -0.937    2.018    2.828    8.836   10.050   10.853   12.859
           -0.400000 -0.880000  0.100000
   -2.343   -0.929    1.993    2.906    8.710   10.204   10.879   12.873
           -0.400000 -0.880000  0.120000
   -2.369   -0.918    1.969    2.991    8.590   10.352   10.918   12.890
           -0.400000 -0.880000  0.140000
   -2.401   -0.904    1.949    3.083    8.476   10.489   10.975   12.909
           -0.400000 -0.880000  0.160000
   -2.436   -0.888    1.933    3.179    8.369   10.604   11.060   12.929
           -0.400000 -0.880000  0.180000
   -2.476   -0.869    1.923    3.277    8.269   10.691   11.178   12.948
           -0.400000 -0.880000  0.200000
   -2.520   -0.847    1.917    3.378    8.178   10.755   11.324   12.960
           -0.400000 -0.880000  0.220000
   -2.567   -0.822    1.916    3.478    8.095   10.805   11.490   12.943
           -0.400000 -0.880000  0.240000
   -2.617   -0.794    1.920    3.578    8.023   10.847   11.667   12.847
           -0.400000 -0.880000  0.260000
   -2.670   -0.762    1.930    3.676    7.962   10.884   11.851   12.675
           -0.400000 -0.880000  0.280000
   -2.726   -0.727    1.944    3.770    7.912   10.921   12.032   12.481
           -0.400000 -0.880000  0.300000
   -2.784   -0.689    1.964    3.859    7.876   10.956   12.142   12.353
           -0.400000 -0.880000  0.320000
   -2.843   -0.648    1.987    3.942    7.853   10.992   11.996   12.481
           -0.400000 -0.880000  0.340000
   -2.904   -0.603    2.015    4.018    7.845   11.027   11.787   12.672
           -0.400000 -0.880000  0.360000
   -2.965   -0.555    2.048    4.085    7.852   11.063   11.571   12.871
           -0.400000 -0.880000  0.380000
   -3.028   -0.505    2.084    4.143    7.876   11.099   11.354   13.066
           -0.400000 -0.880000  0.400000
   -3.090   -0.451    2.124    4.192    7.916   11.125   11.147   13.235
           -0.400000 -0.880000  0.420000
   -3.153   -0.394    2.168    4.231    7.972   10.921   11.174   13.226
           -0.400000 -0.880000  0.440000
   -3.215   -0.335    2.215    4.260    8.045   10.708   11.210   13.026
           -0.400000 -0.880000  0.460000
   -3.277   -0.273    2.265    4.280    8.132   10.498   11.246   12.801
           -0.400000 -0.880000  0.480000
   -3.338   -0.208    2.318    4.290    8.235   10.290   11.281   12.575
           -0.400000 -0.880000  0.500000
   -3.397   -0.141    2.374    4.293    8.350   10.086   11.315   12.350
           -0.400000 -0.880000  0.520000
   -3.456   -0.072    2.432    4.289    8.478    9.886   11.346   12.132
           -0.400000 -0.880000  0.540000
   -3.514   -0.001    2.492    4.278    8.616    9.691   11.369   11.922
           -0.400000 -0.880000  0.560000
   -3.570    0.072    2.555    4.262    8.761    9.502   11.374   11.735
           -0.400000 -0.880000  0.580000
   -3.624    0.147    2.618    4.242    8.908    9.327   11.319   11.611
           -0.400000 -0.880000  0.600000
   -3.676    0.224    2.683    4.218    9.004    9.214   11.174   11.579
           -0.400000 -0.880000  0.620000
   -3.727    0.302    2.749    4.192    8.908    9.307   10.992   11.588
           -0.400000 -0.880000  0.640000
   -3.775    0.381    2.815    4.164    8.750    9.472   10.800   11.610
           -0.400000 -0.880000  0.660000
   -3.822    0.460    2.882    4.134    8.590    9.651   10.610   11.635
           -0.400000 -0.880000  0.680000
   -3.866    0.540    2.948    4.103    8.434    9.837   10.422   11.661
           -0.400000 -0.880000  0.700000
   -3.907    0.621    3.013    4.071    8.284   10.026   10.240   11.687
           -0.400000 -0.880000  0.720000
   -3.947    0.700    3.077    4.040    8.143   10.060   10.221   11.712
           -0.400000 -0.880000  0.740000
   -3.984    0.779    3.139    4.009    8.009    9.889   10.414   11.736
           -0.400000 -0.880000  0.760000
   -4.018    0.857    3.198    3.979    7.885    9.725   10.607   11.760
           -0.400000 -0.880000  0.780000
   -4.050    0.933    3.254    3.951    7.770    9.569   10.800   11.783
           -0.400000 -0.880000  0.800000
   -4.079    1.007    3.306    3.924    7.665    9.420   10.990   11.805
           -0.400000 -0.880000  0.820000
   -4.106    1.077    3.354    3.899    7.571    9.281   11.174   11.830
           -0.400000 -0.880000  0.840000
   -4.130    1.143    3.396    3.876    7.487    9.152   11.349   11.858
           -0.400000 -0.880000  0.860000
   -4.151    1.205    3.432    3.857    7.415    9.034   11.507   11.895
           -0.400000 -0.880000  0.880000
   -4.169    1.261    3.461    3.842    7.353    8.929   11.633   11.953
           -0.400000 -0.880000  0.900000
   -4.185    1.310    3.484    3.830    7.303    8.836   11.716   12.042
           -0.400000 -0.880000  0.920000
   -4.198    1.352    3.501    3.822    7.262    8.758   11.762   12.150
           -0.400000 -0.880000  0.940000
   -4.208    1.386    3.513    3.817    7.231    8.696   11.787   12.255
           -0.400000 -0.880000  0.960000
   -4.215    1.410    3.520    3.814    7.210    8.651   11.800   12.341
           -0.400000 -0.880000  0.980000
   -4.219    1.425    3.523    3.813    7.197    8.624   11.808   12.398
           -0.400000 -0.880000  1.000000
   -4.220    1.430    3.524    3.813    7.193    8.615   11.810   12.417
