 &plot nbnd=   8, nks=    81 /
           -0.200000  0.625000 -1.000000
   -3.347   -1.235    1.586    2.379    8.057    8.541    9.336   12.440
           -0.200000  0.625000 -0.975000
   -3.347   -1.237    1.586    2.389    8.003    8.603    9.338   12.432
           -0.200000  0.625000 -0.950000
   -3.350   -1.244    1.584    2.416    7.886    8.742    9.342   12.399
           -0.200000  0.625000 -0.925000
   -3.354   -1.255    1.581    2.461    7.752    8.913    9.350   12.326
           -0.200000  0.625000 -0.900000
   -3.359   -1.269    1.581    2.519    7.618    9.099    9.363   12.197
           -0.200000  0.625000 -0.875000
   -3.367   -1.286    1.582    2.589    7.488    9.286    9.387   12.021
           -0.200000  0.625000 -0.850000
   -3.377   -1.303    1.587    2.668    7.368    9.374    9.522   11.815
           -0.200000  0.625000 -0.825000
   -3.390   -1.321    1.596    2.754    7.258    9.398    9.730   11.592
           -0.200000  0.625000 -0.800000
   -3.406   -1.337    1.609    2.843    7.160    9.419    9.948   11.360
           -0.200000  0.625000 -0.775000
   -3.425   -1.350    1.627    2.934    7.076    9.441   10.171   11.124
           -0.200000  0.625000 -0.750000
   -3.448   -1.359    1.650    3.023    7.007    9.463   10.398   10.890
           -0.200000  0.625000 -0.725000
   -3.474   -1.364    1.678    3.109    6.956    9.485   10.580   10.704
           -0.200000  0.625000 -0.700000
   -3.504   -1.363    1.709    3.189    6.923    9.505   10.402   10.888
           -0.200000  0.625000 -0.675000
   -3.538   -1.355    1.745    3.261    6.910    9.518   10.182   11.127
           -0.200000  0.625000 -0.650000
   -3.575   -1.341    1.784    3.323    6.919    9.512    9.982   11.371
           -0.200000  0.625000 -0.625000
   -3.616   -1.320    1.827    3.374    6.948    9.452    9.838   11.619
           -0.200000  0.625000 -0.600000
   -3.659   -1.292    1.873    3.413    6.999    9.312    9.780   11.870
           -0.200000  0.625000 -0.575000
   -3.704   -1.257    1.922    3.441    7.070    9.123    9.776   12.120
           -0.200000  0.625000 -0.550000
   -3.752   -1.215    1.972    3.457    7.159    8.922    9.791   12.249
           -0.200000  0.625000 -0.525000
   -3.800   -1.167    2.024    3.463    7.264    8.723    9.814   11.989
           -0.200000  0.625000 -0.500000
   -3.850   -1.113    2.077    3.460    7.379    8.534    9.840   11.726
           -0.200000  0.625000 -0.475000
   -3.900   -1.053    2.130    3.450    7.493    8.366    9.866   11.464
           -0.200000  0.625000 -0.450000
   -3.949   -0.988    2.183    3.433    7.582    8.245    9.892   11.208
           -0.200000  0.625000 -0.425000
   -3.999   -0.918    2.234    3.412    7.601    8.213    9.915   10.957
           -0.200000  0.625000 -0.400000
   -4.047   -0.845    2.283    3.387    7.533    8.289    9.935   10.715
           -0.200000  0.625000 -0.375000
   -4.093   -0.768    2.329    3.360    7.418    8.429    9.946   10.487
           -0.200000  0.625000 -0.350000
   -4.138   -0.688    2.372    3.331    7.292    8.597    9.933   10.290
           -0.200000  0.625000 -0.325000
   -4.181   -0.605    2.409    3.302    7.169    8.776    9.854   10.170
           -0.200000  0.625000 -0.300000
   -4.222   -0.521    2.442    3.274    7.055    8.952    9.703   10.141
           -0.200000  0.625000 -0.275000
   -4.260   -0.437    2.468    3.245    6.956    9.094    9.555   10.153
           -0.200000  0.625000 -0.250000
   -4.295   -0.352    2.487    3.218    6.872    9.111    9.521   10.185
           -0.200000  0.625000 -0.225000
   -4.328   -0.269    2.501    3.191    6.805    8.983    9.621   10.238
           -0.200000  0.625000 -0.200000
   -4.357   -0.189    2.508    3.165    6.756    8.815    9.740   10.319
           -0.200000  0.625000 -0.175000
   -4.384   -0.112    2.509    3.141    6.724    8.643    9.834   10.436
           -0.200000  0.625000 -0.150000
   -4.407   -0.041    2.506    3.119    6.708    8.479    9.897   10.581
           -0.200000  0.625000 -0.125000
   -4.426    0.024    2.500    3.099    6.706    8.327    9.936   10.742
           -0.200000  0.625000 -0.100000
   -4.443    0.080    2.491    3.081    6.715    8.192    9.962   10.903
           -0.200000  0.625000 -0.075000
   -4.455    0.126    2.483    3.067    6.732    8.078    9.978   11.051
           -0.200000  0.625000 -0.050000
   -4.464    0.160    2.475    3.057    6.751    7.989    9.988   11.172
           -0.200000  0.625000 -0.025000
   -4.470    0.181    2.470    3.050    6.765    7.933    9.993   11.253
           -0.200000  0.625000  0.000000
   -4.471    0.188    2.468    3.048    6.771    7.914    9.995   11.282
           -0.200000  0.625000  0.025000
   -4.470    0.181    2.470    3.050    6.765    7.933    9.993   11.253
           -0.200000  0.625000  0.050000
   -4.464    0.160    2.475    3.057    6.751    7.989    9.988   11.172
           -0.200000  0.625000  0.075000
   -4.455    0.126    2.483    3.067    6.732    8.078    9.978   11.051
           -0.200000  0.625000  0.100000
   -4.443    0.080    2.491    3.081    6.715    8.192    9.962   10.903
           -0.200000  0.625000  0.125000
   -4.426    0.024    2.500    3.099    6.706    8.327    9.936   10.742
           -0.200000  0.625000  0.150000
   -4.407   -0.041    2.506    3.119    6.708    8.479    9.897   10.581
           -0.200000  0.625000  0.175000
   -4.384   -0.112    2.509    3.141    6.724    8.643    9.834   10.436
           -0.200000  0.625000  0.200000
   -4.357   -0.189    2.508    3.165    6.756    8.815    9.740   10.319
           -0.200000  0.625000  0.225000
   -4.328   -0.269    2.501    3.191    6.805    8.983    9.621   10.238
           -0.200000  0.625000  0.250000
   -4.295   -0.352    2.487    3.218    6.872    9.111    9.521   10.185
           -0.200000  0.625000  0.275000
   -4.260   -0.437    2.468    3.245    6.956    9.094    9.555   10.153
           -0.200000  0.625000  0.300000
   -4.222   -0.521    2.442    3.274    7.055    8.952    9.703   10.141
           -0.200000  0.625000  0.325000
   -4.181   -0.605    2.409    3.302    7.169    8.776    9.854   10.170
           -0.200000  0.625000  0.350000
   -4.138   -0.688    2.372    3.331    7.292    8.597    9.933   10.290
           -0.200000  0.625000  0.375000
   -4.093   -0.768    2.329    3.360    7.418    8.429    9.946   10.487
           -0.200000  0.625000  0.400000
   -4.047   -0.845    2.283    3.387    7.533    8.289    9.935   10.715
           -0.200000  0.625000  0.425000
   -3.999   -0.918    2.234    3.412    7.601    8.213    9.915   10.957
           -0.200000  0.625000  0.450000
   -3.949   -0.988    2.183    3.433    7.582    8.245    9.892   11.208
           -0.200000  0.625000  0.475000
   -3.900   -1.053    2.130    3.450    7.493    8.366    9.866   11.464
           -0.200000  0.625000  0.500000
   -3.850   -1.113    2.077    3.460    7.379    8.534    9.840   11.726
           -0.200000  0.625000  0.525000
   -3.800   -1.167    2.024    3.463    7.264    8.723    9.814   11.989
           -0.200000  0.625000  0.550000
   -3.752   -1.215    1.972    3.457    7.159    8.922    9.791   12.249
           -0.200000  0.625000  0.575000
   -3.704   -1.257    1.922    3.441    7.070    9.123    9.776   12.120
           -0.200000  0.625000  0.600000
   -3.659   -1.292    1.873    3.413    6.999    9.312    9.780   11.870
           -0.200000  0.625000  0.625000
   -3.616   -1.320    1.827    3.374    6.948    9.452    9.838   11.619
           -0.200000  0.625000  0.650000
   -3.575   -1.341    1.784    3.323    6.919    9.512    9.982   11.371
           -0.200000  0.625000  0.675000
   -3.538   -1.355    1.745    3.261    6.910    9.518   10.182   11.127
           -0.200000  0.625000  0.700000
   -3.504   -1.363    1.709    3.189    6.923    9.505   10.402   10.888
           -0.200000  0.625000  0.725000
   -3.474   -1.364    1.678    3.109    6.956    9.485   10.580   10.704
           -0.200000  0.625000  0.750000
   -3.448   -1.359    1.650    3.023    7.007    9.463   10.398   10.890
           -0.200000  0.625000  0.775000
   -3.425   -1.350    1.627    2.934    7.076    9.441   10.171   11.124
           -0.200000  0.625000  0.800000
   -3.406   -1.337    1.609    2.843    7.160    9.419    9.948   11.360
           -0.200000  0.625000  0.825000
   -3.390   -1.321    1.596    2.754    7.258    9.398    9.730   11.592
           -0.200000  0.625000  0.850000
   -3.377   -1.303    1.587    2.668    7.368    9.374    9.522   11.815
           -0.200000  0.625000  0.875000
   -3.367   -1.286    1.582    2.589    7.488    9.286    9.387   12.021
           -0.200000  0.625000  0.900000
   -3.359   -1.269    1.581    2.519    7.618    9.099    9.363   12.197
           -0.200000  0.625000  0.925000
   -3.354   -1.255    1.581    2.461    7.752    8.913    9.350   12.326
           -0.200000  0.625000  0.950000
   -3.350   -1.244    1.584    2.416    7.886    8.742    9.342   12.399
           -0.200000  0.625000  0.975000
   -3.347   -1.237    1.586    2.389    8.003    8.603    9.338   12.432
           -0.200000  0.625000  1.000000
   -3.347   -1.235    1.586    2.379    8.057    8.541    9.336   12.440
