 &plot nbnd=   8, nks=    41 /
           -0.250000  1.000000 -1.000000
   -4.061   -0.656    2.589    2.589    5.759    6.674   12.309   12.309
           -0.250000  1.000000 -0.950000
   -4.054   -0.664    2.554    2.582    5.816    6.717   12.156   12.308
           -0.250000  1.000000 -0.900000
   -4.033   -0.687    2.455    2.562    5.979    6.840   11.783   12.302
           -0.250000  1.000000 -0.850000
   -3.999   -0.726    2.312    2.535    6.230    7.040   11.307   12.293
           -0.250000  1.000000 -0.800000
   -3.952   -0.781    2.142    2.509    6.549    7.305   10.790   12.281
           -0.250000  1.000000 -0.750000
   -3.893   -0.852    1.962    2.492    6.922    7.628   10.258   12.264
           -0.250000  1.000000 -0.700000
   -3.822   -0.937    1.784    2.490    7.337    8.000    9.725   12.243
           -0.250000  1.000000 -0.650000
   -3.741   -1.034    1.617    2.505    7.785    8.412    9.201   12.216
           -0.250000  1.000000 -0.600000
   -3.651   -1.141    1.466    2.537    8.259    8.685    8.868   12.174
           -0.250000  1.000000 -0.550000
   -3.553   -1.256    1.336    2.585    8.203    8.757    9.342   12.000
           -0.250000  1.000000 -0.500000
   -3.450   -1.375    1.232    2.643    7.747    9.272    9.845   11.511
           -0.250000  1.000000 -0.450000
   -3.343   -1.496    1.156    2.704    7.330    9.799   10.367   10.977
           -0.250000  1.000000 -0.400000
   -3.235   -1.617    1.111    2.758    6.964   10.271   10.517   10.899
           -0.250000  1.000000 -0.350000
   -3.127   -1.736    1.100    2.792    6.662    9.904   10.913   11.427
           -0.250000  1.000000 -0.300000
   -3.021   -1.851    1.123    2.791    6.439    9.414   11.432   11.910
           -0.250000  1.000000 -0.250000
   -2.917   -1.961    1.180    2.744    6.310    8.941   11.834   12.249
           -0.250000  1.000000 -0.200000
   -2.818   -2.067    1.273    2.646    6.279    8.490   11.987   12.360
           -0.250000  1.000000 -0.150000
   -2.722   -2.168    1.397    2.501    6.344    8.065   12.043   12.345
           -0.250000  1.000000 -0.100000
   -2.630   -2.265    1.550    2.322    6.492    7.670   12.083   12.291
           -0.250000  1.000000 -0.050000
   -2.539   -2.358    1.728    2.124    6.710    7.308   12.126   12.232
           -0.250000  1.000000  0.000000
   -2.449   -2.449    1.922    1.922    6.986    6.986   12.176   12.176
           -0.250000  1.000000  0.050000
   -2.539   -2.358    1.728    2.124    6.710    7.308   12.126   12.232
           -0.250000  1.000000  0.100000
   -2.630   -2.265    1.550    2.322    6.492    7.670   12.083   12.291
           -0.250000  1.000000  0.150000
   -2.722   -2.168    1.397    2.501    6.344    8.065   12.042   12.345
           -0.250000  1.000000  0.200000
   -2.818   -2.067    1.273    2.646    6.279    8.490   11.987   12.360
           -0.250000  1.000000  0.250000
   -2.917   -1.961    1.180    2.744    6.310    8.941   11.834   12.249
           -0.250000  1.000000  0.300000
   -3.021   -1.851    1.123    2.791    6.439    9.414   11.432   11.910
           -0.250000  1.000000  0.350000
   -3.127   -1.736    1.100    2.792    6.662    9.904   10.913   11.427
           -0.250000  1.000000  0.400000
   -3.235   -1.617    1.111    2.758    6.964   10.271   10.517   10.899
           -0.250000  1.000000  0.450000
   -3.343   -1.496    1.156    2.704    7.330    9.799   10.367   10.977
           -0.250000  1.000000  0.500000
   -3.450   -1.375    1.232    2.643    7.747    9.272    9.845   11.511
           -0.250000  1.000000  0.550000
   -3.553   -1.256    1.336    2.585    8.203    8.757    9.342   12.000
           -0.250000  1.000000  0.600000
   -3.651   -1.141    1.466    2.537    8.259    8.685    8.868   12.174
           -0.250000  1.000000  0.650000
   -3.741   -1.034    1.617    2.505    7.785    8.412    9.201   12.216
           -0.250000  1.000000  0.700000
   -3.822   -0.937    1.784    2.490    7.337    8.000    9.725   12.243
           -0.250000  1.000000  0.750000
   -3.893   -0.852    1.962    2.492    6.922    7.628   10.258   12.264
           -0.250000  1.000000  0.800000
   -3.952   -0.781    2.142    2.509    6.549    7.305   10.790   12.281
           -0.250000  1.000000  0.850000
   -3.999   -0.726    2.312    2.535    6.230    7.040   11.307   12.293
           -0.250000  1.000000  0.900000
   -4.033   -0.687    2.455    2.562    5.979    6.840   11.783   12.302
           -0.250000  1.000000  0.950000
   -4.054   -0.664    2.554    2.582    5.816    6.717   12.156   12.308
           -0.250000  1.000000  1.000000
   -4.061   -0.656    2.589    2.589    5.759    6.674   12.309   12.309
