 &plot nbnd=   8, nks=   101 /
           -0.800000 -0.280000 -1.000000
   -3.499    0.352    2.924    3.384    7.519    8.374   11.932   13.495
           -0.800000 -0.280000 -0.980000
   -3.498    0.349    2.918    3.392    7.510    8.393   11.932   13.470
           -0.800000 -0.280000 -0.960000
   -3.494    0.339    2.901    3.413    7.485    8.447   11.933   13.396
           -0.800000 -0.280000 -0.940000
   -3.489    0.323    2.877    3.445    7.452    8.530   11.933   13.283
           -0.800000 -0.280000 -0.920000
   -3.481    0.301    2.849    3.483    7.416    8.635   11.932   13.139
           -0.800000 -0.280000 -0.900000
   -3.471    0.273    2.820    3.524    7.384    8.757   11.932   12.973
           -0.800000 -0.280000 -0.880000
   -3.459    0.239    2.791    3.566    7.360    8.892   11.930   12.792
           -0.800000 -0.280000 -0.860000
   -3.445    0.201    2.764    3.605    7.346    9.039   11.926   12.602
           -0.800000 -0.280000 -0.840000
   -3.429    0.158    2.739    3.642    7.345    9.194   11.917   12.409
           -0.800000 -0.280000 -0.820000
   -3.412    0.111    2.717    3.673    7.358    9.357   11.892   12.226
           -0.800000 -0.280000 -0.800000
   -3.392    0.061    2.697    3.700    7.386    9.527   11.820   12.086
           -0.800000 -0.280000 -0.780000
   -3.371    0.009    2.679    3.722    7.429    9.703   11.669   12.023
           -0.800000 -0.280000 -0.760000
   -3.348   -0.045    2.664    3.738    7.487    9.885   11.475   12.000
           -0.800000 -0.280000 -0.740000
   -3.323   -0.101    2.651    3.749    7.560   10.070   11.269   11.990
           -0.800000 -0.280000 -0.720000
   -3.298   -0.157    2.638    3.757    7.649   10.258   11.061   11.985
           -0.800000 -0.280000 -0.700000
   -3.271   -0.214    2.626    3.761    7.750   10.438   10.864   11.981
           -0.800000 -0.280000 -0.680000
   -3.243   -0.269    2.614    3.763    7.865   10.522   10.767   11.978
           -0.800000 -0.280000 -0.660000
   -3.215   -0.324    2.602    3.764    7.992   10.371   10.910   11.975
           -0.800000 -0.280000 -0.640000
   -3.186   -0.377    2.589    3.765    8.131   10.170   11.108   11.971
           -0.800000 -0.280000 -0.620000
   -3.157   -0.428    2.575    3.766    8.279    9.965   11.316   11.968
           -0.800000 -0.280000 -0.600000
   -3.127   -0.476    2.559    3.769    8.436    9.761   11.529   11.964
           -0.800000 -0.280000 -0.580000
   -3.099   -0.521    2.541    3.774    8.602    9.560   11.740   11.965
           -0.800000 -0.280000 -0.560000
   -3.071   -0.563    2.521    3.780    8.775    9.364   11.899   12.022
           -0.800000 -0.280000 -0.540000
   -3.043   -0.600    2.500    3.789    8.949    9.177   11.919   12.217
           -0.800000 -0.280000 -0.520000
   -3.017   -0.633    2.477    3.799    8.967    9.159   11.914   12.439
           -0.800000 -0.280000 -0.500000
   -2.993   -0.661    2.453    3.811    8.794    9.343   11.904   12.660
           -0.800000 -0.280000 -0.480000
   -2.970   -0.685    2.429    3.824    8.622    9.540   11.892   12.844
           -0.800000 -0.280000 -0.460000
   -2.950   -0.703    2.404    3.837    8.457    9.741   11.879   12.785
           -0.800000 -0.280000 -0.440000
   -2.932   -0.715    2.379    3.850    8.300    9.947   11.864   12.583
           -0.800000 -0.280000 -0.420000
   -2.916   -0.722    2.355    3.860    8.154   10.156   11.846   12.368
           -0.800000 -0.280000 -0.400000
   -2.903   -0.723    2.331    3.868    8.018   10.367   11.825   12.157
           -0.800000 -0.280000 -0.380000
   -2.892   -0.720    2.310    3.872    7.895   10.580   11.790   11.963
           -0.800000 -0.280000 -0.360000
   -2.884   -0.711    2.290    3.871    7.785   10.790   11.681   11.848
           -0.800000 -0.280000 -0.340000
   -2.878   -0.697    2.273    3.864    7.690   10.986   11.513   11.811
           -0.800000 -0.280000 -0.320000
   -2.875   -0.679    2.259    3.850    7.609   11.098   11.417   11.791
           -0.800000 -0.280000 -0.300000
   -2.873   -0.658    2.248    3.829    7.545   10.996   11.532   11.779
           -0.800000 -0.280000 -0.280000
   -2.874   -0.633    2.240    3.800    7.498   10.816   11.688   11.808
           -0.800000 -0.280000 -0.260000
   -2.876   -0.605    2.237    3.762    7.467   10.625   11.715   11.982
           -0.800000 -0.280000 -0.240000
   -2.879   -0.576    2.237    3.717    7.453   10.433   11.706   12.197
           -0.800000 -0.280000 -0.220000
   -2.883   -0.546    2.243    3.664    7.455   10.243   11.693   12.417
           -0.800000 -0.280000 -0.200000
   -2.887   -0.516    2.253    3.605    7.473   10.056   11.680   12.638
           -0.800000 -0.280000 -0.180000
   -2.892   -0.486    2.267    3.540    7.506    9.874   11.668   12.857
           -0.800000 -0.280000 -0.160000
   -2.898   -0.457    2.287    3.472    7.553    9.696   11.657   13.074
           -0.800000 -0.280000 -0.140000
   -2.903   -0.429    2.311    3.401    7.612    9.523   11.646   13.285
           -0.800000 -0.280000 -0.120000
   -2.908   -0.404    2.339    3.329    7.681    9.356   11.637   13.488
           -0.800000 -0.280000 -0.100000
   -2.912   -0.382    2.370    3.259    7.761    9.196   11.629   13.681
           -0.800000 -0.280000 -0.080000
   -2.916   -0.363    2.402    3.192    7.847    9.044   11.622   13.858
           -0.800000 -0.280000 -0.060000
   -2.919   -0.348    2.435    3.133    7.936    8.905   11.617   14.012
           -0.800000 -0.280000 -0.040000
   -2.921   -0.337    2.463    3.085    8.023    8.782   11.614   14.134
           -0.800000 -0.280000 -0.020000
   -2.922   -0.331    2.483    3.053    8.093    8.691   11.611   14.214
           -0.800000 -0.280000  0.000000
   -2.923   -0.328    2.490    3.042    8.122    8.655   11.610   14.242
           -0.800000 -0.280000  0.020000
   -2.922   -0.331    2.483    3.053    8.093    8.691   11.611   14.214
           -0.800000 -0.280000  0.040000
   -2.921   -0.337    2.463    3.085    8.023    8.782   11.614   14.134
           -0.800000 -0.280000  0.060000
   -2.919   -0.348    2.435    3.133    7.936    8.905   11.617   14.012
           -0.800000 -0.280000  0.080000
   -2.916   -0.363    2.402    3.192    7.847    9.044   11.622   13.858
           -0.800000 -0.280000  0.100000
   -2.912   -0.382    2.370    3.259    7.761    9.196   11.629   13.681
           -0.800000 -0.280000  0.120000
   -2.908   -0.404    2.339    3.329    7.681    9.356   11.637   13.488
           -0.800000 -0.280000  0.140000
   -2.903   -0.429    2.311    3.401    7.612    9.523   11.646   13.285
           -0.800000 -0.280000  0.160000
   -2.898   -0.457    2.287    3.472    7.553    9.696   11.657   13.074
           -0.800000 -0.280000  0.180000
   -2.892   -0.486    2.267    3.540    7.506    9.874   11.668   12.857
           -0.800000 -0.280000  0.200000
   -2.887   -0.516    2.253    3.605    7.473   10.056   11.680   12.638
           -0.800000 -0.280000  0.220000
   -2.883   -0.546    2.243    3.664    7.455   10.243   11.693   12.417
           -0.800000 -0.280000  0.240000
   -2.879   -0.576    2.237    3.717    7.453   10.433   11.706   12.197
           -0.800000 -0.280000  0.260000
   -2.876   -0.605    2.237    3.762    7.467   10.625   11.715   11.982
           -0.800000 -0.280000  0.280000
   -2.874   -0.633    2.240    3.800    7.498   10.816   11.688   11.808
           -0.800000 -0.280000  0.300000
   -2.873   -0.658    2.248    3.829    7.545   10.996   11.532   11.779
           -0.800000 -0.280000  0.320000
   -2.875   -0.679    2.259    3.850    7.609   11.098   11.417   11.791
           -0.800000 -0.280000  0.340000
   -2.878   -0.697    2.273    3.864    7.690   10.986   11.513   11.811
           -0.800000 -0.280000  0.360000
   -2.884   -0.711    2.290    3.871    7.785   10.790   11.681   11.848
           -0.800000 -0.280000  0.380000
   -2.892   -0.720    2.310    3.872    7.895   10.580   11.790   11.963
           -0.800000 -0.280000  0.400000
   -2.903   -0.723    2.331    3.868    8.018   10.367   11.825   12.157
           -0.800000 -0.280000  0.420000
   -2.916   -0.722    2.355    3.860    8.154   10.156   11.846   12.368
           -0.800000 -0.280000  0.440000
   -2.932   -0.715    2.379    3.850    8.300    9.947   11.864   12.583
           -0.800000 -0.280000  0.460000
   -2.950   -0.703    2.404    3.837    8.457    9.741   11.879   12.785
           -0.800000 -0.280000  0.480000
   -2.970   -0.685    2.429    3.824    8.622    9.540   11.892   12.844
           -0.800000 -0.280000  0.500000
   -2.993   -0.661    2.453    3.811    8.794    9.343   11.904   12.660
           -0.800000 -0.280000  0.520000
   -3.017   -0.633    2.477    3.799    8.967    9.159   11.914   12.439
           -0.800000 -0.280000  0.540000
   -3.043   -0.600    2.500    3.789    8.949    9.177   11.919   12.217
           -0.800000 -0.280000  0.560000
   -3.071   -0.563    2.521    3.780    8.775    9.364   11.899   12.022
           -0.800000 -0.280000  0.580000
   -3.099   -0.521    2.541    3.774    8.602    9.560   11.740   11.965
           -0.800000 -0.280000  0.600000
   -3.127   -0.476    2.559    3.769    8.436    9.761   11.529   11.964
           -0.800000 -0.280000  0.620000
   -3.157   -0.428    2.575    3.766    8.279    9.965   11.316   11.968
           -0.800000 -0.280000  0.640000
   -3.186   -0.377    2.589    3.765    8.131   10.170   11.108   11.971
           -0.800000 -0.280000  0.660000
   -3.215   -0.324    2.602    3.764    7.992   10.371   10.910   11.975
           -0.800000 -0.280000  0.680000
   -3.243   -0.269    2.614    3.763    7.865   10.522   10.767   11.978
           -0.800000 -0.280000  0.700000
   -3.271   -0.214    2.626    3.761    7.750   10.438   10.864   11.981
           -0.800000 -0.280000  0.720000
   -3.298   -0.157    2.638    3.757    7.649   10.258   11.061   11.985
           -0.800000 -0.280000  0.740000
   -3.323   -0.101    2.651    3.749    7.560   10.070   11.269   11.990
           -0.800000 -0.280000  0.760000
   -3.348   -0.045    2.664    3.738    7.487    9.885   11.475   12.000
           -0.800000 -0.280000  0.780000
   -3.371    0.009    2.679    3.722    7.429    9.703   11.669   12.023
           -0.800000 -0.280000  0.800000
   -3.392    0.061    2.697    3.700    7.386    9.527   11.820   12.086
           -0.800000 -0.280000  0.820000
   -3.412    0.111    2.717    3.673    7.358    9.357   11.892   12.226
           -0.800000 -0.280000  0.840000
   -3.429    0.158    2.739    3.642    7.345    9.194   11.917   12.409
           -0.800000 -0.280000  0.860000
   -3.445    0.201    2.764    3.605    7.346    9.039   11.926   12.602
           -0.800000 -0.280000  0.880000
   -3.459    0.239    2.791    3.566    7.360    8.892   11.930   12.792
           -0.800000 -0.280000  0.900000
   -3.471    0.273    2.820    3.524    7.384    8.757   11.932   12.973
           -0.800000 -0.280000  0.920000
   -3.481    0.301    2.849    3.483    7.416    8.635   11.932   13.139
           -0.800000 -0.280000  0.940000
   -3.489    0.323    2.877    3.445    7.452    8.530   11.933   13.283
           -0.800000 -0.280000  0.960000
   -3.494    0.339    2.901    3.413    7.485    8.447   11.933   13.396
           -0.800000 -0.280000  0.980000
   -3.498    0.349    2.918    3.392    7.510    8.393   11.932   13.470
           -0.800000 -0.280000  1.000000
   -3.499    0.352    2.924    3.384    7.519    8.374   11.932   13.495
