 &plot nbnd=   8, nks=   100 /
           -0.743600  0.794900 -1.000000
   -5.789    2.502    3.653    4.668    7.435    7.629    8.144    9.524
           -0.743600  0.794900 -0.979800
   -5.787    2.488    3.666    4.664    7.403    7.649    8.154    9.532
           -0.743600  0.794900 -0.959600
   -5.783    2.445    3.706    4.653    7.329    7.689    8.181    9.554
           -0.743600  0.794900 -0.939400
   -5.775    2.381    3.765    4.634    7.238    7.730    8.217    9.591
           -0.743600  0.794900 -0.919200
   -5.764    2.299    3.837    4.609    7.138    7.772    8.255    9.643
           -0.743600  0.794900 -0.899000
   -5.750    2.207    3.917    4.577    7.036    7.814    8.289    9.711
           -0.743600  0.794900 -0.878800
   -5.733    2.106    3.999    4.539    6.935    7.859    8.315    9.794
           -0.743600  0.794900 -0.858600
   -5.713    2.001    4.078    4.497    6.839    7.906    8.332    9.891
           -0.743600  0.794900 -0.838400
   -5.690    1.892    4.150    4.452    6.752    7.956    8.338    9.999
           -0.743600  0.794900 -0.818200
   -5.664    1.781    4.208    4.407    6.675    8.008    8.336   10.114
           -0.743600  0.794900 -0.798000
   -5.635    1.669    4.238    4.374    6.613    8.061    8.329   10.234
           -0.743600  0.794900 -0.777800
   -5.603    1.556    4.222    4.367    6.568    8.111    8.321   10.353
           -0.743600  0.794900 -0.757600
   -5.568    1.443    4.174    4.371    6.542    8.149    8.322   10.465
           -0.743600  0.794900 -0.737400
   -5.530    1.332    4.113    4.364    6.538    8.162    8.347   10.561
           -0.743600  0.794900 -0.717200
   -5.489    1.220    4.046    4.341    6.553    8.150    8.397   10.630
           -0.743600  0.794900 -0.697000
   -5.446    1.110    3.975    4.300    6.587    8.124    8.461   10.661
           -0.743600  0.794900 -0.676800
   -5.399    1.001    3.902    4.244    6.636    8.094    8.534   10.651
           -0.743600  0.794900 -0.656600
   -5.349    0.893    3.825    4.175    6.696    8.065    8.611   10.603
           -0.743600  0.794900 -0.636400
   -5.296    0.786    3.745    4.097    6.762    8.041    8.693   10.530
           -0.743600  0.794900 -0.616200
   -5.240    0.681    3.662    4.012    6.827    8.025    8.778   10.439
           -0.743600  0.794900 -0.596000
   -5.182    0.577    3.575    3.925    6.887    8.022    8.865   10.338
           -0.743600  0.794900 -0.575800
   -5.121    0.474    3.482    3.837    6.935    8.037    8.956   10.233
           -0.743600  0.794900 -0.555600
   -5.057    0.373    3.385    3.750    6.967    8.072    9.049   10.126
           -0.743600  0.794900 -0.535400
   -4.991    0.273    3.282    3.667    6.981    8.129    9.145   10.020
           -0.743600  0.794900 -0.515200
   -4.922    0.174    3.175    3.589    6.978    8.208    9.242    9.917
           -0.743600  0.794900 -0.494900
   -4.850    0.076    3.063    3.514    6.960    8.303    9.342    9.817
           -0.743600  0.794900 -0.474700
   -4.775   -0.020    2.948    3.443    6.930    8.412    9.438    9.726
           -0.743600  0.794900 -0.454500
   -4.699   -0.116    2.832    3.377    6.892    8.531    9.512    9.668
           -0.743600  0.794900 -0.434300
   -4.620   -0.211    2.715    3.314    6.848    8.656    9.496    9.708
           -0.743600  0.794900 -0.414100
   -4.538   -0.305    2.599    3.254    6.801    8.782    9.434    9.807
           -0.743600  0.794900 -0.393900
   -4.455   -0.399    2.483    3.198    6.751    8.900    9.379    9.920
           -0.743600  0.794900 -0.373700
   -4.369   -0.492    2.369    3.144    6.700    8.989    9.359   10.037
           -0.743600  0.794900 -0.353500
   -4.281   -0.585    2.258    3.094    6.650    9.019    9.405   10.158
           -0.743600  0.794900 -0.333300
   -4.192   -0.677    2.149    3.046    6.599    8.996    9.509   10.282
           -0.743600  0.794900 -0.313100
   -4.100   -0.770    2.045    3.002    6.550    8.951    9.642   10.410
           -0.743600  0.794900 -0.292900
   -4.007   -0.863    1.944    2.960    6.502    8.899    9.787   10.541
           -0.743600  0.794900 -0.272700
   -3.912   -0.956    1.848    2.921    6.457    8.846    9.938   10.674
           -0.743600  0.794900 -0.252500
   -3.816   -1.050    1.757    2.884    6.413    8.796   10.091   10.809
           -0.743600  0.794900 -0.232300
   -3.719   -1.144    1.671    2.850    6.373    8.748   10.248   10.947
           -0.743600  0.794900 -0.212100
   -3.621   -1.238    1.592    2.820    6.335    8.704   10.405   11.088
           -0.743600  0.794900 -0.191900
   -3.523   -1.332    1.519    2.791    6.300    8.664   10.564   11.229
           -0.743600  0.794900 -0.171700
   -3.425   -1.426    1.452    2.766    6.268    8.627   10.723   11.371
           -0.743600  0.794900 -0.151500
   -3.327   -1.520    1.392    2.743    6.239    8.595   10.882   11.513
           -0.743600  0.794900 -0.131300
   -3.231   -1.612    1.339    2.724    6.214    8.566   11.042   11.653
           -0.743600  0.794900 -0.111100
   -3.138   -1.703    1.293    2.707    6.193    8.542   11.200   11.789
           -0.743600  0.794900 -0.090900
   -3.049   -1.789    1.255    2.693    6.174    8.522   11.355   11.917
           -0.743600  0.794900 -0.070700
   -2.967   -1.869    1.224    2.681    6.159    8.505   11.506   12.033
           -0.743600  0.794900 -0.050500
   -2.895   -1.938    1.201    2.673    6.148    8.493   11.649   12.125
           -0.743600  0.794900 -0.030300
   -2.841   -1.991    1.185    2.667    6.141    8.484   11.773   12.180
           -0.743600  0.794900 -0.010100
   -2.812   -2.021    1.178    2.664    6.137    8.480   11.854   12.194
           -0.743600  0.794900  0.010100
   -2.812   -2.021    1.178    2.664    6.137    8.480   11.854   12.194
           -0.743600  0.794900  0.030300
   -2.841   -1.991    1.185    2.667    6.141    8.484   11.773   12.180
           -0.743600  0.794900  0.050500
   -2.895   -1.938    1.201    2.673    6.148    8.493   11.649   12.125
           -0.743600  0.794900  0.070700
   -2.967   -1.869    1.224    2.681    6.159    8.505   11.506   12.033
           -0.743600  0.794900  0.090900
   -3.049   -1.789    1.255    2.693    6.174    8.522   11.355   11.917
           -0.743600  0.794900  0.111100
   -3.138   -1.703    1.293    2.707    6.193    8.542   11.200   11.789
           -0.743600  0.794900  0.131300
   -3.231   -1.612    1.339    2.724    6.214    8.566   11.042   11.653
           -0.743600  0.794900  0.151500
   -3.327   -1.520    1.392    2.743    6.239    8.595   10.882   11.513
           -0.743600  0.794900  0.171700
   -3.425   -1.426    1.452    2.766    6.268    8.627   10.723   11.371
           -0.743600  0.794900  0.191900
   -3.523   -1.332    1.519    2.791    6.300    8.664   10.564   11.229
           -0.743600  0.794900  0.212100
   -3.621   -1.238    1.592    2.820    6.335    8.704   10.405   11.088
           -0.743600  0.794900  0.232300
   -3.719   -1.144    1.671    2.850    6.373    8.748   10.248   10.948
           -0.743600  0.794900  0.252500
   -3.816   -1.050    1.757    2.884    6.413    8.796   10.091   10.809
           -0.743600  0.794900  0.272700
   -3.912   -0.956    1.848    2.921    6.457    8.846    9.938   10.674
           -0.743600  0.794900  0.292900
   -4.007   -0.863    1.944    2.960    6.502    8.899    9.787   10.541
           -0.743600  0.794900  0.313100
   -4.100   -0.770    2.045    3.002    6.550    8.951    9.642   10.410
           -0.743600  0.794900  0.333300
   -4.192   -0.677    2.149    3.046    6.599    8.996    9.509   10.282
           -0.743600  0.794900  0.353500
   -4.281   -0.585    2.258    3.094    6.650    9.019    9.405   10.158
           -0.743600  0.794900  0.373700
   -4.369   -0.492    2.369    3.144    6.700    8.989    9.359   10.037
           -0.743600  0.794900  0.393900
   -4.455   -0.399    2.483    3.198    6.751    8.900    9.379    9.920
           -0.743600  0.794900  0.414100
   -4.538   -0.305    2.599    3.254    6.801    8.782    9.434    9.807
           -0.743600  0.794900  0.434300
   -4.620   -0.211    2.715    3.314    6.848    8.656    9.496    9.708
           -0.743600  0.794900  0.454500
   -4.699   -0.116    2.832    3.377    6.892    8.531    9.512    9.668
           -0.743600  0.794900  0.474700
   -4.775   -0.020    2.948    3.443    6.930    8.412    9.438    9.726
           -0.743600  0.794900  0.494900
   -4.850    0.076    3.063    3.514    6.960    8.303    9.342    9.817
           -0.743600  0.794900  0.515200
   -4.922    0.174    3.175    3.589    6.978    8.208    9.242    9.917
           -0.743600  0.794900  0.535400
   -4.991    0.273    3.282    3.667    6.981    8.129    9.145   10.020
           -0.743600  0.794900  0.555600
   -5.057    0.373    3.385    3.750    6.967    8.072    9.049   10.126
           -0.743600  0.794900  0.575800
   -5.121    0.474    3.482    3.837    6.935    8.037    8.956   10.233
           -0.743600  0.794900  0.596000
   -5.182    0.577    3.575    3.925    6.887    8.022    8.865   10.338
           -0.743600  0.794900  0.616200
   -5.240    0.681    3.662    4.012    6.827    8.025    8.778   10.439
           -0.743600  0.794900  0.636400
   -5.296    0.786    3.745    4.097    6.762    8.041    8.693   10.530
           -0.743600  0.794900  0.656600
   -5.349    0.893    3.825    4.175    6.696    8.065    8.611   10.603
           -0.743600  0.794900  0.676800
   -5.399    1.001    3.902    4.244    6.636    8.094    8.534   10.651
           -0.743600  0.794900  0.697000
   -5.446    1.110    3.975    4.300    6.587    8.124    8.461   10.661
           -0.743600  0.794900  0.717200
   -5.489    1.220    4.046    4.341    6.553    8.150    8.397   10.630
           -0.743600  0.794900  0.737400
   -5.530    1.332    4.113    4.364    6.538    8.162    8.347   10.561
           -0.743600  0.794900  0.757600
   -5.568    1.443    4.174    4.371    6.542    8.149    8.322   10.465
           -0.743600  0.794900  0.777800
   -5.603    1.556    4.222    4.367    6.568    8.111    8.321   10.353
           -0.743600  0.794900  0.798000
   -5.635    1.669    4.238    4.374    6.613    8.061    8.329   10.234
           -0.743600  0.794900  0.818200
   -5.664    1.781    4.208    4.407    6.675    8.008    8.336   10.114
           -0.743600  0.794900  0.838400
   -5.690    1.892    4.150    4.452    6.752    7.956    8.338    9.999
           -0.743600  0.794900  0.858600
   -5.713    2.001    4.078    4.497    6.839    7.906    8.332    9.891
           -0.743600  0.794900  0.878800
   -5.733    2.106    3.999    4.539    6.935    7.859    8.315    9.794
           -0.743600  0.794900  0.899000
   -5.750    2.207    3.917    4.577    7.036    7.814    8.289    9.711
           -0.743600  0.794900  0.919200
   -5.764    2.299    3.837    4.609    7.138    7.772    8.255    9.643
           -0.743600  0.794900  0.939400
   -5.775    2.381    3.765    4.634    7.238    7.730    8.217    9.591
           -0.743600  0.794900  0.959600
   -5.783    2.445    3.706    4.653    7.329    7.689    8.181    9.554
           -0.743600  0.794900  0.979800
   -5.787    2.488    3.666    4.664    7.403    7.649    8.154    9.532
           -0.743600  0.794900  1.000000
   -5.789    2.502    3.653    4.668    7.435    7.629    8.144    9.525
