 &plot nbnd=   8, nks=   101 /
           -0.720000  0.420000 -1.000000
   -4.084    1.071    2.907    4.127    8.437    9.660   10.120   12.061
           -0.720000  0.420000 -0.980000
   -4.082    1.063    2.916    4.127    8.427    9.676   10.120   12.043
           -0.720000  0.420000 -0.960000
   -4.078    1.037    2.940    4.128    8.399    9.725   10.119   11.989
           -0.720000  0.420000 -0.940000
   -4.072    0.997    2.980    4.130    8.357    9.801   10.118   11.907
           -0.720000  0.420000 -0.920000
   -4.063    0.944    3.032    4.132    8.306    9.897   10.117   11.801
           -0.720000  0.420000 -0.900000
   -4.052    0.879    3.093    4.135    8.252   10.003   10.123   11.678
           -0.720000  0.420000 -0.880000
   -4.038    0.807    3.161    4.138    8.199   10.070   10.180   11.545
           -0.720000  0.420000 -0.860000
   -4.022    0.729    3.234    4.142    8.149   10.075   10.307   11.404
           -0.720000  0.420000 -0.840000
   -4.003    0.645    3.308    4.147    8.105   10.065   10.455   11.261
           -0.720000  0.420000 -0.820000
   -3.983    0.559    3.381    4.154    8.069   10.048   10.612   11.119
           -0.720000  0.420000 -0.800000
   -3.960    0.471    3.451    4.162    8.041   10.023   10.769   10.988
           -0.720000  0.420000 -0.780000
   -3.934    0.382    3.516    4.172    8.024    9.988   10.815   10.982
           -0.720000  0.420000 -0.760000
   -3.907    0.294    3.573    4.186    8.017    9.941   10.708   11.146
           -0.720000  0.420000 -0.740000
   -3.878    0.206    3.621    4.205    8.022    9.879   10.604   11.327
           -0.720000  0.420000 -0.720000
   -3.847    0.119    3.657    4.228    8.038    9.801   10.516   11.514
           -0.720000  0.420000 -0.700000
   -3.814    0.034    3.680    4.256    8.066    9.708   10.444   11.707
           -0.720000  0.420000 -0.680000
   -3.779   -0.049    3.692    4.288    8.103    9.604   10.387   11.903
           -0.720000  0.420000 -0.660000
   -3.743   -0.128    3.693    4.323    8.150    9.494   10.340   12.102
           -0.720000  0.420000 -0.640000
   -3.706   -0.205    3.683    4.358    8.204    9.385   10.302   12.305
           -0.720000  0.420000 -0.620000
   -3.668   -0.278    3.666    4.392    8.261    9.284   10.268   12.510
           -0.720000  0.420000 -0.600000
   -3.629   -0.347    3.642    4.423    8.316    9.199   10.237   12.718
           -0.720000  0.420000 -0.580000
   -3.590   -0.412    3.612    4.450    8.358    9.140   10.207   12.926
           -0.720000  0.420000 -0.560000
   -3.550   -0.473    3.577    4.472    8.378    9.119   10.180   13.136
           -0.720000  0.420000 -0.540000
   -3.511   -0.528    3.538    4.487    8.370    9.142   10.153   13.345
           -0.720000  0.420000 -0.520000
   -3.471   -0.578    3.496    4.496    8.338    9.205   10.128   13.552
           -0.720000  0.420000 -0.500000
   -3.433   -0.623    3.450    4.497    8.294    9.297   10.105   13.753
           -0.720000  0.420000 -0.480000
   -3.395   -0.662    3.402    4.489    8.246    9.405   10.086   13.936
           -0.720000  0.420000 -0.460000
   -3.358   -0.694    3.351    4.474    8.201    9.520   10.077   14.052
           -0.720000  0.420000 -0.440000
   -3.324   -0.720    3.299    4.449    8.165    9.627   10.087   14.007
           -0.720000  0.420000 -0.420000
   -3.291   -0.739    3.245    4.417    8.138    9.708   10.132   13.865
           -0.720000  0.420000 -0.400000
   -3.260   -0.752    3.189    4.376    8.123    9.748   10.223   13.692
           -0.720000  0.420000 -0.380000
   -3.232   -0.757    3.131    4.328    8.120    9.756   10.353   13.506
           -0.720000  0.420000 -0.360000
   -3.207   -0.755    3.072    4.274    8.130    9.746   10.506   13.313
           -0.720000  0.420000 -0.340000
   -3.184   -0.746    3.011    4.215    8.152    9.728   10.672   13.116
           -0.720000  0.420000 -0.320000
   -3.164   -0.731    2.948    4.153    8.186    9.705   10.846   12.918
           -0.720000  0.420000 -0.300000
   -3.147   -0.709    2.884    4.087    8.231    9.680   11.025   12.720
           -0.720000  0.420000 -0.280000
   -3.133   -0.681    2.818    4.021    8.287    9.655   11.208   12.523
           -0.720000  0.420000 -0.260000
   -3.121   -0.648    2.750    3.956    8.353    9.630   11.393   12.327
           -0.720000  0.420000 -0.240000
   -3.112   -0.609    2.681    3.892    8.428    9.605   11.578   12.134
           -0.720000  0.420000 -0.220000
   -3.104   -0.567    2.611    3.831    8.511    9.582   11.759   11.949
           -0.720000  0.420000 -0.200000
   -3.099   -0.521    2.541    3.774    8.602    9.560   11.740   11.965
           -0.720000  0.420000 -0.180000
   -3.095   -0.474    2.471    3.721    8.700    9.540   11.560   12.146
           -0.720000  0.420000 -0.160000
   -3.092   -0.425    2.402    3.673    8.804    9.521   11.380   12.329
           -0.720000  0.420000 -0.140000
   -3.090   -0.377    2.335    3.630    8.913    9.504   11.203   12.509
           -0.720000  0.420000 -0.120000
   -3.089   -0.331    2.273    3.593    9.026    9.490   11.031   12.684
           -0.720000  0.420000 -0.100000
   -3.089   -0.288    2.216    3.562    9.141    9.478   10.866   12.851
           -0.720000  0.420000 -0.080000
   -3.089   -0.250    2.166    3.536    9.255    9.469   10.710   13.006
           -0.720000  0.420000 -0.060000
   -3.089   -0.218    2.126    3.516    9.362    9.467   10.567   13.143
           -0.720000  0.420000 -0.040000
   -3.089   -0.194    2.095    3.502    9.429    9.496   10.443   13.253
           -0.720000  0.420000 -0.020000
   -3.089   -0.179    2.076    3.494    9.438    9.560   10.354   13.327
           -0.720000  0.420000  0.000000
   -3.089   -0.174    2.070    3.491    9.438    9.587   10.320   13.352
           -0.720000  0.420000  0.020000
   -3.089   -0.179    2.076    3.494    9.438    9.560   10.354   13.327
           -0.720000  0.420000  0.040000
   -3.089   -0.194    2.095    3.502    9.429    9.496   10.443   13.253
           -0.720000  0.420000  0.060000
   -3.089   -0.218    2.126    3.516    9.362    9.467   10.567   13.143
           -0.720000  0.420000  0.080000
   -3.089   -0.250    2.166    3.536    9.255    9.469   10.710   13.006
           -0.720000  0.420000  0.100000
   -3.089   -0.288    2.216    3.562    9.141    9.478   10.866   12.851
           -0.720000  0.420000  0.120000
   -3.089   -0.331    2.273    3.593    9.026    9.490   11.031   12.684
           -0.720000  0.420000  0.140000
   -3.090   -0.377    2.335    3.630    8.913    9.504   11.203   12.509
           -0.720000  0.420000  0.160000
   -3.092   -0.425    2.402    3.673    8.804    9.521   11.380   12.329
           -0.720000  0.420000  0.180000
   -3.095   -0.474    2.471    3.721    8.700    9.540   11.560   12.146
           -0.720000  0.420000  0.200000
   -3.099   -0.521    2.541    3.774    8.602    9.560   11.740   11.965
           -0.720000  0.420000  0.220000
   -3.104   -0.567    2.611    3.831    8.511    9.582   11.759   11.949
           -0.720000  0.420000  0.240000
   -3.112   -0.609    2.681    3.892    8.428    9.605   11.578   12.134
           -0.720000  0.420000  0.260000
   -3.121   -0.648    2.750    3.956    8.353    9.630   11.393   12.327
           -0.720000  0.420000  0.280000
   -3.133   -0.681    2.818    4.021    8.287    9.655   11.208   12.523
           -0.720000  0.420000  0.300000
   -3.147   -0.709    2.884    4.087    8.231    9.680   11.025   12.720
           -0.720000  0.420000  0.320000
   -3.164   -0.731    2.948    4.153    8.186    9.705   10.846   12.918
           -0.720000  0.420000  0.340000
   -3.184   -0.746    3.011    4.215    8.152    9.728   10.672   13.116
           -0.720000  0.420000  0.360000
   -3.207   -0.755    3.072    4.274    8.130    9.746   10.506   13.313
           -0.720000  0.420000  0.380000
   -3.232   -0.757    3.131    4.328    8.120    9.756   10.353   13.506
           -0.720000  0.420000  0.400000
   -3.260   -0.752    3.189    4.376    8.123    9.748   10.223   13.692
           -0.720000  0.420000  0.420000
   -3.291   -0.739    3.245    4.417    8.138    9.708   10.132   13.865
           -0.720000  0.420000  0.440000
   -3.324   -0.720    3.299    4.449    8.165    9.627   10.087   14.007
           -0.720000  0.420000  0.460000
   -3.358   -0.694    3.351    4.474    8.201    9.520   10.077   14.052
           -0.720000  0.420000  0.480000
   -3.395   -0.662    3.402    4.489    8.246    9.405   10.086   13.936
           -0.720000  0.420000  0.500000
   -3.433   -0.623    3.450    4.497    8.294    9.297   10.105   13.753
           -0.720000  0.420000  0.520000
   -3.471   -0.578    3.496    4.496    8.338    9.205   10.128   13.552
           -0.720000  0.420000  0.540000
   -3.511   -0.528    3.538    4.487    8.370    9.142   10.153   13.345
           -0.720000  0.420000  0.560000
   -3.550   -0.473    3.577    4.472    8.378    9.119   10.180   13.136
           -0.720000  0.420000  0.580000
   -3.590   -0.412    3.612    4.450    8.358    9.140   10.207   12.926
           -0.720000  0.420000  0.600000
   -3.629   -0.347    3.642    4.423    8.316    9.199   10.237   12.718
           -0.720000  0.420000  0.620000
   -3.668   -0.278    3.666    4.392    8.261    9.284   10.268   12.510
           -0.720000  0.420000  0.640000
   -3.706   -0.205    3.683    4.358    8.204    9.385   10.302   12.305
           -0.720000  0.420000  0.660000
   -3.743   -0.128    3.693    4.323    8.150    9.494   10.340   12.102
           -0.720000  0.420000  0.680000
   -3.779   -0.049    3.692    4.288    8.103    9.604   10.387   11.903
           -0.720000  0.420000  0.700000
   -3.814    0.034    3.680    4.256    8.066    9.708   10.444   11.707
           -0.720000  0.420000  0.720000
   -3.847    0.119    3.657    4.228    8.038    9.801   10.516   11.514
           -0.720000  0.420000  0.740000
   -3.878    0.206    3.621    4.205    8.022    9.879   10.604   11.327
           -0.720000  0.420000  0.760000
   -3.907    0.294    3.573    4.186    8.017    9.941   10.708   11.146
           -0.720000  0.420000  0.780000
   -3.934    0.382    3.516    4.172    8.024    9.988   10.815   10.982
           -0.720000  0.420000  0.800000
   -3.960    0.471    3.451    4.162    8.041   10.023   10.769   10.988
           -0.720000  0.420000  0.820000
   -3.983    0.559    3.381    4.154    8.069   10.048   10.612   11.119
           -0.720000  0.420000  0.840000
   -4.003    0.645    3.308    4.147    8.105   10.065   10.455   11.261
           -0.720000  0.420000  0.860000
   -4.022    0.729    3.234    4.142    8.149   10.075   10.307   11.404
           -0.720000  0.420000  0.880000
   -4.038    0.807    3.161    4.138    8.199   10.070   10.180   11.545
           -0.720000  0.420000  0.900000
   -4.052    0.879    3.093    4.135    8.252   10.003   10.123   11.678
           -0.720000  0.420000  0.920000
   -4.063    0.944    3.032    4.132    8.306    9.897   10.117   11.801
           -0.720000  0.420000  0.940000
   -4.072    0.997    2.980    4.130    8.357    9.801   10.118   11.907
           -0.720000  0.420000  0.960000
   -4.078    1.037    2.940    4.128    8.399    9.725   10.119   11.989
           -0.720000  0.420000  0.980000
   -4.082    1.063    2.916    4.127    8.427    9.676   10.120   12.043
           -0.720000  0.420000  1.000000
   -4.084    1.071    2.907    4.127    8.437    9.660   10.120   12.061
