 &plot nbnd=   8, nks=   101 /
           -0.860000  0.400000 -1.000000
   -4.201    1.385    3.451    3.831    7.309    8.696   11.628   12.404
           -0.860000  0.400000 -0.980000
   -4.200    1.380    3.451    3.832    7.312    8.706   11.626   12.384
           -0.860000  0.400000 -0.960000
   -4.196    1.364    3.452    3.833    7.319    8.736   11.620   12.327
           -0.860000  0.400000 -0.940000
   -4.189    1.337    3.451    3.835    7.332    8.785   11.609   12.240
           -0.860000  0.400000 -0.920000
   -4.179    1.301    3.448    3.840    7.351    8.852   11.590   12.131
           -0.860000  0.400000 -0.900000
   -4.166    1.257    3.442    3.847    7.379    8.936   11.559   12.011
           -0.860000  0.400000 -0.880000
   -4.151    1.205    3.432    3.857    7.415    9.034   11.507   11.895
           -0.860000  0.400000 -0.860000
   -4.133    1.146    3.416    3.871    7.461    9.146   11.419   11.801
           -0.860000  0.400000 -0.840000
   -4.112    1.082    3.393    3.889    7.518    9.270   11.291   11.737
           -0.860000  0.400000 -0.820000
   -4.088    1.012    3.364    3.910    7.586    9.404   11.135   11.694
           -0.860000  0.400000 -0.800000
   -4.062    0.940    3.330    3.934    7.666    9.549   10.962   11.662
           -0.860000  0.400000 -0.780000
   -4.033    0.864    3.289    3.961    7.756    9.702   10.779   11.636
           -0.860000  0.400000 -0.760000
   -4.002    0.786    3.244    3.989    7.858    9.863   10.592   11.611
           -0.860000  0.400000 -0.740000
   -3.968    0.706    3.194    4.019    7.970   10.031   10.403   11.587
           -0.860000  0.400000 -0.720000
   -3.931    0.626    3.141    4.050    8.091   10.192   10.227   11.563
           -0.860000  0.400000 -0.700000
   -3.892    0.545    3.085    4.082    8.222   10.022   10.388   11.539
           -0.860000  0.400000 -0.680000
   -3.851    0.464    3.027    4.113    8.362    9.836   10.572   11.515
           -0.860000  0.400000 -0.660000
   -3.808    0.383    2.966    4.144    8.508    9.654   10.760   11.492
           -0.860000  0.400000 -0.640000
   -3.762    0.303    2.905    4.175    8.659    9.477   10.948   11.473
           -0.860000  0.400000 -0.620000
   -3.715    0.225    2.843    4.203    8.810    9.313   11.125   11.469
           -0.860000  0.400000 -0.600000
   -3.665    0.148    2.781    4.230    8.927    9.196   11.250   11.520
           -0.860000  0.400000 -0.580000
   -3.614    0.072    2.719    4.254    8.890    9.245   11.282   11.666
           -0.860000  0.400000 -0.560000
   -3.561   -0.002    2.658    4.274    8.759    9.401   11.270   11.860
           -0.860000  0.400000 -0.540000
   -3.507   -0.073    2.597    4.290    8.620    9.580   11.244   12.071
           -0.860000  0.400000 -0.520000
   -3.451   -0.142    2.538    4.300    8.485    9.768   11.213   12.289
           -0.860000  0.400000 -0.500000
   -3.394   -0.209    2.481    4.305    8.360    9.963   11.179   12.513
           -0.860000  0.400000 -0.480000
   -3.336   -0.273    2.426    4.302    8.247   10.162   11.144   12.740
           -0.860000  0.400000 -0.460000
   -3.277   -0.334    2.372    4.292    8.146   10.365   11.108   12.969
           -0.860000  0.400000 -0.440000
   -3.218   -0.392    2.321    4.272    8.060   10.571   11.073   13.195
           -0.860000  0.400000 -0.420000
   -3.159   -0.447    2.273    4.243    7.989   10.778   11.039   13.374
           -0.860000  0.400000 -0.400000
   -3.099   -0.498    2.228    4.205    7.934   10.957   11.035   13.291
           -0.860000  0.400000 -0.380000
   -3.040   -0.546    2.186    4.157    7.895   10.953   11.216   13.098
           -0.860000  0.400000 -0.360000
   -2.982   -0.591    2.147    4.099    7.873   10.920   11.428   12.894
           -0.860000  0.400000 -0.340000
   -2.925   -0.631    2.112    4.033    7.866   10.885   11.643   12.691
           -0.860000  0.400000 -0.320000
   -2.869   -0.668    2.080    3.958    7.874   10.851   11.856   12.491
           -0.860000  0.400000 -0.300000
   -2.815   -0.702    2.053    3.877    7.897   10.816   12.051   12.313
           -0.860000  0.400000 -0.280000
   -2.763   -0.731    2.029    3.790    7.934   10.782   12.042   12.340
           -0.860000  0.400000 -0.260000
   -2.713   -0.756    2.010    3.698    7.984   10.748   11.865   12.537
           -0.860000  0.400000 -0.240000
   -2.666   -0.778    1.995    3.603    8.045   10.714   11.678   12.743
           -0.860000  0.400000 -0.220000
   -2.623   -0.796    1.985    3.506    8.118   10.678   11.494   12.934
           -0.860000  0.400000 -0.200000
   -2.583   -0.811    1.979    3.408    8.200   10.639   11.318   13.068
           -0.860000  0.400000 -0.180000
   -2.546   -0.822    1.978    3.312    8.291   10.593   11.154   13.108
           -0.860000  0.400000 -0.160000
   -2.513   -0.831    1.982    3.217    8.390   10.533   11.009   13.104
           -0.860000  0.400000 -0.140000
   -2.485   -0.837    1.990    3.126    8.497   10.450   10.892   13.089
           -0.860000  0.400000 -0.120000
   -2.460   -0.841    2.001    3.040    8.611   10.340   10.809   13.073
           -0.860000  0.400000 -0.100000
   -2.439   -0.843    2.016    2.961    8.730   10.208   10.754   13.058
           -0.860000  0.400000 -0.080000
   -2.422   -0.844    2.033    2.891    8.855   10.064   10.719   13.045
           -0.860000  0.400000 -0.060000
   -2.409   -0.844    2.050    2.831    8.982    9.917   10.696   13.034
           -0.860000  0.400000 -0.040000
   -2.399   -0.844    2.064    2.786    9.110    9.774   10.682   13.027
           -0.860000  0.400000 -0.020000
   -2.394   -0.844    2.075    2.757    9.227    9.647   10.674   13.022
           -0.860000  0.400000  0.000000
   -2.392   -0.844    2.078    2.747    9.288    9.583   10.671   13.021
           -0.860000  0.400000  0.020000
   -2.394   -0.844    2.075    2.757    9.227    9.647   10.674   13.022
           -0.860000  0.400000  0.040000
   -2.399   -0.844    2.064    2.786    9.110    9.774   10.682   13.027
           -0.860000  0.400000  0.060000
   -2.409   -0.844    2.050    2.831    8.982    9.917   10.696   13.034
           -0.860000  0.400000  0.080000
   -2.422   -0.844    2.033    2.891    8.855   10.064   10.719   13.045
           -0.860000  0.400000  0.100000
   -2.439   -0.843    2.016    2.961    8.730   10.208   10.754   13.058
           -0.860000  0.400000  0.120000
   -2.460   -0.841    2.001    3.040    8.611   10.340   10.809   13.073
           -0.860000  0.400000  0.140000
   -2.485   -0.837    1.990    3.126    8.497   10.450   10.892   13.089
           -0.860000  0.400000  0.160000
   -2.513   -0.831    1.982    3.217    8.390   10.533   11.009   13.104
           -0.860000  0.400000  0.180000
   -2.546   -0.822    1.978    3.312    8.291   10.593   11.154   13.108
           -0.860000  0.400000  0.200000
   -2.583   -0.811    1.979    3.408    8.200   10.639   11.318   13.068
           -0.860000  0.400000  0.220000
   -2.623   -0.796    1.985    3.506    8.118   10.678   11.494   12.934
           -0.860000  0.400000  0.240000
   -2.666   -0.778    1.995    3.603    8.045   10.714   11.678   12.743
           -0.860000  0.400000  0.260000
   -2.713   -0.756    2.010    3.698    7.984   10.748   11.865   12.537
           -0.860000  0.400000  0.280000
   -2.763   -0.731    2.029    3.790    7.934   10.782   12.042   12.340
           -0.860000  0.400000  0.300000
   -2.815   -0.702    2.053    3.877    7.897   10.816   12.051   12.313
           -0.860000  0.400000  0.320000
   -2.869   -0.668    2.080    3.958    7.874   10.851   11.856   12.491
           -0.860000  0.400000  0.340000
   -2.925   -0.631    2.112    4.033    7.866   10.885   11.643   12.691
           -0.860000  0.400000  0.360000
   -2.982   -0.591    2.147    4.099    7.873   10.920   11.428   12.894
           -0.860000  0.400000  0.380000
   -3.040   -0.546    2.186    4.157    7.895   10.953   11.216   13.098
           -0.860000  0.400000  0.400000
   -3.099   -0.498    2.228    4.205    7.934   10.957   11.035   13.291
           -0.860000  0.400000  0.420000
   -3.159   -0.447    2.273    4.243    7.989   10.778   11.039   13.374
           -0.860000  0.400000  0.440000
   -3.218   -0.392    2.321    4.272    8.060   10.571   11.073   13.195
           -0.860000  0.400000  0.460000
   -3.277   -0.334    2.372    4.292    8.146   10.365   11.108   12.969
           -0.860000  0.400000  0.480000
   -3.336   -0.273    2.426    4.302    8.247   10.162   11.144   12.740
           -0.860000  0.400000  0.500000
   -3.394   -0.209    2.481    4.305    8.360    9.963   11.179   12.513
           -0.860000  0.400000  0.520000
   -3.451   -0.142    2.538    4.300    8.485    9.768   11.213   12.289
           -0.860000  0.400000  0.540000
   -3.507   -0.073    2.597    4.290    8.620    9.580   11.244   12.071
           -0.860000  0.400000  0.560000
   -3.561   -0.002    2.658    4.274    8.759    9.401   11.270   11.860
           -0.860000  0.400000  0.580000
   -3.614    0.072    2.719    4.254    8.890    9.245   11.282   11.666
           -0.860000  0.400000  0.600000
   -3.665    0.148    2.781    4.230    8.927    9.196   11.250   11.520
           -0.860000  0.400000  0.620000
   -3.715    0.225    2.843    4.203    8.810    9.313   11.125   11.469
           -0.860000  0.400000  0.640000
   -3.762    0.303    2.905    4.175    8.659    9.477   10.948   11.473
           -0.860000  0.400000  0.660000
   -3.808    0.383    2.966    4.144    8.508    9.654   10.760   11.492
           -0.860000  0.400000  0.680000
   -3.851    0.464    3.027    4.113    8.362    9.836   10.572   11.515
           -0.860000  0.400000  0.700000
   -3.892    0.545    3.085    4.082    8.222   10.022   10.388   11.539
           -0.860000  0.400000  0.720000
   -3.931    0.626    3.141    4.050    8.091   10.192   10.227   11.563
           -0.860000  0.400000  0.740000
   -3.968    0.706    3.194    4.019    7.970   10.031   10.403   11.587
           -0.860000  0.400000  0.760000
   -4.002    0.786    3.244    3.989    7.858    9.863   10.592   11.611
           -0.860000  0.400000  0.780000
   -4.033    0.864    3.289    3.961    7.756    9.702   10.779   11.636
           -0.860000  0.400000  0.800000
   -4.062    0.940    3.330    3.934    7.666    9.549   10.962   11.662
           -0.860000  0.400000  0.820000
   -4.088    1.012    3.364    3.910    7.586    9.404   11.135   11.694
           -0.860000  0.400000  0.840000
   -4.112    1.082    3.393    3.889    7.518    9.270   11.291   11.737
           -0.860000  0.400000  0.860000
   -4.133    1.146    3.416    3.871    7.461    9.146   11.419   11.801
           -0.860000  0.400000  0.880000
   -4.151    1.205    3.432    3.857    7.415    9.034   11.507   11.895
           -0.860000  0.400000  0.900000
   -4.166    1.257    3.442    3.847    7.379    8.936   11.559   12.011
           -0.860000  0.400000  0.920000
   -4.179    1.301    3.448    3.840    7.351    8.852   11.590   12.131
           -0.860000  0.400000  0.940000
   -4.189    1.337    3.451    3.835    7.332    8.785   11.609   12.240
           -0.860000  0.400000  0.960000
   -4.196    1.364    3.452    3.833    7.319    8.736   11.620   12.327
           -0.860000  0.400000  0.980000
   -4.200    1.380    3.451    3.832    7.312    8.706   11.626   12.384
           -0.860000  0.400000  1.000000
   -4.201    1.385    3.451    3.831    7.309    8.696   11.628   12.404
