 &plot nbnd=   8, nks=    81 /
           -0.800000  0.625000 -1.000000
   -5.406    1.850    3.276    4.233    7.385    8.086    9.168    9.621
           -0.800000  0.625000 -0.975000
   -5.403    1.833    3.293    4.228    7.380    8.083    9.165    9.633
           -0.800000  0.625000 -0.950000
   -5.397    1.783    3.342    4.212    7.368    8.074    9.154    9.668
           -0.800000  0.625000 -0.925000
   -5.385    1.707    3.416    4.187    7.346    8.061    9.136    9.724
           -0.800000  0.625000 -0.900000
   -5.370    1.612    3.507    4.152    7.316    8.049    9.113    9.800
           -0.800000  0.625000 -0.875000
   -5.350    1.504    3.609    4.108    7.276    8.041    9.085    9.895
           -0.800000  0.625000 -0.850000
   -5.325    1.387    3.716    4.056    7.227    8.040    9.052   10.006
           -0.800000  0.625000 -0.825000
   -5.296    1.265    3.822    3.998    7.172    8.049    9.014   10.132
           -0.800000  0.625000 -0.800000
   -5.262    1.139    3.902    3.954    7.113    8.068    8.972   10.272
           -0.800000  0.625000 -0.775000
   -5.225    1.012    3.851    4.028    7.055    8.099    8.925   10.424
           -0.800000  0.625000 -0.750000
   -5.183    0.885    3.775    4.109    7.003    8.141    8.874   10.587
           -0.800000  0.625000 -0.725000
   -5.136    0.759    3.694    4.176    6.960    8.194    8.820   10.758
           -0.800000  0.625000 -0.700000
   -5.086    0.634    3.609    4.223    6.931    8.257    8.763   10.933
           -0.800000  0.625000 -0.675000
   -5.031    0.510    3.521    4.249    6.919    8.329    8.705   11.108
           -0.800000  0.625000 -0.650000
   -4.972    0.388    3.430    4.252    6.926    8.406    8.651   11.265
           -0.800000  0.625000 -0.625000
   -4.910    0.269    3.338    4.232    6.952    8.466    8.622   11.363
           -0.800000  0.625000 -0.600000
   -4.843    0.153    3.243    4.190    6.995    8.461    8.669   11.358
           -0.800000  0.625000 -0.575000
   -4.773    0.039    3.147    4.130    7.053    8.413    8.769   11.280
           -0.800000  0.625000 -0.550000
   -4.699   -0.072    3.050    4.054    7.123    8.360    8.889   11.176
           -0.800000  0.625000 -0.525000
   -4.622   -0.180    2.951    3.966    7.198    8.311    9.020   11.064
           -0.800000  0.625000 -0.500000
   -4.541   -0.285    2.851    3.870    7.272    8.272    9.160   10.952
           -0.800000  0.625000 -0.475000
   -4.457   -0.387    2.750    3.768    7.340    8.249    9.309   10.843
           -0.800000  0.625000 -0.450000
   -4.370   -0.487    2.647    3.664    7.392    8.250    9.464   10.740
           -0.800000  0.625000 -0.425000
   -4.280   -0.583    2.542    3.560    7.423    8.280    9.624   10.644
           -0.800000  0.625000 -0.400000
   -4.188   -0.677    2.436    3.458    7.430    8.341    9.787   10.558
           -0.800000  0.625000 -0.375000
   -4.093   -0.768    2.329    3.360    7.418    8.429    9.946   10.487
           -0.800000  0.625000 -0.350000
   -3.997   -0.856    2.222    3.266    7.392    8.538   10.081   10.450
           -0.800000  0.625000 -0.325000
   -3.899   -0.942    2.114    3.179    7.357    8.663   10.145   10.495
           -0.800000  0.625000 -0.300000
   -3.800   -1.025    2.007    3.098    7.317    8.799   10.130   10.629
           -0.800000  0.625000 -0.275000
   -3.700   -1.107    1.901    3.024    7.276    8.945   10.087   10.800
           -0.800000  0.625000 -0.250000
   -3.601   -1.186    1.799    2.957    7.235    9.098   10.037   10.984
           -0.800000  0.625000 -0.225000
   -3.503   -1.262    1.701    2.896    7.196    9.256    9.990   11.173
           -0.800000  0.625000 -0.200000
   -3.406   -1.337    1.609    2.843    7.160    9.419    9.948   11.360
           -0.800000  0.625000 -0.175000
   -3.312   -1.408    1.524    2.797    7.126    9.583    9.913   11.539
           -0.800000  0.625000 -0.150000
   -3.223   -1.476    1.447    2.757    7.097    9.734    9.900   11.689
           -0.800000  0.625000 -0.125000
   -3.140   -1.540    1.380    2.723    7.071    9.800    9.982   11.759
           -0.800000  0.625000 -0.100000
   -3.065   -1.598    1.324    2.696    7.050    9.793   10.143   11.693
           -0.800000  0.625000 -0.075000
   -3.002   -1.647    1.279    2.675    7.033    9.778   10.318   11.544
           -0.800000  0.625000 -0.050000
   -2.954   -1.685    1.246    2.660    7.021    9.767   10.492   11.374
           -0.800000  0.625000 -0.025000
   -2.923   -1.709    1.226    2.651    7.014    9.759   10.648   11.217
           -0.800000  0.625000  0.000000
   -2.912   -1.718    1.219    2.648    7.011    9.757   10.726   11.138
           -0.800000  0.625000  0.025000
   -2.923   -1.709    1.226    2.651    7.014    9.759   10.648   11.217
           -0.800000  0.625000  0.050000
   -2.954   -1.685    1.246    2.660    7.021    9.767   10.492   11.374
           -0.800000  0.625000  0.075000
   -3.002   -1.647    1.279    2.675    7.033    9.778   10.318   11.544
           -0.800000  0.625000  0.100000
   -3.065   -1.598    1.324    2.696    7.050    9.793   10.143   11.693
           -0.800000  0.625000  0.125000
   -3.140   -1.540    1.380    2.723    7.071    9.800    9.982   11.759
           -0.800000  0.625000  0.150000
   -3.223   -1.476    1.447    2.757    7.097    9.734    9.900   11.689
           -0.800000  0.625000  0.175000
   -3.312   -1.408    1.524    2.797    7.126    9.583    9.913   11.539
           -0.800000  0.625000  0.200000
   -3.406   -1.337    1.609    2.843    7.160    9.419    9.948   11.360
           -0.800000  0.625000  0.225000
   -3.503   -1.262    1.701    2.896    7.196    9.256    9.990   11.173
           -0.800000  0.625000  0.250000
   -3.601   -1.186    1.799    2.957    7.235    9.098   10.037   10.984
           -0.800000  0.625000  0.275000
   -3.700   -1.107    1.901    3.024    7.276    8.945   10.087   10.800
           -0.800000  0.625000  0.300000
   -3.800   -1.025    2.007    3.098    7.317    8.799   10.130   10.629
           -0.800000  0.625000  0.325000
   -3.899   -0.942    2.114    3.179    7.357    8.663   10.145   10.495
           -0.800000  0.625000  0.350000
   -3.997   -0.856    2.222    3.266    7.392    8.538   10.081   10.450
           -0.800000  0.625000  0.375000
   -4.093   -0.768    2.329    3.360    7.418    8.429    9.946   10.487
           -0.800000  0.625000  0.400000
   -4.188   -0.677    2.436    3.458    7.430    8.341    9.787   10.558
           -0.800000  0.625000  0.425000
   -4.280   -0.583    2.542    3.560    7.423    8.280    9.624   10.644
           -0.800000  0.625000  0.450000
   -4.370   -0.487    2.647    3.664    7.392    8.250    9.464   10.740
           -0.800000  0.625000  0.475000
   -4.457   -0.387    2.750    3.768    7.340    8.249    9.309   10.843
           -0.800000  0.625000  0.500000
   -4.541   -0.285    2.851    3.870    7.272    8.272    9.160   10.952
           -0.800000  0.625000  0.525000
   -4.622   -0.180    2.951    3.966    7.198    8.311    9.020   11.064
           -0.800000  0.625000  0.550000
   -4.699   -0.072    3.050    4.054    7.123    8.360    8.889   11.176
           -0.800000  0.625000  0.575000
   -4.773    0.039    3.147    4.130    7.053    8.413    8.769   11.280
           -0.800000  0.625000  0.600000
   -4.843    0.153    3.243    4.190    6.995    8.461    8.669   11.358
           -0.800000  0.625000  0.625000
   -4.910    0.269    3.338    4.232    6.952    8.466    8.622   11.363
           -0.800000  0.625000  0.650000
   -4.972    0.388    3.430    4.252    6.926    8.406    8.651   11.265
           -0.800000  0.625000  0.675000
   -5.031    0.510    3.521    4.249    6.919    8.329    8.705   11.108
           -0.800000  0.625000  0.700000
   -5.086    0.634    3.609    4.223    6.931    8.257    8.763   10.933
           -0.800000  0.625000  0.725000
   -5.136    0.759    3.694    4.176    6.960    8.194    8.820   10.758
           -0.800000  0.625000  0.750000
   -5.183    0.885    3.775    4.109    7.003    8.141    8.874   10.587
           -0.800000  0.625000  0.775000
   -5.225    1.012    3.851    4.028    7.055    8.099    8.925   10.424
           -0.800000  0.625000  0.800000
   -5.262    1.139    3.902    3.954    7.113    8.068    8.972   10.272
           -0.800000  0.625000  0.825000
   -5.296    1.265    3.822    3.998    7.172    8.049    9.014   10.132
           -0.800000  0.625000  0.850000
   -5.325    1.387    3.716    4.056    7.227    8.040    9.052   10.006
           -0.800000  0.625000  0.875000
   -5.350    1.504    3.609    4.108    7.276    8.041    9.085    9.895
           -0.800000  0.625000  0.900000
   -5.370    1.612    3.507    4.152    7.316    8.049    9.113    9.800
           -0.800000  0.625000  0.925000
   -5.385    1.707    3.416    4.187    7.346    8.061    9.136    9.724
           -0.800000  0.625000  0.950000
   -5.397    1.783    3.342    4.212    7.368    8.074    9.154    9.668
           -0.800000  0.625000  0.975000
   -5.403    1.833    3.293    4.228    7.380    8.083    9.165    9.633
           -0.800000  0.625000  1.000000
   -5.406    1.850    3.276    4.233    7.385    8.086    9.168    9.621
