 &plot nbnd=   8, nks=    41 /
           -0.800000 -0.950000 -1.000000
   -5.790    3.995    4.618    4.751    7.331    8.001    8.293    8.591
           -0.800000 -0.950000 -0.950000
   -5.780    3.882    4.660    4.752    7.376    7.883    8.315    8.710
           -0.800000 -0.950000 -0.900000
   -5.751    3.638    4.575    4.869    7.482    7.737    8.283    8.983
           -0.800000 -0.950000 -0.850000
   -5.703    3.351    4.415    4.964    7.505    7.802    8.214    9.297
           -0.800000 -0.950000 -0.800000
   -5.635    3.047    4.223    4.971    7.505    7.968    8.192    9.600
           -0.800000 -0.950000 -0.750000
   -5.548    2.737    4.014    4.880    7.578    7.939    8.420    9.842
           -0.800000 -0.950000 -0.700000
   -5.442    2.423    3.800    4.711    7.634    7.932    8.746    9.946
           -0.800000 -0.950000 -0.650000
   -5.318    2.107    3.588    4.493    7.551    8.102    9.102    9.871
           -0.800000 -0.950000 -0.600000
   -5.175    1.790    3.383    4.251    7.419    8.335    9.473    9.688
           -0.800000 -0.950000 -0.550000
   -5.014    1.471    3.188    4.000    7.281    8.536    9.494    9.876
           -0.800000 -0.950000 -0.500000
   -4.835    1.149    3.005    3.754    7.148    8.581    9.475   10.275
           -0.800000 -0.950000 -0.450000
   -4.638    0.824    2.836    3.519    7.024    8.434    9.665   10.686
           -0.800000 -0.950000 -0.400000
   -4.425    0.495    2.681    3.301    6.912    8.212    9.959   11.104
           -0.800000 -0.950000 -0.350000
   -4.195    0.162    2.542    3.105    6.814    7.980   10.292   11.527
           -0.800000 -0.950000 -0.300000
   -3.950   -0.175    2.420    2.932    6.732    7.762   10.645   11.954
           -0.800000 -0.950000 -0.250000
   -3.690   -0.514    2.315    2.786    6.666    7.568   11.013   12.381
           -0.800000 -0.950000 -0.200000
   -3.416   -0.855    2.227    2.666    6.615    7.402   11.391   12.799
           -0.800000 -0.950000 -0.150000
   -3.129   -1.194    2.159    2.572    6.580    7.266   11.778   13.181
           -0.800000 -0.950000 -0.100000
   -2.830   -1.531    2.109    2.506    6.559    7.166   12.172   13.417
           -0.800000 -0.950000 -0.050000
   -2.523   -1.861    2.079    2.466    6.548    7.103   12.568   13.299
           -0.800000 -0.950000  0.000000
   -2.265   -2.126    2.069    2.453    6.544    7.082   12.908   13.011
           -0.800000 -0.950000  0.050000
   -2.523   -1.861    2.079    2.466    6.548    7.103   12.568   13.299
           -0.800000 -0.950000  0.100000
   -2.830   -1.531    2.109    2.506    6.559    7.166   12.172   13.417
           -0.800000 -0.950000  0.150000
   -3.129   -1.194    2.159    2.572    6.580    7.266   11.778   13.181
           -0.800000 -0.950000  0.200000
   -3.416   -0.855    2.227    2.666    6.615    7.402   11.391   12.799
           -0.800000 -0.950000  0.250000
   -3.690   -0.514    2.315    2.786    6.666    7.568   11.013   12.381
           -0.800000 -0.950000  0.300000
   -3.950   -0.175    2.420    2.932    6.732    7.762   10.645   11.954
           -0.800000 -0.950000  0.350000
   -4.195    0.162    2.542    3.105    6.814    7.980   10.292   11.527
           -0.800000 -0.950000  0.400000
   -4.425    0.495    2.681    3.301    6.912    8.212    9.959   11.104
           -0.800000 -0.950000  0.450000
   -4.638    0.824    2.836    3.519    7.024    8.434    9.665   10.686
           -0.800000 -0.950000  0.500000
   -4.835    1.149    3.005    3.754    7.148    8.581    9.475   10.275
           -0.800000 -0.950000  0.550000
   -5.014    1.471    3.188    4.000    7.281    8.536    9.494    9.876
           -0.800000 -0.950000  0.600000
   -5.175    1.790    3.383    4.251    7.419    8.335    9.473    9.688
           -0.800000 -0.950000  0.650000
   -5.318    2.107    3.588    4.493    7.551    8.102    9.102    9.871
           -0.800000 -0.950000  0.700000
   -5.442    2.423    3.800    4.711    7.634    7.932    8.746    9.946
           -0.800000 -0.950000  0.750000
   -5.548    2.737    4.014    4.880    7.578    7.939    8.420    9.842
           -0.800000 -0.950000  0.800000
   -5.635    3.047    4.223    4.971    7.505    7.968    8.192    9.600
           -0.800000 -0.950000  0.850000
   -5.703    3.351    4.415    4.964    7.505    7.802    8.214    9.297
           -0.800000 -0.950000  0.900000
   -5.751    3.638    4.575    4.869    7.482    7.737    8.283    8.983
           -0.800000 -0.950000  0.950000
   -5.780    3.882    4.660    4.752    7.376    7.883    8.315    8.710
           -0.800000 -0.950000  1.000000
   -5.790    3.995    4.618    4.751    7.331    8.001    8.293    8.591
