 &plot nbnd=   8, nks=    81 /
           -0.400000 -0.375000 -1.000000
   -3.550   -1.098    1.235    3.319    6.898   10.455   10.932   11.174
           -0.400000 -0.375000 -0.975000
   -3.551   -1.103    1.247    3.321    6.900   10.426   10.823   11.290
           -0.400000 -0.375000 -0.950000
   -3.556   -1.118    1.282    3.325    6.905   10.342   10.656   11.480
           -0.400000 -0.375000 -0.925000
   -3.564   -1.140    1.339    3.333    6.915   10.212   10.495   11.671
           -0.400000 -0.375000 -0.900000
   -3.575   -1.168    1.415    3.343    6.927   10.050   10.343   11.759
           -0.400000 -0.375000 -0.875000
   -3.590   -1.200    1.509    3.356    6.943    9.870   10.198   11.785
           -0.400000 -0.375000 -0.850000
   -3.609   -1.233    1.619    3.373    6.960    9.684   10.056   11.810
           -0.400000 -0.375000 -0.825000
   -3.632   -1.264    1.740    3.392    6.979    9.497    9.917   11.838
           -0.400000 -0.375000 -0.800000
   -3.659   -1.292    1.873    3.413    6.999    9.312    9.780   11.870
           -0.400000 -0.375000 -0.775000
   -3.690   -1.314    2.015    3.437    7.017    9.132    9.648   11.904
           -0.400000 -0.375000 -0.750000
   -3.727   -1.330    2.163    3.464    7.032    8.960    9.520   11.943
           -0.400000 -0.375000 -0.725000
   -3.767   -1.339    2.317    3.493    7.042    8.799    9.397   11.984
           -0.400000 -0.375000 -0.700000
   -3.812   -1.340    2.475    3.524    7.042    8.653    9.280   12.029
           -0.400000 -0.375000 -0.675000
   -3.860   -1.332    2.636    3.557    7.029    8.526    9.169   12.076
           -0.400000 -0.375000 -0.650000
   -3.912   -1.315    2.798    3.592    6.998    8.421    9.064   12.126
           -0.400000 -0.375000 -0.625000
   -3.967   -1.289    2.960    3.629    6.948    8.343    8.966   12.177
           -0.400000 -0.375000 -0.600000
   -4.024   -1.255    3.120    3.667    6.878    8.292    8.874   12.230
           -0.400000 -0.375000 -0.575000
   -4.082   -1.213    3.275    3.707    6.791    8.265    8.791   12.283
           -0.400000 -0.375000 -0.550000
   -4.142   -1.163    3.423    3.748    6.691    8.259    8.714   12.336
           -0.400000 -0.375000 -0.525000
   -4.202   -1.105    3.560    3.791    6.588    8.268    8.646   12.387
           -0.400000 -0.375000 -0.500000
   -4.263   -1.040    3.681    3.837    6.486    8.288    8.585   12.436
           -0.400000 -0.375000 -0.475000
   -4.322   -0.968    3.779    3.888    6.395    8.316    8.533   12.481
           -0.400000 -0.375000 -0.450000
   -4.381   -0.889    3.851    3.941    6.322    8.346    8.490   12.520
           -0.400000 -0.375000 -0.425000
   -4.438   -0.805    3.904    3.984    6.273    8.378    8.456   12.547
           -0.400000 -0.375000 -0.400000
   -4.494   -0.715    3.946    4.004    6.255    8.401    8.439   12.556
           -0.400000 -0.375000 -0.375000
   -4.547   -0.619    3.971    4.004    6.270    8.397    8.455   12.531
           -0.400000 -0.375000 -0.350000
   -4.598   -0.519    3.935    4.029    6.317    8.389    8.484   12.458
           -0.400000 -0.375000 -0.325000
   -4.647   -0.415    3.861    4.061    6.393    8.386    8.513   12.332
           -0.400000 -0.375000 -0.300000
   -4.693   -0.306    3.763    4.092    6.491    8.390    8.542   12.166
           -0.400000 -0.375000 -0.275000
   -4.735   -0.195    3.647    4.120    6.605    8.400    8.570   11.975
           -0.400000 -0.375000 -0.250000
   -4.775   -0.080    3.519    4.146    6.731    8.416    8.600   11.773
           -0.400000 -0.375000 -0.225000
   -4.811    0.036    3.383    4.169    6.862    8.436    8.633   11.565
           -0.400000 -0.375000 -0.200000
   -4.843    0.153    3.243    4.190    6.995    8.461    8.669   11.358
           -0.400000 -0.375000 -0.175000
   -4.872    0.269    3.103    4.209    7.125    8.488    8.710   11.154
           -0.400000 -0.375000 -0.150000
   -4.898    0.383    2.966    4.224    7.247    8.519    8.757   10.956
           -0.400000 -0.375000 -0.125000
   -4.919    0.492    2.836    4.238    7.357    8.550    8.810   10.768
           -0.400000 -0.375000 -0.100000
   -4.937    0.593    2.717    4.248    7.451    8.582    8.867   10.594
           -0.400000 -0.375000 -0.075000
   -4.951    0.681    2.614    4.257    7.527    8.612    8.926   10.440
           -0.400000 -0.375000 -0.050000
   -4.960    0.751    2.534    4.263    7.582    8.637    8.980   10.316
           -0.400000 -0.375000 -0.025000
   -4.966    0.797    2.482    4.266    7.615    8.654    9.021   10.233
           -0.400000 -0.375000  0.000000
   -4.968    0.813    2.464    4.267    7.626    8.659    9.036   10.203
           -0.400000 -0.375000  0.025000
   -4.966    0.797    2.482    4.266    7.615    8.654    9.021   10.233
           -0.400000 -0.375000  0.050000
   -4.960    0.751    2.534    4.263    7.582    8.637    8.980   10.316
           -0.400000 -0.375000  0.075000
   -4.951    0.681    2.614    4.257    7.527    8.612    8.926   10.440
           -0.400000 -0.375000  0.100000
   -4.937    0.593    2.717    4.248    7.451    8.582    8.867   10.594
           -0.400000 -0.375000  0.125000
   -4.919    0.492    2.836    4.238    7.357    8.550    8.810   10.768
           -0.400000 -0.375000  0.150000
   -4.898    0.383    2.966    4.224    7.247    8.519    8.757   10.956
           -0.400000 -0.375000  0.175000
   -4.872    0.269    3.103    4.209    7.125    8.488    8.710   11.154
           -0.400000 -0.375000  0.200000
   -4.843    0.153    3.243    4.190    6.995    8.461    8.669   11.358
           -0.400000 -0.375000  0.225000
   -4.811    0.036    3.383    4.169    6.862    8.436    8.633   11.565
           -0.400000 -0.375000  0.250000
   -4.775   -0.080    3.519    4.146    6.731    8.416    8.600   11.773
           -0.400000 -0.375000  0.275000
   -4.735   -0.195    3.647    4.120    6.605    8.400    8.570   11.975
           -0.400000 -0.375000  0.300000
   -4.693   -0.306    3.763    4.092    6.491    8.390    8.542   12.166
           -0.400000 -0.375000  0.325000
   -4.647   -0.415    3.861    4.061    6.393    8.386    8.513   12.332
           -0.400000 -0.375000  0.350000
   -4.598   -0.519    3.935    4.029    6.317    8.389    8.484   12.458
           -0.400000 -0.375000  0.375000
   -4.547   -0.619    3.971    4.004    6.270    8.397    8.455   12.531
           -0.400000 -0.375000  0.400000
   -4.494   -0.715    3.946    4.004    6.255    8.401    8.439   12.556
           -0.400000 -0.375000  0.425000
   -4.438   -0.805    3.904    3.984    6.273    8.378    8.456   12.547
           -0.400000 -0.375000  0.450000
   -4.381   -0.889    3.851    3.941    6.322    8.346    8.490   12.520
           -0.400000 -0.375000  0.475000
   -4.322   -0.968    3.779    3.888    6.395    8.316    8.533   12.481
           -0.400000 -0.375000  0.500000
   -4.263   -1.040    3.681    3.837    6.486    8.288    8.585   12.436
           -0.400000 -0.375000  0.525000
   -4.202   -1.105    3.560    3.791    6.588    8.268    8.646   12.387
           -0.400000 -0.375000  0.550000
   -4.142   -1.163    3.423    3.748    6.691    8.259    8.714   12.336
           -0.400000 -0.375000  0.575000
   -4.082   -1.213    3.275    3.707    6.791    8.265    8.791   12.283
           -0.400000 -0.375000  0.600000
   -4.024   -1.255    3.120    3.667    6.878    8.292    8.874   12.230
           -0.400000 -0.375000  0.625000
   -3.967   -1.289    2.960    3.629    6.948    8.343    8.966   12.177
           -0.400000 -0.375000  0.650000
   -3.912   -1.315    2.798    3.592    6.998    8.421    9.064   12.126
           -0.400000 -0.375000  0.675000
   -3.860   -1.332    2.636    3.557    7.029    8.526    9.169   12.076
           -0.400000 -0.375000  0.700000
   -3.812   -1.340    2.475    3.524    7.042    8.653    9.280   12.029
           -0.400000 -0.375000  0.725000
   -3.767   -1.339    2.317    3.493    7.042    8.799    9.397   11.984
           -0.400000 -0.375000  0.750000
   -3.727   -1.330    2.163    3.464    7.032    8.960    9.520   11.943
           -0.400000 -0.375000  0.775000
   -3.690   -1.314    2.015    3.437    7.017    9.132    9.648   11.904
           -0.400000 -0.375000  0.800000
   -3.659   -1.292    1.873    3.413    6.999    9.312    9.780   11.870
           -0.400000 -0.375000  0.825000
   -3.632   -1.264    1.740    3.392    6.979    9.497    9.917   11.838
           -0.400000 -0.375000  0.850000
   -3.609   -1.233    1.619    3.373    6.960    9.684   10.056   11.810
           -0.400000 -0.375000  0.875000
   -3.590   -1.200    1.509    3.356    6.943    9.870   10.198   11.785
           -0.400000 -0.375000  0.900000
   -3.575   -1.168    1.415    3.343    6.927   10.050   10.343   11.759
           -0.400000 -0.375000  0.925000
   -3.564   -1.140    1.339    3.333    6.915   10.212   10.495   11.671
           -0.400000 -0.375000  0.950000
   -3.556   -1.118    1.282    3.325    6.905   10.342   10.656   11.480
           -0.400000 -0.375000  0.975000
   -3.551   -1.103    1.247    3.321    6.900   10.426   10.823   11.290
           -0.400000 -0.375000  1.000000
   -3.550   -1.098    1.235    3.319    6.898   10.455   10.932   11.174
