 &plot nbnd=   8, nks=   101 /
           -0.060000 -0.200000 -1.000000
   -1.781   -1.612    2.504    3.018    7.230    7.924   14.190   14.353
           -0.060000 -0.200000 -0.980000
   -1.859   -1.532    2.506    3.020    7.231    7.928   14.081   14.460
           -0.060000 -0.200000 -0.960000
   -1.986   -1.401    2.512    3.026    7.234    7.937   13.916   14.613
           -0.060000 -0.200000 -0.940000
   -2.119   -1.262    2.522    3.037    7.239    7.953   13.745   14.752
           -0.060000 -0.200000 -0.920000
   -2.252   -1.120    2.535    3.052    7.246    7.976   13.574   14.840
           -0.060000 -0.200000 -0.900000
   -2.384   -0.977    2.553    3.071    7.256    8.004   13.403   14.825
           -0.060000 -0.200000 -0.880000
   -2.515   -0.833    2.575    3.094    7.268    8.039   13.234   14.714
           -0.060000 -0.200000 -0.860000
   -2.644   -0.688    2.600    3.122    7.282    8.080   13.065   14.559
           -0.060000 -0.200000 -0.840000
   -2.771   -0.544    2.629    3.155    7.298    8.127   12.898   14.387
           -0.060000 -0.200000 -0.820000
   -2.897   -0.398    2.662    3.191    7.318    8.180   12.733   14.207
           -0.060000 -0.200000 -0.800000
   -3.020   -0.253    2.698    3.233    7.339    8.239   12.570   14.024
           -0.060000 -0.200000 -0.780000
   -3.140   -0.108    2.738    3.279    7.363    8.303   12.408   13.839
           -0.060000 -0.200000 -0.760000
   -3.259    0.036    2.781    3.329    7.390    8.373   12.248   13.654
           -0.060000 -0.200000 -0.740000
   -3.375    0.180    2.827    3.385    7.420    8.449   12.089   13.468
           -0.060000 -0.200000 -0.720000
   -3.489    0.323    2.877    3.445    7.452    8.530   11.933   13.283
           -0.060000 -0.200000 -0.700000
   -3.600    0.465    2.930    3.510    7.486    8.616   11.778   13.098
           -0.060000 -0.200000 -0.680000
   -3.708    0.607    2.986    3.580    7.524    8.708   11.625   12.914
           -0.060000 -0.200000 -0.660000
   -3.814    0.747    3.044    3.654    7.564    8.804   11.473   12.731
           -0.060000 -0.200000 -0.640000
   -3.917    0.887    3.105    3.733    7.606    8.905   11.324   12.549
           -0.060000 -0.200000 -0.620000
   -4.018    1.025    3.169    3.817    7.651    9.011   11.177   12.367
           -0.060000 -0.200000 -0.600000
   -4.116    1.162    3.236    3.905    7.698    9.120   11.032   12.187
           -0.060000 -0.200000 -0.580000
   -4.210    1.298    3.305    3.997    7.748    9.233   10.891   12.009
           -0.060000 -0.200000 -0.560000
   -4.302    1.433    3.376    4.093    7.800    9.349   10.753   11.831
           -0.060000 -0.200000 -0.540000
   -4.391    1.567    3.450    4.192    7.853    9.464   10.620   11.655
           -0.060000 -0.200000 -0.520000
   -4.477    1.699    3.525    4.294    7.909    9.576   10.497   11.481
           -0.060000 -0.200000 -0.500000
   -4.560    1.831    3.603    4.399    7.967    9.677   10.391   11.309
           -0.060000 -0.200000 -0.480000
   -4.640    1.963    3.683    4.506    8.026    9.749   10.319   11.138
           -0.060000 -0.200000 -0.460000
   -4.717    2.093    3.765    4.615    8.086    9.764   10.309   10.970
           -0.060000 -0.200000 -0.440000
   -4.791    2.223    3.849    4.724    8.148    9.715   10.365   10.804
           -0.060000 -0.200000 -0.420000
   -4.862    2.353    3.934    4.833    8.210    9.628   10.460   10.646
           -0.060000 -0.200000 -0.400000
   -4.929    2.482    4.022    4.942    8.272    9.526   10.460   10.605
           -0.060000 -0.200000 -0.380000
   -4.994    2.611    4.110    5.049    8.335    9.418   10.310   10.723
           -0.060000 -0.200000 -0.360000
   -5.055    2.739    4.200    5.153    8.396    9.311   10.156   10.849
           -0.060000 -0.200000 -0.340000
   -5.113    2.868    4.291    5.253    8.456    9.209   10.003   10.969
           -0.060000 -0.200000 -0.320000
   -5.168    2.996    4.383    5.347    8.512    9.115    9.855   11.076
           -0.060000 -0.200000 -0.300000
   -5.219    3.125    4.475    5.434    8.562    9.032    9.711   11.160
           -0.060000 -0.200000 -0.280000
   -5.268    3.253    4.568    5.513    8.602    8.966    9.573   11.212
           -0.060000 -0.200000 -0.260000
   -5.313    3.382    4.660    5.581    8.625    8.922    9.443   11.222
           -0.060000 -0.200000 -0.240000
   -5.355    3.510    4.752    5.636    8.629    8.901    9.325   11.190
           -0.060000 -0.200000 -0.220000
   -5.393    3.638    4.842    5.677    8.618    8.893    9.228   11.121
           -0.060000 -0.200000 -0.200000
   -5.428    3.765    4.931    5.703    8.602    8.873    9.167   11.026
           -0.060000 -0.200000 -0.180000
   -5.460    3.892    5.016    5.712    8.584    8.832    9.148   10.915
           -0.060000 -0.200000 -0.160000
   -5.488    4.017    5.098    5.705    8.557    8.791    9.158   10.795
           -0.060000 -0.200000 -0.140000
   -5.514    4.141    5.174    5.682    8.511    8.778    9.180   10.671
           -0.060000 -0.200000 -0.120000
   -5.535    4.262    5.243    5.646    8.449    8.797    9.203   10.548
           -0.060000 -0.200000 -0.100000
   -5.554    4.380    5.303    5.601    8.383    8.839    9.223   10.429
           -0.060000 -0.200000 -0.080000
   -5.569    4.492    5.348    5.552    8.322    8.895    9.237   10.319
           -0.060000 -0.200000 -0.060000
   -5.581    4.595    5.366    5.515    8.270    8.958    9.242   10.223
           -0.060000 -0.200000 -0.040000
   -5.589    4.684    5.347    5.506    8.231    9.021    9.236   10.147
           -0.060000 -0.200000 -0.020000
   -5.594    4.748    5.315    5.512    8.207    9.075    9.220   10.098
           -0.060000 -0.200000  0.000000
   -5.596    4.772    5.300    5.515    8.199    9.101    9.209   10.081
           -0.060000 -0.200000  0.020000
   -5.594    4.748    5.315    5.512    8.207    9.075    9.220   10.098
           -0.060000 -0.200000  0.040000
   -5.589    4.684    5.347    5.506    8.231    9.021    9.236   10.147
           -0.060000 -0.200000  0.060000
   -5.581    4.595    5.366    5.515    8.270    8.958    9.242   10.223
           -0.060000 -0.200000  0.080000
   -5.569    4.492    5.348    5.552    8.322    8.895    9.237   10.319
           -0.060000 -0.200000  0.100000
   -5.554    4.380    5.303    5.601    8.383    8.839    9.223   10.429
           -0.060000 -0.200000  0.120000
   -5.535    4.262    5.243    5.646    8.449    8.797    9.203   10.548
           -0.060000 -0.200000  0.140000
   -5.514    4.141    5.174    5.682    8.511    8.778    9.180   10.671
           -0.060000 -0.200000  0.160000
   -5.488    4.017    5.098    5.705    8.557    8.791    9.158   10.795
           -0.060000 -0.200000  0.180000
   -5.460    3.892    5.016    5.712    8.584    8.832    9.148   10.915
           -0.060000 -0.200000  0.200000
   -5.428    3.765    4.931    5.703    8.602    8.873    9.167   11.026
           -0.060000 -0.200000  0.220000
   -5.393    3.638    4.842    5.677    8.618    8.893    9.228   11.121
           -0.060000 -0.200000  0.240000
   -5.355    3.510    4.752    5.636    8.629    8.901    9.325   11.190
           -0.060000 -0.200000  0.260000
   -5.313    3.382    4.660    5.581    8.625    8.922    9.443   11.222
           -0.060000 -0.200000  0.280000
   -5.268    3.253    4.568    5.513    8.602    8.966    9.573   11.212
           -0.060000 -0.200000  0.300000
   -5.219    3.125    4.475    5.434    8.562    9.032    9.711   11.160
           -0.060000 -0.200000  0.320000
   -5.168    2.996    4.383    5.347    8.512    9.115    9.855   11.076
           -0.060000 -0.200000  0.340000
   -5.113    2.868    4.291    5.253    8.456    9.209   10.003   10.969
           -0.060000 -0.200000  0.360000
   -5.055    2.739    4.200    5.153    8.396    9.311   10.156   10.849
           -0.060000 -0.200000  0.380000
   -4.994    2.611    4.110    5.049    8.335    9.418   10.310   10.723
           -0.060000 -0.200000  0.400000
   -4.929    2.482    4.022    4.942    8.272    9.526   10.460   10.605
           -0.060000 -0.200000  0.420000
   -4.862    2.353    3.934    4.833    8.210    9.628   10.460   10.646
           -0.060000 -0.200000  0.440000
   -4.791    2.223    3.849    4.724    8.148    9.715   10.365   10.804
           -0.060000 -0.200000  0.460000
   -4.717    2.093    3.765    4.615    8.086    9.764   10.309   10.970
           -0.060000 -0.200000  0.480000
   -4.640    1.963    3.683    4.506    8.026    9.749   10.319   11.138
           -0.060000 -0.200000  0.500000
   -4.560    1.831    3.603    4.399    7.967    9.677   10.391   11.309
           -0.060000 -0.200000  0.520000
   -4.477    1.699    3.525    4.294    7.909    9.576   10.497   11.481
           -0.060000 -0.200000  0.540000
   -4.391    1.567    3.450    4.192    7.853    9.464   10.620   11.655
           -0.060000 -0.200000  0.560000
   -4.302    1.433    3.376    4.093    7.800    9.349   10.753   11.831
           -0.060000 -0.200000  0.580000
   -4.210    1.298    3.305    3.997    7.748    9.233   10.891   12.009
           -0.060000 -0.200000  0.600000
   -4.116    1.162    3.236    3.905    7.698    9.120   11.032   12.187
           -0.060000 -0.200000  0.620000
   -4.018    1.025    3.169    3.817    7.651    9.011   11.177   12.367
           -0.060000 -0.200000  0.640000
   -3.917    0.887    3.105    3.733    7.606    8.905   11.324   12.549
           -0.060000 -0.200000  0.660000
   -3.814    0.747    3.044    3.654    7.564    8.804   11.473   12.731
           -0.060000 -0.200000  0.680000
   -3.708    0.607    2.986    3.580    7.524    8.708   11.625   12.914
           -0.060000 -0.200000  0.700000
   -3.600    0.465    2.930    3.510    7.486    8.616   11.778   13.098
           -0.060000 -0.200000  0.720000
   -3.489    0.323    2.877    3.445    7.452    8.530   11.933   13.283
           -0.060000 -0.200000  0.740000
   -3.375    0.180    2.827    3.385    7.420    8.449   12.089   13.468
           -0.060000 -0.200000  0.760000
   -3.259    0.036    2.781    3.329    7.390    8.373   12.248   13.654
           -0.060000 -0.200000  0.780000
   -3.140   -0.108    2.738    3.279    7.363    8.303   12.408   13.839
           -0.060000 -0.200000  0.800000
   -3.020   -0.253    2.698    3.233    7.339    8.239   12.570   14.024
           -0.060000 -0.200000  0.820000
   -2.897   -0.398    2.662    3.191    7.318    8.180   12.733   14.207
           -0.060000 -0.200000  0.840000
   -2.771   -0.544    2.629    3.155    7.298    8.127   12.898   14.387
           -0.060000 -0.200000  0.860000
   -2.644   -0.688    2.600    3.122    7.282    8.080   13.065   14.559
           -0.060000 -0.200000  0.880000
   -2.515   -0.833    2.575    3.094    7.268    8.039   13.234   14.714
           -0.060000 -0.200000  0.900000
   -2.384   -0.977    2.553    3.071    7.256    8.004   13.403   14.825
           -0.060000 -0.200000  0.920000
   -2.252   -1.120    2.535    3.052    7.246    7.976   13.574   14.840
           -0.060000 -0.200000  0.940000
   -2.119   -1.262    2.522    3.037    7.239    7.953   13.745   14.752
           -0.060000 -0.200000  0.960000
   -1.986   -1.401    2.512    3.026    7.234    7.937   13.916   14.613
           -0.060000 -0.200000  0.980000
   -1.859   -1.532    2.506    3.020    7.231    7.928   14.081   14.460
           -0.060000 -0.200000  1.000000
   -1.781   -1.612    2.504    3.018    7.230    7.924   14.190   14.353
