 &plot nbnd=   8, nks=   101 /
           -0.340000  0.540000 -1.000000
   -3.271   -0.020    2.030    3.902    8.783   10.093   10.956   12.650
           -0.340000  0.540000 -0.980000
   -3.271   -0.027    2.039    3.904    8.784   10.066   10.986   12.626
           -0.340000  0.540000 -0.960000
   -3.270   -0.047    2.067    3.908    8.787    9.995   11.069   12.559
           -0.340000  0.540000 -0.940000
   -3.269   -0.078    2.111    3.916    8.793    9.896   11.185   12.459
           -0.340000  0.540000 -0.920000
   -3.268   -0.120    2.170    3.926    8.800    9.784   11.321   12.337
           -0.340000  0.540000 -0.900000
   -3.266   -0.169    2.243    3.940    8.810    9.666   11.469   12.202
           -0.340000  0.540000 -0.880000
   -3.265   -0.225    2.326    3.957    8.820    9.547   11.616   12.067
           -0.340000  0.540000 -0.860000
   -3.263   -0.284    2.418    3.977    8.830    9.430   11.719   11.976
           -0.340000  0.540000 -0.840000
   -3.262   -0.344    2.516    4.000    8.839    9.320   11.663   12.047
           -0.340000  0.540000 -0.820000
   -3.261   -0.405    2.619    4.026    8.842    9.220   11.523   12.204
           -0.340000  0.540000 -0.800000
   -3.262   -0.465    2.725    4.056    8.832    9.139   11.367   12.378
           -0.340000  0.540000 -0.780000
   -3.263   -0.523    2.834    4.088    8.797    9.089   11.208   12.560
           -0.340000  0.540000 -0.760000
   -3.266   -0.577    2.942    4.124    8.735    9.071   11.049   12.744
           -0.340000  0.540000 -0.740000
   -3.270   -0.627    3.050    4.163    8.658    9.077   10.890   12.929
           -0.340000  0.540000 -0.720000
   -3.276   -0.672    3.156    4.205    8.576    9.094   10.734   13.114
           -0.340000  0.540000 -0.700000
   -3.285   -0.712    3.259    4.250    8.494    9.118   10.581   13.296
           -0.340000  0.540000 -0.680000
   -3.296   -0.744    3.358    4.297    8.415    9.145   10.433   13.472
           -0.340000  0.540000 -0.660000
   -3.309   -0.770    3.452    4.346    8.341    9.174   10.290   13.635
           -0.340000  0.540000 -0.640000
   -3.325   -0.789    3.541    4.396    8.273    9.204   10.154   13.776
           -0.340000  0.540000 -0.620000
   -3.345   -0.800    3.624    4.445    8.212    9.233   10.026   13.886
           -0.340000  0.540000 -0.600000
   -3.366   -0.804    3.701    4.493    8.158    9.260    9.908   13.957
           -0.340000  0.540000 -0.580000
   -3.391   -0.800    3.773    4.538    8.112    9.283    9.804   13.992
           -0.340000  0.540000 -0.560000
   -3.418   -0.789    3.839    4.577    8.073    9.298    9.718   14.002
           -0.340000  0.540000 -0.540000
   -3.447   -0.770    3.899    4.611    8.043    9.299    9.656   13.992
           -0.340000  0.540000 -0.520000
   -3.478   -0.744    3.954    4.635    8.019    9.283    9.624   13.965
           -0.340000  0.540000 -0.500000
   -3.511   -0.711    4.004    4.651    8.003    9.255    9.617   13.922
           -0.340000  0.540000 -0.480000
   -3.546   -0.671    4.049    4.656    7.994    9.223    9.628   13.859
           -0.340000  0.540000 -0.460000
   -3.581   -0.625    4.089    4.651    7.990    9.196    9.651   13.770
           -0.340000  0.540000 -0.440000
   -3.617   -0.573    4.123    4.635    7.992    9.178    9.680   13.655
           -0.340000  0.540000 -0.420000
   -3.653   -0.515    4.150    4.609    7.998    9.171    9.714   13.516
           -0.340000  0.540000 -0.400000
   -3.690   -0.452    4.170    4.576    8.009    9.175    9.753   13.358
           -0.340000  0.540000 -0.380000
   -3.726   -0.384    4.178    4.539    8.024    9.189    9.798   13.187
           -0.340000  0.540000 -0.360000
   -3.762   -0.312    4.172    4.503    8.044    9.210    9.849   13.008
           -0.340000  0.540000 -0.340000
   -3.797   -0.235    4.145    4.475    8.068    9.235    9.908   12.825
           -0.340000  0.540000 -0.320000
   -3.831   -0.155    4.097    4.457    8.099    9.262    9.976   12.639
           -0.340000  0.540000 -0.300000
   -3.864   -0.071    4.029    4.448    8.136    9.289   10.054   12.453
           -0.340000  0.540000 -0.280000
   -3.895    0.016    3.945    4.446    8.179    9.312   10.142   12.268
           -0.340000  0.540000 -0.260000
   -3.925    0.106    3.852    4.447    8.228    9.333   10.239   12.085
           -0.340000  0.540000 -0.240000
   -3.953    0.198    3.750    4.450    8.284    9.349   10.344   11.905
           -0.340000  0.540000 -0.220000
   -3.979    0.291    3.645    4.452    8.346    9.362   10.455   11.730
           -0.340000  0.540000 -0.200000
   -4.004    0.385    3.536    4.455    8.413    9.371   10.571   11.561
           -0.340000  0.540000 -0.180000
   -4.026    0.479    3.427    4.457    8.486    9.377   10.687   11.401
           -0.340000  0.540000 -0.160000
   -4.046    0.572    3.319    4.459    8.564    9.381   10.795   11.256
           -0.340000  0.540000 -0.140000
   -4.064    0.663    3.213    4.460    8.645    9.382   10.867   11.156
           -0.340000  0.540000 -0.120000
   -4.080    0.751    3.112    4.461    8.727    9.382   10.835   11.165
           -0.340000  0.540000 -0.100000
   -4.093    0.832    3.019    4.462    8.810    9.379   10.735   11.249
           -0.340000  0.540000 -0.080000
   -4.104    0.905    2.935    4.462    8.891    9.375   10.627   11.345
           -0.340000  0.540000 -0.060000
   -4.113    0.967    2.865    4.462    8.964    9.368   10.531   11.433
           -0.340000  0.540000 -0.040000
   -4.119    1.015    2.811    4.462    9.026    9.361   10.454   11.504
           -0.340000  0.540000 -0.020000
   -4.123    1.045    2.777    4.462    9.069    9.353   10.405   11.551
           -0.340000  0.540000  0.000000
   -4.124    1.056    2.766    4.462    9.085    9.350   10.388   11.567
           -0.340000  0.540000  0.020000
   -4.123    1.045    2.777    4.462    9.069    9.353   10.405   11.551
           -0.340000  0.540000  0.040000
   -4.119    1.015    2.811    4.462    9.026    9.361   10.454   11.504
           -0.340000  0.540000  0.060000
   -4.113    0.967    2.865    4.462    8.964    9.368   10.531   11.433
           -0.340000  0.540000  0.080000
   -4.104    0.905    2.935    4.462    8.891    9.375   10.627   11.345
           -0.340000  0.540000  0.100000
   -4.093    0.832    3.019    4.462    8.810    9.379   10.735   11.249
           -0.340000  0.540000  0.120000
   -4.080    0.751    3.112    4.461    8.727    9.382   10.835   11.165
           -0.340000  0.540000  0.140000
   -4.064    0.663    3.213    4.460    8.645    9.382   10.867   11.156
           -0.340000  0.540000  0.160000
   -4.046    0.572    3.319    4.459    8.564    9.381   10.795   11.256
           -0.340000  0.540000  0.180000
   -4.026    0.479    3.427    4.457    8.486    9.377   10.687   11.401
           -0.340000  0.540000  0.200000
   -4.004    0.385    3.536    4.455    8.413    9.371   10.571   11.561
           -0.340000  0.540000  0.220000
   -3.979    0.291    3.645    4.452    8.346    9.362   10.455   11.730
           -0.340000  0.540000  0.240000
   -3.953    0.198    3.750    4.450    8.284    9.349   10.344   11.905
           -0.340000  0.540000  0.260000
   -3.925    0.106    3.852    4.447    8.228    9.333   10.239   12.085
           -0.340000  0.540000  0.280000
   -3.895    0.016    3.945    4.446    8.179    9.312   10.142   12.268
           -0.340000  0.540000  0.300000
   -3.864   -0.071    4.029    4.448    8.136    9.289   10.054   12.453
           -0.340000  0.540000  0.320000
   -3.831   -0.155    4.097    4.457    8.099    9.262    9.976   12.639
           -0.340000  0.540000  0.340000
   -3.797   -0.235    4.145    4.475    8.068    9.235    9.908   12.825
           -0.340000  0.540000  0.360000
   -3.762   -0.312    4.172    4.503    8.044    9.210    9.849   13.008
           -0.340000  0.540000  0.380000
   -3.726   -0.384    4.178    4.539    8.024    9.189    9.798   13.187
           -0.340000  0.540000  0.400000
   -3.690   -0.452    4.170    4.576    8.009    9.175    9.753   13.358
           -0.340000  0.540000  0.420000
   -3.653   -0.515    4.150    4.609    7.998    9.171    9.714   13.516
           -0.340000  0.540000  0.440000
   -3.617   -0.573    4.123    4.635    7.992    9.178    9.680   13.655
           -0.340000  0.540000  0.460000
   -3.581   -0.625    4.089    4.651    7.990    9.196    9.651   13.770
           -0.340000  0.540000  0.480000
   -3.546   -0.671    4.049    4.656    7.994    9.223    9.628   13.859
           -0.340000  0.540000  0.500000
   -3.511   -0.711    4.004    4.651    8.003    9.255    9.617   13.922
           -0.340000  0.540000  0.520000
   -3.478   -0.744    3.954    4.635    8.019    9.283    9.624   13.965
           -0.340000  0.540000  0.540000
   -3.447   -0.770    3.899    4.611    8.043    9.299    9.656   13.992
           -0.340000  0.540000  0.560000
   -3.418   -0.789    3.839    4.577    8.073    9.298    9.718   14.002
           -0.340000  0.540000  0.580000
   -3.391   -0.800    3.773    4.538    8.112    9.283    9.804   13.992
           -0.340000  0.540000  0.600000
   -3.366   -0.804    3.701    4.493    8.158    9.260    9.908   13.957
           -0.340000  0.540000  0.620000
   -3.345   -0.800    3.624    4.445    8.212    9.233   10.026   13.886
           -0.340000  0.540000  0.640000
   -3.325   -0.789    3.541    4.396    8.273    9.204   10.154   13.776
           -0.340000  0.540000  0.660000
   -3.309   -0.770    3.452    4.346    8.341    9.174   10.290   13.635
           -0.340000  0.540000  0.680000
   -3.296   -0.744    3.358    4.297    8.415    9.145   10.433   13.472
           -0.340000  0.540000  0.700000
   -3.285   -0.712    3.259    4.250    8.494    9.118   10.581   13.296
           -0.340000  0.540000  0.720000
   -3.276   -0.672    3.156    4.205    8.576    9.094   10.734   13.114
           -0.340000  0.540000  0.740000
   -3.270   -0.627    3.050    4.163    8.658    9.077   10.890   12.929
           -0.340000  0.540000  0.760000
   -3.266   -0.577    2.942    4.124    8.735    9.071   11.049   12.744
           -0.340000  0.540000  0.780000
   -3.263   -0.523    2.834    4.088    8.797    9.089   11.208   12.560
           -0.340000  0.540000  0.800000
   -3.262   -0.465    2.725    4.056    8.832    9.139   11.367   12.378
           -0.340000  0.540000  0.820000
   -3.261   -0.405    2.619    4.026    8.842    9.220   11.523   12.204
           -0.340000  0.540000  0.840000
   -3.262   -0.344    2.516    4.000    8.839    9.320   11.663   12.047
           -0.340000  0.540000  0.860000
   -3.263   -0.284    2.418    3.977    8.830    9.430   11.719   11.976
           -0.340000  0.540000  0.880000
   -3.265   -0.225    2.326    3.957    8.820    9.547   11.616   12.067
           -0.340000  0.540000  0.900000
   -3.266   -0.169    2.243    3.940    8.810    9.666   11.469   12.202
           -0.340000  0.540000  0.920000
   -3.268   -0.120    2.170    3.926    8.800    9.784   11.321   12.337
           -0.340000  0.540000  0.940000
   -3.269   -0.078    2.111    3.916    8.793    9.896   11.185   12.459
           -0.340000  0.540000  0.960000
   -3.270   -0.047    2.067    3.908    8.787    9.995   11.069   12.559
           -0.340000  0.540000  0.980000
   -3.271   -0.027    2.039    3.904    8.784   10.066   10.986   12.626
           -0.340000  0.540000  1.000000
   -3.271   -0.020    2.030    3.902    8.783   10.093   10.956   12.650
