 &plot nbnd=   8, nks=    41 /
           -0.750000  0.850000 -1.000000
   -5.663    3.072    4.092    4.785    7.543    7.802    8.436    9.470
           -0.750000  0.850000 -0.950000
   -5.654    2.983    4.167    4.757    7.501    7.792    8.477    9.520
           -0.750000  0.850000 -0.900000
   -5.625    2.772    4.326    4.682    7.359    7.844    8.534    9.671
           -0.750000  0.850000 -0.850000
   -5.578    2.511    4.435    4.615    7.191    7.967    8.542    9.909
           -0.750000  0.850000 -0.800000
   -5.512    2.231    4.337    4.668    7.074    8.122    8.513   10.189
           -0.750000  0.850000 -0.750000
   -5.427    1.947    4.162    4.680    7.052    8.239    8.523   10.446
           -0.750000  0.850000 -0.700000
   -5.323    1.664    3.966    4.593    7.128    8.226    8.679   10.567
           -0.750000  0.850000 -0.650000
   -5.202    1.385    3.759    4.427    7.259    8.179    8.911   10.471
           -0.750000  0.850000 -0.600000
   -5.062    1.112    3.544    4.214    7.363    8.200    9.171   10.244
           -0.750000  0.850000 -0.550000
   -4.905    0.843    3.324    3.983    7.368    8.348    9.444    9.987
           -0.750000  0.850000 -0.500000
   -4.732    0.578    3.097    3.756    7.291    8.591    9.621    9.854
           -0.750000  0.850000 -0.450000
   -4.542    0.316    2.865    3.546    7.177    8.849    9.479   10.113
           -0.750000  0.850000 -0.400000
   -4.336    0.055    2.633    3.360    7.053    8.956    9.483   10.444
           -0.750000  0.850000 -0.350000
   -4.116   -0.209    2.409    3.198    6.929    8.843    9.744   10.796
           -0.750000  0.850000 -0.300000
   -3.882   -0.475    2.199    3.062    6.815    8.688   10.083   11.165
           -0.750000  0.850000 -0.250000
   -3.637   -0.745    2.012    2.948    6.712    8.545   10.445   11.546
           -0.750000  0.850000 -0.200000
   -3.381   -1.020    1.853    2.857    6.626    8.425   10.820   11.932
           -0.750000  0.850000 -0.150000
   -3.119   -1.296    1.726    2.786    6.556    8.331   11.202   12.311
           -0.750000  0.850000 -0.100000
   -2.858   -1.568    1.635    2.736    6.506    8.264   11.589   12.631
           -0.750000  0.850000 -0.050000
   -2.618   -1.814    1.579    2.706    6.475    8.223   11.968   12.698
           -0.750000  0.850000  0.000000
   -2.492   -1.942    1.560    2.696    6.465    8.210   12.226   12.533
           -0.750000  0.850000  0.050000
   -2.618   -1.814    1.579    2.706    6.475    8.223   11.968   12.698
           -0.750000  0.850000  0.100000
   -2.858   -1.568    1.635    2.736    6.506    8.264   11.589   12.631
           -0.750000  0.850000  0.150000
   -3.119   -1.296    1.726    2.786    6.556    8.331   11.202   12.311
           -0.750000  0.850000  0.200000
   -3.381   -1.020    1.853    2.857    6.626    8.425   10.820   11.932
           -0.750000  0.850000  0.250000
   -3.637   -0.745    2.012    2.948    6.712    8.545   10.445   11.546
           -0.750000  0.850000  0.300000
   -3.882   -0.475    2.199    3.062    6.815    8.688   10.083   11.165
           -0.750000  0.850000  0.350000
   -4.116   -0.209    2.409    3.198    6.929    8.843    9.744   10.796
           -0.750000  0.850000  0.400000
   -4.336    0.055    2.633    3.360    7.053    8.956    9.483   10.444
           -0.750000  0.850000  0.450000
   -4.542    0.316    2.865    3.546    7.177    8.849    9.479   10.113
           -0.750000  0.850000  0.500000
   -4.732    0.578    3.097    3.756    7.291    8.591    9.621    9.854
           -0.750000  0.850000  0.550000
   -4.905    0.843    3.324    3.983    7.368    8.348    9.444    9.987
           -0.750000  0.850000  0.600000
   -5.062    1.112    3.544    4.214    7.363    8.200    9.171   10.244
           -0.750000  0.850000  0.650000
   -5.202    1.385    3.759    4.427    7.259    8.179    8.911   10.471
           -0.750000  0.850000  0.700000
   -5.323    1.664    3.966    4.593    7.128    8.226    8.679   10.567
           -0.750000  0.850000  0.750000
   -5.427    1.947    4.162    4.680    7.052    8.239    8.523   10.446
           -0.750000  0.850000  0.800000
   -5.512    2.231    4.337    4.668    7.074    8.122    8.513   10.190
           -0.750000  0.850000  0.850000
   -5.578    2.511    4.435    4.615    7.191    7.967    8.542    9.909
           -0.750000  0.850000  0.900000
   -5.625    2.772    4.326    4.682    7.359    7.844    8.534    9.671
           -0.750000  0.850000  0.950000
   -5.654    2.983    4.167    4.757    7.501    7.792    8.477    9.520
           -0.750000  0.850000  1.000000
   -5.663    3.072    4.092    4.785    7.543    7.802    8.436    9.470
