 &plot nbnd=   8, nks=   100 /
           -0.076900  0.076900 -1.000000
   -2.373   -2.296    2.209    2.522    5.818    6.215   13.677   13.737
           -0.076900  0.076900 -0.979800
   -2.478   -2.190    2.211    2.523    5.817    6.219   13.655   13.706
           -0.076900  0.076900 -0.959600
   -2.611   -2.052    2.216    2.528    5.817    6.234   13.593   13.624
           -0.076900  0.076900 -0.939400
   -2.744   -1.911    2.225    2.535    5.815    6.257   13.500   13.506
           -0.076900  0.076900 -0.919200
   -2.875   -1.767    2.237    2.545    5.815    6.288   13.367   13.384
           -0.076900  0.076900 -0.899000
   -3.005   -1.622    2.253    2.559    5.815    6.327   13.215   13.256
           -0.076900  0.076900 -0.878800
   -3.132   -1.475    2.272    2.575    5.817    6.373   13.056   13.116
           -0.076900  0.076900 -0.858600
   -3.258   -1.327    2.295    2.594    5.821    6.425   12.892   12.969
           -0.076900  0.076900 -0.838400
   -3.381   -1.178    2.321    2.616    5.827    6.483   12.726   12.819
           -0.076900  0.076900 -0.818200
   -3.502   -1.029    2.351    2.641    5.836    6.547   12.557   12.665
           -0.076900  0.076900 -0.798000
   -3.620   -0.878    2.385    2.669    5.848    6.616   12.388   12.510
           -0.076900  0.076900 -0.777800
   -3.737   -0.726    2.421    2.700    5.863    6.691   12.218   12.352
           -0.076900  0.076900 -0.757600
   -3.850   -0.574    2.462    2.734    5.881    6.771   12.048   12.195
           -0.076900  0.076900 -0.737400
   -3.962   -0.421    2.506    2.770    5.903    6.855   11.879   12.038
           -0.076900  0.076900 -0.717200
   -4.071   -0.267    2.553    2.809    5.927    6.944   11.708   11.881
           -0.076900  0.076900 -0.697000
   -4.177   -0.114    2.604    2.851    5.954    7.037   11.539   11.724
           -0.076900  0.076900 -0.676800
   -4.281    0.040    2.658    2.896    5.985    7.135   11.370   11.568
           -0.076900  0.076900 -0.656600
   -4.382    0.195    2.716    2.944    6.019    7.238   11.203   11.414
           -0.076900  0.076900 -0.636400
   -4.480    0.350    2.778    2.994    6.056    7.343   11.036   11.259
           -0.076900  0.076900 -0.616200
   -4.575    0.504    2.842    3.047    6.096    7.452   10.871   11.105
           -0.076900  0.076900 -0.596000
   -4.668    0.658    2.911    3.102    6.139    7.563   10.708   10.951
           -0.076900  0.076900 -0.575800
   -4.758    0.812    2.982    3.160    6.185    7.676   10.546   10.798
           -0.076900  0.076900 -0.555600
   -4.845    0.966    3.057    3.221    6.233    7.790   10.387   10.645
           -0.076900  0.076900 -0.535400
   -4.929    1.119    3.135    3.284    6.284    7.905   10.231   10.493
           -0.076900  0.076900 -0.515200
   -5.010    1.271    3.217    3.349    6.337    8.016   10.080   10.342
           -0.076900  0.076900 -0.494900
   -5.089    1.424    3.302    3.417    6.393    8.124    9.934   10.191
           -0.076900  0.076900 -0.474700
   -5.164    1.575    3.389    3.487    6.452    8.223    9.797   10.042
           -0.076900  0.076900 -0.454500
   -5.237    1.726    3.480    3.559    6.512    8.309    9.673    9.894
           -0.076900  0.076900 -0.434300
   -5.306    1.876    3.574    3.634    6.574    8.377    9.565    9.747
           -0.076900  0.076900 -0.414100
   -5.372    2.025    3.670    3.710    6.637    8.416    9.478    9.601
           -0.076900  0.076900 -0.393900
   -5.435    2.173    3.768    3.788    6.702    8.421    9.417    9.458
           -0.076900  0.076900 -0.373700
   -5.496    2.320    3.867    3.868    6.769    8.389    9.315    9.380
           -0.076900  0.076900 -0.353500
   -5.553    2.466    3.947    3.969    6.836    8.324    9.174    9.357
           -0.076900  0.076900 -0.333300
   -5.607    2.611    4.030    4.073    6.903    8.237    9.034    9.335
           -0.076900  0.076900 -0.313100
   -5.658    2.755    4.112    4.176    6.970    8.134    8.897    9.300
           -0.076900  0.076900 -0.292900
   -5.706    2.898    4.196    4.280    7.036    8.024    8.763    9.247
           -0.076900  0.076900 -0.272700
   -5.751    3.039    4.280    4.382    7.100    7.911    8.631    9.173
           -0.076900  0.076900 -0.252500
   -5.792    3.180    4.364    4.483    7.162    7.801    8.503    9.079
           -0.076900  0.076900 -0.232300
   -5.831    3.319    4.448    4.579    7.217    7.698    8.378    8.970
           -0.076900  0.076900 -0.212100
   -5.866    3.456    4.530    4.672    7.262    7.611    8.258    8.851
           -0.076900  0.076900 -0.191900
   -5.898    3.591    4.611    4.757    7.285    7.551    8.143    8.723
           -0.076900  0.076900 -0.171700
   -5.927    3.725    4.688    4.833    7.273    7.533    8.035    8.590
           -0.076900  0.076900 -0.151500
   -5.953    3.856    4.762    4.896    7.236    7.549    7.933    8.456
           -0.076900  0.076900 -0.131300
   -5.976    3.984    4.832    4.945    7.198    7.578    7.841    8.323
           -0.076900  0.076900 -0.111100
   -5.995    4.107    4.896    4.976    7.171    7.608    7.756    8.195
           -0.076900  0.076900 -0.090900
   -6.011    4.224    4.952    4.989    7.160    7.631    7.682    8.076
           -0.076900  0.076900 -0.070700
   -6.024    4.333    4.983    5.000    7.169    7.622    7.639    7.974
           -0.076900  0.076900 -0.050500
   -6.034    4.432    4.962    5.038    7.193    7.574    7.626    7.899
           -0.076900  0.076900 -0.030300
   -6.040    4.513    4.932    5.063    7.227    7.540    7.592    7.859
           -0.076900  0.076900 -0.010100
   -6.044    4.561    4.909    5.077    7.254    7.524    7.558    7.844
           -0.076900  0.076900  0.010100
   -6.044    4.561    4.909    5.077    7.254    7.524    7.558    7.844
           -0.076900  0.076900  0.030300
   -6.040    4.513    4.932    5.063    7.227    7.540    7.592    7.859
           -0.076900  0.076900  0.050500
   -6.034    4.432    4.962    5.038    7.193    7.574    7.626    7.899
           -0.076900  0.076900  0.070700
   -6.024    4.333    4.983    5.000    7.169    7.622    7.639    7.974
           -0.076900  0.076900  0.090900
   -6.011    4.224    4.952    4.989    7.160    7.631    7.682    8.076
           -0.076900  0.076900  0.111100
   -5.995    4.107    4.896    4.976    7.171    7.608    7.756    8.195
           -0.076900  0.076900  0.131300
   -5.976    3.984    4.832    4.945    7.198    7.578    7.841    8.323
           -0.076900  0.076900  0.151500
   -5.953    3.856    4.762    4.896    7.236    7.549    7.933    8.456
           -0.076900  0.076900  0.171700
   -5.927    3.725    4.688    4.833    7.273    7.533    8.035    8.590
           -0.076900  0.076900  0.191900
   -5.898    3.591    4.611    4.757    7.285    7.551    8.143    8.723
           -0.076900  0.076900  0.212100
   -5.866    3.456    4.530    4.672    7.262    7.611    8.258    8.851
           -0.076900  0.076900  0.232300
   -5.831    3.319    4.448    4.579    7.217    7.698    8.378    8.970
           -0.076900  0.076900  0.252500
   -5.792    3.180    4.364    4.483    7.162    7.801    8.503    9.079
           -0.076900  0.076900  0.272700
   -5.751    3.039    4.280    4.382    7.100    7.911    8.631    9.173
           -0.076900  0.076900  0.292900
   -5.706    2.898    4.196    4.280    7.036    8.024    8.763    9.247
           -0.076900  0.076900  0.313100
   -5.658    2.755    4.112    4.176    6.970    8.134    8.897    9.300
           -0.076900  0.076900  0.333300
   -5.607    2.611    4.030    4.073    6.903    8.237    9.034    9.335
           -0.076900  0.076900  0.353500
   -5.553    2.466    3.947    3.969    6.836    8.324    9.174    9.357
           -0.076900  0.076900  0.373700
   -5.496    2.320    3.867    3.868    6.769    8.389    9.315    9.380
           -0.076900  0.076900  0.393900
   -5.435    2.173    3.768    3.788    6.702    8.421    9.417    9.458
           -0.076900  0.076900  0.414100
   -5.372    2.025    3.670    3.710    6.637    8.416    9.478    9.601
           -0.076900  0.076900  0.434300
   -5.306    1.876    3.574    3.634    6.574    8.377    9.565    9.747
           -0.076900  0.076900  0.454500
   -5.237    1.726    3.480    3.559    6.512    8.309    9.673    9.894
           -0.076900  0.076900  0.474700
   -5.164    1.575    3.389    3.487    6.452    8.223    9.797   10.042
           -0.076900  0.076900  0.494900
   -5.089    1.424    3.302    3.417    6.393    8.124    9.934   10.191
           -0.076900  0.076900  0.515200
   -5.010    1.271    3.217    3.349    6.337    8.016   10.080   10.342
           -0.076900  0.076900  0.535400
   -4.929    1.119    3.135    3.284    6.284    7.905   10.231   10.493
           -0.076900  0.076900  0.555600
   -4.845    0.966    3.057    3.221    6.233    7.790   10.387   10.645
           -0.076900  0.076900  0.575800
   -4.758    0.812    2.982    3.160    6.185    7.676   10.546   10.798
           -0.076900  0.076900  0.596000
   -4.668    0.658    2.911    3.102    6.139    7.563   10.708   10.951
           -0.076900  0.076900  0.616200
   -4.575    0.504    2.842    3.047    6.096    7.452   10.871   11.105
           -0.076900  0.076900  0.636400
   -4.480    0.350    2.778    2.994    6.056    7.343   11.036   11.259
           -0.076900  0.076900  0.656600
   -4.382    0.195    2.716    2.944    6.019    7.238   11.203   11.414
           -0.076900  0.076900  0.676800
   -4.281    0.040    2.658    2.896    5.985    7.135   11.370   11.568
           -0.076900  0.076900  0.697000
   -4.177   -0.114    2.604    2.851    5.954    7.037   11.539   11.724
           -0.076900  0.076900  0.717200
   -4.071   -0.267    2.553    2.809    5.927    6.944   11.708   11.881
           -0.076900  0.076900  0.737400
   -3.962   -0.421    2.506    2.770    5.903    6.855   11.879   12.038
           -0.076900  0.076900  0.757600
   -3.850   -0.574    2.462    2.734    5.881    6.771   12.048   12.195
           -0.076900  0.076900  0.777800
   -3.737   -0.726    2.421    2.700    5.863    6.691   12.218   12.352
           -0.076900  0.076900  0.798000
   -3.620   -0.878    2.385    2.669    5.848    6.616   12.388   12.510
           -0.076900  0.076900  0.818200
   -3.502   -1.029    2.351    2.641    5.836    6.547   12.557   12.665
           -0.076900  0.076900  0.838400
   -3.381   -1.178    2.321    2.616    5.827    6.483   12.726   12.819
           -0.076900  0.076900  0.858600
   -3.258   -1.327    2.295    2.594    5.821    6.425   12.892   12.969
           -0.076900  0.076900  0.878800
   -3.132   -1.475    2.272    2.575    5.817    6.373   13.056   13.116
           -0.076900  0.076900  0.899000
   -3.005   -1.622    2.253    2.559    5.815    6.327   13.215   13.256
           -0.076900  0.076900  0.919200
   -2.875   -1.767    2.237    2.545    5.815    6.288   13.367   13.384
           -0.076900  0.076900  0.939400
   -2.744   -1.911    2.225    2.535    5.815    6.257   13.500   13.506
           -0.076900  0.076900  0.959600
   -2.611   -2.052    2.216    2.528    5.817    6.234   13.593   13.624
           -0.076900  0.076900  0.979800
   -2.478   -2.190    2.211    2.523    5.817    6.219   13.655   13.706
           -0.076900  0.076900  1.000000
   -2.373   -2.296    2.209    2.522    5.818    6.215   13.677   13.737
