 &plot nbnd=   8, nks=   101 /
           -0.780000  0.440000 -1.000000
   -4.284    1.429    3.235    4.136    7.973    9.363   10.579   11.950
           -0.780000  0.440000 -0.980000
   -4.282    1.420    3.242    4.135    7.969    9.375   10.577   11.933
           -0.780000  0.440000 -0.960000
   -4.278    1.396    3.263    4.133    7.957    9.413   10.573   11.883
           -0.780000  0.440000 -0.940000
   -4.271    1.357    3.296    4.130    7.941    9.474   10.566   11.806
           -0.780000  0.440000 -0.920000
   -4.262    1.305    3.338    4.126    7.921    9.555   10.556   11.707
           -0.780000  0.440000 -0.900000
   -4.249    1.242    3.388    4.122    7.903    9.654   10.541   11.592
           -0.780000  0.440000 -0.880000
   -4.234    1.171    3.442    4.117    7.888    9.766   10.522   11.467
           -0.780000  0.440000 -0.860000
   -4.216    1.093    3.496    4.113    7.878    9.890   10.496   11.339
           -0.780000  0.440000 -0.840000
   -4.196    1.010    3.549    4.111    7.876   10.020   10.465   11.212
           -0.780000  0.440000 -0.820000
   -4.173    0.923    3.595    4.113    7.883   10.146   10.433   11.093
           -0.780000  0.440000 -0.800000
   -4.147    0.835    3.632    4.122    7.900   10.221   10.445   10.986
           -0.780000  0.440000 -0.780000
   -4.119    0.744    3.655    4.139    7.929   10.185   10.554   10.896
           -0.780000  0.440000 -0.760000
   -4.088    0.653    3.664    4.165    7.968   10.093   10.704   10.826
           -0.780000  0.440000 -0.740000
   -4.055    0.562    3.659    4.199    8.018    9.976   10.750   10.890
           -0.780000  0.440000 -0.720000
   -4.019    0.472    3.642    4.239    8.080    9.847   10.704   11.066
           -0.780000  0.440000 -0.700000
   -3.982    0.382    3.616    4.282    8.151    9.712   10.661   11.251
           -0.780000  0.440000 -0.680000
   -3.942    0.294    3.581    4.325    8.231    9.577   10.621   11.443
           -0.780000  0.440000 -0.660000
   -3.900    0.208    3.541    4.366    8.318    9.445   10.583   11.640
           -0.780000  0.440000 -0.640000
   -3.856    0.125    3.496    4.405    8.406    9.325   10.547   11.842
           -0.780000  0.440000 -0.620000
   -3.811    0.043    3.447    4.440    8.487    9.225   10.510   12.047
           -0.780000  0.440000 -0.600000
   -3.763   -0.035    3.395    4.470    8.545    9.162   10.473   12.257
           -0.780000  0.440000 -0.580000
   -3.714   -0.111    3.341    4.494    8.559    9.159   10.437   12.470
           -0.780000  0.440000 -0.560000
   -3.664   -0.183    3.285    4.511    8.525    9.219   10.400   12.686
           -0.780000  0.440000 -0.540000
   -3.613   -0.252    3.228    4.521    8.463    9.324   10.363   12.905
           -0.780000  0.440000 -0.520000
   -3.561   -0.317    3.170    4.522    8.392    9.454   10.326   13.127
           -0.780000  0.440000 -0.500000
   -3.508   -0.377    3.112    4.515    8.322    9.598   10.293   13.350
           -0.780000  0.440000 -0.480000
   -3.455   -0.434    3.053    4.498    8.260    9.748   10.264   13.574
           -0.780000  0.440000 -0.460000
   -3.402   -0.486    2.995    4.472    8.208    9.890   10.251   13.792
           -0.780000  0.440000 -0.440000
   -3.349   -0.534    2.936    4.436    8.169    9.994   10.283   13.956
           -0.780000  0.440000 -0.420000
   -3.297   -0.576    2.878    4.391    8.143   10.025   10.393   13.954
           -0.780000  0.440000 -0.400000
   -3.245   -0.614    2.821    4.337    8.131   10.013   10.552   13.825
           -0.780000  0.440000 -0.380000
   -3.195   -0.645    2.763    4.275    8.133    9.985   10.729   13.626
           -0.780000  0.440000 -0.360000
   -3.146   -0.672    2.707    4.206    8.148    9.953   10.916   13.425
           -0.780000  0.440000 -0.340000
   -3.099   -0.692    2.651    4.132    8.176    9.920   11.108   13.223
           -0.780000  0.440000 -0.320000
   -3.055   -0.707    2.596    4.052    8.216    9.886   11.303   13.021
           -0.780000  0.440000 -0.300000
   -3.013   -0.717    2.542    3.970    8.268    9.852   11.501   12.820
           -0.780000  0.440000 -0.280000
   -2.974   -0.720    2.488    3.887    8.330    9.820   11.700   12.620
           -0.780000  0.440000 -0.260000
   -2.939   -0.718    2.435    3.803    8.402    9.789   11.900   12.421
           -0.780000  0.440000 -0.240000
   -2.906   -0.711    2.383    3.721    8.482    9.760   12.100   12.225
           -0.780000  0.440000 -0.220000
   -2.877   -0.699    2.331    3.641    8.571    9.733   12.031   12.302
           -0.780000  0.440000 -0.200000
   -2.851   -0.683    2.281    3.565    8.667    9.708   11.840   12.501
           -0.780000  0.440000 -0.180000
   -2.828   -0.664    2.232    3.494    8.770    9.685   11.652   12.700
           -0.780000  0.440000 -0.160000
   -2.809   -0.643    2.185    3.428    8.879    9.664   11.468   12.895
           -0.780000  0.440000 -0.140000
   -2.792   -0.620    2.141    3.369    8.992    9.646   11.288   13.087
           -0.780000  0.440000 -0.120000
   -2.778   -0.597    2.099    3.317    9.110    9.631   11.112   13.271
           -0.780000  0.440000 -0.100000
   -2.767   -0.575    2.062    3.272    9.229    9.620   10.943   13.332
           -0.780000  0.440000 -0.080000
   -2.758   -0.554    2.030    3.235    9.346    9.614   10.781   13.320
           -0.780000  0.440000 -0.060000
   -2.751   -0.537    2.003    3.207    9.452    9.620   10.631   13.309
           -0.780000  0.440000 -0.040000
   -2.747   -0.524    1.984    3.186    9.520    9.657   10.498   13.302
           -0.780000  0.440000 -0.020000
   -2.744   -0.516    1.972    3.174    9.542    9.718   10.398   13.297
           -0.780000  0.440000  0.000000
   -2.743   -0.514    1.968    3.169    9.546    9.747   10.359   13.295
           -0.780000  0.440000  0.020000
   -2.744   -0.516    1.972    3.174    9.542    9.718   10.398   13.297
           -0.780000  0.440000  0.040000
   -2.747   -0.524    1.984    3.186    9.520    9.657   10.498   13.302
           -0.780000  0.440000  0.060000
   -2.751   -0.537    2.003    3.207    9.452    9.620   10.631   13.309
           -0.780000  0.440000  0.080000
   -2.758   -0.554    2.030    3.235    9.346    9.614   10.781   13.320
           -0.780000  0.440000  0.100000
   -2.767   -0.575    2.062    3.272    9.229    9.620   10.943   13.332
           -0.780000  0.440000  0.120000
   -2.778   -0.597    2.099    3.317    9.110    9.631   11.112   13.271
           -0.780000  0.440000  0.140000
   -2.792   -0.620    2.141    3.369    8.992    9.646   11.288   13.087
           -0.780000  0.440000  0.160000
   -2.809   -0.643    2.185    3.428    8.879    9.664   11.468   12.895
           -0.780000  0.440000  0.180000
   -2.828   -0.664    2.232    3.494    8.770    9.685   11.652   12.700
           -0.780000  0.440000  0.200000
   -2.851   -0.683    2.281    3.565    8.667    9.708   11.840   12.501
           -0.780000  0.440000  0.220000
   -2.877   -0.699    2.331    3.641    8.571    9.733   12.031   12.302
           -0.780000  0.440000  0.240000
   -2.906   -0.711    2.383    3.721    8.482    9.760   12.100   12.225
           -0.780000  0.440000  0.260000
   -2.939   -0.718    2.435    3.803    8.402    9.789   11.900   12.421
           -0.780000  0.440000  0.280000
   -2.974   -0.720    2.488    3.887    8.330    9.820   11.700   12.620
           -0.780000  0.440000  0.300000
   -3.013   -0.717    2.542    3.970    8.268    9.852   11.501   12.820
           -0.780000  0.440000  0.320000
   -3.055   -0.707    2.596    4.052    8.216    9.886   11.303   13.021
           -0.780000  0.440000  0.340000
   -3.099   -0.692    2.651    4.132    8.176    9.920   11.108   13.223
           -0.780000  0.440000  0.360000
   -3.146   -0.672    2.707    4.206    8.148    9.953   10.916   13.425
           -0.780000  0.440000  0.380000
   -3.195   -0.645    2.763    4.275    8.133    9.985   10.729   13.626
           -0.780000  0.440000  0.400000
   -3.245   -0.614    2.821    4.337    8.131   10.013   10.552   13.825
           -0.780000  0.440000  0.420000
   -3.297   -0.576    2.878    4.391    8.143   10.025   10.393   13.954
           -0.780000  0.440000  0.440000
   -3.349   -0.534    2.936    4.436    8.169    9.994   10.283   13.956
           -0.780000  0.440000  0.460000
   -3.402   -0.486    2.995    4.472    8.208    9.890   10.251   13.792
           -0.780000  0.440000  0.480000
   -3.455   -0.434    3.053    4.498    8.260    9.748   10.264   13.574
           -0.780000  0.440000  0.500000
   -3.508   -0.377    3.112    4.515    8.322    9.598   10.293   13.350
           -0.780000  0.440000  0.520000
   -3.561   -0.317    3.170    4.522    8.392    9.454   10.326   13.127
           -0.780000  0.440000  0.540000
   -3.613   -0.252    3.228    4.521    8.463    9.324   10.363   12.905
           -0.780000  0.440000  0.560000
   -3.664   -0.183    3.285    4.511    8.525    9.219   10.400   12.686
           -0.780000  0.440000  0.580000
   -3.714   -0.111    3.341    4.494    8.559    9.159   10.437   12.470
           -0.780000  0.440000  0.600000
   -3.763   -0.035    3.395    4.470    8.545    9.162   10.473   12.257
           -0.780000  0.440000  0.620000
   -3.811    0.043    3.447    4.440    8.487    9.225   10.510   12.047
           -0.780000  0.440000  0.640000
   -3.856    0.125    3.496    4.405    8.406    9.325   10.547   11.842
           -0.780000  0.440000  0.660000
   -3.900    0.208    3.541    4.366    8.318    9.445   10.583   11.640
           -0.780000  0.440000  0.680000
   -3.942    0.294    3.581    4.325    8.231    9.577   10.621   11.443
           -0.780000  0.440000  0.700000
   -3.982    0.382    3.616    4.282    8.151    9.712   10.661   11.251
           -0.780000  0.440000  0.720000
   -4.019    0.472    3.642    4.239    8.080    9.847   10.704   11.066
           -0.780000  0.440000  0.740000
   -4.055    0.562    3.659    4.199    8.018    9.976   10.750   10.890
           -0.780000  0.440000  0.760000
   -4.088    0.653    3.664    4.165    7.968   10.093   10.704   10.826
           -0.780000  0.440000  0.780000
   -4.119    0.744    3.655    4.139    7.929   10.185   10.554   10.896
           -0.780000  0.440000  0.800000
   -4.147    0.835    3.632    4.122    7.900   10.221   10.445   10.986
           -0.780000  0.440000  0.820000
   -4.173    0.923    3.595    4.113    7.883   10.146   10.433   11.093
           -0.780000  0.440000  0.840000
   -4.196    1.010    3.549    4.111    7.876   10.020   10.465   11.212
           -0.780000  0.440000  0.860000
   -4.216    1.093    3.496    4.113    7.878    9.890   10.496   11.339
           -0.780000  0.440000  0.880000
   -4.234    1.171    3.442    4.117    7.888    9.766   10.522   11.467
           -0.780000  0.440000  0.900000
   -4.249    1.242    3.388    4.122    7.903    9.654   10.541   11.592
           -0.780000  0.440000  0.920000
   -4.262    1.305    3.338    4.126    7.921    9.555   10.556   11.707
           -0.780000  0.440000  0.940000
   -4.271    1.357    3.296    4.130    7.941    9.474   10.566   11.806
           -0.780000  0.440000  0.960000
   -4.278    1.396    3.263    4.133    7.957    9.413   10.573   11.883
           -0.780000  0.440000  0.980000
   -4.282    1.420    3.242    4.135    7.969    9.375   10.577   11.933
           -0.780000  0.440000  1.000000
   -4.284    1.429    3.235    4.136    7.973    9.363   10.579   11.950
