 &plot nbnd=   8, nks=    81 /
           -0.300000 -0.225000 -1.000000
   -2.849   -1.805    1.227    2.813    6.506    9.249   11.536   11.985
           -0.300000 -0.225000 -0.975000
   -2.864   -1.792    1.234    2.815    6.508    9.252   11.472   12.011
           -0.300000 -0.225000 -0.950000
   -2.906   -1.754    1.254    2.821    6.516    9.261   11.327   12.014
           -0.300000 -0.225000 -0.925000
   -2.970   -1.697    1.288    2.832    6.530    9.276   11.153   11.934
           -0.300000 -0.225000 -0.900000
   -3.050   -1.627    1.334    2.847    6.548    9.297   10.969   11.798
           -0.300000 -0.225000 -0.875000
   -3.141   -1.547    1.393    2.867    6.572    9.323   10.780   11.635
           -0.300000 -0.225000 -0.850000
   -3.240   -1.461    1.464    2.890    6.600    9.355   10.589   11.461
           -0.300000 -0.225000 -0.825000
   -3.344   -1.371    1.546    2.919    6.634    9.394   10.399   11.282
           -0.300000 -0.225000 -0.800000
   -3.451   -1.280    1.639    2.951    6.672    9.437   10.210   11.103
           -0.300000 -0.225000 -0.775000
   -3.559   -1.186    1.741    2.988    6.713    9.486   10.024   10.926
           -0.300000 -0.225000 -0.750000
   -3.668   -1.092    1.852    3.029    6.759    9.536    9.842   10.752
           -0.300000 -0.225000 -0.725000
   -3.777   -0.997    1.971    3.075    6.808    9.564    9.692   10.582
           -0.300000 -0.225000 -0.700000
   -3.885   -0.901    2.097    3.125    6.859    9.444    9.695   10.417
           -0.300000 -0.225000 -0.675000
   -3.991   -0.803    2.228    3.179    6.912    9.273    9.757   10.261
           -0.300000 -0.225000 -0.650000
   -4.096   -0.705    2.363    3.238    6.964    9.101    9.819   10.122
           -0.300000 -0.225000 -0.625000
   -4.198   -0.605    2.501    3.303    7.016    8.933    9.836   10.042
           -0.300000 -0.225000 -0.600000
   -4.298   -0.504    2.641    3.372    7.063    8.773    9.747   10.079
           -0.300000 -0.225000 -0.575000
   -4.395   -0.400    2.781    3.446    7.104    8.624    9.621   10.166
           -0.300000 -0.225000 -0.550000
   -4.490   -0.295    2.918    3.527    7.133    8.491    9.493   10.269
           -0.300000 -0.225000 -0.525000
   -4.580   -0.187    3.052    3.613    7.146    8.379    9.367   10.380
           -0.300000 -0.225000 -0.500000
   -4.668   -0.077    3.182    3.705    7.137    8.294    9.246   10.498
           -0.300000 -0.225000 -0.475000
   -4.752    0.035    3.305    3.801    7.103    8.240    9.130   10.621
           -0.300000 -0.225000 -0.450000
   -4.832    0.150    3.421    3.901    7.045    8.217    9.020   10.749
           -0.300000 -0.225000 -0.425000
   -4.909    0.267    3.530    4.001    6.971    8.219    8.916   10.878
           -0.300000 -0.225000 -0.400000
   -4.981    0.387    3.633    4.096    6.889    8.239    8.819   11.004
           -0.300000 -0.225000 -0.375000
   -5.050    0.510    3.731    4.183    6.809    8.270    8.729   11.122
           -0.300000 -0.225000 -0.350000
   -5.115    0.635    3.823    4.255    6.739    8.304    8.648   11.217
           -0.300000 -0.225000 -0.325000
   -5.175    0.762    3.911    4.307    6.689    8.333    8.581   11.262
           -0.300000 -0.225000 -0.300000
   -5.231    0.891    3.994    4.335    6.663    8.340    8.541   11.226
           -0.300000 -0.225000 -0.275000
   -5.283    1.022    4.070    4.337    6.665    8.314    8.537   11.114
           -0.300000 -0.225000 -0.250000
   -5.330    1.155    4.135    4.319    6.696    8.267    8.556   10.963
           -0.300000 -0.225000 -0.225000
   -5.374    1.288    4.165    4.305    6.755    8.213    8.580   10.798
           -0.300000 -0.225000 -0.200000
   -5.412    1.422    4.125    4.335    6.837    8.159    8.601   10.632
           -0.300000 -0.225000 -0.175000
   -5.446    1.555    4.043    4.386    6.937    8.107    8.616   10.472
           -0.300000 -0.225000 -0.150000
   -5.476    1.685    3.943    4.437    7.049    8.058    8.623   10.323
           -0.300000 -0.225000 -0.125000
   -5.501    1.810    3.837    4.484    7.170    8.012    8.619   10.190
           -0.300000 -0.225000 -0.100000
   -5.522    1.928    3.731    4.524    7.293    7.966    8.606   10.075
           -0.300000 -0.225000 -0.075000
   -5.538    2.033    3.633    4.556    7.414    7.920    8.586    9.983
           -0.300000 -0.225000 -0.050000
   -5.550    2.118    3.552    4.580    7.528    7.869    8.563    9.917
           -0.300000 -0.225000 -0.025000
   -5.557    2.174    3.497    4.594    7.628    7.813    8.544    9.876
           -0.300000 -0.225000  0.000000
   -5.559    2.195    3.478    4.599    7.686    7.771    8.537    9.863
           -0.300000 -0.225000  0.025000
   -5.557    2.174    3.497    4.594    7.628    7.813    8.544    9.876
           -0.300000 -0.225000  0.050000
   -5.550    2.118    3.552    4.580    7.528    7.869    8.563    9.917
           -0.300000 -0.225000  0.075000
   -5.538    2.033    3.633    4.556    7.414    7.920    8.586    9.983
           -0.300000 -0.225000  0.100000
   -5.522    1.928    3.731    4.524    7.293    7.966    8.606   10.075
           -0.300000 -0.225000  0.125000
   -5.501    1.810    3.837    4.484    7.170    8.012    8.619   10.190
           -0.300000 -0.225000  0.150000
   -5.476    1.685    3.943    4.437    7.049    8.058    8.623   10.323
           -0.300000 -0.225000  0.175000
   -5.446    1.555    4.043    4.386    6.937    8.107    8.616   10.472
           -0.300000 -0.225000  0.200000
   -5.412    1.422    4.125    4.335    6.837    8.159    8.601   10.632
           -0.300000 -0.225000  0.225000
   -5.374    1.288    4.165    4.305    6.755    8.213    8.580   10.798
           -0.300000 -0.225000  0.250000
   -5.330    1.155    4.135    4.319    6.696    8.267    8.556   10.963
           -0.300000 -0.225000  0.275000
   -5.283    1.022    4.070    4.337    6.665    8.314    8.537   11.114
           -0.300000 -0.225000  0.300000
   -5.231    0.891    3.994    4.335    6.663    8.340    8.541   11.226
           -0.300000 -0.225000  0.325000
   -5.175    0.762    3.911    4.307    6.689    8.333    8.581   11.262
           -0.300000 -0.225000  0.350000
   -5.115    0.635    3.823    4.255    6.739    8.304    8.648   11.217
           -0.300000 -0.225000  0.375000
   -5.050    0.510    3.731    4.183    6.809    8.270    8.729   11.122
           -0.300000 -0.225000  0.400000
   -4.981    0.387    3.633    4.096    6.889    8.239    8.819   11.004
           -0.300000 -0.225000  0.425000
   -4.909    0.267    3.530    4.001    6.971    8.219    8.916   10.878
           -0.300000 -0.225000  0.450000
   -4.832    0.150    3.421    3.901    7.045    8.217    9.020   10.749
           -0.300000 -0.225000  0.475000
   -4.752    0.035    3.305    3.801    7.103    8.240    9.130   10.621
           -0.300000 -0.225000  0.500000
   -4.668   -0.077    3.182    3.705    7.137    8.294    9.246   10.498
           -0.300000 -0.225000  0.525000
   -4.580   -0.187    3.052    3.613    7.146    8.379    9.367   10.380
           -0.300000 -0.225000  0.550000
   -4.490   -0.295    2.918    3.527    7.133    8.491    9.493   10.269
           -0.300000 -0.225000  0.575000
   -4.395   -0.400    2.781    3.446    7.104    8.624    9.621   10.166
           -0.300000 -0.225000  0.600000
   -4.298   -0.504    2.641    3.372    7.063    8.773    9.747   10.079
           -0.300000 -0.225000  0.625000
   -4.198   -0.605    2.501    3.303    7.016    8.933    9.836   10.042
           -0.300000 -0.225000  0.650000
   -4.096   -0.705    2.363    3.238    6.964    9.101    9.819   10.122
           -0.300000 -0.225000  0.675000
   -3.991   -0.803    2.228    3.179    6.912    9.273    9.757   10.261
           -0.300000 -0.225000  0.700000
   -3.885   -0.901    2.097    3.125    6.859    9.444    9.695   10.417
           -0.300000 -0.225000  0.725000
   -3.777   -0.997    1.971    3.075    6.808    9.564    9.692   10.582
           -0.300000 -0.225000  0.750000
   -3.668   -1.092    1.852    3.029    6.759    9.536    9.842   10.752
           -0.300000 -0.225000  0.775000
   -3.559   -1.186    1.741    2.988    6.713    9.486   10.024   10.926
           -0.300000 -0.225000  0.800000
   -3.451   -1.280    1.639    2.951    6.672    9.437   10.210   11.103
           -0.300000 -0.225000  0.825000
   -3.344   -1.371    1.546    2.919    6.634    9.394   10.399   11.282
           -0.300000 -0.225000  0.850000
   -3.240   -1.461    1.464    2.890    6.600    9.355   10.589   11.461
           -0.300000 -0.225000  0.875000
   -3.141   -1.547    1.393    2.867    6.572    9.323   10.780   11.635
           -0.300000 -0.225000  0.900000
   -3.050   -1.627    1.334    2.847    6.548    9.297   10.969   11.798
           -0.300000 -0.225000  0.925000
   -2.970   -1.697    1.288    2.832    6.530    9.276   11.153   11.934
           -0.300000 -0.225000  0.950000
   -2.906   -1.754    1.254    2.821    6.516    9.261   11.327   12.014
           -0.300000 -0.225000  0.975000
   -2.864   -1.792    1.234    2.815    6.508    9.252   11.472   12.011
           -0.300000 -0.225000  1.000000
   -2.849   -1.805    1.227    2.813    6.506    9.249   11.536   11.985
