 &plot nbnd=   8, nks=    41 /
           -0.200000 -0.250000 -1.000000
   -2.597   -1.851    1.427    2.838    6.395    8.633   12.162   12.545
           -0.200000 -0.250000 -0.950000
   -2.689   -1.759    1.449    2.846    6.406    8.645   11.962   12.445
           -0.200000 -0.250000 -0.900000
   -2.891   -1.560    1.517    2.872    6.438    8.683   11.601   12.153
           -0.200000 -0.250000 -0.850000
   -3.128   -1.326    1.627    2.915    6.492    8.746   11.210   11.799
           -0.200000 -0.250000 -0.800000
   -3.374   -1.083    1.780    2.975    6.566    8.834   10.815   11.437
           -0.200000 -0.250000 -0.750000
   -3.618   -0.841    1.971    3.052    6.658    8.945   10.422   11.083
           -0.200000 -0.250000 -0.700000
   -3.855   -0.601    2.195    3.146    6.765    9.075   10.041   10.744
           -0.200000 -0.250000 -0.650000
   -4.082   -0.363    2.447    3.256    6.884    9.194    9.704   10.422
           -0.200000 -0.250000 -0.600000
   -4.297   -0.126    2.720    3.384    7.008    9.120    9.596   10.122
           -0.200000 -0.250000 -0.550000
   -4.498    0.113    3.002    3.531    7.126    8.827    9.721    9.876
           -0.200000 -0.250000 -0.500000
   -4.685    0.356    3.282    3.700    7.217    8.532    9.545   10.018
           -0.200000 -0.250000 -0.450000
   -4.856    0.605    3.543    3.894    7.244    8.313    9.300   10.275
           -0.200000 -0.250000 -0.400000
   -5.010    0.860    3.775    4.110    7.170    8.219    9.067   10.543
           -0.200000 -0.250000 -0.350000
   -5.148    1.123    3.979    4.320    7.023    8.236    8.851   10.781
           -0.200000 -0.250000 -0.300000
   -5.268    1.393    4.165    4.483    6.887    8.300    8.656   10.890
           -0.200000 -0.250000 -0.250000
   -5.370    1.669    4.331    4.556    6.834    8.337    8.513   10.757
           -0.200000 -0.250000 -0.200000
   -5.454    1.947    4.432    4.563    6.899    8.246    8.499   10.475
           -0.200000 -0.250000 -0.150000
   -5.520    2.222    4.327    4.658    7.067    8.115    8.506   10.180
           -0.200000 -0.250000 -0.100000
   -5.567    2.479    4.141    4.759    7.295    8.000    8.464    9.940
           -0.200000 -0.250000 -0.050000
   -5.595    2.684    3.966    4.825    7.532    7.901    8.378    9.790
           -0.200000 -0.250000  0.000000
   -5.604    2.769    3.889    4.849    7.678    7.826    8.325    9.740
           -0.200000 -0.250000  0.050000
   -5.595    2.684    3.966    4.825    7.532    7.901    8.378    9.790
           -0.200000 -0.250000  0.100000
   -5.567    2.479    4.141    4.759    7.295    8.000    8.464    9.940
           -0.200000 -0.250000  0.150000
   -5.520    2.222    4.327    4.658    7.067    8.115    8.506   10.180
           -0.200000 -0.250000  0.200000
   -5.454    1.947    4.432    4.563    6.899    8.246    8.499   10.475
           -0.200000 -0.250000  0.250000
   -5.370    1.669    4.331    4.556    6.834    8.337    8.513   10.757
           -0.200000 -0.250000  0.300000
   -5.268    1.393    4.165    4.483    6.887    8.300    8.656   10.890
           -0.200000 -0.250000  0.350000
   -5.148    1.123    3.979    4.320    7.023    8.236    8.851   10.781
           -0.200000 -0.250000  0.400000
   -5.010    0.860    3.775    4.110    7.170    8.219    9.067   10.543
           -0.200000 -0.250000  0.450000
   -4.856    0.605    3.543    3.894    7.244    8.313    9.300   10.275
           -0.200000 -0.250000  0.500000
   -4.685    0.356    3.282    3.700    7.217    8.532    9.545   10.018
           -0.200000 -0.250000  0.550000
   -4.498    0.113    3.002    3.531    7.126    8.827    9.721    9.876
           -0.200000 -0.250000  0.600000
   -4.297   -0.126    2.720    3.384    7.008    9.120    9.596   10.122
           -0.200000 -0.250000  0.650000
   -4.082   -0.363    2.447    3.256    6.884    9.194    9.704   10.422
           -0.200000 -0.250000  0.700000
   -3.855   -0.601    2.195    3.146    6.765    9.075   10.041   10.744
           -0.200000 -0.250000  0.750000
   -3.618   -0.841    1.971    3.052    6.658    8.945   10.422   11.083
           -0.200000 -0.250000  0.800000
   -3.374   -1.083    1.780    2.975    6.566    8.834   10.815   11.437
           -0.200000 -0.250000  0.850000
   -3.128   -1.326    1.627    2.915    6.492    8.746   11.210   11.799
           -0.200000 -0.250000  0.900000
   -2.891   -1.560    1.517    2.872    6.438    8.683   11.601   12.153
           -0.200000 -0.250000  0.950000
   -2.689   -1.759    1.449    2.846    6.406    8.645   11.962   12.445
           -0.200000 -0.250000  1.000000
   -2.597   -1.851    1.427    2.838    6.395    8.633   12.162   12.545
