 &plot nbnd=   8, nks=    81 /
           -0.575000  0.375000 -1.000000
   -4.043   -0.508    1.635    3.307    7.904    8.714    9.629   11.054
           -0.575000  0.375000 -0.975000
   -4.042   -0.517    1.647    3.309    7.903    8.686    9.665   11.027
           -0.575000  0.375000 -0.950000
   -4.040   -0.543    1.682    3.314    7.898    8.611    9.759   10.951
           -0.575000  0.375000 -0.925000
   -4.036   -0.585    1.739    3.322    7.889    8.514    9.888   10.844
           -0.575000  0.375000 -0.900000
   -4.030   -0.639    1.815    3.334    7.869    8.415   10.028   10.725
           -0.575000  0.375000 -0.875000
   -4.024   -0.702    1.905    3.348    7.834    8.329   10.143   10.634
           -0.575000  0.375000 -0.850000
   -4.016   -0.771    2.007    3.366    7.776    8.265   10.157   10.647
           -0.575000  0.375000 -0.825000
   -4.007   -0.844    2.118    3.387    7.697    8.229   10.058   10.776
           -0.575000  0.375000 -0.800000
   -3.999   -0.918    2.234    3.412    7.601    8.213    9.915   10.957
           -0.575000  0.375000 -0.775000
   -3.989   -0.991    2.353    3.439    7.498    8.213    9.759   11.157
           -0.575000  0.375000 -0.750000
   -3.981   -1.062    2.472    3.469    7.393    8.221    9.602   11.365
           -0.575000  0.375000 -0.725000
   -3.973   -1.127    2.590    3.502    7.289    8.235    9.448   11.577
           -0.575000  0.375000 -0.700000
   -3.966   -1.188    2.703    3.538    7.190    8.252    9.300   11.789
           -0.575000  0.375000 -0.675000
   -3.960   -1.241    2.810    3.576    7.097    8.269    9.161   11.997
           -0.575000  0.375000 -0.650000
   -3.957   -1.287    2.909    3.616    7.012    8.286    9.034   12.194
           -0.575000  0.375000 -0.625000
   -3.956   -1.324    2.997    3.655    6.936    8.301    8.922   12.372
           -0.575000  0.375000 -0.600000
   -3.959   -1.352    3.075    3.693    6.869    8.310    8.829   12.519
           -0.575000  0.375000 -0.575000
   -3.964   -1.369    3.142    3.727    6.814    8.312    8.757   12.627
           -0.575000  0.375000 -0.550000
   -3.972   -1.377    3.197    3.754    6.771    8.305    8.709   12.691
           -0.575000  0.375000 -0.525000
   -3.984   -1.375    3.240    3.772    6.741    8.293    8.684   12.714
           -0.575000  0.375000 -0.500000
   -3.998   -1.362    3.273    3.779    6.724    8.278    8.679   12.702
           -0.575000  0.375000 -0.475000
   -4.016   -1.339    3.294    3.775    6.721    8.266    8.689   12.655
           -0.575000  0.375000 -0.450000
   -4.036   -1.306    3.303    3.759    6.732    8.260    8.711   12.569
           -0.575000  0.375000 -0.425000
   -4.058   -1.264    3.297    3.735    6.755    8.260    8.745   12.443
           -0.575000  0.375000 -0.400000
   -4.082   -1.213    3.275    3.707    6.791    8.265    8.791   12.283
           -0.575000  0.375000 -0.375000
   -4.108   -1.154    3.234    3.677    6.838    8.273    8.850   12.097
           -0.575000  0.375000 -0.350000
   -4.134   -1.088    3.173    3.651    6.895    8.280    8.925   11.896
           -0.575000  0.375000 -0.325000
   -4.160   -1.015    3.094    3.629    6.963    8.286    9.014   11.685
           -0.575000  0.375000 -0.300000
   -4.186   -0.936    3.000    3.611    7.040    8.289    9.117   11.471
           -0.575000  0.375000 -0.275000
   -4.211   -0.852    2.894    3.596    7.125    8.290    9.233   11.257
           -0.575000  0.375000 -0.250000
   -4.236   -0.765    2.781    3.582    7.218    8.288    9.358   11.045
           -0.575000  0.375000 -0.225000
   -4.259   -0.674    2.662    3.571    7.318    8.285    9.490   10.840
           -0.575000  0.375000 -0.200000
   -4.280   -0.583    2.542    3.560    7.423    8.280    9.624   10.644
           -0.575000  0.375000 -0.175000
   -4.299   -0.492    2.424    3.551    7.532    8.276    9.751   10.467
           -0.575000  0.375000 -0.150000
   -4.317   -0.403    2.309    3.542    7.643    8.272    9.845   10.331
           -0.575000  0.375000 -0.125000
   -4.332   -0.319    2.203    3.535    7.753    8.271    9.852   10.292
           -0.575000  0.375000 -0.100000
   -4.344   -0.243    2.107    3.528    7.857    8.273    9.764   10.355
           -0.575000  0.375000 -0.075000
   -4.354   -0.178    2.026    3.523    7.948    8.281    9.647   10.452
           -0.575000  0.375000 -0.050000
   -4.361   -0.128    1.965    3.520    8.018    8.295    9.543   10.542
           -0.575000  0.375000 -0.025000
   -4.365   -0.096    1.926    3.517    8.060    8.311    9.470   10.605
           -0.575000  0.375000  0.000000
   -4.367   -0.085    1.913    3.517    8.073    8.319    9.444   10.628
           -0.575000  0.375000  0.025000
   -4.365   -0.096    1.926    3.517    8.060    8.311    9.470   10.605
           -0.575000  0.375000  0.050000
   -4.361   -0.128    1.965    3.520    8.018    8.295    9.543   10.542
           -0.575000  0.375000  0.075000
   -4.354   -0.178    2.026    3.523    7.948    8.281    9.647   10.452
           -0.575000  0.375000  0.100000
   -4.344   -0.243    2.107    3.528    7.857    8.273    9.764   10.355
           -0.575000  0.375000  0.125000
   -4.332   -0.319    2.203    3.535    7.753    8.271    9.852   10.292
           -0.575000  0.375000  0.150000
   -4.317   -0.403    2.309    3.542    7.643    8.272    9.845   10.331
           -0.575000  0.375000  0.175000
   -4.299   -0.492    2.424    3.551    7.532    8.276    9.751   10.467
           -0.575000  0.375000  0.200000
   -4.280   -0.583    2.542    3.560    7.423    8.280    9.624   10.644
           -0.575000  0.375000  0.225000
   -4.259   -0.674    2.662    3.571    7.318    8.285    9.490   10.840
           -0.575000  0.375000  0.250000
   -4.236   -0.765    2.781    3.582    7.218    8.288    9.358   11.045
           -0.575000  0.375000  0.275000
   -4.211   -0.852    2.894    3.596    7.125    8.290    9.233   11.257
           -0.575000  0.375000  0.300000
   -4.186   -0.936    3.000    3.611    7.040    8.289    9.117   11.471
           -0.575000  0.375000  0.325000
   -4.160   -1.015    3.094    3.629    6.963    8.286    9.014   11.685
           -0.575000  0.375000  0.350000
   -4.134   -1.088    3.173    3.651    6.895    8.280    8.925   11.896
           -0.575000  0.375000  0.375000
   -4.108   -1.154    3.234    3.677    6.838    8.273    8.850   12.097
           -0.575000  0.375000  0.400000
   -4.082   -1.213    3.275    3.707    6.791    8.265    8.791   12.283
           -0.575000  0.375000  0.425000
   -4.058   -1.264    3.297    3.735    6.755    8.260    8.745   12.443
           -0.575000  0.375000  0.450000
   -4.036   -1.306    3.303    3.759    6.732    8.260    8.711   12.569
           -0.575000  0.375000  0.475000
   -4.016   -1.339    3.294    3.775    6.721    8.266    8.689   12.655
           -0.575000  0.375000  0.500000
   -3.998   -1.362    3.273    3.779    6.724    8.278    8.679   12.702
           -0.575000  0.375000  0.525000
   -3.984   -1.375    3.240    3.772    6.741    8.293    8.684   12.714
           -0.575000  0.375000  0.550000
   -3.972   -1.377    3.197    3.754    6.771    8.305    8.709   12.691
           -0.575000  0.375000  0.575000
   -3.964   -1.369    3.142    3.727    6.814    8.312    8.757   12.627
           -0.575000  0.375000  0.600000
   -3.959   -1.352    3.075    3.693    6.869    8.310    8.829   12.519
           -0.575000  0.375000  0.625000
   -3.956   -1.324    2.997    3.655    6.936    8.301    8.922   12.372
           -0.575000  0.375000  0.650000
   -3.957   -1.287    2.909    3.616    7.012    8.286    9.034   12.194
           -0.575000  0.375000  0.675000
   -3.960   -1.241    2.810    3.576    7.097    8.269    9.161   11.997
           -0.575000  0.375000  0.700000
   -3.966   -1.188    2.703    3.538    7.190    8.252    9.300   11.789
           -0.575000  0.375000  0.725000
   -3.973   -1.127    2.590    3.502    7.289    8.235    9.448   11.577
           -0.575000  0.375000  0.750000
   -3.981   -1.062    2.472    3.469    7.393    8.221    9.602   11.365
           -0.575000  0.375000  0.775000
   -3.989   -0.991    2.353    3.439    7.498    8.213    9.759   11.157
           -0.575000  0.375000  0.800000
   -3.999   -0.918    2.234    3.412    7.601    8.213    9.915   10.957
           -0.575000  0.375000  0.825000
   -4.007   -0.844    2.118    3.387    7.697    8.229   10.058   10.776
           -0.575000  0.375000  0.850000
   -4.016   -0.771    2.007    3.366    7.776    8.265   10.157   10.647
           -0.575000  0.375000  0.875000
   -4.024   -0.702    1.905    3.348    7.834    8.329   10.143   10.634
           -0.575000  0.375000  0.900000
   -4.030   -0.639    1.815    3.334    7.869    8.415   10.028   10.725
           -0.575000  0.375000  0.925000
   -4.036   -0.585    1.739    3.322    7.889    8.514    9.888   10.844
           -0.575000  0.375000  0.950000
   -4.040   -0.543    1.682    3.314    7.898    8.611    9.759   10.951
           -0.575000  0.375000  0.975000
   -4.042   -0.517    1.647    3.309    7.903    8.686    9.665   11.027
           -0.575000  0.375000  1.000000
   -4.043   -0.508    1.635    3.307    7.904    8.714    9.629   11.054
