 &plot nbnd=   8, nks=    81 /
           -0.200000 -0.525000 -1.000000
   -3.178   -1.416    1.351    2.447    8.309    9.059    9.520   11.403
           -0.200000 -0.525000 -0.975000
   -3.181   -1.416    1.355    2.453    8.311    8.994    9.591   11.405
           -0.200000 -0.525000 -0.950000
   -3.190   -1.417    1.369    2.470    8.316    8.857    9.744   11.411
           -0.200000 -0.525000 -0.925000
   -3.205   -1.419    1.391    2.498    8.325    8.703    9.927   11.420
           -0.200000 -0.525000 -0.900000
   -3.227   -1.419    1.421    2.538    8.334    8.549   10.123   11.432
           -0.200000 -0.525000 -0.875000
   -3.255   -1.418    1.457    2.588    8.324    8.420   10.326   11.444
           -0.200000 -0.525000 -0.850000
   -3.288   -1.415    1.499    2.649    8.217    8.398   10.534   11.450
           -0.200000 -0.525000 -0.825000
   -3.328   -1.408    1.546    2.719    8.079    8.417   10.740   11.433
           -0.200000 -0.525000 -0.800000
   -3.373   -1.397    1.597    2.798    7.943    8.444   10.929   11.363
           -0.200000 -0.525000 -0.775000
   -3.423   -1.381    1.651    2.885    7.815    8.475   10.999   11.342
           -0.200000 -0.525000 -0.750000
   -3.478   -1.360    1.708    2.977    7.695    8.510   10.864   11.499
           -0.200000 -0.525000 -0.725000
   -3.537   -1.333    1.767    3.074    7.585    8.548   10.665   11.711
           -0.200000 -0.525000 -0.700000
   -3.599   -1.301    1.829    3.173    7.486    8.589   10.453   11.805
           -0.200000 -0.525000 -0.675000
   -3.664   -1.262    1.892    3.273    7.399    8.632   10.238   11.862
           -0.200000 -0.525000 -0.650000
   -3.732   -1.217    1.957    3.370    7.324    8.677   10.024   11.924
           -0.200000 -0.525000 -0.625000
   -3.800   -1.167    2.024    3.463    7.264    8.723    9.814   11.989
           -0.200000 -0.525000 -0.600000
   -3.870   -1.111    2.093    3.550    7.219    8.767    9.611   12.056
           -0.200000 -0.525000 -0.575000
   -3.940   -1.049    2.163    3.627    7.191    8.808    9.418   12.119
           -0.200000 -0.525000 -0.550000
   -4.010   -0.982    2.234    3.693    7.179    8.835    9.247   12.163
           -0.200000 -0.525000 -0.525000
   -4.079   -0.910    2.307    3.746    7.183    8.820    9.128   12.139
           -0.200000 -0.525000 -0.500000
   -4.146   -0.833    2.381    3.786    7.202    8.729    9.097   11.994
           -0.200000 -0.525000 -0.475000
   -4.213   -0.752    2.455    3.810    7.233    8.598    9.120   11.781
           -0.200000 -0.525000 -0.450000
   -4.277   -0.667    2.530    3.820    7.272    8.468    9.161   11.547
           -0.200000 -0.525000 -0.425000
   -4.340   -0.577    2.604    3.816    7.310    8.358    9.208   11.310
           -0.200000 -0.525000 -0.400000
   -4.400   -0.484    2.678    3.798    7.336    8.282    9.258   11.074
           -0.200000 -0.525000 -0.375000
   -4.457   -0.387    2.750    3.768    7.340    8.249    9.309   10.843
           -0.200000 -0.525000 -0.350000
   -4.511   -0.288    2.819    3.728    7.316    8.264    9.360   10.619
           -0.200000 -0.525000 -0.325000
   -4.562   -0.186    2.886    3.680    7.270    8.318    9.413   10.404
           -0.200000 -0.525000 -0.300000
   -4.610   -0.083    2.947    3.625    7.212    8.399    9.466   10.199
           -0.200000 -0.525000 -0.275000
   -4.655    0.022    3.001    3.567    7.152    8.492    9.523   10.007
           -0.200000 -0.525000 -0.250000
   -4.696    0.128    3.044    3.510    7.096    8.583    9.583    9.834
           -0.200000 -0.525000 -0.225000
   -4.734    0.233    3.069    3.461    7.047    8.659    9.632    9.702
           -0.200000 -0.525000 -0.200000
   -4.768    0.337    3.071    3.429    7.009    8.706    9.549    9.745
           -0.200000 -0.525000 -0.175000
   -4.798    0.437    3.044    3.419    6.982    8.711    9.470    9.834
           -0.200000 -0.525000 -0.150000
   -4.824    0.533    2.996    3.426    6.965    8.675    9.429    9.937
           -0.200000 -0.525000 -0.125000
   -4.846    0.622    2.937    3.441    6.958    8.609    9.416   10.046
           -0.200000 -0.525000 -0.100000
   -4.864    0.701    2.878    3.458    6.958    8.534    9.417   10.156
           -0.200000 -0.525000 -0.075000
   -4.879    0.768    2.824    3.473    6.964    8.462    9.423   10.257
           -0.200000 -0.525000 -0.050000
   -4.889    0.819    2.781    3.485    6.971    8.404    9.429   10.340
           -0.200000 -0.525000 -0.025000
   -4.895    0.851    2.754    3.492    6.977    8.366    9.433   10.395
           -0.200000 -0.525000  0.000000
   -4.897    0.862    2.744    3.495    6.979    8.353    9.434   10.414
           -0.200000 -0.525000  0.025000
   -4.895    0.851    2.754    3.492    6.977    8.366    9.433   10.395
           -0.200000 -0.525000  0.050000
   -4.889    0.819    2.781    3.485    6.971    8.404    9.429   10.340
           -0.200000 -0.525000  0.075000
   -4.879    0.768    2.824    3.473    6.964    8.462    9.423   10.257
           -0.200000 -0.525000  0.100000
   -4.864    0.701    2.878    3.458    6.958    8.534    9.417   10.156
           -0.200000 -0.525000  0.125000
   -4.846    0.622    2.937    3.441    6.958    8.609    9.416   10.046
           -0.200000 -0.525000  0.150000
   -4.824    0.533    2.996    3.426    6.965    8.675    9.429    9.937
           -0.200000 -0.525000  0.175000
   -4.798    0.437    3.044    3.419    6.982    8.711    9.470    9.834
           -0.200000 -0.525000  0.200000
   -4.768    0.337    3.071    3.429    7.009    8.706    9.549    9.745
           -0.200000 -0.525000  0.225000
   -4.734    0.233    3.069    3.461    7.047    8.659    9.632    9.702
           -0.200000 -0.525000  0.250000
   -4.696    0.128    3.044    3.510    7.096    8.583    9.583    9.834
           -0.200000 -0.525000  0.275000
   -4.655    0.022    3.001    3.567    7.152    8.492    9.523   10.007
           -0.200000 -0.525000  0.300000
   -4.610   -0.083    2.947    3.625    7.212    8.399    9.466   10.199
           -0.200000 -0.525000  0.325000
   -4.562   -0.186    2.886    3.680    7.270    8.318    9.413   10.404
           -0.200000 -0.525000  0.350000
   -4.511   -0.288    2.819    3.728    7.316    8.264    9.360   10.619
           -0.200000 -0.525000  0.375000
   -4.457   -0.387    2.750    3.768    7.340    8.249    9.309   10.843
           -0.200000 -0.525000  0.400000
   -4.400   -0.484    2.678    3.798    7.336    8.282    9.258   11.074
           -0.200000 -0.525000  0.425000
   -4.340   -0.577    2.604    3.816    7.310    8.358    9.208   11.310
           -0.200000 -0.525000  0.450000
   -4.277   -0.667    2.530    3.820    7.272    8.468    9.161   11.547
           -0.200000 -0.525000  0.475000
   -4.213   -0.752    2.455    3.810    7.233    8.598    9.120   11.781
           -0.200000 -0.525000  0.500000
   -4.146   -0.833    2.381    3.786    7.202    8.729    9.097   11.994
           -0.200000 -0.525000  0.525000
   -4.079   -0.910    2.307    3.746    7.183    8.820    9.128   12.139
           -0.200000 -0.525000  0.550000
   -4.010   -0.982    2.234    3.693    7.179    8.835    9.247   12.163
           -0.200000 -0.525000  0.575000
   -3.940   -1.049    2.163    3.627    7.191    8.808    9.418   12.119
           -0.200000 -0.525000  0.600000
   -3.870   -1.111    2.093    3.550    7.219    8.767    9.611   12.056
           -0.200000 -0.525000  0.625000
   -3.800   -1.167    2.024    3.463    7.264    8.723    9.814   11.989
           -0.200000 -0.525000  0.650000
   -3.732   -1.217    1.957    3.370    7.324    8.677   10.024   11.924
           -0.200000 -0.525000  0.675000
   -3.664   -1.262    1.892    3.273    7.399    8.632   10.238   11.862
           -0.200000 -0.525000  0.700000
   -3.599   -1.301    1.829    3.173    7.486    8.589   10.453   11.805
           -0.200000 -0.525000  0.725000
   -3.537   -1.333    1.767    3.074    7.585    8.548   10.665   11.711
           -0.200000 -0.525000  0.750000
   -3.478   -1.360    1.708    2.977    7.695    8.510   10.864   11.499
           -0.200000 -0.525000  0.775000
   -3.423   -1.381    1.651    2.885    7.815    8.475   10.999   11.342
           -0.200000 -0.525000  0.800000
   -3.373   -1.397    1.597    2.798    7.943    8.444   10.929   11.363
           -0.200000 -0.525000  0.825000
   -3.328   -1.408    1.546    2.719    8.079    8.417   10.740   11.433
           -0.200000 -0.525000  0.850000
   -3.288   -1.415    1.499    2.649    8.217    8.398   10.534   11.450
           -0.200000 -0.525000  0.875000
   -3.255   -1.418    1.457    2.588    8.324    8.420   10.326   11.444
           -0.200000 -0.525000  0.900000
   -3.227   -1.419    1.421    2.538    8.334    8.549   10.123   11.432
           -0.200000 -0.525000  0.925000
   -3.205   -1.419    1.391    2.498    8.325    8.703    9.927   11.420
           -0.200000 -0.525000  0.950000
   -3.190   -1.417    1.369    2.470    8.316    8.857    9.744   11.411
           -0.200000 -0.525000  0.975000
   -3.181   -1.416    1.355    2.453    8.311    8.994    9.591   11.405
           -0.200000 -0.525000  1.000000
   -3.178   -1.416    1.351    2.447    8.309    9.059    9.520   11.403
