 &plot nbnd=   8, nks=   101 /
           -0.560000 -0.140000 -1.000000
   -2.331   -0.897    1.984    2.756    9.713    9.843   10.375   12.532
           -0.560000 -0.140000 -0.980000
   -2.334   -0.897    1.983    2.763    9.638    9.903   10.396   12.533
           -0.560000 -0.140000 -0.960000
   -2.343   -0.894    1.980    2.787    9.515    9.980   10.458   12.538
           -0.560000 -0.140000 -0.940000
   -2.357   -0.890    1.976    2.824    9.385   10.036   10.560   12.547
           -0.560000 -0.140000 -0.920000
   -2.376   -0.885    1.972    2.875    9.255   10.075   10.690   12.559
           -0.560000 -0.140000 -0.900000
   -2.402   -0.877    1.968    2.936    9.126   10.104   10.840   12.574
           -0.560000 -0.140000 -0.880000
   -2.432   -0.866    1.967    3.008    9.001   10.129   11.002   12.592
           -0.560000 -0.140000 -0.860000
   -2.467   -0.854    1.969    3.087    8.881   10.153   11.172   12.614
           -0.560000 -0.140000 -0.840000
   -2.508   -0.838    1.974    3.173    8.766   10.177   11.348   12.638
           -0.560000 -0.140000 -0.820000
   -2.552   -0.819    1.982    3.265    8.657   10.201   11.529   12.663
           -0.560000 -0.140000 -0.800000
   -2.601   -0.797    1.994    3.361    8.554   10.227   11.714   12.688
           -0.560000 -0.140000 -0.780000
   -2.653   -0.772    2.010    3.459    8.458   10.255   11.901   12.702
           -0.560000 -0.140000 -0.760000
   -2.709   -0.744    2.030    3.560    8.371   10.284   12.090   12.665
           -0.560000 -0.140000 -0.740000
   -2.767   -0.712    2.054    3.661    8.292   10.315   12.278   12.528
           -0.560000 -0.140000 -0.720000
   -2.828   -0.676    2.082    3.761    8.223   10.347   12.328   12.474
           -0.560000 -0.140000 -0.700000
   -2.890   -0.637    2.113    3.859    8.165   10.381   12.125   12.650
           -0.560000 -0.140000 -0.680000
   -2.954   -0.595    2.148    3.953    8.118   10.417   11.915   12.810
           -0.560000 -0.140000 -0.660000
   -3.020   -0.549    2.187    4.043    8.083   10.454   11.703   12.938
           -0.560000 -0.140000 -0.640000
   -3.085   -0.500    2.228    4.127    8.061   10.492   11.491   13.036
           -0.560000 -0.140000 -0.620000
   -3.152   -0.447    2.273    4.204    8.053   10.531   11.281   13.119
           -0.560000 -0.140000 -0.600000
   -3.218   -0.392    2.321    4.272    8.060   10.571   11.073   13.195
           -0.560000 -0.140000 -0.580000
   -3.284   -0.333    2.372    4.331    8.082   10.609   10.868   13.266
           -0.560000 -0.140000 -0.560000
   -3.350   -0.272    2.426    4.381    8.120   10.618   10.696   13.291
           -0.560000 -0.140000 -0.540000
   -3.415   -0.207    2.482    4.420    8.173   10.449   10.706   13.114
           -0.560000 -0.140000 -0.520000
   -3.479   -0.140    2.540    4.450    8.242   10.254   10.745   12.890
           -0.560000 -0.140000 -0.500000
   -3.541   -0.070    2.601    4.469    8.324   10.060   10.786   12.665
           -0.560000 -0.140000 -0.480000
   -3.603    0.003    2.663    4.480    8.419    9.871   10.827   12.443
           -0.560000 -0.140000 -0.460000
   -3.662    0.078    2.727    4.481    8.525    9.688   10.868   12.224
           -0.560000 -0.140000 -0.440000
   -3.721    0.155    2.793    4.475    8.639    9.514   10.907   12.009
           -0.560000 -0.140000 -0.420000
   -3.777    0.234    2.859    4.461    8.754    9.354   10.943   11.801
           -0.560000 -0.140000 -0.400000
   -3.831    0.315    2.927    4.442    8.844    9.233   10.975   11.600
           -0.560000 -0.140000 -0.380000
   -3.883    0.399    2.995    4.417    8.841    9.220   10.996   11.414
           -0.560000 -0.140000 -0.360000
   -3.933    0.483    3.063    4.387    8.738    9.320   10.983   11.265
           -0.560000 -0.140000 -0.340000
   -3.981    0.569    3.130    4.354    8.604    9.463   10.890   11.201
           -0.560000 -0.140000 -0.320000
   -4.027    0.656    3.197    4.318    8.467    9.620   10.736   11.202
           -0.560000 -0.140000 -0.300000
   -4.070    0.744    3.263    4.279    8.334    9.784   10.569   11.223
           -0.560000 -0.140000 -0.280000
   -4.110    0.832    3.326    4.238    8.207    9.948   10.404   11.250
           -0.560000 -0.140000 -0.260000
   -4.148    0.919    3.387    4.196    8.089   10.083   10.275   11.278
           -0.560000 -0.140000 -0.240000
   -4.184    1.007    3.444    4.154    7.979   10.030   10.339   11.308
           -0.560000 -0.140000 -0.220000
   -4.216    1.093    3.496    4.113    7.878    9.890   10.496   11.339
           -0.560000 -0.140000 -0.200000
   -4.246    1.177    3.543    4.074    7.787    9.747   10.659   11.372
           -0.560000 -0.140000 -0.180000
   -4.273    1.259    3.581    4.039    7.707    9.610   10.815   11.410
           -0.560000 -0.140000 -0.160000
   -4.298    1.338    3.610    4.011    7.637    9.483   10.957   11.457
           -0.560000 -0.140000 -0.140000
   -4.320    1.411    3.626    3.991    7.577    9.366   11.077   11.520
           -0.560000 -0.140000 -0.120000
   -4.338    1.480    3.630    3.981    7.527    9.262   11.168   11.601
           -0.560000 -0.140000 -0.100000
   -4.354    1.541    3.625    3.979    7.486    9.170   11.229   11.699
           -0.560000 -0.140000 -0.080000
   -4.367    1.594    3.612    3.983    7.455    9.092   11.269   11.801
           -0.560000 -0.140000 -0.060000
   -4.378    1.637    3.598    3.989    7.431    9.030   11.294   11.896
           -0.560000 -0.140000 -0.040000
   -4.385    1.669    3.585    3.995    7.415    8.985   11.310   11.972
           -0.560000 -0.140000 -0.020000
   -4.389    1.689    3.576    3.999    7.406    8.958   11.318   12.022
           -0.560000 -0.140000  0.000000
   -4.391    1.696    3.573    4.001    7.403    8.949   11.321   12.039
           -0.560000 -0.140000  0.020000
   -4.389    1.689    3.576    3.999    7.406    8.958   11.318   12.022
           -0.560000 -0.140000  0.040000
   -4.385    1.669    3.585    3.995    7.415    8.985   11.310   11.972
           -0.560000 -0.140000  0.060000
   -4.378    1.637    3.598    3.989    7.431    9.030   11.294   11.896
           -0.560000 -0.140000  0.080000
   -4.367    1.594    3.612    3.983    7.455    9.092   11.269   11.801
           -0.560000 -0.140000  0.100000
   -4.354    1.541    3.625    3.979    7.486    9.170   11.229   11.699
           -0.560000 -0.140000  0.120000
   -4.338    1.480    3.630    3.981    7.527    9.262   11.168   11.601
           -0.560000 -0.140000  0.140000
   -4.320    1.411    3.626    3.991    7.577    9.366   11.077   11.520
           -0.560000 -0.140000  0.160000
   -4.298    1.338    3.610    4.011    7.637    9.483   10.957   11.457
           -0.560000 -0.140000  0.180000
   -4.273    1.259    3.581    4.039    7.707    9.610   10.815   11.410
           -0.560000 -0.140000  0.200000
   -4.246    1.177    3.543    4.074    7.787    9.747   10.659   11.372
           -0.560000 -0.140000  0.220000
   -4.216    1.093    3.496    4.113    7.878    9.890   10.496   11.339
           -0.560000 -0.140000  0.240000
   -4.184    1.007    3.444    4.154    7.979   10.030   10.339   11.308
           -0.560000 -0.140000  0.260000
   -4.148    0.919    3.387    4.196    8.089   10.083   10.275   11.278
           -0.560000 -0.140000  0.280000
   -4.110    0.832    3.326    4.238    8.207    9.948   10.404   11.250
           -0.560000 -0.140000  0.300000
   -4.070    0.744    3.263    4.279    8.334    9.784   10.569   11.223
           -0.560000 -0.140000  0.320000
   -4.027    0.656    3.197    4.318    8.467    9.620   10.736   11.202
           -0.560000 -0.140000  0.340000
   -3.981    0.569    3.130    4.354    8.604    9.463   10.890   11.201
           -0.560000 -0.140000  0.360000
   -3.933    0.483    3.063    4.387    8.738    9.320   10.983   11.265
           -0.560000 -0.140000  0.380000
   -3.883    0.399    2.995    4.417    8.841    9.220   10.996   11.414
           -0.560000 -0.140000  0.400000
   -3.831    0.315    2.927    4.442    8.844    9.233   10.975   11.600
           -0.560000 -0.140000  0.420000
   -3.777    0.234    2.859    4.461    8.754    9.354   10.943   11.801
           -0.560000 -0.140000  0.440000
   -3.721    0.155    2.793    4.475    8.639    9.514   10.907   12.009
           -0.560000 -0.140000  0.460000
   -3.662    0.078    2.727    4.481    8.525    9.688   10.868   12.224
           -0.560000 -0.140000  0.480000
   -3.603    0.003    2.663    4.480    8.419    9.871   10.827   12.443
           -0.560000 -0.140000  0.500000
   -3.541   -0.070    2.601    4.469    8.324   10.060   10.786   12.665
           -0.560000 -0.140000  0.520000
   -3.479   -0.140    2.540    4.450    8.242   10.254   10.745   12.890
           -0.560000 -0.140000  0.540000
   -3.415   -0.207    2.482    4.420    8.173   10.449   10.706   13.114
           -0.560000 -0.140000  0.560000
   -3.350   -0.272    2.426    4.381    8.120   10.618   10.696   13.291
           -0.560000 -0.140000  0.580000
   -3.284   -0.333    2.372    4.331    8.082   10.609   10.868   13.266
           -0.560000 -0.140000  0.600000
   -3.218   -0.392    2.321    4.272    8.060   10.571   11.073   13.195
           -0.560000 -0.140000  0.620000
   -3.152   -0.447    2.273    4.204    8.053   10.531   11.281   13.119
           -0.560000 -0.140000  0.640000
   -3.085   -0.500    2.228    4.127    8.061   10.492   11.491   13.036
           -0.560000 -0.140000  0.660000
   -3.020   -0.549    2.187    4.043    8.083   10.454   11.703   12.938
           -0.560000 -0.140000  0.680000
   -2.954   -0.595    2.148    3.953    8.118   10.417   11.915   12.810
           -0.560000 -0.140000  0.700000
   -2.890   -0.637    2.113    3.859    8.165   10.381   12.125   12.650
           -0.560000 -0.140000  0.720000
   -2.828   -0.676    2.082    3.761    8.223   10.347   12.328   12.474
           -0.560000 -0.140000  0.740000
   -2.767   -0.712    2.054    3.661    8.292   10.315   12.278   12.528
           -0.560000 -0.140000  0.760000
   -2.709   -0.744    2.030    3.560    8.371   10.284   12.090   12.665
           -0.560000 -0.140000  0.780000
   -2.653   -0.772    2.010    3.459    8.458   10.255   11.901   12.702
           -0.560000 -0.140000  0.800000
   -2.601   -0.797    1.994    3.361    8.554   10.227   11.714   12.688
           -0.560000 -0.140000  0.820000
   -2.552   -0.819    1.982    3.265    8.657   10.201   11.529   12.663
           -0.560000 -0.140000  0.840000
   -2.508   -0.838    1.974    3.173    8.766   10.177   11.348   12.638
           -0.560000 -0.140000  0.860000
   -2.467   -0.854    1.969    3.087    8.881   10.153   11.172   12.614
           -0.560000 -0.140000  0.880000
   -2.432   -0.866    1.967    3.008    9.001   10.129   11.002   12.592
           -0.560000 -0.140000  0.900000
   -2.402   -0.877    1.968    2.936    9.126   10.104   10.840   12.574
           -0.560000 -0.140000  0.920000
   -2.376   -0.885    1.972    2.875    9.255   10.075   10.690   12.559
           -0.560000 -0.140000  0.940000
   -2.357   -0.890    1.976    2.824    9.385   10.036   10.560   12.547
           -0.560000 -0.140000  0.960000
   -2.343   -0.894    1.980    2.787    9.515    9.980   10.458   12.538
           -0.560000 -0.140000  0.980000
   -2.334   -0.897    1.983    2.763    9.638    9.903   10.396   12.533
           -0.560000 -0.140000  1.000000
   -2.331   -0.897    1.984    2.756    9.713    9.843   10.375   12.532
