 &plot nbnd=   8, nks=   101 /
           -0.300000 -0.580000 -1.000000
   -3.188   -0.077    2.095    3.610    9.340    9.611   10.386   13.135
           -0.300000 -0.580000 -0.980000
   -3.187   -0.082    2.102    3.612    9.341    9.583   10.418   13.109
           -0.300000 -0.580000 -0.960000
   -3.187   -0.099    2.123    3.619    9.344    9.510   10.505   13.038
           -0.300000 -0.580000 -0.940000
   -3.186   -0.126    2.158    3.631    9.347    9.414   10.626   12.931
           -0.300000 -0.580000 -0.920000
   -3.184   -0.162    2.204    3.648    9.293    9.364   10.767   12.798
           -0.300000 -0.580000 -0.900000
   -3.183   -0.205    2.261    3.670    9.181    9.372   10.921   12.648
           -0.300000 -0.580000 -0.880000
   -3.181   -0.253    2.325    3.696    9.066    9.383   11.085   12.486
           -0.300000 -0.580000 -0.860000
   -3.180   -0.306    2.395    3.728    8.954    9.398   11.255   12.316
           -0.300000 -0.580000 -0.840000
   -3.179   -0.360    2.470    3.764    8.844    9.414   11.429   12.142
           -0.300000 -0.580000 -0.820000
   -3.179   -0.415    2.548    3.806    8.740    9.432   11.604   11.969
           -0.300000 -0.580000 -0.800000
   -3.179   -0.469    2.627    3.852    8.642    9.452   11.724   11.853
           -0.300000 -0.580000 -0.780000
   -3.180   -0.522    2.707    3.902    8.550    9.473   11.586   11.998
           -0.300000 -0.580000 -0.760000
   -3.183   -0.571    2.785    3.955    8.465    9.495   11.409   12.185
           -0.300000 -0.580000 -0.740000
   -3.188   -0.617    2.862    4.012    8.388    9.519   11.230   12.376
           -0.300000 -0.580000 -0.720000
   -3.194   -0.658    2.937    4.071    8.320    9.543   11.053   12.570
           -0.300000 -0.580000 -0.700000
   -3.203   -0.693    3.010    4.131    8.262    9.566   10.878   12.765
           -0.300000 -0.580000 -0.680000
   -3.214   -0.723    3.080    4.191    8.214    9.589   10.707   12.961
           -0.300000 -0.580000 -0.660000
   -3.228   -0.746    3.147    4.249    8.176    9.609   10.543   13.155
           -0.300000 -0.580000 -0.640000
   -3.244   -0.763    3.211    4.304    8.150    9.625   10.387   13.347
           -0.300000 -0.580000 -0.620000
   -3.264   -0.772    3.273    4.355    8.135    9.631   10.245   13.533
           -0.300000 -0.580000 -0.600000
   -3.286   -0.774    3.332    4.401    8.132    9.621   10.126   13.710
           -0.300000 -0.580000 -0.580000
   -3.310   -0.769    3.388    4.440    8.140    9.584   10.040   13.868
           -0.300000 -0.580000 -0.560000
   -3.337   -0.756    3.442    4.471    8.158    9.515    9.994   13.993
           -0.300000 -0.580000 -0.540000
   -3.367   -0.736    3.493    4.494    8.185    9.425    9.980   14.049
           -0.300000 -0.580000 -0.520000
   -3.398   -0.710    3.541    4.509    8.217    9.329    9.984   13.998
           -0.300000 -0.580000 -0.500000
   -3.431   -0.676    3.586    4.516    8.251    9.242    9.998   13.864
           -0.300000 -0.580000 -0.480000
   -3.465   -0.637    3.627    4.514    8.280    9.173   10.018   13.690
           -0.300000 -0.580000 -0.460000
   -3.501   -0.591    3.664    4.505    8.297    9.131   10.040   13.500
           -0.300000 -0.580000 -0.440000
   -3.537   -0.539    3.697    4.489    8.296    9.123   10.065   13.302
           -0.300000 -0.580000 -0.420000
   -3.573   -0.483    3.725    4.466    8.276    9.150   10.091   13.101
           -0.300000 -0.580000 -0.400000
   -3.609   -0.421    3.746    4.439    8.243    9.206   10.120   12.898
           -0.300000 -0.580000 -0.380000
   -3.645   -0.354    3.761    4.408    8.202    9.282   10.152   12.695
           -0.300000 -0.580000 -0.360000
   -3.681   -0.284    3.767    4.375    8.162    9.371   10.190   12.493
           -0.300000 -0.580000 -0.340000
   -3.716   -0.209    3.763    4.341    8.125    9.463   10.234   12.292
           -0.300000 -0.580000 -0.320000
   -3.750   -0.131    3.748    4.309    8.096    9.554   10.290   12.094
           -0.300000 -0.580000 -0.300000
   -3.782   -0.050    3.720    4.281    8.076    9.637   10.359   11.898
           -0.300000 -0.580000 -0.280000
   -3.814    0.034    3.680    4.256    8.066    9.708   10.444   11.707
           -0.300000 -0.580000 -0.260000
   -3.843    0.120    3.628    4.237    8.066    9.765   10.545   11.519
           -0.300000 -0.580000 -0.240000
   -3.871    0.207    3.566    4.221    8.078    9.808   10.660   11.337
           -0.300000 -0.580000 -0.220000
   -3.898    0.296    3.496    4.209    8.100    9.840   10.782   11.164
           -0.300000 -0.580000 -0.200000
   -3.922    0.385    3.419    4.199    8.132    9.864   10.873   11.035
           -0.300000 -0.580000 -0.180000
   -3.944    0.473    3.338    4.191    8.173    9.881   10.781   11.102
           -0.300000 -0.580000 -0.160000
   -3.964    0.560    3.256    4.184    8.222    9.893   10.628   11.236
           -0.300000 -0.580000 -0.140000
   -3.982    0.644    3.174    4.179    8.278    9.901   10.477   11.378
           -0.300000 -0.580000 -0.120000
   -3.998    0.724    3.094    4.174    8.339    9.906   10.333   11.517
           -0.300000 -0.580000 -0.100000
   -4.011    0.797    3.020    4.170    8.403    9.909   10.201   11.650
           -0.300000 -0.580000 -0.080000
   -4.022    0.862    2.954    4.166    8.466    9.906   10.086   11.772
           -0.300000 -0.580000 -0.060000
   -4.031    0.917    2.898    4.163    8.525    9.893    9.998   11.878
           -0.300000 -0.580000 -0.040000
   -4.037    0.958    2.855    4.162    8.574    9.855    9.955   11.960
           -0.300000 -0.580000 -0.020000
   -4.041    0.984    2.828    4.160    8.607    9.816    9.944   12.014
           -0.300000 -0.580000  0.000000
   -4.042    0.993    2.819    4.160    8.619    9.800    9.942   12.032
           -0.300000 -0.580000  0.020000
   -4.041    0.984    2.828    4.160    8.607    9.816    9.944   12.014
           -0.300000 -0.580000  0.040000
   -4.037    0.958    2.855    4.162    8.574    9.855    9.955   11.960
           -0.300000 -0.580000  0.060000
   -4.031    0.917    2.898    4.163    8.525    9.893    9.998   11.878
           -0.300000 -0.580000  0.080000
   -4.022    0.862    2.954    4.166    8.466    9.906   10.086   11.772
           -0.300000 -0.580000  0.100000
   -4.011    0.797    3.020    4.170    8.403    9.909   10.201   11.650
           -0.300000 -0.580000  0.120000
   -3.998    0.724    3.094    4.174    8.339    9.906   10.333   11.517
           -0.300000 -0.580000  0.140000
   -3.982    0.644    3.174    4.179    8.278    9.901   10.477   11.378
           -0.300000 -0.580000  0.160000
   -3.964    0.560    3.256    4.184    8.222    9.893   10.628   11.236
           -0.300000 -0.580000  0.180000
   -3.944    0.473    3.338    4.191    8.173    9.881   10.781   11.102
           -0.300000 -0.580000  0.200000
   -3.922    0.385    3.419    4.199    8.132    9.864   10.873   11.035
           -0.300000 -0.580000  0.220000
   -3.898    0.296    3.496    4.209    8.100    9.840   10.782   11.164
           -0.300000 -0.580000  0.240000
   -3.871    0.207    3.566    4.221    8.078    9.808   10.660   11.337
           -0.300000 -0.580000  0.260000
   -3.843    0.120    3.628    4.237    8.066    9.765   10.545   11.519
           -0.300000 -0.580000  0.280000
   -3.814    0.034    3.680    4.256    8.066    9.708   10.444   11.707
           -0.300000 -0.580000  0.300000
   -3.782   -0.050    3.720    4.281    8.076    9.637   10.359   11.898
           -0.300000 -0.580000  0.320000
   -3.750   -0.131    3.748    4.309    8.096    9.554   10.290   12.094
           -0.300000 -0.580000  0.340000
   -3.716   -0.209    3.763    4.341    8.125    9.463   10.234   12.292
           -0.300000 -0.580000  0.360000
   -3.681   -0.284    3.767    4.375    8.162    9.371   10.190   12.493
           -0.300000 -0.580000  0.380000
   -3.645   -0.354    3.761    4.408    8.202    9.282   10.152   12.695
           -0.300000 -0.580000  0.400000
   -3.609   -0.421    3.746    4.439    8.243    9.206   10.120   12.898
           -0.300000 -0.580000  0.420000
   -3.573   -0.483    3.725    4.466    8.276    9.150   10.091   13.101
           -0.300000 -0.580000  0.440000
   -3.537   -0.539    3.697    4.489    8.296    9.123   10.065   13.302
           -0.300000 -0.580000  0.460000
   -3.501   -0.591    3.664    4.505    8.297    9.131   10.040   13.500
           -0.300000 -0.580000  0.480000
   -3.465   -0.637    3.627    4.514    8.280    9.173   10.018   13.690
           -0.300000 -0.580000  0.500000
   -3.431   -0.676    3.586    4.516    8.251    9.242    9.998   13.864
           -0.300000 -0.580000  0.520000
   -3.398   -0.710    3.541    4.509    8.217    9.329    9.984   13.998
           -0.300000 -0.580000  0.540000
   -3.367   -0.736    3.493    4.494    8.185    9.425    9.980   14.049
           -0.300000 -0.580000  0.560000
   -3.337   -0.756    3.442    4.471    8.158    9.515    9.994   13.993
           -0.300000 -0.580000  0.580000
   -3.310   -0.769    3.388    4.440    8.140    9.584   10.040   13.868
           -0.300000 -0.580000  0.600000
   -3.286   -0.774    3.332    4.401    8.132    9.621   10.126   13.710
           -0.300000 -0.580000  0.620000
   -3.264   -0.772    3.273    4.355    8.135    9.631   10.245   13.533
           -0.300000 -0.580000  0.640000
   -3.244   -0.763    3.211    4.304    8.150    9.625   10.387   13.347
           -0.300000 -0.580000  0.660000
   -3.228   -0.746    3.147    4.249    8.176    9.609   10.543   13.155
           -0.300000 -0.580000  0.680000
   -3.214   -0.723    3.080    4.191    8.214    9.589   10.707   12.961
           -0.300000 -0.580000  0.700000
   -3.203   -0.693    3.010    4.131    8.262    9.566   10.878   12.765
           -0.300000 -0.580000  0.720000
   -3.194   -0.658    2.937    4.071    8.320    9.543   11.053   12.570
           -0.300000 -0.580000  0.740000
   -3.188   -0.617    2.862    4.012    8.388    9.519   11.230   12.376
           -0.300000 -0.580000  0.760000
   -3.183   -0.571    2.785    3.955    8.465    9.495   11.409   12.185
           -0.300000 -0.580000  0.780000
   -3.180   -0.522    2.707    3.902    8.550    9.473   11.586   11.998
           -0.300000 -0.580000  0.800000
   -3.179   -0.469    2.627    3.852    8.642    9.452   11.724   11.853
           -0.300000 -0.580000  0.820000
   -3.179   -0.415    2.548    3.806    8.740    9.432   11.604   11.969
           -0.300000 -0.580000  0.840000
   -3.179   -0.360    2.470    3.764    8.844    9.414   11.429   12.142
           -0.300000 -0.580000  0.860000
   -3.180   -0.306    2.395    3.728    8.954    9.398   11.255   12.316
           -0.300000 -0.580000  0.880000
   -3.181   -0.253    2.325    3.696    9.066    9.383   11.085   12.486
           -0.300000 -0.580000  0.900000
   -3.183   -0.205    2.261    3.670    9.181    9.372   10.921   12.648
           -0.300000 -0.580000  0.920000
   -3.184   -0.162    2.204    3.648    9.293    9.364   10.767   12.798
           -0.300000 -0.580000  0.940000
   -3.186   -0.126    2.158    3.631    9.347    9.414   10.626   12.931
           -0.300000 -0.580000  0.960000
   -3.187   -0.099    2.123    3.619    9.344    9.510   10.505   13.038
           -0.300000 -0.580000  0.980000
   -3.187   -0.082    2.102    3.612    9.341    9.583   10.418   13.109
           -0.300000 -0.580000  1.000000
   -3.188   -0.077    2.095    3.610    9.340    9.611   10.386   13.135
