 &plot nbnd=   8, nks=   101 /
           -0.580000  0.400000 -1.000000
   -3.652    0.409    2.284    4.210    8.914    9.764   10.804   12.056
           -0.580000  0.400000 -0.980000
   -3.651    0.400    2.295    4.211    8.914    9.744   10.828   12.036
           -0.580000  0.400000 -0.960000
   -3.649    0.375    2.327    4.213    8.915    9.688   10.895   11.978
           -0.580000  0.400000 -0.940000
   -3.645    0.334    2.378    4.218    8.916    9.609   10.994   11.892
           -0.580000  0.400000 -0.920000
   -3.639    0.281    2.445    4.224    8.917    9.517   11.111   11.788
           -0.580000  0.400000 -0.900000
   -3.632    0.218    2.526    4.232    8.915    9.420   11.233   11.680
           -0.580000  0.400000 -0.880000
   -3.624    0.147    2.618    4.242    8.908    9.327   11.319   11.611
           -0.580000  0.400000 -0.860000
   -3.614    0.072    2.719    4.254    8.890    9.245   11.282   11.666
           -0.580000  0.400000 -0.840000
   -3.603   -0.006    2.826    4.267    8.855    9.183   11.166   11.804
           -0.580000  0.400000 -0.820000
   -3.591   -0.086    2.938    4.282    8.798    9.146   11.030   11.966
           -0.580000  0.400000 -0.800000
   -3.578   -0.166    3.052    4.298    8.724    9.131   10.889   12.138
           -0.580000  0.400000 -0.780000
   -3.565   -0.245    3.168    4.316    8.641    9.129   10.747   12.315
           -0.580000  0.400000 -0.760000
   -3.551   -0.321    3.283    4.335    8.555    9.135   10.606   12.495
           -0.580000  0.400000 -0.740000
   -3.537   -0.395    3.397    4.356    8.469    9.146   10.469   12.677
           -0.580000  0.400000 -0.720000
   -3.523   -0.465    3.509    4.378    8.387    9.159   10.336   12.858
           -0.580000  0.400000 -0.700000
   -3.509   -0.531    3.615    4.402    8.309    9.173   10.208   13.038
           -0.580000  0.400000 -0.680000
   -3.496   -0.592    3.716    4.428    8.235    9.187   10.089   13.211
           -0.580000  0.400000 -0.660000
   -3.484   -0.647    3.810    4.454    8.168    9.199    9.977   13.375
           -0.580000  0.400000 -0.640000
   -3.473   -0.697    3.895    4.482    8.106    9.210    9.877   13.524
           -0.580000  0.400000 -0.620000
   -3.464   -0.740    3.971    4.510    8.052    9.217    9.788   13.649
           -0.580000  0.400000 -0.600000
   -3.456   -0.776    4.036    4.539    8.004    9.219    9.714   13.745
           -0.580000  0.400000 -0.580000
   -3.451   -0.805    4.090    4.566    7.964    9.217    9.655   13.809
           -0.580000  0.400000 -0.560000
   -3.448   -0.826    4.134    4.589    7.932    9.210    9.613   13.846
           -0.580000  0.400000 -0.540000
   -3.448   -0.840    4.167    4.608    7.908    9.200    9.586   13.863
           -0.580000  0.400000 -0.520000
   -3.450   -0.845    4.191    4.620    7.892    9.190    9.572   13.868
           -0.580000  0.400000 -0.500000
   -3.454   -0.843    4.205    4.624    7.885    9.182    9.568   13.864
           -0.580000  0.400000 -0.480000
   -3.462   -0.832    4.211    4.620    7.886    9.179    9.574   13.853
           -0.580000  0.400000 -0.460000
   -3.472   -0.814    4.207    4.609    7.895    9.181    9.589   13.832
           -0.580000  0.400000 -0.440000
   -3.484   -0.788    4.193    4.591    7.912    9.187    9.613   13.797
           -0.580000  0.400000 -0.420000
   -3.498   -0.754    4.167    4.569    7.938    9.196    9.648   13.739
           -0.580000  0.400000 -0.400000
   -3.514   -0.714    4.128    4.544    7.971    9.204    9.695   13.654
           -0.580000  0.400000 -0.380000
   -3.531   -0.667    4.076    4.520    8.011    9.210    9.755   13.540
           -0.580000  0.400000 -0.360000
   -3.550   -0.614    4.010    4.497    8.059    9.214    9.828   13.401
           -0.580000  0.400000 -0.340000
   -3.569   -0.555    3.932    4.476    8.114    9.214    9.915   13.244
           -0.580000  0.400000 -0.320000
   -3.589   -0.490    3.844    4.456    8.175    9.211   10.012   13.074
           -0.580000  0.400000 -0.300000
   -3.609   -0.421    3.746    4.439    8.243    9.206   10.120   12.898
           -0.580000  0.400000 -0.280000
   -3.629   -0.347    3.642    4.423    8.316    9.199   10.237   12.718
           -0.580000  0.400000 -0.260000
   -3.649   -0.270    3.533    4.408    8.394    9.191   10.360   12.536
           -0.580000  0.400000 -0.240000
   -3.669   -0.190    3.420    4.394    8.477    9.183   10.489   12.355
           -0.580000  0.400000 -0.220000
   -3.687   -0.107    3.304    4.380    8.563    9.176   10.622   12.176
           -0.580000  0.400000 -0.200000
   -3.704   -0.022    3.189    4.368    8.651    9.171   10.757   12.000
           -0.580000  0.400000 -0.180000
   -3.721    0.063    3.074    4.356    8.740    9.171   10.892   11.831
           -0.580000  0.400000 -0.160000
   -3.736    0.148    2.961    4.346    8.824    9.178   11.022   11.671
           -0.580000  0.400000 -0.140000
   -3.749    0.231    2.853    4.337    8.897    9.199   11.134   11.534
           -0.580000  0.400000 -0.120000
   -3.761    0.311    2.751    4.328    8.950    9.242   11.178   11.470
           -0.580000  0.400000 -0.100000
   -3.771    0.385    2.657    4.321    8.982    9.306   11.106   11.525
           -0.580000  0.400000 -0.080000
   -3.780    0.452    2.574    4.315    8.999    9.383   10.992   11.624
           -0.580000  0.400000 -0.060000
   -3.787    0.509    2.505    4.310    9.006    9.461   10.882   11.722
           -0.580000  0.400000 -0.040000
   -3.791    0.552    2.452    4.307    9.010    9.530   10.790   11.803
           -0.580000  0.400000 -0.020000
   -3.794    0.579    2.420    4.305    9.011    9.577   10.728   11.857
           -0.580000  0.400000  0.000000
   -3.795    0.589    2.408    4.304    9.011    9.595   10.706   11.876
           -0.580000  0.400000  0.020000
   -3.794    0.579    2.420    4.305    9.011    9.577   10.728   11.857
           -0.580000  0.400000  0.040000
   -3.791    0.552    2.452    4.307    9.010    9.530   10.790   11.803
           -0.580000  0.400000  0.060000
   -3.787    0.509    2.505    4.310    9.006    9.461   10.882   11.722
           -0.580000  0.400000  0.080000
   -3.780    0.452    2.574    4.315    8.999    9.383   10.992   11.624
           -0.580000  0.400000  0.100000
   -3.771    0.385    2.657    4.321    8.982    9.306   11.106   11.525
           -0.580000  0.400000  0.120000
   -3.761    0.311    2.751    4.328    8.950    9.242   11.178   11.470
           -0.580000  0.400000  0.140000
   -3.749    0.231    2.853    4.337    8.897    9.199   11.134   11.534
           -0.580000  0.400000  0.160000
   -3.736    0.148    2.961    4.346    8.824    9.178   11.022   11.671
           -0.580000  0.400000  0.180000
   -3.721    0.063    3.074    4.356    8.740    9.171   10.892   11.831
           -0.580000  0.400000  0.200000
   -3.704   -0.022    3.189    4.368    8.651    9.171   10.757   12.000
           -0.580000  0.400000  0.220000
   -3.687   -0.107    3.304    4.380    8.563    9.176   10.622   12.176
           -0.580000  0.400000  0.240000
   -3.669   -0.190    3.420    4.394    8.477    9.183   10.489   12.355
           -0.580000  0.400000  0.260000
   -3.649   -0.270    3.533    4.408    8.394    9.191   10.360   12.536
           -0.580000  0.400000  0.280000
   -3.629   -0.347    3.642    4.423    8.316    9.199   10.237   12.718
           -0.580000  0.400000  0.300000
   -3.609   -0.421    3.746    4.439    8.243    9.206   10.120   12.898
           -0.580000  0.400000  0.320000
   -3.589   -0.490    3.844    4.456    8.175    9.211   10.012   13.074
           -0.580000  0.400000  0.340000
   -3.569   -0.555    3.932    4.476    8.114    9.214    9.915   13.244
           -0.580000  0.400000  0.360000
   -3.550   -0.614    4.010    4.497    8.059    9.214    9.828   13.401
           -0.580000  0.400000  0.380000
   -3.531   -0.667    4.076    4.520    8.011    9.210    9.755   13.540
           -0.580000  0.400000  0.400000
   -3.514   -0.714    4.128    4.544    7.971    9.204    9.695   13.654
           -0.580000  0.400000  0.420000
   -3.498   -0.754    4.167    4.569    7.938    9.196    9.648   13.739
           -0.580000  0.400000  0.440000
   -3.484   -0.788    4.193    4.591    7.912    9.187    9.613   13.797
           -0.580000  0.400000  0.460000
   -3.472   -0.814    4.207    4.609    7.895    9.181    9.589   13.832
           -0.580000  0.400000  0.480000
   -3.462   -0.832    4.211    4.620    7.886    9.179    9.574   13.853
           -0.580000  0.400000  0.500000
   -3.454   -0.843    4.205    4.624    7.885    9.182    9.568   13.864
           -0.580000  0.400000  0.520000
   -3.450   -0.845    4.191    4.620    7.892    9.190    9.572   13.868
           -0.580000  0.400000  0.540000
   -3.448   -0.840    4.167    4.608    7.908    9.200    9.586   13.863
           -0.580000  0.400000  0.560000
   -3.448   -0.826    4.134    4.589    7.932    9.210    9.613   13.846
           -0.580000  0.400000  0.580000
   -3.451   -0.805    4.090    4.566    7.964    9.217    9.655   13.809
           -0.580000  0.400000  0.600000
   -3.456   -0.776    4.036    4.539    8.004    9.219    9.714   13.745
           -0.580000  0.400000  0.620000
   -3.464   -0.740    3.971    4.510    8.052    9.217    9.788   13.649
           -0.580000  0.400000  0.640000
   -3.473   -0.697    3.895    4.482    8.106    9.210    9.877   13.524
           -0.580000  0.400000  0.660000
   -3.484   -0.647    3.810    4.454    8.168    9.199    9.977   13.375
           -0.580000  0.400000  0.680000
   -3.496   -0.592    3.716    4.428    8.235    9.187   10.089   13.211
           -0.580000  0.400000  0.700000
   -3.509   -0.531    3.615    4.402    8.309    9.173   10.208   13.038
           -0.580000  0.400000  0.720000
   -3.523   -0.465    3.509    4.378    8.387    9.159   10.336   12.858
           -0.580000  0.400000  0.740000
   -3.537   -0.395    3.397    4.356    8.469    9.146   10.469   12.677
           -0.580000  0.400000  0.760000
   -3.551   -0.321    3.283    4.335    8.555    9.135   10.606   12.495
           -0.580000  0.400000  0.780000
   -3.565   -0.245    3.168    4.316    8.641    9.129   10.747   12.315
           -0.580000  0.400000  0.800000
   -3.578   -0.166    3.052    4.298    8.724    9.131   10.889   12.138
           -0.580000  0.400000  0.820000
   -3.591   -0.086    2.938    4.282    8.798    9.146   11.030   11.966
           -0.580000  0.400000  0.840000
   -3.603   -0.006    2.826    4.267    8.855    9.183   11.166   11.804
           -0.580000  0.400000  0.860000
   -3.614    0.072    2.719    4.254    8.890    9.245   11.282   11.666
           -0.580000  0.400000  0.880000
   -3.624    0.147    2.618    4.242    8.908    9.327   11.319   11.611
           -0.580000  0.400000  0.900000
   -3.632    0.218    2.526    4.232    8.915    9.420   11.233   11.680
           -0.580000  0.400000  0.920000
   -3.639    0.281    2.445    4.224    8.917    9.517   11.111   11.788
           -0.580000  0.400000  0.940000
   -3.645    0.334    2.378    4.218    8.916    9.609   10.994   11.892
           -0.580000  0.400000  0.960000
   -3.649    0.375    2.327    4.213    8.915    9.688   10.895   11.978
           -0.580000  0.400000  0.980000
   -3.651    0.400    2.295    4.211    8.914    9.744   10.828   12.036
           -0.580000  0.400000  1.000000
   -3.652    0.409    2.284    4.210    8.914    9.764   10.804   12.056
