 &plot nbnd=   8, nks=    41 /
           -1.000000  0.250000 -1.000000
   -3.960   -0.543    2.684    2.684    5.809    6.721   12.406   12.406
           -1.000000  0.250000 -0.950000
   -3.953   -0.551    2.648    2.676    5.866    6.763   12.252   12.405
           -1.000000  0.250000 -0.900000
   -3.932   -0.574    2.547    2.654    6.031    6.889   11.876   12.399
           -1.000000  0.250000 -0.850000
   -3.898   -0.614    2.400    2.626    6.285    7.090   11.397   12.390
           -1.000000  0.250000 -0.800000
   -3.850   -0.669    2.227    2.599    6.608    7.358   10.877   12.377
           -1.000000  0.250000 -0.750000
   -3.790   -0.740    2.045    2.581    6.984    7.684   10.341   12.360
           -1.000000  0.250000 -0.700000
   -3.719   -0.825    1.865    2.578    7.402    8.059    9.805   12.339
           -1.000000  0.250000 -0.650000
   -3.637   -0.923    1.695    2.592    7.852    8.475    9.277   12.312
           -1.000000  0.250000 -0.600000
   -3.546   -1.031    1.542    2.625    8.329    8.763    8.929   12.270
           -1.000000  0.250000 -0.550000
   -3.448   -1.146    1.411    2.673    8.274    8.829    9.409   12.088
           -1.000000  0.250000 -0.500000
   -3.344   -1.266    1.306    2.732    7.814    9.346    9.915   11.589
           -1.000000  0.250000 -0.450000
   -3.236   -1.388    1.229    2.795    7.393    9.874   10.440   11.053
           -1.000000  0.250000 -0.400000
   -3.127   -1.509    1.183    2.851    7.022   10.338   10.600   10.976
           -1.000000  0.250000 -0.350000
   -3.018   -1.628    1.171    2.886    6.717    9.972   10.996   11.508
           -1.000000  0.250000 -0.300000
   -2.912   -1.744    1.194    2.887    6.491    9.482   11.516   11.996
           -1.000000  0.250000 -0.250000
   -2.808   -1.854    1.253    2.840    6.360    9.007   11.919   12.338
           -1.000000  0.250000 -0.200000
   -2.709   -1.960    1.346    2.741    6.329    8.555   12.073   12.449
           -1.000000  0.250000 -0.150000
   -2.613   -2.061    1.472    2.593    6.395    8.128   12.128   12.431
           -1.000000  0.250000 -0.100000
   -2.521   -2.158    1.628    2.411    6.545    7.731   12.168   12.377
           -1.000000  0.250000 -0.050000
   -2.431   -2.250    1.808    2.210    6.765    7.367   12.211   12.317
           -1.000000  0.250000  0.000000
   -2.341   -2.341    2.005    2.005    7.043    7.043   12.260   12.260
           -1.000000  0.250000  0.050000
   -2.431   -2.250    1.808    2.210    6.765    7.367   12.211   12.317
           -1.000000  0.250000  0.100000
   -2.521   -2.158    1.628    2.411    6.545    7.731   12.168   12.377
           -1.000000  0.250000  0.150000
   -2.613   -2.061    1.472    2.593    6.395    8.128   12.128   12.431
           -1.000000  0.250000  0.200000
   -2.709   -1.960    1.346    2.741    6.329    8.555   12.073   12.449
           -1.000000  0.250000  0.250000
   -2.808   -1.854    1.253    2.840    6.360    9.007   11.919   12.338
           -1.000000  0.250000  0.300000
   -2.912   -1.744    1.194    2.887    6.491    9.482   11.516   11.996
           -1.000000  0.250000  0.350000
   -3.018   -1.628    1.171    2.886    6.717    9.972   10.996   11.508
           -1.000000  0.250000  0.400000
   -3.127   -1.509    1.183    2.851    7.022   10.338   10.600   10.976
           -1.000000  0.250000  0.450000
   -3.236   -1.388    1.229    2.795    7.393    9.874   10.440   11.053
           -1.000000  0.250000  0.500000
   -3.344   -1.266    1.306    2.732    7.814    9.346    9.915   11.589
           -1.000000  0.250000  0.550000
   -3.448   -1.146    1.411    2.673    8.274    8.829    9.409   12.088
           -1.000000  0.250000  0.600000
   -3.546   -1.031    1.542    2.625    8.329    8.763    8.929   12.270
           -1.000000  0.250000  0.650000
   -3.637   -0.923    1.695    2.592    7.852    8.475    9.277   12.312
           -1.000000  0.250000  0.700000
   -3.719   -0.825    1.865    2.578    7.402    8.059    9.805   12.339
           -1.000000  0.250000  0.750000
   -3.790   -0.740    2.045    2.581    6.984    7.684   10.341   12.360
           -1.000000  0.250000  0.800000
   -3.850   -0.669    2.227    2.599    6.608    7.358   10.877   12.377
           -1.000000  0.250000  0.850000
   -3.898   -0.614    2.400    2.626    6.285    7.090   11.397   12.390
           -1.000000  0.250000  0.900000
   -3.932   -0.574    2.547    2.654    6.031    6.889   11.876   12.399
           -1.000000  0.250000  0.950000
   -3.953   -0.551    2.648    2.676    5.866    6.763   12.252   12.405
           -1.000000  0.250000  1.000000
   -3.960   -0.543    2.684    2.684    5.809    6.721   12.406   12.406
