 &plot nbnd=   8, nks=    81 /
           -0.025000 -0.700000 -1.000000
   -2.471   -2.174    1.855    1.925    7.421    7.485   11.480   11.886
           -0.025000 -0.700000 -0.975000
   -2.481   -2.164    1.785    2.000    7.291    7.625   11.480   11.889
           -0.025000 -0.700000 -0.950000
   -2.507   -2.138    1.693    2.104    7.144    7.802   11.479   11.898
           -0.025000 -0.700000 -0.925000
   -2.545   -2.101    1.605    2.212    7.008    7.987   11.478   11.912
           -0.025000 -0.700000 -0.900000
   -2.590   -2.057    1.524    2.321    6.884    8.181   11.477   11.931
           -0.025000 -0.700000 -0.875000
   -2.640   -2.009    1.450    2.430    6.774    8.382   11.476   11.954
           -0.025000 -0.700000 -0.850000
   -2.693   -1.958    1.384    2.535    6.680    8.590   11.476   11.978
           -0.025000 -0.700000 -0.825000
   -2.748   -1.905    1.325    2.636    6.603    8.805   11.475   12.000
           -0.025000 -0.700000 -0.800000
   -2.805   -1.849    1.275    2.730    6.545    9.026   11.474   12.016
           -0.025000 -0.700000 -0.775000
   -2.864   -1.792    1.234    2.815    6.508    9.252   11.472   12.011
           -0.025000 -0.700000 -0.750000
   -2.924   -1.733    1.202    2.889    6.494    9.485   11.463   11.952
           -0.025000 -0.700000 -0.725000
   -2.985   -1.673    1.178    2.952    6.504    9.722   11.439   11.810
           -0.025000 -0.700000 -0.700000
   -3.048   -1.611    1.163    3.001    6.538    9.964   11.359   11.652
           -0.025000 -0.700000 -0.675000
   -3.111   -1.547    1.157    3.037    6.597   10.210   11.177   11.562
           -0.025000 -0.700000 -0.650000
   -3.174   -1.483    1.160    3.059    6.680   10.454   10.943   11.485
           -0.025000 -0.700000 -0.625000
   -3.238   -1.416    1.171    3.070    6.786   10.603   10.789   11.340
           -0.025000 -0.700000 -0.600000
   -3.302   -1.349    1.190    3.069    6.914   10.386   10.998   11.130
           -0.025000 -0.700000 -0.575000
   -3.365   -1.281    1.217    3.060    7.061   10.125   10.879   11.264
           -0.025000 -0.700000 -0.550000
   -3.428   -1.212    1.252    3.043    7.226    9.861   10.627   11.529
           -0.025000 -0.700000 -0.525000
   -3.490   -1.142    1.294    3.021    7.406    9.598   10.372   11.698
           -0.025000 -0.700000 -0.500000
   -3.551   -1.072    1.343    2.996    7.600    9.338   10.118   11.715
           -0.025000 -0.700000 -0.475000
   -3.610   -1.001    1.398    2.968    7.806    9.081    9.868   11.732
           -0.025000 -0.700000 -0.450000
   -3.668   -0.931    1.460    2.939    8.022    8.829    9.622   11.749
           -0.025000 -0.700000 -0.425000
   -3.723   -0.862    1.528    2.910    8.245    8.583    9.382   11.767
           -0.025000 -0.700000 -0.400000
   -3.777   -0.793    1.601    2.883    8.330    8.486    9.151   11.785
           -0.025000 -0.700000 -0.375000
   -3.828   -0.726    1.678    2.858    8.097    8.704    8.941   11.803
           -0.025000 -0.700000 -0.350000
   -3.877   -0.660    1.761    2.835    7.867    8.679    8.992   11.820
           -0.025000 -0.700000 -0.325000
   -3.923   -0.597    1.846    2.816    7.642    8.479    9.232   11.837
           -0.025000 -0.700000 -0.300000
   -3.966   -0.536    1.935    2.800    7.425    8.280    9.484   11.853
           -0.025000 -0.700000 -0.275000
   -4.007   -0.479    2.027    2.787    7.217    8.090    9.739   11.868
           -0.025000 -0.700000 -0.250000
   -4.044   -0.425    2.119    2.778    7.017    7.912    9.997   11.882
           -0.025000 -0.700000 -0.225000
   -4.078   -0.375    2.212    2.773    6.827    7.745   10.255   11.895
           -0.025000 -0.700000 -0.200000
   -4.108   -0.330    2.303    2.770    6.649    7.591   10.511   11.907
           -0.025000 -0.700000 -0.175000
   -4.136   -0.289    2.392    2.771    6.484    7.452   10.765   11.917
           -0.025000 -0.700000 -0.150000
   -4.159   -0.253    2.476    2.773    6.334    7.328   11.012   11.926
           -0.025000 -0.700000 -0.125000
   -4.180   -0.222    2.554    2.776    6.200    7.220   11.250   11.934
           -0.025000 -0.700000 -0.100000
   -4.196   -0.196    2.623    2.780    6.086    7.131   11.473   11.940
           -0.025000 -0.700000 -0.075000
   -4.209   -0.177    2.681    2.784    5.994    7.060   11.671   11.945
           -0.025000 -0.700000 -0.050000
   -4.219   -0.162    2.726    2.786    5.926    7.008   11.833   11.950
           -0.025000 -0.700000 -0.025000
   -4.224   -0.154    2.757    2.784    5.884    6.977   11.935   11.959
           -0.025000 -0.700000  0.000000
   -4.226   -0.151    2.771    2.780    5.869    6.967   11.947   11.986
           -0.025000 -0.700000  0.025000
   -4.224   -0.154    2.757    2.784    5.884    6.977   11.935   11.959
           -0.025000 -0.700000  0.050000
   -4.219   -0.162    2.726    2.786    5.926    7.008   11.833   11.950
           -0.025000 -0.700000  0.075000
   -4.209   -0.177    2.681    2.784    5.994    7.060   11.671   11.945
           -0.025000 -0.700000  0.100000
   -4.196   -0.196    2.623    2.780    6.086    7.131   11.473   11.940
           -0.025000 -0.700000  0.125000
   -4.180   -0.222    2.554    2.776    6.200    7.220   11.250   11.934
           -0.025000 -0.700000  0.150000
   -4.159   -0.253    2.476    2.773    6.334    7.328   11.012   11.926
           -0.025000 -0.700000  0.175000
   -4.136   -0.289    2.392    2.771    6.484    7.452   10.765   11.917
           -0.025000 -0.700000  0.200000
   -4.108   -0.330    2.303    2.770    6.649    7.591   10.511   11.907
           -0.025000 -0.700000  0.225000
   -4.078   -0.375    2.212    2.773    6.827    7.745   10.255   11.895
           -0.025000 -0.700000  0.250000
   -4.044   -0.425    2.119    2.778    7.017    7.912    9.997   11.882
           -0.025000 -0.700000  0.275000
   -4.007   -0.479    2.027    2.787    7.217    8.090    9.739   11.868
           -0.025000 -0.700000  0.300000
   -3.966   -0.536    1.935    2.800    7.425    8.280    9.484   11.853
           -0.025000 -0.700000  0.325000
   -3.923   -0.597    1.846    2.816    7.642    8.479    9.232   11.837
           -0.025000 -0.700000  0.350000
   -3.877   -0.660    1.761    2.835    7.867    8.679    8.992   11.820
           -0.025000 -0.700000  0.375000
   -3.828   -0.726    1.678    2.858    8.097    8.704    8.941   11.803
           -0.025000 -0.700000  0.400000
   -3.777   -0.793    1.601    2.883    8.330    8.486    9.151   11.785
           -0.025000 -0.700000  0.425000
   -3.723   -0.862    1.528    2.910    8.245    8.583    9.382   11.767
           -0.025000 -0.700000  0.450000
   -3.668   -0.931    1.460    2.939    8.022    8.829    9.622   11.749
           -0.025000 -0.700000  0.475000
   -3.610   -1.001    1.398    2.968    7.806    9.081    9.868   11.732
           -0.025000 -0.700000  0.500000
   -3.551   -1.072    1.343    2.996    7.600    9.338   10.118   11.715
           -0.025000 -0.700000  0.525000
   -3.490   -1.142    1.294    3.021    7.406    9.598   10.372   11.698
           -0.025000 -0.700000  0.550000
   -3.428   -1.212    1.252    3.043    7.226    9.861   10.627   11.529
           -0.025000 -0.700000  0.575000
   -3.365   -1.281    1.217    3.060    7.061   10.125   10.879   11.264
           -0.025000 -0.700000  0.600000
   -3.302   -1.349    1.190    3.069    6.914   10.386   10.998   11.130
           -0.025000 -0.700000  0.625000
   -3.238   -1.416    1.171    3.070    6.786   10.603   10.789   11.340
           -0.025000 -0.700000  0.650000
   -3.174   -1.483    1.160    3.059    6.680   10.454   10.943   11.485
           -0.025000 -0.700000  0.675000
   -3.111   -1.547    1.157    3.037    6.597   10.210   11.177   11.562
           -0.025000 -0.700000  0.700000
   -3.048   -1.611    1.163    3.001    6.538    9.964   11.359   11.652
           -0.025000 -0.700000  0.725000
   -2.985   -1.673    1.178    2.952    6.504    9.722   11.439   11.810
           -0.025000 -0.700000  0.750000
   -2.924   -1.733    1.202    2.889    6.494    9.485   11.463   11.952
           -0.025000 -0.700000  0.775000
   -2.864   -1.792    1.234    2.815    6.508    9.252   11.472   12.011
           -0.025000 -0.700000  0.800000
   -2.805   -1.849    1.275    2.730    6.545    9.026   11.474   12.016
           -0.025000 -0.700000  0.825000
   -2.748   -1.905    1.325    2.636    6.603    8.805   11.475   12.000
           -0.025000 -0.700000  0.850000
   -2.693   -1.958    1.384    2.535    6.680    8.590   11.476   11.978
           -0.025000 -0.700000  0.875000
   -2.640   -2.009    1.450    2.430    6.774    8.382   11.476   11.954
           -0.025000 -0.700000  0.900000
   -2.590   -2.057    1.524    2.321    6.884    8.181   11.477   11.931
           -0.025000 -0.700000  0.925000
   -2.545   -2.101    1.605    2.212    7.008    7.987   11.478   11.912
           -0.025000 -0.700000  0.950000
   -2.507   -2.138    1.693    2.104    7.144    7.802   11.479   11.898
           -0.025000 -0.700000  0.975000
   -2.481   -2.164    1.785    2.000    7.291    7.625   11.480   11.889
           -0.025000 -0.700000  1.000000
   -2.471   -2.174    1.855    1.925    7.421    7.485   11.480   11.886
