 &plot nbnd=   8, nks=    81 /
           -0.175000 -0.725000 -1.000000
   -3.354   -1.247    1.888    2.318    7.149    7.617   10.608   12.918
           -0.175000 -0.725000 -0.975000
   -3.354   -1.248    1.873    2.337    7.107    7.670   10.609   12.887
           -0.175000 -0.725000 -0.950000
   -3.353   -1.253    1.837    2.387    7.015    7.794   10.611   12.796
           -0.175000 -0.725000 -0.925000
   -3.352   -1.262    1.790    2.455    6.911    7.952   10.616   12.652
           -0.175000 -0.725000 -0.900000
   -3.351   -1.273    1.740    2.534    6.811    8.128   10.622   12.467
           -0.175000 -0.725000 -0.875000
   -3.350   -1.287    1.693    2.616    6.722    8.316   10.629   12.253
           -0.175000 -0.725000 -0.850000
   -3.348   -1.303    1.650    2.698    6.648    8.515   10.638   12.021
           -0.175000 -0.725000 -0.825000
   -3.348   -1.319    1.614    2.776    6.591    8.722   10.647   11.778
           -0.175000 -0.725000 -0.800000
   -3.348   -1.337    1.585    2.848    6.554    8.937   10.655   11.529
           -0.175000 -0.725000 -0.775000
   -3.349   -1.354    1.562    2.913    6.538    9.158   10.659   11.280
           -0.175000 -0.725000 -0.750000
   -3.352   -1.369    1.547    2.967    6.544    9.386   10.649   11.043
           -0.175000 -0.725000 -0.725000
   -3.358   -1.382    1.538    3.011    6.574    9.619   10.581   10.865
           -0.175000 -0.725000 -0.700000
   -3.365   -1.392    1.537    3.043    6.628    9.858   10.399   10.803
           -0.175000 -0.725000 -0.675000
   -3.376   -1.398    1.541    3.064    6.705   10.096   10.166   10.797
           -0.175000 -0.725000 -0.650000
   -3.389   -1.400    1.551    3.075    6.804    9.910   10.350   10.806
           -0.175000 -0.725000 -0.625000
   -3.405   -1.396    1.566    3.077    6.924    9.658   10.594   10.826
           -0.175000 -0.725000 -0.600000
   -3.425   -1.386    1.586    3.072    7.063    9.408   10.776   10.915
           -0.175000 -0.725000 -0.575000
   -3.448   -1.371    1.610    3.061    7.219    9.161   10.816   11.148
           -0.175000 -0.725000 -0.550000
   -3.473   -1.350    1.636    3.047    7.389    8.920   10.827   11.410
           -0.175000 -0.725000 -0.525000
   -3.502   -1.322    1.665    3.031    7.570    8.686   10.826   11.572
           -0.175000 -0.725000 -0.500000
   -3.532   -1.290    1.696    3.014    7.757    8.465   10.805   11.335
           -0.175000 -0.725000 -0.475000
   -3.564   -1.252    1.727    2.998    7.921    8.284   10.731   11.151
           -0.175000 -0.725000 -0.450000
   -3.598   -1.209    1.759    2.984    7.915    8.290   10.572   11.056
           -0.175000 -0.725000 -0.425000
   -3.632   -1.162    1.790    2.973    7.746    8.476   10.355   11.022
           -0.175000 -0.725000 -0.400000
   -3.667   -1.112    1.821    2.965    7.558    8.697   10.119   11.012
           -0.175000 -0.725000 -0.375000
   -3.701   -1.059    1.851    2.960    7.375    8.930    9.878   11.010
           -0.175000 -0.725000 -0.350000
   -3.736   -1.004    1.880    2.957    7.201    9.168    9.640   11.012
           -0.175000 -0.725000 -0.325000
   -3.769   -0.947    1.909    2.956    7.041    9.371    9.445   11.015
           -0.175000 -0.725000 -0.300000
   -3.801   -0.890    1.938    2.955    6.895    9.168    9.665   11.020
           -0.175000 -0.725000 -0.275000
   -3.832   -0.834    1.967    2.954    6.766    8.944    9.911   11.027
           -0.175000 -0.725000 -0.250000
   -3.861   -0.778    1.997    2.949    6.655    8.727   10.155   11.037
           -0.175000 -0.725000 -0.225000
   -3.887   -0.725    2.029    2.940    6.563    8.518   10.392   11.054
           -0.175000 -0.725000 -0.200000
   -3.912   -0.675    2.064    2.926    6.491    8.318   10.610   11.089
           -0.175000 -0.725000 -0.175000
   -3.934   -0.628    2.101    2.905    6.440    8.128   10.780   11.166
           -0.175000 -0.725000 -0.150000
   -3.953   -0.587    2.142    2.877    6.409    7.949   10.875   11.313
           -0.175000 -0.725000 -0.125000
   -3.970   -0.550    2.185    2.843    6.397    7.784   10.916   11.503
           -0.175000 -0.725000 -0.100000
   -3.983   -0.519    2.229    2.804    6.401    7.636   10.934   11.699
           -0.175000 -0.725000 -0.075000
   -3.994   -0.494    2.273    2.764    6.416    7.509   10.944   11.881
           -0.175000 -0.725000 -0.050000
   -4.002   -0.476    2.314    2.725    6.437    7.409   10.948   12.031
           -0.175000 -0.725000 -0.025000
   -4.007   -0.466    2.344    2.696    6.455    7.344   10.951   12.132
           -0.175000 -0.725000  0.000000
   -4.008   -0.462    2.356    2.684    6.462    7.321   10.952   12.168
           -0.175000 -0.725000  0.025000
   -4.007   -0.466    2.344    2.696    6.455    7.344   10.951   12.132
           -0.175000 -0.725000  0.050000
   -4.002   -0.476    2.314    2.725    6.437    7.409   10.948   12.031
           -0.175000 -0.725000  0.075000
   -3.994   -0.494    2.273    2.764    6.416    7.509   10.944   11.881
           -0.175000 -0.725000  0.100000
   -3.983   -0.519    2.229    2.804    6.401    7.636   10.934   11.699
           -0.175000 -0.725000  0.125000
   -3.970   -0.550    2.185    2.843    6.397    7.784   10.916   11.503
           -0.175000 -0.725000  0.150000
   -3.953   -0.587    2.142    2.877    6.409    7.949   10.875   11.313
           -0.175000 -0.725000  0.175000
   -3.934   -0.628    2.101    2.905    6.440    8.128   10.780   11.166
           -0.175000 -0.725000  0.200000
   -3.912   -0.675    2.064    2.926    6.491    8.318   10.610   11.089
           -0.175000 -0.725000  0.225000
   -3.887   -0.725    2.029    2.940    6.563    8.518   10.392   11.054
           -0.175000 -0.725000  0.250000
   -3.861   -0.778    1.997    2.949    6.655    8.727   10.155   11.037
           -0.175000 -0.725000  0.275000
   -3.832   -0.834    1.967    2.954    6.766    8.944    9.911   11.027
           -0.175000 -0.725000  0.300000
   -3.801   -0.890    1.938    2.955    6.895    9.168    9.665   11.020
           -0.175000 -0.725000  0.325000
   -3.769   -0.947    1.909    2.956    7.041    9.371    9.445   11.015
           -0.175000 -0.725000  0.350000
   -3.736   -1.004    1.880    2.957    7.201    9.168    9.640   11.012
           -0.175000 -0.725000  0.375000
   -3.701   -1.059    1.851    2.960    7.375    8.930    9.878   11.010
           -0.175000 -0.725000  0.400000
   -3.667   -1.112    1.821    2.965    7.558    8.697   10.119   11.012
           -0.175000 -0.725000  0.425000
   -3.632   -1.162    1.790    2.973    7.746    8.476   10.355   11.022
           -0.175000 -0.725000  0.450000
   -3.598   -1.209    1.759    2.984    7.915    8.290   10.572   11.056
           -0.175000 -0.725000  0.475000
   -3.564   -1.252    1.727    2.998    7.921    8.284   10.731   11.151
           -0.175000 -0.725000  0.500000
   -3.532   -1.290    1.696    3.014    7.757    8.465   10.805   11.335
           -0.175000 -0.725000  0.525000
   -3.502   -1.322    1.665    3.031    7.570    8.686   10.826   11.572
           -0.175000 -0.725000  0.550000
   -3.473   -1.350    1.636    3.047    7.389    8.920   10.827   11.410
           -0.175000 -0.725000  0.575000
   -3.448   -1.371    1.610    3.061    7.219    9.161   10.816   11.148
           -0.175000 -0.725000  0.600000
   -3.425   -1.386    1.586    3.072    7.063    9.408   10.776   10.915
           -0.175000 -0.725000  0.625000
   -3.405   -1.396    1.566    3.077    6.924    9.658   10.594   10.826
           -0.175000 -0.725000  0.650000
   -3.389   -1.400    1.551    3.075    6.804    9.910   10.350   10.806
           -0.175000 -0.725000  0.675000
   -3.376   -1.398    1.541    3.064    6.705   10.096   10.166   10.797
           -0.175000 -0.725000  0.700000
   -3.365   -1.392    1.537    3.043    6.628    9.858   10.399   10.803
           -0.175000 -0.725000  0.725000
   -3.358   -1.382    1.538    3.011    6.574    9.619   10.581   10.865
           -0.175000 -0.725000  0.750000
   -3.352   -1.369    1.547    2.967    6.544    9.386   10.649   11.043
           -0.175000 -0.725000  0.775000
   -3.349   -1.354    1.562    2.913    6.538    9.158   10.659   11.280
           -0.175000 -0.725000  0.800000
   -3.348   -1.337    1.585    2.848    6.554    8.937   10.655   11.529
           -0.175000 -0.725000  0.825000
   -3.348   -1.319    1.614    2.776    6.591    8.722   10.647   11.778
           -0.175000 -0.725000  0.850000
   -3.348   -1.303    1.650    2.698    6.648    8.515   10.638   12.021
           -0.175000 -0.725000  0.875000
   -3.350   -1.287    1.693    2.616    6.722    8.316   10.629   12.253
           -0.175000 -0.725000  0.900000
   -3.351   -1.273    1.740    2.534    6.811    8.128   10.622   12.467
           -0.175000 -0.725000  0.925000
   -3.352   -1.262    1.790    2.455    6.911    7.952   10.616   12.652
           -0.175000 -0.725000  0.950000
   -3.353   -1.253    1.837    2.387    7.015    7.794   10.611   12.796
           -0.175000 -0.725000  0.975000
   -3.354   -1.248    1.873    2.337    7.107    7.670   10.609   12.887
           -0.175000 -0.725000  1.000000
   -3.354   -1.247    1.888    2.318    7.149    7.617   10.608   12.918
