 &plot nbnd=   8, nks=    81 /
           -0.275000 -0.950000 -1.000000
   -4.089   -0.356    2.693    2.725    5.887    6.877   12.045   12.194
           -0.275000 -0.950000 -0.975000
   -4.087   -0.358    2.674    2.734    5.899    6.889   12.041   12.158
           -0.275000 -0.950000 -0.950000
   -4.081   -0.366    2.636    2.745    5.936    6.923   12.005   12.083
           -0.275000 -0.950000 -0.925000
   -4.072   -0.378    2.587    2.749    5.995    6.980   11.862   12.058
           -0.275000 -0.950000 -0.900000
   -4.060   -0.396    2.529    2.747    6.077    7.059   11.665   12.051
           -0.275000 -0.950000 -0.875000
   -4.044   -0.418    2.463    2.742    6.179    7.157   11.440   12.045
           -0.275000 -0.950000 -0.850000
   -4.025   -0.445    2.391    2.734    6.300    7.275   11.200   12.038
           -0.275000 -0.950000 -0.825000
   -4.002   -0.476    2.314    2.725    6.437    7.409   10.948   12.031
           -0.275000 -0.950000 -0.800000
   -3.976   -0.513    2.233    2.717    6.589    7.559   10.691   12.023
           -0.275000 -0.950000 -0.775000
   -3.947   -0.553    2.150    2.710    6.755    7.723   10.430   12.014
           -0.275000 -0.950000 -0.750000
   -3.914   -0.598    2.066    2.707    6.934    7.901   10.167   12.004
           -0.275000 -0.950000 -0.725000
   -3.879   -0.646    1.982    2.707    7.123    8.090    9.905   11.993
           -0.275000 -0.950000 -0.700000
   -3.841   -0.698    1.898    2.711    7.323    8.290    9.643   11.981
           -0.275000 -0.950000 -0.675000
   -3.800   -0.752    1.817    2.719    7.531    8.500    9.384   11.968
           -0.275000 -0.950000 -0.650000
   -3.756   -0.809    1.737    2.731    7.748    8.717    9.130   11.954
           -0.275000 -0.950000 -0.625000
   -3.711   -0.868    1.662    2.748    7.972    8.861    8.962   11.940
           -0.275000 -0.950000 -0.600000
   -3.663   -0.929    1.590    2.768    8.201    8.629    9.184   11.924
           -0.275000 -0.950000 -0.575000
   -3.613   -0.991    1.522    2.792    8.359    8.469    9.424   11.908
           -0.275000 -0.950000 -0.550000
   -3.561   -1.054    1.459    2.818    8.147    8.692    9.670   11.890
           -0.275000 -0.950000 -0.525000
   -3.508   -1.118    1.402    2.846    7.923    8.940    9.922   11.867
           -0.275000 -0.950000 -0.500000
   -3.454   -1.181    1.351    2.875    7.707    9.194   10.177   11.793
           -0.275000 -0.950000 -0.475000
   -3.399   -1.244    1.306    2.903    7.502    9.452   10.435   11.561
           -0.275000 -0.950000 -0.450000
   -3.343   -1.306    1.268    2.930    7.309    9.713   10.691   11.299
           -0.275000 -0.950000 -0.425000
   -3.287   -1.367    1.237    2.953    7.130    9.977   10.920   11.058
           -0.275000 -0.950000 -0.400000
   -3.231   -1.427    1.214    2.971    6.967   10.237   10.764   11.199
           -0.275000 -0.950000 -0.375000
   -3.176   -1.486    1.199    2.983    6.821   10.414   10.601   11.400
           -0.275000 -0.950000 -0.350000
   -3.121   -1.543    1.191    2.985    6.696   10.220   10.811   11.535
           -0.275000 -0.950000 -0.325000
   -3.067   -1.598    1.192    2.977    6.592    9.975   11.074   11.598
           -0.275000 -0.950000 -0.300000
   -3.015   -1.651    1.202    2.957    6.512    9.730   11.334   11.628
           -0.275000 -0.950000 -0.275000
   -2.964   -1.701    1.220    2.924    6.455    9.490   11.547   11.683
           -0.275000 -0.950000 -0.250000
   -2.916   -1.749    1.247    2.878    6.424    9.254   11.597   11.883
           -0.275000 -0.950000 -0.225000
   -2.869   -1.795    1.282    2.819    6.418    9.023   11.600   12.097
           -0.275000 -0.950000 -0.200000
   -2.826   -1.837    1.327    2.748    6.435    8.798   11.597   12.259
           -0.275000 -0.950000 -0.175000
   -2.786   -1.877    1.380    2.667    6.476    8.580   11.592   12.349
           -0.275000 -0.950000 -0.150000
   -2.749   -1.912    1.441    2.576    6.537    8.368   11.587   12.384
           -0.275000 -0.950000 -0.125000
   -2.716   -1.944    1.509    2.480    6.617    8.163   11.582   12.393
           -0.275000 -0.950000 -0.100000
   -2.688   -1.972    1.585    2.379    6.714    7.965   11.578   12.392
           -0.275000 -0.950000 -0.075000
   -2.665   -1.994    1.667    2.276    6.827    7.776   11.574   12.386
           -0.275000 -0.950000 -0.050000
   -2.648   -2.011    1.754    2.173    6.953    7.596   11.572   12.381
           -0.275000 -0.950000 -0.025000
   -2.637   -2.021    1.841    2.076    7.087    7.430   11.570   12.377
           -0.275000 -0.950000  0.000000
   -2.634   -2.025    1.897    2.017    7.187    7.319   11.570   12.376
           -0.275000 -0.950000  0.025000
   -2.637   -2.021    1.841    2.076    7.087    7.430   11.570   12.377
           -0.275000 -0.950000  0.050000
   -2.648   -2.011    1.754    2.173    6.953    7.596   11.572   12.381
           -0.275000 -0.950000  0.075000
   -2.665   -1.994    1.667    2.276    6.827    7.776   11.574   12.386
           -0.275000 -0.950000  0.100000
   -2.688   -1.972    1.585    2.379    6.714    7.965   11.578   12.392
           -0.275000 -0.950000  0.125000
   -2.716   -1.944    1.509    2.480    6.617    8.163   11.582   12.393
           -0.275000 -0.950000  0.150000
   -2.749   -1.912    1.441    2.576    6.537    8.368   11.587   12.384
           -0.275000 -0.950000  0.175000
   -2.786   -1.877    1.380    2.667    6.476    8.580   11.592   12.349
           -0.275000 -0.950000  0.200000
   -2.826   -1.837    1.327    2.748    6.435    8.798   11.597   12.259
           -0.275000 -0.950000  0.225000
   -2.869   -1.795    1.282    2.819    6.418    9.023   11.600   12.097
           -0.275000 -0.950000  0.250000
   -2.916   -1.749    1.247    2.878    6.424    9.254   11.597   11.883
           -0.275000 -0.950000  0.275000
   -2.964   -1.701    1.220    2.924    6.455    9.490   11.547   11.683
           -0.275000 -0.950000  0.300000
   -3.015   -1.651    1.202    2.957    6.512    9.730   11.334   11.628
           -0.275000 -0.950000  0.325000
   -3.067   -1.598    1.192    2.977    6.592    9.975   11.074   11.598
           -0.275000 -0.950000  0.350000
   -3.121   -1.543    1.191    2.985    6.696   10.220   10.811   11.535
           -0.275000 -0.950000  0.375000
   -3.176   -1.486    1.199    2.983    6.821   10.414   10.601   11.400
           -0.275000 -0.950000  0.400000
   -3.231   -1.427    1.214    2.971    6.967   10.237   10.764   11.199
           -0.275000 -0.950000  0.425000
   -3.287   -1.367    1.237    2.953    7.130    9.977   10.920   11.058
           -0.275000 -0.950000  0.450000
   -3.343   -1.306    1.268    2.930    7.309    9.713   10.691   11.299
           -0.275000 -0.950000  0.475000
   -3.399   -1.244    1.306    2.903    7.502    9.452   10.435   11.561
           -0.275000 -0.950000  0.500000
   -3.454   -1.181    1.351    2.875    7.707    9.194   10.177   11.793
           -0.275000 -0.950000  0.525000
   -3.508   -1.118    1.402    2.846    7.923    8.940    9.922   11.867
           -0.275000 -0.950000  0.550000
   -3.561   -1.054    1.459    2.818    8.147    8.692    9.670   11.890
           -0.275000 -0.950000  0.575000
   -3.613   -0.991    1.522    2.792    8.359    8.469    9.424   11.908
           -0.275000 -0.950000  0.600000
   -3.663   -0.929    1.590    2.768    8.201    8.629    9.184   11.924
           -0.275000 -0.950000  0.625000
   -3.711   -0.868    1.662    2.748    7.972    8.861    8.962   11.940
           -0.275000 -0.950000  0.650000
   -3.756   -0.809    1.737    2.731    7.748    8.717    9.130   11.954
           -0.275000 -0.950000  0.675000
   -3.800   -0.752    1.817    2.719    7.531    8.500    9.384   11.968
           -0.275000 -0.950000  0.700000
   -3.841   -0.698    1.898    2.711    7.323    8.290    9.643   11.981
           -0.275000 -0.950000  0.725000
   -3.879   -0.646    1.982    2.707    7.123    8.090    9.905   11.993
           -0.275000 -0.950000  0.750000
   -3.914   -0.598    2.066    2.707    6.934    7.901   10.167   12.004
           -0.275000 -0.950000  0.775000
   -3.947   -0.553    2.150    2.710    6.755    7.723   10.430   12.014
           -0.275000 -0.950000  0.800000
   -3.976   -0.513    2.233    2.717    6.589    7.559   10.691   12.023
           -0.275000 -0.950000  0.825000
   -4.002   -0.476    2.314    2.725    6.437    7.409   10.948   12.031
           -0.275000 -0.950000  0.850000
   -4.025   -0.445    2.391    2.734    6.300    7.275   11.200   12.038
           -0.275000 -0.950000  0.875000
   -4.044   -0.418    2.463    2.742    6.179    7.157   11.440   12.045
           -0.275000 -0.950000  0.900000
   -4.060   -0.396    2.529    2.747    6.077    7.059   11.665   12.051
           -0.275000 -0.950000  0.925000
   -4.072   -0.378    2.587    2.749    5.995    6.980   11.862   12.058
           -0.275000 -0.950000  0.950000
   -4.081   -0.366    2.636    2.745    5.936    6.923   12.005   12.083
           -0.275000 -0.950000  0.975000
   -4.087   -0.358    2.674    2.734    5.899    6.889   12.041   12.158
           -0.275000 -0.950000  1.000000
   -4.089   -0.356    2.693    2.725    5.887    6.877   12.045   12.194
