 &plot nbnd=   8, nks=    41 /
           -0.600000  0.000000 -1.000000
   -2.381   -2.381    1.645    1.645    8.311    8.311   10.465   10.465
           -0.600000  0.000000 -0.950000
   -2.542   -2.223    1.474    1.843    7.965    8.685   10.422   10.524
           -0.600000  0.000000 -0.900000
   -2.706   -2.067    1.335    2.063    7.652    9.083   10.396   10.600
           -0.600000  0.000000 -0.850000
   -2.874   -1.912    1.230    2.298    7.376    9.501   10.387   10.691
           -0.600000  0.000000 -0.800000
   -3.044   -1.755    1.158    2.540    7.145    9.929   10.404   10.795
           -0.600000  0.000000 -0.750000
   -3.215   -1.597    1.121    2.774    6.969   10.276   10.532   10.909
           -0.600000  0.000000 -0.700000
   -3.385   -1.436    1.118    2.989    6.858   10.368   10.938   11.023
           -0.600000  0.000000 -0.650000
   -3.553   -1.270    1.147    3.167    6.827   10.397   11.092   11.103
           -0.600000  0.000000 -0.600000
   -3.717   -1.101    1.206    3.296    6.885   10.325   10.679   11.049
           -0.600000  0.000000 -0.550000
   -3.874   -0.927    1.293    3.370    7.035    9.925   10.605   10.757
           -0.600000  0.000000 -0.500000
   -4.023   -0.750    1.406    3.394    7.270    9.429   10.337   10.644
           -0.600000  0.000000 -0.450000
   -4.162   -0.570    1.543    3.377    7.574    8.932    9.893   10.701
           -0.600000  0.000000 -0.400000
   -4.289   -0.390    1.701    3.333    7.929    8.448    9.467   10.763
           -0.600000  0.000000 -0.350000
   -4.405   -0.213    1.876    3.272    7.983    8.298    9.094   10.825
           -0.600000  0.000000 -0.300000
   -4.506   -0.041    2.065    3.205    7.542    8.474    8.978   10.884
           -0.600000  0.000000 -0.250000
   -4.593    0.121    2.262    3.137    7.132    8.246    9.325   10.939
           -0.600000  0.000000 -0.200000
   -4.666    0.266    2.458    3.075    6.760    7.979    9.764   10.986
           -0.600000  0.000000 -0.150000
   -4.722    0.390    2.643    3.022    6.439    7.754   10.207   11.025
           -0.600000  0.000000 -0.100000
   -4.763    0.484    2.800    2.981    6.185    7.585   10.619   11.054
           -0.600000  0.000000 -0.050000
   -4.788    0.544    2.907    2.955    6.018    7.481   10.944   11.071
           -0.600000  0.000000  0.000000
   -4.796    0.565    2.946    2.946    5.960    7.446   11.077   11.077
           -0.600000  0.000000  0.050000
   -4.788    0.544    2.907    2.955    6.018    7.481   10.944   11.071
           -0.600000  0.000000  0.100000
   -4.763    0.484    2.800    2.981    6.185    7.585   10.620   11.054
           -0.600000  0.000000  0.150000
   -4.722    0.390    2.643    3.022    6.439    7.754   10.207   11.025
           -0.600000  0.000000  0.200000
   -4.666    0.266    2.458    3.075    6.760    7.979    9.764   10.986
           -0.600000  0.000000  0.250000
   -4.593    0.121    2.262    3.137    7.132    8.246    9.325   10.939
           -0.600000  0.000000  0.300000
   -4.506   -0.041    2.065    3.205    7.542    8.474    8.978   10.884
           -0.600000  0.000000  0.350000
   -4.405   -0.213    1.876    3.272    7.983    8.298    9.094   10.825
           -0.600000  0.000000  0.400000
   -4.289   -0.390    1.701    3.333    7.929    8.448    9.467   10.763
           -0.600000  0.000000  0.450000
   -4.162   -0.570    1.543    3.377    7.574    8.932    9.893   10.701
           -0.600000  0.000000  0.500000
   -4.023   -0.750    1.406    3.394    7.270    9.429   10.337   10.644
           -0.600000  0.000000  0.550000
   -3.874   -0.927    1.293    3.370    7.035    9.925   10.605   10.757
           -0.600000  0.000000  0.600000
   -3.717   -1.101    1.206    3.296    6.885   10.325   10.679   11.049
           -0.600000  0.000000  0.650000
   -3.553   -1.270    1.147    3.167    6.827   10.397   11.091   11.103
           -0.600000  0.000000  0.700000
   -3.385   -1.436    1.118    2.989    6.858   10.368   10.938   11.023
           -0.600000  0.000000  0.750000
   -3.215   -1.597    1.121    2.774    6.969   10.276   10.532   10.909
           -0.600000  0.000000  0.800000
   -3.044   -1.755    1.158    2.540    7.145    9.929   10.404   10.795
           -0.600000  0.000000  0.850000
   -2.874   -1.912    1.230    2.298    7.376    9.501   10.387   10.691
           -0.600000  0.000000  0.900000
   -2.706   -2.067    1.335    2.063    7.652    9.083   10.396   10.600
           -0.600000  0.000000  0.950000
   -2.542   -2.223    1.474    1.843    7.965    8.685   10.422   10.524
           -0.600000  0.000000  1.000000
   -2.381   -2.381    1.645    1.645    8.311    8.311   10.465   10.465
