 &plot nbnd=   8, nks=   101 /
           -0.880000 -0.500000 -1.000000
   -4.672    2.223    3.850    4.236    7.449    9.273   11.036   11.520
           -0.880000 -0.500000 -0.980000
   -4.671    2.215    3.857    4.232    7.454    9.280   11.031   11.507
           -0.880000 -0.500000 -0.960000
   -4.666    2.190    3.874    4.221    7.470    9.302   11.017   11.470
           -0.880000 -0.500000 -0.940000
   -4.658    2.150    3.901    4.203    7.497    9.338   10.990   11.414
           -0.880000 -0.500000 -0.920000
   -4.648    2.098    3.933    4.182    7.534    9.387   10.948   11.348
           -0.880000 -0.500000 -0.900000
   -4.634    2.034    3.961    4.164    7.582    9.449   10.887   11.282
           -0.880000 -0.500000 -0.880000
   -4.617    1.962    3.971    4.163    7.640    9.523   10.802   11.222
           -0.880000 -0.500000 -0.860000
   -4.598    1.883    3.952    4.188    7.708    9.608   10.698   11.172
           -0.880000 -0.500000 -0.840000
   -4.575    1.798    3.910    4.232    7.786    9.699   10.581   11.128
           -0.880000 -0.500000 -0.820000
   -4.549    1.709    3.856    4.286    7.872    9.793   10.461   11.089
           -0.880000 -0.500000 -0.800000
   -4.520    1.617    3.794    4.342    7.967    9.874   10.357   11.053
           -0.880000 -0.500000 -0.780000
   -4.489    1.523    3.726    4.399    8.071    9.903   10.309   11.017
           -0.880000 -0.500000 -0.760000
   -4.454    1.428    3.655    4.454    8.182    9.845   10.354   10.983
           -0.880000 -0.500000 -0.740000
   -4.417    1.332    3.581    4.507    8.300    9.734   10.458   10.952
           -0.880000 -0.500000 -0.720000
   -4.377    1.235    3.505    4.557    8.424    9.606   10.579   10.931
           -0.880000 -0.500000 -0.700000
   -4.334    1.139    3.428    4.602    8.550    9.478   10.680   10.944
           -0.880000 -0.500000 -0.680000
   -4.288    1.043    3.350    4.642    8.673    9.361   10.716   11.031
           -0.880000 -0.500000 -0.660000
   -4.240    0.949    3.272    4.676    8.776    9.273   10.700   11.177
           -0.880000 -0.500000 -0.640000
   -4.189    0.855    3.194    4.704    8.824    9.254   10.666   11.347
           -0.880000 -0.500000 -0.620000
   -4.135    0.762    3.117    4.723    8.791    9.328   10.624   11.530
           -0.880000 -0.500000 -0.600000
   -4.079    0.671    3.041    4.735    8.716    9.459   10.578   11.721
           -0.880000 -0.500000 -0.580000
   -4.020    0.581    2.965    4.737    8.632    9.615   10.530   11.918
           -0.880000 -0.500000 -0.560000
   -3.959    0.493    2.891    4.730    8.551    9.784   10.481   12.121
           -0.880000 -0.500000 -0.540000
   -3.896    0.407    2.819    4.712    8.480    9.960   10.431   12.326
           -0.880000 -0.500000 -0.520000
   -3.830    0.322    2.749    4.683    8.420   10.143   10.381   12.528
           -0.880000 -0.500000 -0.500000
   -3.763    0.240    2.680    4.644    8.374   10.328   10.334   12.681
           -0.880000 -0.500000 -0.480000
   -3.693    0.160    2.614    4.593    8.341   10.280   10.522   12.658
           -0.880000 -0.500000 -0.460000
   -3.622    0.081    2.550    4.532    8.323   10.230   10.717   12.581
           -0.880000 -0.500000 -0.440000
   -3.548    0.005    2.489    4.461    8.318   10.181   10.915   12.501
           -0.880000 -0.500000 -0.420000
   -3.474   -0.069    2.430    4.381    8.328   10.133   11.114   12.424
           -0.880000 -0.500000 -0.400000
   -3.397   -0.141    2.374    4.293    8.350   10.086   11.315   12.350
           -0.880000 -0.500000 -0.380000
   -3.320   -0.212    2.321    4.199    8.385   10.040   11.515   12.283
           -0.880000 -0.500000 -0.360000
   -3.242   -0.280    2.271    4.099    8.431    9.996   11.709   12.227
           -0.880000 -0.500000 -0.340000
   -3.163   -0.346    2.224    3.996    8.488    9.953   11.880   12.199
           -0.880000 -0.500000 -0.320000
   -3.083   -0.410    2.180    3.890    8.554    9.913   11.964   12.261
           -0.880000 -0.500000 -0.300000
   -3.003   -0.472    2.139    3.782    8.629    9.874   11.952   12.425
           -0.880000 -0.500000 -0.280000
   -2.923   -0.532    2.102    3.674    8.713    9.838   11.911   12.619
           -0.880000 -0.500000 -0.260000
   -2.844   -0.590    2.068    3.567    8.804    9.804   11.865   12.816
           -0.880000 -0.500000 -0.240000
   -2.765   -0.646    2.037    3.461    8.901    9.773   11.818   12.826
           -0.880000 -0.500000 -0.220000
   -2.688   -0.700    2.011    3.359    9.004    9.745   11.771   12.647
           -0.880000 -0.500000 -0.200000
   -2.613   -0.752    1.987    3.260    9.111    9.721   11.724   12.465
           -0.880000 -0.500000 -0.180000
   -2.540   -0.802    1.967    3.166    9.221    9.702   11.676   12.290
           -0.880000 -0.500000 -0.160000
   -2.470   -0.850    1.951    3.079    9.330    9.691   11.623   12.126
           -0.880000 -0.500000 -0.140000
   -2.404   -0.895    1.938    2.997    9.430    9.697   11.557   11.981
           -0.880000 -0.500000 -0.120000
   -2.343   -0.936    1.927    2.924    9.501    9.739   11.470   11.865
           -0.880000 -0.500000 -0.100000
   -2.288   -0.974    1.920    2.860    9.531    9.826   11.357   11.784
           -0.880000 -0.500000 -0.080000
   -2.240   -1.007    1.915    2.805    9.539    9.942   11.223   11.731
           -0.880000 -0.500000 -0.060000
   -2.200   -1.034    1.912    2.761    9.539   10.067   11.083   11.698
           -0.880000 -0.500000 -0.040000
   -2.171   -1.055    1.910    2.729    9.537   10.191   10.946   11.678
           -0.880000 -0.500000 -0.020000
   -2.153   -1.068    1.909    2.710    9.535   10.298   10.831   11.666
           -0.880000 -0.500000  0.000000
   -2.147   -1.072    1.909    2.703    9.534   10.347   10.780   11.663
           -0.880000 -0.500000  0.020000
   -2.153   -1.068    1.909    2.710    9.535   10.298   10.831   11.666
           -0.880000 -0.500000  0.040000
   -2.171   -1.055    1.910    2.729    9.537   10.191   10.946   11.678
           -0.880000 -0.500000  0.060000
   -2.200   -1.034    1.912    2.761    9.539   10.067   11.083   11.698
           -0.880000 -0.500000  0.080000
   -2.240   -1.007    1.915    2.805    9.539    9.942   11.223   11.731
           -0.880000 -0.500000  0.100000
   -2.288   -0.974    1.920    2.860    9.531    9.826   11.357   11.784
           -0.880000 -0.500000  0.120000
   -2.343   -0.936    1.927    2.924    9.501    9.739   11.470   11.865
           -0.880000 -0.500000  0.140000
   -2.404   -0.895    1.938    2.997    9.430    9.697   11.557   11.981
           -0.880000 -0.500000  0.160000
   -2.470   -0.850    1.951    3.079    9.330    9.691   11.623   12.126
           -0.880000 -0.500000  0.180000
   -2.540   -0.802    1.967    3.166    9.221    9.702   11.676   12.290
           -0.880000 -0.500000  0.200000
   -2.613   -0.752    1.987    3.260    9.111    9.721   11.724   12.465
           -0.880000 -0.500000  0.220000
   -2.688   -0.700    2.011    3.359    9.004    9.745   11.771   12.647
           -0.880000 -0.500000  0.240000
   -2.765   -0.646    2.037    3.461    8.901    9.773   11.818   12.826
           -0.880000 -0.500000  0.260000
   -2.844   -0.590    2.068    3.567    8.804    9.804   11.865   12.816
           -0.880000 -0.500000  0.280000
   -2.923   -0.532    2.102    3.674    8.713    9.838   11.911   12.619
           -0.880000 -0.500000  0.300000
   -3.003   -0.472    2.139    3.782    8.629    9.874   11.952   12.425
           -0.880000 -0.500000  0.320000
   -3.083   -0.410    2.180    3.890    8.554    9.913   11.964   12.261
           -0.880000 -0.500000  0.340000
   -3.163   -0.346    2.224    3.996    8.488    9.953   11.880   12.199
           -0.880000 -0.500000  0.360000
   -3.242   -0.280    2.271    4.099    8.431    9.996   11.709   12.227
           -0.880000 -0.500000  0.380000
   -3.320   -0.212    2.321    4.199    8.385   10.040   11.515   12.283
           -0.880000 -0.500000  0.400000
   -3.397   -0.141    2.374    4.293    8.350   10.086   11.315   12.350
           -0.880000 -0.500000  0.420000
   -3.474   -0.069    2.430    4.381    8.328   10.133   11.114   12.424
           -0.880000 -0.500000  0.440000
   -3.548    0.005    2.489    4.461    8.318   10.181   10.915   12.501
           -0.880000 -0.500000  0.460000
   -3.622    0.081    2.550    4.532    8.323   10.230   10.717   12.581
           -0.880000 -0.500000  0.480000
   -3.693    0.160    2.614    4.593    8.341   10.280   10.522   12.658
           -0.880000 -0.500000  0.500000
   -3.763    0.240    2.680    4.644    8.374   10.328   10.334   12.681
           -0.880000 -0.500000  0.520000
   -3.830    0.322    2.749    4.683    8.420   10.143   10.381   12.528
           -0.880000 -0.500000  0.540000
   -3.896    0.407    2.819    4.712    8.480    9.960   10.431   12.326
           -0.880000 -0.500000  0.560000
   -3.959    0.493    2.891    4.730    8.551    9.784   10.481   12.121
           -0.880000 -0.500000  0.580000
   -4.020    0.581    2.965    4.737    8.632    9.615   10.530   11.918
           -0.880000 -0.500000  0.600000
   -4.079    0.671    3.041    4.735    8.716    9.459   10.578   11.721
           -0.880000 -0.500000  0.620000
   -4.135    0.762    3.117    4.723    8.791    9.328   10.624   11.530
           -0.880000 -0.500000  0.640000
   -4.189    0.855    3.194    4.704    8.824    9.254   10.666   11.347
           -0.880000 -0.500000  0.660000
   -4.240    0.949    3.272    4.676    8.776    9.273   10.700   11.177
           -0.880000 -0.500000  0.680000
   -4.288    1.043    3.350    4.642    8.673    9.361   10.716   11.031
           -0.880000 -0.500000  0.700000
   -4.334    1.139    3.428    4.602    8.550    9.478   10.680   10.944
           -0.880000 -0.500000  0.720000
   -4.377    1.235    3.505    4.557    8.424    9.606   10.579   10.931
           -0.880000 -0.500000  0.740000
   -4.417    1.332    3.581    4.507    8.300    9.734   10.458   10.952
           -0.880000 -0.500000  0.760000
   -4.454    1.428    3.655    4.454    8.182    9.845   10.354   10.983
           -0.880000 -0.500000  0.780000
   -4.489    1.523    3.726    4.399    8.071    9.903   10.309   11.017
           -0.880000 -0.500000  0.800000
   -4.520    1.617    3.794    4.342    7.967    9.874   10.357   11.053
           -0.880000 -0.500000  0.820000
   -4.549    1.709    3.856    4.286    7.872    9.793   10.461   11.089
           -0.880000 -0.500000  0.840000
   -4.575    1.798    3.910    4.232    7.786    9.699   10.581   11.128
           -0.880000 -0.500000  0.860000
   -4.598    1.883    3.952    4.188    7.708    9.608   10.698   11.172
           -0.880000 -0.500000  0.880000
   -4.617    1.962    3.971    4.163    7.640    9.523   10.802   11.222
           -0.880000 -0.500000  0.900000
   -4.634    2.034    3.961    4.164    7.582    9.449   10.887   11.282
           -0.880000 -0.500000  0.920000
   -4.648    2.098    3.933    4.182    7.534    9.387   10.948   11.348
           -0.880000 -0.500000  0.940000
   -4.658    2.150    3.901    4.203    7.497    9.338   10.990   11.414
           -0.880000 -0.500000  0.960000
   -4.666    2.190    3.874    4.221    7.470    9.302   11.017   11.470
           -0.880000 -0.500000  0.980000
   -4.671    2.215    3.857    4.232    7.454    9.280   11.031   11.507
           -0.880000 -0.500000  1.000000
   -4.672    2.223    3.850    4.236    7.449    9.273   11.036   11.520
