 &plot nbnd=   8, nks=   100 /
           -0.384600  0.794900 -1.000000
   -4.767   -0.025    2.221    2.848    6.550    7.703    9.614   10.928
           -0.384600  0.794900 -0.979800
   -4.765   -0.030    2.223    2.849    6.546    7.716    9.613   10.910
           -0.384600  0.794900 -0.959600
   -4.762   -0.044    2.229    2.853    6.535    7.753    9.610   10.859
           -0.384600  0.794900 -0.939400
   -4.756   -0.068    2.237    2.858    6.520    7.813    9.603   10.780
           -0.384600  0.794900 -0.919200
   -4.747   -0.100    2.248    2.866    6.504    7.892    9.593   10.679
           -0.384600  0.794900 -0.899000
   -4.736   -0.141    2.261    2.876    6.488    7.986    9.579   10.563
           -0.384600  0.794900 -0.878800
   -4.723   -0.188    2.273    2.887    6.477    8.094    9.558   10.440
           -0.384600  0.794900 -0.858600
   -4.708   -0.241    2.285    2.901    6.473    8.212    9.530   10.316
           -0.384600  0.794900 -0.838400
   -4.690   -0.299    2.294    2.917    6.477    8.337    9.491   10.196
           -0.384600  0.794900 -0.818200
   -4.671   -0.361    2.300    2.934    6.490    8.468    9.438   10.088
           -0.384600  0.794900 -0.798000
   -4.648   -0.426    2.303    2.954    6.515    8.598    9.374    9.998
           -0.384600  0.794900 -0.777800
   -4.624   -0.493    2.301    2.974    6.550    8.717    9.305    9.928
           -0.384600  0.794900 -0.757600
   -4.598   -0.562    2.294    2.996    6.596    8.795    9.261    9.875
           -0.384600  0.794900 -0.737400
   -4.570   -0.632    2.282    3.019    6.654    8.790    9.292    9.839
           -0.384600  0.794900 -0.717200
   -4.540   -0.702    2.265    3.044    6.721    8.707    9.390    9.819
           -0.384600  0.794900 -0.697000
   -4.509   -0.772    2.244    3.069    6.798    8.588    9.505    9.825
           -0.384600  0.794900 -0.676800
   -4.476   -0.842    2.218    3.094    6.883    8.457    9.588    9.884
           -0.384600  0.794900 -0.656600
   -4.441   -0.910    2.189    3.119    6.974    8.324    9.616   10.009
           -0.384600  0.794900 -0.636400
   -4.404   -0.977    2.155    3.144    7.066    8.197    9.614   10.172
           -0.384600  0.794900 -0.616200
   -4.367   -1.043    2.119    3.168    7.154    8.084    9.601   10.352
           -0.384600  0.794900 -0.596000
   -4.328   -1.106    2.080    3.190    7.225    7.998    9.584   10.541
           -0.384600  0.794900 -0.575800
   -4.289   -1.166    2.039    3.211    7.263    7.959    9.564   10.737
           -0.384600  0.794900 -0.555600
   -4.249   -1.224    1.997    3.229    7.252    7.981    9.543   10.937
           -0.384600  0.794900 -0.535400
   -4.208   -1.279    1.953    3.243    7.199    8.057    9.521   11.141
           -0.384600  0.794900 -0.515200
   -4.166   -1.330    1.909    3.254    7.123    8.168    9.499   11.346
           -0.384600  0.794900 -0.494900
   -4.125   -1.378    1.864    3.259    7.040    8.302    9.478   11.554
           -0.384600  0.794900 -0.474700
   -4.084   -1.423    1.820    3.259    6.957    8.446    9.458   11.759
           -0.384600  0.794900 -0.454500
   -4.044   -1.463    1.776    3.252    6.882    8.596    9.443   11.956
           -0.384600  0.794900 -0.434300
   -4.004   -1.499    1.733    3.238    6.815    8.745    9.435   12.000
           -0.384600  0.794900 -0.414100
   -3.965   -1.530    1.691    3.217    6.760    8.885    9.442   11.814
           -0.384600  0.794900 -0.393900
   -3.928   -1.557    1.651    3.187    6.717    9.001    9.477   11.617
           -0.384600  0.794900 -0.373700
   -3.893   -1.580    1.612    3.150    6.687    9.075    9.557   11.419
           -0.384600  0.794900 -0.353500
   -3.859   -1.598    1.574    3.105    6.670    9.106    9.683   11.222
           -0.384600  0.794900 -0.333300
   -3.827   -1.611    1.539    3.054    6.668    9.113    9.837   11.026
           -0.384600  0.794900 -0.313100
   -3.798   -1.619    1.506    2.995    6.679    9.106   10.005   10.833
           -0.384600  0.794900 -0.292900
   -3.771   -1.623    1.475    2.932    6.702    9.092   10.179   10.646
           -0.384600  0.794900 -0.272700
   -3.746   -1.623    1.447    2.864    6.738    9.075   10.322   10.496
           -0.384600  0.794900 -0.252500
   -3.723   -1.619    1.421    2.793    6.786    9.057   10.232   10.584
           -0.384600  0.794900 -0.232300
   -3.704   -1.612    1.398    2.720    6.844    9.039   10.056   10.762
           -0.384600  0.794900 -0.212100
   -3.686   -1.602    1.377    2.646    6.912    9.021    9.876   10.945
           -0.384600  0.794900 -0.191900
   -3.671   -1.590    1.360    2.573    6.989    9.004    9.698   11.129
           -0.384600  0.794900 -0.171700
   -3.659   -1.576    1.345    2.502    7.075    8.988    9.522   11.309
           -0.384600  0.794900 -0.151500
   -3.648   -1.561    1.332    2.435    7.168    8.974    9.351   11.482
           -0.384600  0.794900 -0.131300
   -3.638   -1.545    1.323    2.372    7.267    8.959    9.185   11.645
           -0.384600  0.794900 -0.111100
   -3.631   -1.531    1.316    2.314    7.373    8.942    9.028   11.791
           -0.384600  0.794900 -0.090900
   -3.625   -1.517    1.311    2.264    7.482    8.852    8.951   11.909
           -0.384600  0.794900 -0.070700
   -3.621   -1.506    1.308    2.222    7.593    8.707    8.938   11.993
           -0.384600  0.794900 -0.050500
   -3.618   -1.497    1.306    2.190    7.703    8.570    8.931   12.043
           -0.384600  0.794900 -0.030300
   -3.615   -1.491    1.305    2.167    7.803    8.452    8.927   12.069
           -0.384600  0.794900 -0.010100
   -3.614   -1.487    1.304    2.156    7.869    8.376    8.924   12.080
           -0.384600  0.794900  0.010100
   -3.614   -1.487    1.304    2.156    7.869    8.376    8.924   12.080
           -0.384600  0.794900  0.030300
   -3.615   -1.491    1.305    2.167    7.803    8.452    8.927   12.069
           -0.384600  0.794900  0.050500
   -3.618   -1.497    1.306    2.190    7.703    8.570    8.931   12.043
           -0.384600  0.794900  0.070700
   -3.621   -1.506    1.308    2.222    7.593    8.707    8.938   11.992
           -0.384600  0.794900  0.090900
   -3.625   -1.517    1.311    2.264    7.482    8.852    8.951   11.909
           -0.384600  0.794900  0.111100
   -3.631   -1.531    1.316    2.314    7.373    8.942    9.028   11.791
           -0.384600  0.794900  0.131300
   -3.638   -1.545    1.323    2.372    7.267    8.959    9.185   11.645
           -0.384600  0.794900  0.151500
   -3.648   -1.561    1.332    2.435    7.168    8.974    9.351   11.482
           -0.384600  0.794900  0.171700
   -3.659   -1.576    1.345    2.502    7.075    8.988    9.522   11.309
           -0.384600  0.794900  0.191900
   -3.671   -1.590    1.360    2.573    6.989    9.004    9.698   11.129
           -0.384600  0.794900  0.212100
   -3.686   -1.602    1.377    2.646    6.912    9.021    9.876   10.945
           -0.384600  0.794900  0.232300
   -3.704   -1.612    1.398    2.720    6.844    9.039   10.056   10.762
           -0.384600  0.794900  0.252500
   -3.723   -1.619    1.421    2.793    6.786    9.057   10.232   10.584
           -0.384600  0.794900  0.272700
   -3.746   -1.623    1.447    2.864    6.738    9.075   10.322   10.496
           -0.384600  0.794900  0.292900
   -3.771   -1.623    1.475    2.932    6.702    9.092   10.179   10.646
           -0.384600  0.794900  0.313100
   -3.798   -1.619    1.506    2.995    6.679    9.106   10.005   10.833
           -0.384600  0.794900  0.333300
   -3.827   -1.611    1.539    3.054    6.668    9.113    9.837   11.026
           -0.384600  0.794900  0.353500
   -3.859   -1.598    1.574    3.105    6.670    9.106    9.683   11.222
           -0.384600  0.794900  0.373700
   -3.893   -1.580    1.612    3.150    6.687    9.075    9.557   11.419
           -0.384600  0.794900  0.393900
   -3.928   -1.557    1.651    3.187    6.717    9.001    9.477   11.617
           -0.384600  0.794900  0.414100
   -3.965   -1.530    1.691    3.217    6.760    8.885    9.442   11.814
           -0.384600  0.794900  0.434300
   -4.004   -1.499    1.733    3.238    6.815    8.745    9.435   12.000
           -0.384600  0.794900  0.454500
   -4.044   -1.463    1.776    3.252    6.882    8.596    9.443   11.956
           -0.384600  0.794900  0.474700
   -4.084   -1.423    1.820    3.259    6.957    8.446    9.458   11.759
           -0.384600  0.794900  0.494900
   -4.125   -1.378    1.864    3.259    7.040    8.302    9.478   11.554
           -0.384600  0.794900  0.515200
   -4.166   -1.330    1.909    3.254    7.123    8.168    9.499   11.346
           -0.384600  0.794900  0.535400
   -4.208   -1.279    1.953    3.243    7.199    8.057    9.521   11.141
           -0.384600  0.794900  0.555600
   -4.249   -1.224    1.997    3.229    7.252    7.981    9.543   10.937
           -0.384600  0.794900  0.575800
   -4.289   -1.166    2.039    3.211    7.263    7.959    9.564   10.737
           -0.384600  0.794900  0.596000
   -4.328   -1.106    2.080    3.190    7.225    7.998    9.584   10.541
           -0.384600  0.794900  0.616200
   -4.367   -1.043    2.119    3.168    7.154    8.084    9.601   10.352
           -0.384600  0.794900  0.636400
   -4.404   -0.977    2.155    3.144    7.066    8.197    9.614   10.172
           -0.384600  0.794900  0.656600
   -4.441   -0.910    2.189    3.119    6.974    8.324    9.616   10.009
           -0.384600  0.794900  0.676800
   -4.476   -0.842    2.218    3.094    6.883    8.457    9.588    9.884
           -0.384600  0.794900  0.697000
   -4.509   -0.772    2.244    3.069    6.798    8.588    9.505    9.825
           -0.384600  0.794900  0.717200
   -4.540   -0.702    2.265    3.044    6.721    8.707    9.390    9.819
           -0.384600  0.794900  0.737400
   -4.570   -0.632    2.282    3.019    6.654    8.790    9.292    9.839
           -0.384600  0.794900  0.757600
   -4.598   -0.562    2.294    2.996    6.596    8.795    9.261    9.875
           -0.384600  0.794900  0.777800
   -4.624   -0.493    2.301    2.974    6.550    8.717    9.305    9.928
           -0.384600  0.794900  0.798000
   -4.648   -0.426    2.303    2.954    6.515    8.598    9.374    9.998
           -0.384600  0.794900  0.818200
   -4.671   -0.361    2.300    2.934    6.490    8.468    9.438   10.088
           -0.384600  0.794900  0.838400
   -4.690   -0.299    2.294    2.917    6.477    8.337    9.491   10.196
           -0.384600  0.794900  0.858600
   -4.708   -0.241    2.285    2.901    6.473    8.212    9.530   10.316
           -0.384600  0.794900  0.878800
   -4.723   -0.188    2.273    2.887    6.477    8.094    9.558   10.440
           -0.384600  0.794900  0.899000
   -4.736   -0.141    2.261    2.876    6.488    7.986    9.579   10.563
           -0.384600  0.794900  0.919200
   -4.747   -0.100    2.248    2.866    6.504    7.892    9.593   10.679
           -0.384600  0.794900  0.939400
   -4.756   -0.068    2.237    2.858    6.520    7.813    9.603   10.780
           -0.384600  0.794900  0.959600
   -4.762   -0.044    2.229    2.853    6.535    7.753    9.610   10.859
           -0.384600  0.794900  0.979800
   -4.765   -0.030    2.223    2.849    6.546    7.716    9.613   10.910
           -0.384600  0.794900  1.000000
   -4.767   -0.025    2.221    2.848    6.550    7.703    9.614   10.928
