 &plot nbnd=   8, nks=    81 /
           -0.875000  0.450000 -1.000000
   -4.879    0.909    2.943    3.261    6.462    7.982   10.138   10.699
           -0.875000  0.450000 -0.975000
   -4.877    0.901    2.946    3.259    6.469    7.994   10.132   10.677
           -0.875000  0.450000 -0.950000
   -4.871    0.876    2.954    3.251    6.489    8.027   10.113   10.616
           -0.875000  0.450000 -0.925000
   -4.861    0.837    2.963    3.243    6.522    8.081   10.076   10.530
           -0.875000  0.450000 -0.900000
   -4.846    0.783    2.966    3.239    6.569    8.155   10.013   10.439
           -0.875000  0.450000 -0.875000
   -4.828    0.718    2.955    3.246    6.629    8.246    9.916   10.360
           -0.875000  0.450000 -0.850000
   -4.805    0.644    2.927    3.268    6.704    8.351    9.788   10.299
           -0.875000  0.450000 -0.825000
   -4.778    0.562    2.882    3.303    6.792    8.465    9.641   10.253
           -0.875000  0.450000 -0.800000
   -4.747    0.474    2.825    3.346    6.893    8.580    9.493   10.215
           -0.875000  0.450000 -0.775000
   -4.713    0.381    2.759    3.394    7.007    8.676    9.370   10.181
           -0.875000  0.450000 -0.750000
   -4.674    0.285    2.687    3.443    7.131    8.709    9.317   10.150
           -0.875000  0.450000 -0.725000
   -4.632    0.188    2.610    3.491    7.265    8.649    9.368   10.122
           -0.875000  0.450000 -0.700000
   -4.586    0.089    2.531    3.538    7.405    8.530    9.487   10.102
           -0.875000  0.450000 -0.675000
   -4.536   -0.011    2.450    3.582    7.543    8.399    9.625   10.099
           -0.875000  0.450000 -0.650000
   -4.483   -0.110    2.368    3.622    7.660    8.293    9.737   10.143
           -0.875000  0.450000 -0.625000
   -4.426   -0.208    2.286    3.655    7.713    8.263    9.785   10.263
           -0.875000  0.450000 -0.600000
   -4.367   -0.305    2.206    3.682    7.672    8.342    9.782   10.443
           -0.875000  0.450000 -0.575000
   -4.304   -0.401    2.126    3.700    7.578    8.492    9.757   10.651
           -0.875000  0.450000 -0.550000
   -4.238   -0.494    2.049    3.708    7.472    8.675    9.721   10.874
           -0.875000  0.450000 -0.525000
   -4.170   -0.585    1.975    3.704    7.371    8.875    9.681   11.104
           -0.875000  0.450000 -0.500000
   -4.099   -0.674    1.903    3.688    7.282    9.085    9.640   11.331
           -0.875000  0.450000 -0.475000
   -4.026   -0.760    1.835    3.658    7.211    9.296    9.603   11.538
           -0.875000  0.450000 -0.450000
   -3.951   -0.843    1.770    3.614    7.159    9.466    9.613   11.681
           -0.875000  0.450000 -0.425000
   -3.874   -0.923    1.710    3.556    7.128    9.473    9.790   11.720
           -0.875000  0.450000 -0.400000
   -3.797   -1.000    1.654    3.485    7.117    9.436   10.015   11.692
           -0.875000  0.450000 -0.375000
   -3.718   -1.073    1.602    3.401    7.127    9.394   10.246   11.643
           -0.875000  0.450000 -0.350000
   -3.639   -1.144    1.556    3.307    7.157    9.353   10.476   11.592
           -0.875000  0.450000 -0.325000
   -3.560   -1.211    1.515    3.205    7.205    9.312   10.698   11.550
           -0.875000  0.450000 -0.300000
   -3.481   -1.275    1.480    3.097    7.269    9.273   10.897   11.528
           -0.875000  0.450000 -0.275000
   -3.404   -1.335    1.450    2.984    7.349    9.236   11.033   11.365
           -0.875000  0.450000 -0.250000
   -3.328   -1.392    1.426    2.870    7.442    9.202   11.015   11.217
           -0.875000  0.450000 -0.225000
   -3.255   -1.445    1.409    2.756    7.548    9.170   10.832   11.177
           -0.875000  0.450000 -0.200000
   -3.186   -1.494    1.397    2.643    7.666    9.141   10.615   11.150
           -0.875000  0.450000 -0.175000
   -3.120   -1.539    1.392    2.535    7.793    9.114   10.395   11.122
           -0.875000  0.450000 -0.150000
   -3.060   -1.580    1.392    2.433    7.930    9.091   10.178   11.095
           -0.875000  0.450000 -0.125000
   -3.007   -1.616    1.396    2.339    8.075    9.071    9.966   11.071
           -0.875000  0.450000 -0.100000
   -2.961   -1.647    1.405    2.256    8.228    9.054    9.759   11.051
           -0.875000  0.450000 -0.075000
   -2.923   -1.672    1.416    2.185    8.386    9.039    9.560   11.035
           -0.875000  0.450000 -0.050000
   -2.895   -1.690    1.428    2.131    8.547    9.025    9.374   11.024
           -0.875000  0.450000 -0.025000
   -2.878   -1.702    1.436    2.097    8.701    9.001    9.220   11.017
           -0.875000  0.450000  0.000000
   -2.873   -1.706    1.439    2.085    8.791    8.968    9.155   11.014
           -0.875000  0.450000  0.025000
   -2.878   -1.702    1.436    2.097    8.701    9.001    9.220   11.017
           -0.875000  0.450000  0.050000
   -2.895   -1.690    1.428    2.131    8.547    9.025    9.374   11.024
           -0.875000  0.450000  0.075000
   -2.923   -1.672    1.416    2.185    8.386    9.039    9.560   11.035
           -0.875000  0.450000  0.100000
   -2.961   -1.647    1.405    2.256    8.228    9.054    9.759   11.051
           -0.875000  0.450000  0.125000
   -3.007   -1.616    1.396    2.339    8.075    9.071    9.966   11.071
           -0.875000  0.450000  0.150000
   -3.060   -1.580    1.392    2.433    7.930    9.091   10.178   11.095
           -0.875000  0.450000  0.175000
   -3.120   -1.539    1.392    2.535    7.793    9.114   10.395   11.122
           -0.875000  0.450000  0.200000
   -3.186   -1.494    1.397    2.643    7.666    9.141   10.615   11.150
           -0.875000  0.450000  0.225000
   -3.255   -1.445    1.409    2.756    7.548    9.170   10.832   11.177
           -0.875000  0.450000  0.250000
   -3.328   -1.392    1.426    2.870    7.442    9.202   11.015   11.217
           -0.875000  0.450000  0.275000
   -3.404   -1.335    1.450    2.984    7.349    9.236   11.033   11.365
           -0.875000  0.450000  0.300000
   -3.481   -1.275    1.480    3.097    7.269    9.273   10.897   11.528
           -0.875000  0.450000  0.325000
   -3.560   -1.211    1.515    3.205    7.205    9.312   10.698   11.550
           -0.875000  0.450000  0.350000
   -3.639   -1.144    1.556    3.307    7.157    9.353   10.476   11.592
           -0.875000  0.450000  0.375000
   -3.718   -1.073    1.602    3.401    7.127    9.394   10.246   11.643
           -0.875000  0.450000  0.400000
   -3.797   -1.000    1.654    3.485    7.117    9.436   10.015   11.692
           -0.875000  0.450000  0.425000
   -3.874   -0.923    1.710    3.556    7.128    9.473    9.790   11.720
           -0.875000  0.450000  0.450000
   -3.951   -0.843    1.770    3.614    7.159    9.466    9.613   11.681
           -0.875000  0.450000  0.475000
   -4.026   -0.760    1.835    3.658    7.211    9.296    9.603   11.538
           -0.875000  0.450000  0.500000
   -4.099   -0.674    1.903    3.688    7.282    9.085    9.640   11.331
           -0.875000  0.450000  0.525000
   -4.170   -0.585    1.975    3.704    7.371    8.875    9.681   11.104
           -0.875000  0.450000  0.550000
   -4.238   -0.494    2.049    3.708    7.472    8.675    9.721   10.874
           -0.875000  0.450000  0.575000
   -4.304   -0.401    2.126    3.700    7.578    8.492    9.757   10.651
           -0.875000  0.450000  0.600000
   -4.367   -0.305    2.206    3.682    7.672    8.342    9.782   10.443
           -0.875000  0.450000  0.625000
   -4.426   -0.208    2.286    3.655    7.713    8.263    9.785   10.263
           -0.875000  0.450000  0.650000
   -4.483   -0.110    2.368    3.622    7.660    8.293    9.737   10.143
           -0.875000  0.450000  0.675000
   -4.536   -0.011    2.450    3.582    7.543    8.399    9.625   10.099
           -0.875000  0.450000  0.700000
   -4.586    0.089    2.531    3.538    7.405    8.530    9.487   10.102
           -0.875000  0.450000  0.725000
   -4.632    0.188    2.610    3.491    7.265    8.649    9.368   10.122
           -0.875000  0.450000  0.750000
   -4.674    0.285    2.687    3.443    7.131    8.709    9.317   10.150
           -0.875000  0.450000  0.775000
   -4.713    0.381    2.759    3.394    7.007    8.676    9.370   10.181
           -0.875000  0.450000  0.800000
   -4.747    0.474    2.825    3.346    6.893    8.580    9.493   10.215
           -0.875000  0.450000  0.825000
   -4.778    0.562    2.882    3.303    6.792    8.465    9.641   10.253
           -0.875000  0.450000  0.850000
   -4.805    0.644    2.927    3.268    6.704    8.351    9.788   10.299
           -0.875000  0.450000  0.875000
   -4.828    0.718    2.955    3.246    6.629    8.246    9.916   10.360
           -0.875000  0.450000  0.900000
   -4.846    0.783    2.966    3.239    6.569    8.155   10.013   10.439
           -0.875000  0.450000  0.925000
   -4.861    0.837    2.963    3.243    6.522    8.081   10.076   10.530
           -0.875000  0.450000  0.950000
   -4.871    0.876    2.954    3.251    6.489    8.027   10.113   10.616
           -0.875000  0.450000  0.975000
   -4.877    0.901    2.946    3.259    6.469    7.994   10.132   10.677
           -0.875000  0.450000  1.000000
   -4.879    0.909    2.943    3.261    6.462    7.982   10.138   10.699
