 &plot nbnd=   8, nks=    81 /
           -0.850000 -0.300000 -1.000000
   -4.161   -0.249    2.487    2.764    6.335    7.309   11.014   11.961
           -0.850000 -0.300000 -0.975000
   -4.159   -0.253    2.476    2.773    6.334    7.328   11.012   11.926
           -0.850000 -0.300000 -0.950000
   -4.154   -0.264    2.448    2.796    6.332    7.382   11.007   11.829
           -0.850000 -0.300000 -0.925000
   -4.146   -0.284    2.409    2.826    6.333    7.468   10.997   11.686
           -0.850000 -0.300000 -0.900000
   -4.134   -0.311    2.365    2.857    6.343    7.580   10.977   11.517
           -0.850000 -0.300000 -0.875000
   -4.119   -0.344    2.320    2.884    6.365    7.714   10.933   11.346
           -0.850000 -0.300000 -0.850000
   -4.100   -0.385    2.275    2.908    6.403    7.866   10.837   11.212
           -0.850000 -0.300000 -0.825000
   -4.079   -0.430    2.231    2.926    6.459    8.033   10.670   11.138
           -0.850000 -0.300000 -0.800000
   -4.054   -0.481    2.188    2.939    6.534    8.214   10.458   11.102
           -0.850000 -0.300000 -0.775000
   -4.027   -0.537    2.145    2.949    6.628    8.405   10.225   11.081
           -0.850000 -0.300000 -0.750000
   -3.996   -0.595    2.103    2.956    6.739    8.607    9.985   11.067
           -0.850000 -0.300000 -0.725000
   -3.964   -0.657    2.060    2.961    6.868    8.816    9.742   11.055
           -0.850000 -0.300000 -0.700000
   -3.928   -0.720    2.017    2.967    7.013    9.031    9.500   11.045
           -0.850000 -0.300000 -0.675000
   -3.891   -0.784    1.973    2.974    7.172    9.196    9.317   11.035
           -0.850000 -0.300000 -0.650000
   -3.851   -0.849    1.928    2.983    7.344    9.002    9.503   11.025
           -0.850000 -0.300000 -0.625000
   -3.810   -0.913    1.882    2.995    7.526    8.772    9.735   11.017
           -0.850000 -0.300000 -0.600000
   -3.768   -0.976    1.836    3.009    7.714    8.549    9.972   11.012
           -0.850000 -0.300000 -0.575000
   -3.724   -1.037    1.789    3.027    7.893    8.350   10.208   11.013
           -0.850000 -0.300000 -0.550000
   -3.680   -1.096    1.743    3.046    7.964    8.276   10.431   11.030
           -0.850000 -0.300000 -0.525000
   -3.636   -1.151    1.698    3.066    7.825    8.429   10.616   11.090
           -0.850000 -0.300000 -0.500000
   -3.592   -1.203    1.654    3.086    7.641    8.643   10.725   11.230
           -0.850000 -0.300000 -0.475000
   -3.548   -1.251    1.613    3.105    7.459    8.874   10.765   11.442
           -0.850000 -0.300000 -0.450000
   -3.506   -1.295    1.575    3.121    7.287    9.113   10.771   11.601
           -0.850000 -0.300000 -0.425000
   -3.465   -1.333    1.540    3.133    7.129    9.358   10.764   11.340
           -0.850000 -0.300000 -0.400000
   -3.427   -1.367    1.510    3.139    6.988    9.608   10.751   11.078
           -0.850000 -0.300000 -0.375000
   -3.391   -1.395    1.485    3.136    6.865    9.860   10.732   10.823
           -0.850000 -0.300000 -0.350000
   -3.357   -1.418    1.465    3.124    6.763   10.111   10.559   10.729
           -0.850000 -0.300000 -0.325000
   -3.327   -1.436    1.451    3.101    6.684   10.296   10.368   10.724
           -0.850000 -0.300000 -0.300000
   -3.300   -1.449    1.444    3.065    6.627   10.061   10.548   10.776
           -0.850000 -0.300000 -0.275000
   -3.277   -1.457    1.443    3.018    6.595    9.821   10.602   10.963
           -0.850000 -0.300000 -0.250000
   -3.257   -1.461    1.450    2.960    6.586    9.586   10.601   11.208
           -0.850000 -0.300000 -0.225000
   -3.240   -1.461    1.464    2.890    6.600    9.355   10.589   11.461
           -0.850000 -0.300000 -0.200000
   -3.226   -1.458    1.486    2.812    6.636    9.131   10.576   11.713
           -0.850000 -0.300000 -0.175000
   -3.215   -1.454    1.515    2.727    6.692    8.913   10.562   11.958
           -0.850000 -0.300000 -0.150000
   -3.206   -1.448    1.551    2.638    6.766    8.702   10.549   12.191
           -0.850000 -0.300000 -0.125000
   -3.199   -1.442    1.594    2.546    6.856    8.498   10.538   12.400
           -0.850000 -0.300000 -0.100000
   -3.194   -1.436    1.643    2.455    6.960    8.304   10.529   12.573
           -0.850000 -0.300000 -0.075000
   -3.191   -1.430    1.694    2.370    7.074    8.119   10.521   12.696
           -0.850000 -0.300000 -0.050000
   -3.188   -1.426    1.743    2.295    7.194    7.950   10.516   12.769
           -0.850000 -0.300000 -0.025000
   -3.187   -1.423    1.783    2.240    7.304    7.811   10.512   12.804
           -0.850000 -0.300000  0.000000
   -3.187   -1.423    1.798    2.219    7.359    7.746   10.511   12.815
           -0.850000 -0.300000  0.025000
   -3.187   -1.423    1.783    2.240    7.304    7.811   10.512   12.804
           -0.850000 -0.300000  0.050000
   -3.188   -1.426    1.743    2.295    7.194    7.950   10.516   12.769
           -0.850000 -0.300000  0.075000
   -3.191   -1.430    1.694    2.370    7.074    8.119   10.521   12.696
           -0.850000 -0.300000  0.100000
   -3.194   -1.436    1.643    2.455    6.960    8.304   10.529   12.573
           -0.850000 -0.300000  0.125000
   -3.199   -1.442    1.594    2.546    6.856    8.498   10.538   12.400
           -0.850000 -0.300000  0.150000
   -3.206   -1.448    1.551    2.638    6.766    8.702   10.549   12.191
           -0.850000 -0.300000  0.175000
   -3.215   -1.454    1.515    2.727    6.692    8.913   10.562   11.958
           -0.850000 -0.300000  0.200000
   -3.226   -1.458    1.486    2.812    6.636    9.131   10.576   11.713
           -0.850000 -0.300000  0.225000
   -3.240   -1.461    1.464    2.890    6.600    9.355   10.589   11.461
           -0.850000 -0.300000  0.250000
   -3.257   -1.461    1.450    2.960    6.586    9.586   10.601   11.208
           -0.850000 -0.300000  0.275000
   -3.277   -1.457    1.443    3.018    6.595    9.821   10.602   10.963
           -0.850000 -0.300000  0.300000
   -3.300   -1.449    1.444    3.065    6.627   10.061   10.548   10.776
           -0.850000 -0.300000  0.325000
   -3.327   -1.436    1.451    3.101    6.684   10.296   10.368   10.724
           -0.850000 -0.300000  0.350000
   -3.357   -1.418    1.465    3.124    6.763   10.111   10.559   10.729
           -0.850000 -0.300000  0.375000
   -3.391   -1.395    1.485    3.136    6.865    9.860   10.732   10.823
           -0.850000 -0.300000  0.400000
   -3.427   -1.367    1.510    3.139    6.988    9.608   10.751   11.078
           -0.850000 -0.300000  0.425000
   -3.465   -1.333    1.540    3.133    7.129    9.358   10.764   11.340
           -0.850000 -0.300000  0.450000
   -3.506   -1.295    1.575    3.121    7.287    9.113   10.771   11.601
           -0.850000 -0.300000  0.475000
   -3.548   -1.251    1.613    3.105    7.459    8.874   10.765   11.442
           -0.850000 -0.300000  0.500000
   -3.592   -1.203    1.654    3.086    7.641    8.643   10.725   11.230
           -0.850000 -0.300000  0.525000
   -3.636   -1.151    1.698    3.066    7.825    8.429   10.616   11.090
           -0.850000 -0.300000  0.550000
   -3.680   -1.096    1.743    3.046    7.964    8.276   10.431   11.030
           -0.850000 -0.300000  0.575000
   -3.724   -1.037    1.789    3.027    7.893    8.350   10.208   11.013
           -0.850000 -0.300000  0.600000
   -3.768   -0.976    1.836    3.009    7.714    8.549    9.972   11.012
           -0.850000 -0.300000  0.625000
   -3.810   -0.913    1.882    2.995    7.526    8.772    9.735   11.017
           -0.850000 -0.300000  0.650000
   -3.851   -0.849    1.928    2.983    7.344    9.002    9.503   11.025
           -0.850000 -0.300000  0.675000
   -3.891   -0.784    1.973    2.974    7.172    9.196    9.317   11.035
           -0.850000 -0.300000  0.700000
   -3.928   -0.720    2.017    2.967    7.013    9.031    9.500   11.045
           -0.850000 -0.300000  0.725000
   -3.964   -0.657    2.060    2.961    6.868    8.816    9.742   11.055
           -0.850000 -0.300000  0.750000
   -3.996   -0.595    2.103    2.956    6.739    8.607    9.985   11.067
           -0.850000 -0.300000  0.775000
   -4.027   -0.537    2.145    2.949    6.628    8.405   10.225   11.081
           -0.850000 -0.300000  0.800000
   -4.054   -0.481    2.188    2.939    6.534    8.214   10.458   11.102
           -0.850000 -0.300000  0.825000
   -4.079   -0.430    2.231    2.926    6.459    8.033   10.670   11.138
           -0.850000 -0.300000  0.850000
   -4.100   -0.385    2.275    2.908    6.403    7.866   10.837   11.212
           -0.850000 -0.300000  0.875000
   -4.119   -0.344    2.320    2.884    6.365    7.714   10.933   11.346
           -0.850000 -0.300000  0.900000
   -4.134   -0.311    2.365    2.857    6.343    7.580   10.977   11.517
           -0.850000 -0.300000  0.925000
   -4.146   -0.284    2.409    2.826    6.333    7.468   10.997   11.686
           -0.850000 -0.300000  0.950000
   -4.154   -0.264    2.448    2.796    6.332    7.382   11.007   11.829
           -0.850000 -0.300000  0.975000
   -4.159   -0.253    2.476    2.773    6.334    7.328   11.012   11.926
           -0.850000 -0.300000  1.000000
   -4.161   -0.249    2.487    2.764    6.335    7.309   11.014   11.961
