 &plot nbnd=   8, nks=    41 /
           -0.650000 -0.250000 -1.000000
   -3.707   -0.998    1.640    2.532    7.801    8.427    9.222   12.247
           -0.650000 -0.250000 -0.950000
   -3.706   -1.015    1.647    2.560    7.666    8.594    9.227   12.112
           -0.650000 -0.250000 -0.900000
   -3.703   -1.063    1.670    2.638    7.430    8.929    9.240   11.784
           -0.650000 -0.250000 -0.850000
   -3.699   -1.132    1.706    2.756    7.207    9.259    9.321   11.368
           -0.650000 -0.250000 -0.800000
   -3.697   -1.212    1.755    2.897    7.026    9.286    9.743   10.922
           -0.650000 -0.250000 -0.750000
   -3.700   -1.289    1.816    3.042    6.903    9.309   10.178   10.485
           -0.650000 -0.250000 -0.700000
   -3.711   -1.352    1.887    3.173    6.851    9.310   10.032   10.676
           -0.650000 -0.250000 -0.650000
   -3.733   -1.392    1.964    3.275    6.879    9.209    9.728   11.156
           -0.650000 -0.250000 -0.600000
   -3.767   -1.403    2.046    3.338    6.986    8.917    9.633   11.651
           -0.650000 -0.250000 -0.550000
   -3.814   -1.381    2.128    3.364    7.160    8.557    9.638   12.147
           -0.650000 -0.250000 -0.500000
   -3.872   -1.326    2.205    3.359    7.355    8.247    9.666   12.012
           -0.650000 -0.250000 -0.450000
   -3.937   -1.241    2.270    3.335    7.427    8.142    9.700   11.493
           -0.650000 -0.250000 -0.400000
   -4.007   -1.130    2.318    3.300    7.271    8.345    9.736   10.985
           -0.650000 -0.250000 -0.350000
   -4.076   -0.998    2.344    3.258    7.063    8.674    9.777   10.497
           -0.650000 -0.250000 -0.300000
   -4.143   -0.851    2.346    3.210    6.895    9.010    9.837   10.047
           -0.650000 -0.250000 -0.250000
   -4.204   -0.696    2.328    3.154    6.793    9.232    9.644   10.006
           -0.650000 -0.250000 -0.200000
   -4.256   -0.543    2.294    3.091    6.765    9.057    9.560   10.282
           -0.650000 -0.250000 -0.150000
   -4.298   -0.401    2.250    3.026    6.805    8.709    9.591   10.641
           -0.650000 -0.250000 -0.100000
   -4.329   -0.284    2.205    2.971    6.897    8.388    9.608   11.000
           -0.650000 -0.250000 -0.050000
   -4.348   -0.206    2.171    2.934    7.003    8.145    9.615   11.286
           -0.650000 -0.250000  0.000000
   -4.354   -0.178    2.158    2.921    7.055    8.048    9.617   11.401
           -0.650000 -0.250000  0.050000
   -4.348   -0.206    2.171    2.934    7.003    8.145    9.615   11.286
           -0.650000 -0.250000  0.100000
   -4.329   -0.284    2.205    2.971    6.897    8.388    9.608   11.000
           -0.650000 -0.250000  0.150000
   -4.298   -0.401    2.250    3.026    6.805    8.709    9.591   10.641
           -0.650000 -0.250000  0.200000
   -4.256   -0.543    2.294    3.091    6.765    9.057    9.560   10.282
           -0.650000 -0.250000  0.250000
   -4.204   -0.696    2.328    3.154    6.793    9.232    9.644   10.006
           -0.650000 -0.250000  0.300000
   -4.143   -0.851    2.346    3.210    6.895    9.010    9.837   10.047
           -0.650000 -0.250000  0.350000
   -4.076   -0.998    2.344    3.258    7.063    8.674    9.777   10.497
           -0.650000 -0.250000  0.400000
   -4.007   -1.130    2.318    3.300    7.271    8.345    9.736   10.985
           -0.650000 -0.250000  0.450000
   -3.937   -1.241    2.270    3.335    7.427    8.142    9.700   11.493
           -0.650000 -0.250000  0.500000
   -3.872   -1.326    2.205    3.359    7.355    8.247    9.666   12.012
           -0.650000 -0.250000  0.550000
   -3.814   -1.381    2.128    3.364    7.160    8.557    9.638   12.147
           -0.650000 -0.250000  0.600000
   -3.767   -1.403    2.046    3.338    6.986    8.917    9.633   11.651
           -0.650000 -0.250000  0.650000
   -3.733   -1.392    1.964    3.275    6.879    9.209    9.728   11.156
           -0.650000 -0.250000  0.700000
   -3.711   -1.352    1.887    3.173    6.851    9.310   10.032   10.676
           -0.650000 -0.250000  0.750000
   -3.700   -1.289    1.816    3.042    6.903    9.309   10.178   10.485
           -0.650000 -0.250000  0.800000
   -3.697   -1.212    1.755    2.897    7.026    9.286    9.743   10.922
           -0.650000 -0.250000  0.850000
   -3.699   -1.132    1.706    2.756    7.207    9.259    9.321   11.368
           -0.650000 -0.250000  0.900000
   -3.703   -1.063    1.670    2.638    7.430    8.929    9.240   11.784
           -0.650000 -0.250000  0.950000
   -3.706   -1.015    1.647    2.560    7.666    8.594    9.227   12.112
           -0.650000 -0.250000  1.000000
   -3.707   -0.998    1.640    2.532    7.801    8.427    9.222   12.247
