 &plot nbnd=   8, nks=   101 /
            0.130000  0.630000  0.000000
   -4.061    1.170    3.405    3.707    7.187    8.472   11.959   12.686
            0.130000  0.630000  0.010000
   -4.061    1.169    3.404    3.708    7.188    8.475   11.959   12.680
            0.130000  0.630000  0.020000
   -4.060    1.166    3.402    3.709    7.190    8.483   11.958   12.664
            0.130000  0.630000  0.030000
   -4.058    1.160    3.398    3.712    7.193    8.495   11.956   12.638
            0.130000  0.630000  0.040000
   -4.056    1.153    3.393    3.715    7.198    8.513   11.953   12.603
            0.130000  0.630000  0.050000
   -4.053    1.143    3.387    3.720    7.204    8.536   11.949   12.559
            0.130000  0.630000  0.060000
   -4.049    1.131    3.379    3.725    7.212    8.564   11.943   12.508
            0.130000  0.630000  0.070000
   -4.044    1.117    3.370    3.731    7.222    8.596   11.936   12.451
            0.130000  0.630000  0.080000
   -4.039    1.101    3.360    3.737    7.234    8.632   11.927   12.390
            0.130000  0.630000  0.090000
   -4.033    1.084    3.349    3.743    7.249    8.672   11.914   12.326
            0.130000  0.630000  0.100000
   -4.027    1.064    3.338    3.750    7.265    8.717   11.897   12.261
            0.130000  0.630000  0.110000
   -4.020    1.043    3.325    3.758    7.284    8.765   11.873   12.200
            0.130000  0.630000  0.120000
   -4.012    1.020    3.311    3.765    7.306    8.817   11.838   12.144
            0.130000  0.630000  0.130000
   -4.003    0.996    3.297    3.772    7.330    8.872   11.791   12.099
            0.130000  0.630000  0.140000
   -3.994    0.970    3.281    3.780    7.357    8.930   11.731   12.063
            0.130000  0.630000  0.150000
   -3.984    0.943    3.265    3.788    7.387    8.991   11.659   12.037
            0.130000  0.630000  0.160000
   -3.974    0.914    3.248    3.796    7.419    9.056   11.578   12.017
            0.130000  0.630000  0.170000
   -3.963    0.885    3.230    3.804    7.455    9.123   11.491   12.001
            0.130000  0.630000  0.180000
   -3.951    0.854    3.211    3.812    7.493    9.192   11.400   11.988
            0.130000  0.630000  0.190000
   -3.938    0.822    3.192    3.821    7.535    9.264   11.307   11.977
            0.130000  0.630000  0.200000
   -3.925    0.790    3.171    3.830    7.579    9.338   11.211   11.966
            0.130000  0.630000  0.210000
   -3.911    0.756    3.150    3.839    7.626    9.414   11.113   11.956
            0.130000  0.630000  0.220000
   -3.897    0.722    3.127    3.848    7.676    9.493   11.014   11.947
            0.130000  0.630000  0.230000
   -3.882    0.687    3.104    3.858    7.729    9.573   10.914   11.937
            0.130000  0.630000  0.240000
   -3.866    0.652    3.080    3.868    7.785    9.656   10.814   11.928
            0.130000  0.630000  0.250000
   -3.850    0.616    3.056    3.878    7.843    9.740   10.714   11.918
            0.130000  0.630000  0.260000
   -3.833    0.580    3.030    3.889    7.904    9.825   10.613   11.909
            0.130000  0.630000  0.270000
   -3.816    0.543    3.004    3.900    7.967    9.913   10.512   11.899
            0.130000  0.630000  0.280000
   -3.798    0.506    2.978    3.911    8.032   10.001   10.412   11.889
            0.130000  0.630000  0.290000
   -3.779    0.469    2.951    3.922    8.100   10.090   10.313   11.879
            0.130000  0.630000  0.300000
   -3.760    0.432    2.923    3.934    8.171   10.165   10.229   11.868
            0.130000  0.630000  0.310000
   -3.741    0.394    2.895    3.946    8.243   10.103   10.285   11.858
            0.130000  0.630000  0.320000
   -3.720    0.357    2.866    3.959    8.317   10.007   10.377   11.847
            0.130000  0.630000  0.330000
   -3.700    0.319    2.837    3.971    8.394    9.909   10.472   11.836
            0.130000  0.630000  0.340000
   -3.678    0.282    2.808    3.984    8.472    9.811   10.569   11.825
            0.130000  0.630000  0.350000
   -3.657    0.245    2.778    3.997    8.552    9.715   10.667   11.814
            0.130000  0.630000  0.360000
   -3.634    0.208    2.749    4.010    8.634    9.619   10.765   11.803
            0.130000  0.630000  0.370000
   -3.612    0.171    2.719    4.023    8.716    9.525   10.865   11.792
            0.130000  0.630000  0.380000
   -3.588    0.134    2.689    4.035    8.800    9.433   10.965   11.781
            0.130000  0.630000  0.390000
   -3.565    0.097    2.659    4.048    8.883    9.344   11.065   11.771
            0.130000  0.630000  0.400000
   -3.541    0.061    2.629    4.061    8.963    9.261   11.165   11.763
            0.130000  0.630000  0.410000
   -3.516    0.025    2.600    4.073    9.024    9.201   11.263   11.756
            0.130000  0.630000  0.420000
   -3.491   -0.010    2.570    4.085    9.015    9.213   11.357   11.755
            0.130000  0.630000  0.430000
   -3.466   -0.045    2.541    4.096    8.949    9.285   11.443   11.763
            0.130000  0.630000  0.440000
   -3.441   -0.080    2.512    4.107    8.871    9.372   11.511   11.789
            0.130000  0.630000  0.450000
   -3.415   -0.114    2.483    4.118    8.791    9.464   11.553   11.842
            0.130000  0.630000  0.460000
   -3.388   -0.147    2.455    4.128    8.712    9.559   11.570   11.919
            0.130000  0.630000  0.470000
   -3.362   -0.180    2.427    4.136    8.634    9.656   11.573   12.013
            0.130000  0.630000  0.480000
   -3.335   -0.213    2.399    4.144    8.558    9.755   11.568   12.114
            0.130000  0.630000  0.490000
   -3.308   -0.245    2.372    4.151    8.484    9.855   11.559   12.220
            0.130000  0.630000  0.500000
   -3.281   -0.276    2.345    4.157    8.413    9.955   11.547   12.330
            0.130000  0.630000  0.510000
   -3.253   -0.307    2.319    4.161    8.344   10.057   11.534   12.441
            0.130000  0.630000  0.520000
   -3.226   -0.336    2.294    4.164    8.278   10.160   11.520   12.553
            0.130000  0.630000  0.530000
   -3.198   -0.366    2.269    4.166    8.215   10.264   11.505   12.666
            0.130000  0.630000  0.540000
   -3.170   -0.394    2.244    4.165    8.156   10.369   11.489   12.779
            0.130000  0.630000  0.550000
   -3.142   -0.422    2.221    4.163    8.099   10.474   11.474   12.890
            0.130000  0.630000  0.560000
   -3.115   -0.449    2.198    4.159    8.046   10.580   11.458   12.997
            0.130000  0.630000  0.570000
   -3.087   -0.476    2.176    4.153    7.997   10.687   11.441   13.087
            0.130000  0.630000  0.580000
   -3.059   -0.501    2.155    4.145    7.951   10.794   11.425   13.121
            0.130000  0.630000  0.590000
   -3.031   -0.526    2.134    4.135    7.910   10.902   11.408   13.071
            0.130000  0.630000  0.600000
   -3.003   -0.550    2.115    4.122    7.872   11.010   11.392   12.983
            0.130000  0.630000  0.610000
   -2.976   -0.573    2.096    4.107    7.838   11.117   11.376   12.886
            0.130000  0.630000  0.620000
   -2.949   -0.595    2.078    4.090    7.808   11.223   11.361   12.785
            0.130000  0.630000  0.630000
   -2.922   -0.616    2.061    4.070    7.783   11.309   11.367   12.683
            0.130000  0.630000  0.640000
   -2.895   -0.636    2.045    4.048    7.761   11.313   11.454   12.582
            0.130000  0.630000  0.650000
   -2.868   -0.656    2.030    4.023    7.744   11.298   11.559   12.483
            0.130000  0.630000  0.660000
   -2.842   -0.674    2.016    3.996    7.731   11.281   11.664   12.386
            0.130000  0.630000  0.670000
   -2.817   -0.692    2.003    3.967    7.722   11.263   11.766   12.294
            0.130000  0.630000  0.680000
   -2.791   -0.709    1.992    3.936    7.717   11.244   11.858   12.214
            0.130000  0.630000  0.690000
   -2.767   -0.725    1.981    3.902    7.717   11.225   11.914   12.171
            0.130000  0.630000  0.700000
   -2.743   -0.739    1.971    3.867    7.720   11.204   11.897   12.203
            0.130000  0.630000  0.710000
   -2.719   -0.753    1.963    3.829    7.727   11.182   11.831   12.286
            0.130000  0.630000  0.720000
   -2.696   -0.766    1.956    3.790    7.738   11.158   11.752   12.386
            0.130000  0.630000  0.730000
   -2.674   -0.778    1.950    3.749    7.752   11.131   11.670   12.491
            0.130000  0.630000  0.740000
   -2.652   -0.789    1.946    3.707    7.770   11.100   11.591   12.598
            0.130000  0.630000  0.750000
   -2.631   -0.800    1.942    3.663    7.791   11.064   11.517   12.706
            0.130000  0.630000  0.760000
   -2.611   -0.809    1.940    3.618    7.816   11.021   11.449   12.813
            0.130000  0.630000  0.770000
   -2.592   -0.817    1.939    3.573    7.844   10.971   11.391   12.918
            0.130000  0.630000  0.780000
   -2.573   -0.825    1.940    3.526    7.874   10.912   11.341   13.021
            0.130000  0.630000  0.790000
   -2.555   -0.832    1.942    3.479    7.908   10.846   11.301   13.118
            0.130000  0.630000  0.800000
   -2.538   -0.838    1.945    3.431    7.944   10.773   11.267   13.205
            0.130000  0.630000  0.810000
   -2.522   -0.843    1.950    3.383    7.983   10.695   11.240   13.276
            0.130000  0.630000  0.820000
   -2.507   -0.848    1.955    3.335    8.025   10.615   11.217   13.323
            0.130000  0.630000  0.830000
   -2.493   -0.852    1.963    3.287    8.069   10.532   11.197   13.347
            0.130000  0.630000  0.840000
   -2.479   -0.855    1.971    3.239    8.115   10.448   11.180   13.357
            0.130000  0.630000  0.850000
   -2.467   -0.858    1.981    3.192    8.163   10.363   11.166   13.359
            0.130000  0.630000  0.860000
   -2.455   -0.860    1.992    3.145    8.214   10.278   11.153   13.356
            0.130000  0.630000  0.870000
   -2.444   -0.862    2.004    3.099    8.266   10.193   11.141   13.351
            0.130000  0.630000  0.880000
   -2.435   -0.863    2.017    3.054    8.320   10.108   11.131   13.345
            0.130000  0.630000  0.890000
   -2.426   -0.864    2.031    3.010    8.376   10.024   11.122   13.339
            0.130000  0.630000  0.900000
   -2.417   -0.865    2.046    2.968    8.434    9.941   11.114   13.333
            0.130000  0.630000  0.910000
   -2.410   -0.865    2.061    2.927    8.493    9.858   11.106   13.327
            0.130000  0.630000  0.920000
   -2.403   -0.866    2.077    2.889    8.554    9.777   11.100   13.322
            0.130000  0.630000  0.930000
   -2.398   -0.866    2.093    2.852    8.615    9.697   11.095   13.317
            0.130000  0.630000  0.940000
   -2.393   -0.866    2.109    2.819    8.677    9.619   11.090   13.313
            0.130000  0.630000  0.950000
   -2.389   -0.866    2.123    2.789    8.740    9.542   11.086   13.309
            0.130000  0.630000  0.960000
   -2.385   -0.866    2.137    2.764    8.802    9.469   11.083   13.306
            0.130000  0.630000  0.970000
   -2.383   -0.866    2.148    2.742    8.862    9.401   11.080   13.303
            0.130000  0.630000  0.980000
   -2.381   -0.866    2.157    2.727    8.917    9.340   11.079   13.302
            0.130000  0.630000  0.990000
   -2.380   -0.866    2.162    2.717    8.959    9.294   11.077   13.300
            0.130000  0.630000  1.000000
   -2.379   -0.866    2.164    2.714    8.976    9.276   11.077   13.300
