 &plot nbnd=   8, nks=   101 /
            0.560000  0.030000  0.000000
   -4.461    1.902    3.866    3.889    6.958    8.665   12.055   12.100
            0.560000  0.030000  0.010000
   -4.460    1.901    3.866    3.888    6.961    8.667   12.054   12.095
            0.560000  0.030000  0.020000
   -4.459    1.897    3.864    3.887    6.968    8.672   12.049   12.084
            0.560000  0.030000  0.030000
   -4.457    1.891    3.858    3.888    6.981    8.680   12.033   12.072
            0.560000  0.030000  0.040000
   -4.455    1.882    3.848    3.891    6.998    8.691   12.004   12.064
            0.560000  0.030000  0.050000
   -4.451    1.872    3.833    3.896    7.021    8.705   11.962   12.058
            0.560000  0.030000  0.060000
   -4.447    1.858    3.816    3.903    7.048    8.722   11.911   12.054
            0.560000  0.030000  0.070000
   -4.442    1.843    3.795    3.911    7.079    8.743   11.853   12.049
            0.560000  0.030000  0.080000
   -4.437    1.825    3.771    3.920    7.115    8.766   11.789   12.044
            0.560000  0.030000  0.090000
   -4.430    1.806    3.744    3.931    7.155    8.793   11.720   12.038
            0.560000  0.030000  0.100000
   -4.423    1.784    3.715    3.942    7.199    8.822   11.645   12.032
            0.560000  0.030000  0.110000
   -4.415    1.761    3.684    3.955    7.247    8.855   11.567   12.025
            0.560000  0.030000  0.120000
   -4.407    1.736    3.651    3.968    7.298    8.890   11.486   12.017
            0.560000  0.030000  0.130000
   -4.398    1.709    3.616    3.983    7.352    8.928   11.401   12.009
            0.560000  0.030000  0.140000
   -4.387    1.681    3.580    3.998    7.410    8.969   11.315   12.001
            0.560000  0.030000  0.150000
   -4.377    1.651    3.542    4.013    7.470    9.013   11.226   11.991
            0.560000  0.030000  0.160000
   -4.365    1.620    3.503    4.029    7.534    9.060   11.136   11.982
            0.560000  0.030000  0.170000
   -4.353    1.587    3.462    4.046    7.600    9.109   11.045   11.971
            0.560000  0.030000  0.180000
   -4.340    1.554    3.421    4.063    7.668    9.160   10.952   11.960
            0.560000  0.030000  0.190000
   -4.326    1.519    3.380    4.080    7.739    9.215   10.859   11.949
            0.560000  0.030000  0.200000
   -4.312    1.484    3.337    4.098    7.812    9.271   10.765   11.937
            0.560000  0.030000  0.210000
   -4.297    1.447    3.294    4.116    7.887    9.330   10.670   11.925
            0.560000  0.030000  0.220000
   -4.281    1.410    3.251    4.134    7.964    9.391   10.576   11.912
            0.560000  0.030000  0.230000
   -4.264    1.372    3.207    4.152    8.043    9.455   10.481   11.899
            0.560000  0.030000  0.240000
   -4.247    1.333    3.163    4.171    8.123    9.520   10.387   11.885
            0.560000  0.030000  0.250000
   -4.229    1.294    3.119    4.189    8.206    9.587   10.294   11.871
            0.560000  0.030000  0.260000
   -4.210    1.254    3.075    4.207    8.289    9.654   10.202   11.857
            0.560000  0.030000  0.270000
   -4.191    1.214    3.031    4.225    8.375    9.722   10.112   11.842
            0.560000  0.030000  0.280000
   -4.171    1.173    2.987    4.243    8.462    9.783   10.032   11.827
            0.560000  0.030000  0.290000
   -4.150    1.132    2.943    4.261    8.550    9.815    9.983   11.811
            0.560000  0.030000  0.300000
   -4.129    1.091    2.900    4.278    8.639    9.777   10.007   11.795
            0.560000  0.030000  0.310000
   -4.106    1.049    2.857    4.295    8.730    9.701   10.071   11.779
            0.560000  0.030000  0.320000
   -4.084    1.007    2.814    4.312    8.821    9.617   10.147   11.763
            0.560000  0.030000  0.330000
   -4.060    0.965    2.772    4.328    8.914    9.531   10.228   11.746
            0.560000  0.030000  0.340000
   -4.036    0.923    2.730    4.344    9.007    9.445   10.312   11.730
            0.560000  0.030000  0.350000
   -4.011    0.880    2.688    4.359    9.100    9.361   10.398   11.713
            0.560000  0.030000  0.360000
   -3.986    0.838    2.647    4.373    9.185    9.288   10.486   11.696
            0.560000  0.030000  0.370000
   -3.960    0.795    2.607    4.386    9.174    9.312   10.576   11.679
            0.560000  0.030000  0.380000
   -3.933    0.753    2.567    4.399    9.099    9.403   10.667   11.662
            0.560000  0.030000  0.390000
   -3.906    0.710    2.528    4.410    9.020    9.500   10.760   11.645
            0.560000  0.030000  0.400000
   -3.878    0.668    2.489    4.420    8.942    9.599   10.854   11.628
            0.560000  0.030000  0.410000
   -3.850    0.626    2.452    4.429    8.866    9.699   10.948   11.612
            0.560000  0.030000  0.420000
   -3.821    0.583    2.414    4.437    8.792    9.800   11.044   11.597
            0.560000  0.030000  0.430000
   -3.791    0.541    2.378    4.444    8.721    9.902   11.139   11.582
            0.560000  0.030000  0.440000
   -3.761    0.499    2.343    4.448    8.651   10.005   11.234   11.570
            0.560000  0.030000  0.450000
   -3.730    0.457    2.308    4.451    8.585   10.108   11.324   11.564
            0.560000  0.030000  0.460000
   -3.699    0.415    2.274    4.453    8.521   10.211   11.400   11.573
            0.560000  0.030000  0.470000
   -3.667    0.374    2.241    4.452    8.460   10.315   11.441   11.617
            0.560000  0.030000  0.480000
   -3.635    0.332    2.209    4.449    8.403   10.419   11.450   11.696
            0.560000  0.030000  0.490000
   -3.602    0.291    2.178    4.445    8.348   10.524   11.445   11.789
            0.560000  0.030000  0.500000
   -3.568    0.250    2.147    4.437    8.298   10.628   11.435   11.888
            0.560000  0.030000  0.510000
   -3.534    0.210    2.118    4.428    8.250   10.731   11.425   11.988
            0.560000  0.030000  0.520000
   -3.500    0.169    2.089    4.416    8.207   10.832   11.416   12.088
            0.560000  0.030000  0.530000
   -3.465    0.129    2.062    4.402    8.167   10.931   11.409   12.185
            0.560000  0.030000  0.540000
   -3.430    0.089    2.035    4.385    8.131   11.024   11.409   12.276
            0.560000  0.030000  0.550000
   -3.394    0.049    2.010    4.365    8.100   11.105   11.421   12.353
            0.560000  0.030000  0.560000
   -3.358    0.009    1.986    4.343    8.072   11.165   11.453   12.405
            0.560000  0.030000  0.570000
   -3.321   -0.030    1.962    4.318    8.048   11.199   11.513   12.425
            0.560000  0.030000  0.580000
   -3.284   -0.069    1.940    4.291    8.028   11.212   11.593   12.420
            0.560000  0.030000  0.590000
   -3.247   -0.108    1.919    4.261    8.013   11.212   11.686   12.400
            0.560000  0.030000  0.600000
   -3.209   -0.146    1.899    4.228    8.001   11.206   11.784   12.373
            0.560000  0.030000  0.610000
   -3.171   -0.185    1.880    4.193    7.994   11.196   11.885   12.344
            0.560000  0.030000  0.620000
   -3.132   -0.223    1.863    4.156    7.990   11.185   11.984   12.316
            0.560000  0.030000  0.630000
   -3.094   -0.260    1.846    4.116    7.990   11.173   12.075   12.297
            0.560000  0.030000  0.640000
   -3.055   -0.298    1.831    4.075    7.994   11.160   12.137   12.305
            0.560000  0.030000  0.650000
   -3.016   -0.335    1.817    4.031    8.002   11.146   12.147   12.363
            0.560000  0.030000  0.660000
   -2.976   -0.372    1.804    3.985    8.013   11.133   12.128   12.447
            0.560000  0.030000  0.670000
   -2.936   -0.409    1.793    3.938    8.028   11.119   12.100   12.532
            0.560000  0.030000  0.680000
   -2.896   -0.446    1.783    3.889    8.046   11.105   12.070   12.599
            0.560000  0.030000  0.690000
   -2.856   -0.482    1.774    3.839    8.067   11.091   12.038   12.626
            0.560000  0.030000  0.700000
   -2.816   -0.518    1.766    3.787    8.091   11.077   12.006   12.601
            0.560000  0.030000  0.710000
   -2.776   -0.554    1.760    3.734    8.118   11.063   11.974   12.540
            0.560000  0.030000  0.720000
   -2.735   -0.590    1.755    3.681    8.149   11.049   11.942   12.464
            0.560000  0.030000  0.730000
   -2.695   -0.625    1.751    3.626    8.181   11.035   11.910   12.380
            0.560000  0.030000  0.740000
   -2.654   -0.661    1.749    3.571    8.217   11.021   11.878   12.295
            0.560000  0.030000  0.750000
   -2.613   -0.696    1.748    3.515    8.254   11.006   11.845   12.211
            0.560000  0.030000  0.760000
   -2.572   -0.731    1.749    3.459    8.295   10.991   11.811   12.128
            0.560000  0.030000  0.770000
   -2.532   -0.766    1.751    3.402    8.337   10.975   11.775   12.049
            0.560000  0.030000  0.780000
   -2.491   -0.800    1.755    3.346    8.382   10.958   11.734   11.977
            0.560000  0.030000  0.790000
   -2.451   -0.835    1.760    3.289    8.428   10.940   11.689   11.913
            0.560000  0.030000  0.800000
   -2.410   -0.869    1.767    3.232    8.477   10.921   11.636   11.859
            0.560000  0.030000  0.810000
   -2.370   -0.904    1.775    3.176    8.528   10.899   11.578   11.814
            0.560000  0.030000  0.820000
   -2.329   -0.938    1.784    3.120    8.580   10.875   11.517   11.778
            0.560000  0.030000  0.830000
   -2.289   -0.972    1.795    3.064    8.635   10.847   11.455   11.748
            0.560000  0.030000  0.840000
   -2.250   -1.006    1.808    3.009    8.690   10.815   11.395   11.721
            0.560000  0.030000  0.850000
   -2.210   -1.040    1.822    2.954    8.748   10.777   11.340   11.698
            0.560000  0.030000  0.860000
   -2.171   -1.074    1.838    2.900    8.807   10.734   11.291   11.678
            0.560000  0.030000  0.870000
   -2.132   -1.107    1.855    2.847    8.868   10.685   11.247   11.659
            0.560000  0.030000  0.880000
   -2.094   -1.141    1.874    2.794    8.930   10.630   11.210   11.643
            0.560000  0.030000  0.890000
   -2.056   -1.174    1.894    2.743    8.993   10.570   11.179   11.628
            0.560000  0.030000  0.900000
   -2.019   -1.207    1.916    2.693    9.058   10.505   11.154   11.614
            0.560000  0.030000  0.910000
   -1.982   -1.239    1.939    2.643    9.124   10.437   11.133   11.602
            0.560000  0.030000  0.920000
   -1.946   -1.271    1.963    2.595    9.191   10.366   11.116   11.591
            0.560000  0.030000  0.930000
   -1.912   -1.302    1.989    2.549    9.259   10.293   11.102   11.582
            0.560000  0.030000  0.940000
   -1.879   -1.333    2.015    2.504    9.329   10.219   11.091   11.573
            0.560000  0.030000  0.950000
   -1.847   -1.361    2.043    2.460    9.399   10.144   11.082   11.566
            0.560000  0.030000  0.960000
   -1.819   -1.388    2.071    2.420    9.470   10.068   11.076   11.561
            0.560000  0.030000  0.970000
   -1.794   -1.411    2.098    2.382    9.542    9.993   11.071   11.556
            0.560000  0.030000  0.980000
   -1.774   -1.430    2.124    2.350    9.615    9.918   11.067   11.553
            0.560000  0.030000  0.990000
   -1.761   -1.442    2.143    2.326    9.687    9.844   11.065   11.551
            0.560000  0.030000  1.000000
   -1.756   -1.447    2.151    2.317    9.741    9.789   11.064   11.551
