 &plot nbnd=   8, nks=   101 /
            0.200000 -0.200000 -1.000000
   -1.976   -1.379    1.994    3.419    7.019    9.080   13.876   14.436
            0.200000 -0.200000 -0.980000
   -2.002   -1.352    1.998    3.421    7.021    9.082   13.847   14.256
            0.200000 -0.200000 -0.960000
   -2.070   -1.284    2.009    3.425    7.026    9.089   13.769   14.066
            0.200000 -0.200000 -0.940000
   -2.161   -1.192    2.027    3.432    7.036    9.100   13.658   13.875
            0.200000 -0.200000 -0.920000
   -2.266   -1.087    2.052    3.443    7.050    9.116   13.528   13.685
            0.200000 -0.200000 -0.900000
   -2.376   -0.975    2.085    3.456    7.067    9.136   13.388   13.496
            0.200000 -0.200000 -0.880000
   -2.490   -0.860    2.125    3.471    7.088    9.161   13.244   13.307
            0.200000 -0.200000 -0.860000
   -2.605   -0.743    2.172    3.490    7.113    9.190   13.096   13.118
            0.200000 -0.200000 -0.840000
   -2.720   -0.626    2.226    3.512    7.142    9.224   12.930   12.948
            0.200000 -0.200000 -0.820000
   -2.835   -0.509    2.288    3.536    7.174    9.263   12.743   12.801
            0.200000 -0.200000 -0.800000
   -2.949   -0.393    2.356    3.564    7.210    9.306   12.556   12.654
            0.200000 -0.200000 -0.780000
   -3.062   -0.278    2.432    3.594    7.249    9.355   12.371   12.509
            0.200000 -0.200000 -0.760000
   -3.174   -0.163    2.514    3.626    7.291    9.407   12.186   12.366
            0.200000 -0.200000 -0.740000
   -3.284   -0.050    2.602    3.662    7.337    9.465   12.002   12.225
            0.200000 -0.200000 -0.720000
   -3.392    0.061    2.697    3.700    7.386    9.527   11.820   12.086
            0.200000 -0.200000 -0.700000
   -3.498    0.172    2.797    3.741    7.437    9.594   11.638   11.949
            0.200000 -0.200000 -0.680000
   -3.602    0.282    2.903    3.784    7.491    9.666   11.459   11.815
            0.200000 -0.200000 -0.660000
   -3.704    0.390    3.014    3.830    7.548    9.743   11.281   11.683
            0.200000 -0.200000 -0.640000
   -3.803    0.498    3.130    3.879    7.606    9.823   11.105   11.553
            0.200000 -0.200000 -0.620000
   -3.900    0.605    3.249    3.930    7.667    9.908   10.932   11.426
            0.200000 -0.200000 -0.600000
   -3.995    0.711    3.373    3.983    7.729    9.995   10.764   11.300
            0.200000 -0.200000 -0.580000
   -4.086    0.818    3.499    4.039    7.792   10.080   10.606   11.178
            0.200000 -0.200000 -0.560000
   -4.176    0.924    3.628    4.097    7.856   10.147   10.473   11.057
            0.200000 -0.200000 -0.540000
   -4.262    1.030    3.759    4.157    7.920   10.134   10.429   10.939
            0.200000 -0.200000 -0.520000
   -4.346    1.137    3.892    4.220    7.984   10.023   10.491   10.822
            0.200000 -0.200000 -0.500000
   -4.427    1.244    4.025    4.284    8.046    9.883   10.592   10.708
            0.200000 -0.200000 -0.480000
   -4.505    1.352    4.158    4.350    8.105    9.740   10.597   10.707
            0.200000 -0.200000 -0.460000
   -4.580    1.461    4.291    4.418    8.161    9.601   10.487   10.830
            0.200000 -0.200000 -0.440000
   -4.652    1.570    4.422    4.487    8.210    9.472   10.379   10.958
            0.200000 -0.200000 -0.420000
   -4.722    1.681    4.551    4.558    8.249    9.356   10.273   11.089
            0.200000 -0.200000 -0.400000
   -4.788    1.793    4.630    4.676    8.276    9.257   10.169   11.223
            0.200000 -0.200000 -0.380000
   -4.851    1.905    4.703    4.797    8.285    9.182   10.067   11.359
            0.200000 -0.200000 -0.360000
   -4.911    2.020    4.776    4.911    8.275    9.132    9.968   11.493
            0.200000 -0.200000 -0.340000
   -4.968    2.135    4.851    5.017    8.247    9.108    9.870   11.625
            0.200000 -0.200000 -0.320000
   -5.022    2.251    4.925    5.112    8.207    9.107    9.774   11.748
            0.200000 -0.200000 -0.300000
   -5.072    2.369    5.000    5.196    8.162    9.121    9.681   11.856
            0.200000 -0.200000 -0.280000
   -5.120    2.488    5.074    5.265    8.119    9.145    9.591   11.935
            0.200000 -0.200000 -0.260000
   -5.164    2.608    5.147    5.317    8.086    9.174    9.503   11.969
            0.200000 -0.200000 -0.240000
   -5.205    2.729    5.219    5.350    8.067    9.205    9.418   11.945
            0.200000 -0.200000 -0.220000
   -5.243    2.850    5.289    5.363    8.065    9.234    9.336   11.868
            0.200000 -0.200000 -0.200000
   -5.278    2.971    5.356    5.356    8.082    9.259    9.259   11.759
            0.200000 -0.200000 -0.180000
   -5.309    3.093    5.330    5.421    8.117    9.185    9.277   11.636
            0.200000 -0.200000 -0.160000
   -5.337    3.214    5.287    5.482    8.170    9.117    9.288   11.510
            0.200000 -0.200000 -0.140000
   -5.362    3.334    5.229    5.538    8.237    9.054    9.288   11.389
            0.200000 -0.200000 -0.120000
   -5.383    3.451    5.161    5.589    8.318    8.997    9.278   11.277
            0.200000 -0.200000 -0.100000
   -5.402    3.563    5.085    5.634    8.407    8.948    9.254   11.177
            0.200000 -0.200000 -0.080000
   -5.417    3.670    5.006    5.672    8.503    8.906    9.217   11.093
            0.200000 -0.200000 -0.060000
   -5.428    3.765    4.931    5.703    8.602    8.873    9.167   11.026
            0.200000 -0.200000 -0.040000
   -5.436    3.844    4.865    5.725    8.699    8.848    9.106   10.978
            0.200000 -0.200000 -0.020000
   -5.441    3.897    4.820    5.739    8.784    8.834    9.043   10.949
            0.200000 -0.200000  0.000000
   -5.443    3.916    4.803    5.743    8.828    8.829    9.007   10.939
            0.200000 -0.200000  0.020000
   -5.441    3.897    4.820    5.739    8.784    8.834    9.043   10.949
            0.200000 -0.200000  0.040000
   -5.436    3.844    4.865    5.725    8.699    8.848    9.106   10.978
            0.200000 -0.200000  0.060000
   -5.428    3.765    4.931    5.703    8.602    8.873    9.167   11.026
            0.200000 -0.200000  0.080000
   -5.417    3.670    5.006    5.672    8.503    8.906    9.217   11.093
            0.200000 -0.200000  0.100000
   -5.402    3.563    5.085    5.634    8.407    8.948    9.254   11.177
            0.200000 -0.200000  0.120000
   -5.383    3.451    5.161    5.589    8.318    8.997    9.278   11.277
            0.200000 -0.200000  0.140000
   -5.362    3.334    5.229    5.538    8.237    9.054    9.288   11.389
            0.200000 -0.200000  0.160000
   -5.337    3.214    5.287    5.482    8.170    9.117    9.288   11.510
            0.200000 -0.200000  0.180000
   -5.309    3.093    5.330    5.421    8.117    9.185    9.277   11.636
            0.200000 -0.200000  0.200000
   -5.278    2.971    5.356    5.356    8.082    9.259    9.259   11.759
            0.200000 -0.200000  0.220000
   -5.243    2.850    5.289    5.363    8.065    9.234    9.336   11.868
            0.200000 -0.200000  0.240000
   -5.205    2.729    5.219    5.350    8.067    9.205    9.418   11.945
            0.200000 -0.200000  0.260000
   -5.164    2.608    5.147    5.317    8.086    9.174    9.503   11.969
            0.200000 -0.200000  0.280000
   -5.120    2.488    5.074    5.265    8.119    9.145    9.591   11.935
            0.200000 -0.200000  0.300000
   -5.072    2.369    5.000    5.196    8.162    9.121    9.681   11.856
            0.200000 -0.200000  0.320000
   -5.022    2.251    4.925    5.112    8.207    9.107    9.774   11.748
            0.200000 -0.200000  0.340000
   -4.968    2.135    4.851    5.017    8.247    9.108    9.870   11.625
            0.200000 -0.200000  0.360000
   -4.911    2.020    4.776    4.911    8.275    9.132    9.968   11.493
            0.200000 -0.200000  0.380000
   -4.851    1.905    4.703    4.797    8.285    9.182   10.067   11.359
            0.200000 -0.200000  0.400000
   -4.788    1.793    4.630    4.676    8.276    9.257   10.169   11.223
            0.200000 -0.200000  0.420000
   -4.722    1.681    4.551    4.558    8.249    9.356   10.273   11.089
            0.200000 -0.200000  0.440000
   -4.652    1.570    4.422    4.487    8.210    9.472   10.379   10.958
            0.200000 -0.200000  0.460000
   -4.580    1.461    4.291    4.418    8.161    9.601   10.487   10.830
            0.200000 -0.200000  0.480000
   -4.505    1.352    4.158    4.350    8.105    9.740   10.597   10.707
            0.200000 -0.200000  0.500000
   -4.427    1.244    4.025    4.284    8.046    9.883   10.592   10.708
            0.200000 -0.200000  0.520000
   -4.346    1.137    3.892    4.220    7.984   10.023   10.491   10.822
            0.200000 -0.200000  0.540000
   -4.262    1.030    3.759    4.157    7.920   10.134   10.429   10.939
            0.200000 -0.200000  0.560000
   -4.176    0.924    3.628    4.097    7.856   10.147   10.473   11.057
            0.200000 -0.200000  0.580000
   -4.086    0.818    3.499    4.039    7.792   10.080   10.606   11.178
            0.200000 -0.200000  0.600000
   -3.995    0.711    3.373    3.983    7.729    9.995   10.764   11.300
            0.200000 -0.200000  0.620000
   -3.900    0.605    3.249    3.930    7.667    9.908   10.932   11.426
            0.200000 -0.200000  0.640000
   -3.803    0.498    3.130    3.879    7.606    9.823   11.105   11.553
            0.200000 -0.200000  0.660000
   -3.704    0.390    3.014    3.830    7.548    9.743   11.281   11.683
            0.200000 -0.200000  0.680000
   -3.602    0.282    2.903    3.784    7.491    9.666   11.459   11.815
            0.200000 -0.200000  0.700000
   -3.498    0.172    2.797    3.741    7.437    9.594   11.638   11.949
            0.200000 -0.200000  0.720000
   -3.392    0.061    2.697    3.700    7.386    9.527   11.820   12.086
            0.200000 -0.200000  0.740000
   -3.284   -0.050    2.602    3.662    7.337    9.465   12.002   12.225
            0.200000 -0.200000  0.760000
   -3.174   -0.163    2.514    3.626    7.291    9.407   12.186   12.366
            0.200000 -0.200000  0.780000
   -3.062   -0.278    2.432    3.594    7.249    9.355   12.371   12.509
            0.200000 -0.200000  0.800000
   -2.949   -0.393    2.356    3.564    7.210    9.306   12.556   12.654
            0.200000 -0.200000  0.820000
   -2.835   -0.509    2.288    3.536    7.174    9.263   12.743   12.801
            0.200000 -0.200000  0.840000
   -2.720   -0.626    2.226    3.512    7.142    9.224   12.930   12.948
            0.200000 -0.200000  0.860000
   -2.605   -0.743    2.172    3.490    7.113    9.190   13.096   13.118
            0.200000 -0.200000  0.880000
   -2.490   -0.860    2.125    3.471    7.088    9.161   13.244   13.307
            0.200000 -0.200000  0.900000
   -2.376   -0.975    2.085    3.456    7.067    9.136   13.388   13.496
            0.200000 -0.200000  0.920000
   -2.266   -1.087    2.052    3.443    7.050    9.116   13.528   13.685
            0.200000 -0.200000  0.940000
   -2.161   -1.192    2.027    3.432    7.036    9.100   13.658   13.875
            0.200000 -0.200000  0.960000
   -2.070   -1.284    2.009    3.425    7.026    9.089   13.769   14.066
            0.200000 -0.200000  0.980000
   -2.002   -1.352    1.998    3.421    7.021    9.082   13.847   14.256
            0.200000 -0.200000  1.000000
   -1.976   -1.379    1.994    3.419    7.019    9.080   13.876   14.436
