 &plot nbnd=   8, nks=    41 /
            0.500000 -0.400000 -1.000000
   -3.938   -0.662    1.470    3.475    7.328    9.495   10.400   10.718
            0.500000 -0.400000 -0.950000
   -3.937   -0.696    1.523    3.481    7.330    9.374   10.392   10.766
            0.500000 -0.400000 -0.900000
   -3.933   -0.789    1.671    3.496    7.335    9.119   10.208   11.027
            0.500000 -0.400000 -0.850000
   -3.928   -0.915    1.888    3.521    7.334    8.841    9.931   11.396
            0.500000 -0.400000 -0.800000
   -3.925   -1.050    2.151    3.555    7.313    8.586    9.638   11.798
            0.500000 -0.400000 -0.750000
   -3.926   -1.176    2.440    3.597    7.248    8.390    9.356   12.199
            0.500000 -0.400000 -0.700000
   -3.934   -1.279    2.738    3.647    7.118    8.277    9.098   12.533
            0.500000 -0.400000 -0.650000
   -3.954   -1.349    3.028    3.704    6.929    8.244    8.872   12.691
            0.500000 -0.400000 -0.600000
   -3.987   -1.382    3.291    3.768    6.717    8.265    8.683   12.701
            0.500000 -0.400000 -0.550000
   -4.033   -1.373    3.502    3.838    6.521    8.313    8.535   12.663
            0.500000 -0.400000 -0.500000
   -4.090   -1.323    3.644    3.896    6.385    8.363    8.439   12.624
            0.500000 -0.400000 -0.450000
   -4.156   -1.235    3.729    3.896    6.345    8.337    8.464   12.589
            0.500000 -0.400000 -0.400000
   -4.227   -1.112    3.744    3.838    6.415    8.299    8.540   12.516
            0.500000 -0.400000 -0.350000
   -4.298   -0.960    3.584    3.847    6.576    8.282    8.636   12.316
            0.500000 -0.400000 -0.300000
   -4.366   -0.784    3.340    3.869    6.792    8.280    8.760   11.978
            0.500000 -0.400000 -0.250000
   -4.428   -0.590    3.061    3.885    7.030    8.294    8.916   11.582
            0.500000 -0.400000 -0.200000
   -4.482   -0.386    2.774    3.894    7.260    8.331    9.103   11.178
            0.500000 -0.400000 -0.150000
   -4.525   -0.183    2.500    3.899    7.452    8.404    9.314   10.793
            0.500000 -0.400000 -0.100000
   -4.557    0.001    2.262    3.902    7.584    8.518    9.531   10.446
            0.500000 -0.400000 -0.050000
   -4.576    0.137    2.093    3.903    7.655    8.638    9.733   10.159
            0.500000 -0.400000  0.000000
   -4.583    0.188    2.030    3.903    7.676    8.693    9.875    9.986
            0.500000 -0.400000  0.050000
   -4.576    0.137    2.093    3.903    7.655    8.638    9.733   10.159
            0.500000 -0.400000  0.100000
   -4.557    0.001    2.262    3.902    7.584    8.518    9.531   10.446
            0.500000 -0.400000  0.150000
   -4.525   -0.183    2.500    3.899    7.452    8.404    9.314   10.793
            0.500000 -0.400000  0.200000
   -4.482   -0.386    2.774    3.894    7.260    8.331    9.103   11.178
            0.500000 -0.400000  0.250000
   -4.428   -0.590    3.061    3.885    7.030    8.294    8.916   11.582
            0.500000 -0.400000  0.300000
   -4.366   -0.784    3.340    3.869    6.792    8.280    8.760   11.978
            0.500000 -0.400000  0.350000
   -4.298   -0.960    3.584    3.847    6.576    8.282    8.636   12.316
            0.500000 -0.400000  0.400000
   -4.227   -1.112    3.744    3.838    6.415    8.299    8.540   12.516
            0.500000 -0.400000  0.450000
   -4.156   -1.235    3.729    3.896    6.345    8.337    8.464   12.589
            0.500000 -0.400000  0.500000
   -4.090   -1.323    3.644    3.896    6.385    8.363    8.439   12.624
            0.500000 -0.400000  0.550000
   -4.033   -1.373    3.502    3.838    6.521    8.313    8.535   12.663
            0.500000 -0.400000  0.600000
   -3.987   -1.382    3.291    3.768    6.717    8.265    8.683   12.701
            0.500000 -0.400000  0.650000
   -3.954   -1.349    3.028    3.704    6.929    8.244    8.872   12.691
            0.500000 -0.400000  0.700000
   -3.934   -1.279    2.738    3.647    7.118    8.277    9.098   12.533
            0.500000 -0.400000  0.750000
   -3.926   -1.176    2.440    3.597    7.248    8.390    9.356   12.199
            0.500000 -0.400000  0.800000
   -3.925   -1.050    2.151    3.555    7.313    8.586    9.638   11.798
            0.500000 -0.400000  0.850000
   -3.928   -0.915    1.888    3.521    7.334    8.841    9.931   11.396
            0.500000 -0.400000  0.900000
   -3.933   -0.789    1.671    3.496    7.335    9.119   10.208   11.027
            0.500000 -0.400000  0.950000
   -3.937   -0.696    1.523    3.481    7.330    9.374   10.392   10.766
            0.500000 -0.400000  1.000000
   -3.938   -0.662    1.470    3.475    7.328    9.495   10.400   10.718
