 &plot nbnd=   8, nks=    41 /
            0.900000  0.900000 -1.000000
   -6.024    4.220    4.695    4.953    7.344    7.580    7.632    8.118
            0.900000  0.900000 -0.950000
   -6.014    4.100    4.756    4.918    7.252    7.626    7.715    8.175
            0.900000  0.900000 -0.900000
   -5.985    3.849    4.819    4.819    7.160    7.755    7.755    8.380
            0.900000  0.900000 -0.850000
   -5.936    3.555    4.674    4.790    7.170    7.708    7.951    8.684
            0.900000  0.900000 -0.800000
   -5.868    3.240    4.498    4.660    7.259    7.649    8.196    9.008
            0.900000  0.900000 -0.750000
   -5.781    2.915    4.307    4.457    7.289    7.711    8.476    9.295
            0.900000  0.900000 -0.700000
   -5.675    2.584    4.111    4.216    7.192    7.934    8.780    9.478
            0.900000  0.900000 -0.650000
   -5.549    2.246    3.915    3.958    7.052    8.200    9.102    9.513
            0.900000  0.900000 -0.600000
   -5.406    1.903    3.701    3.726    6.904    8.414    9.436    9.477
            0.900000  0.900000 -0.550000
   -5.243    1.556    3.452    3.545    6.757    8.456    9.551    9.780
            0.900000  0.900000 -0.500000
   -5.063    1.203    3.218    3.376    6.618    8.307    9.800   10.132
            0.900000  0.900000 -0.450000
   -4.865    0.845    3.002    3.219    6.489    8.070   10.145   10.490
            0.900000  0.900000 -0.400000
   -4.650    0.484    2.807    3.077    6.375    7.814   10.531   10.854
            0.900000  0.900000 -0.350000
   -4.418    0.119    2.634    2.949    6.275    7.564   10.938   11.223
            0.900000  0.900000 -0.300000
   -4.169   -0.246    2.484    2.838    6.192    7.333   11.356   11.597
            0.900000  0.900000 -0.250000
   -3.906   -0.612    2.357    2.743    6.125    7.128   11.781   11.975
            0.900000  0.900000 -0.200000
   -3.627   -0.975    2.253    2.664    6.075    6.951   12.210   12.355
            0.900000  0.900000 -0.150000
   -3.334   -1.334    2.172    2.603    6.041    6.808   12.639   12.731
            0.900000  0.900000 -0.100000
   -3.029   -1.688    2.114    2.559    6.020    6.701   13.058   13.089
            0.900000  0.900000 -0.050000
   -2.714   -2.032    2.080    2.533    6.009    6.635   13.385   13.438
            0.900000  0.900000  0.000000
   -2.446   -2.310    2.068    2.524    6.006    6.612   13.515   13.637
            0.900000  0.900000  0.050000
   -2.714   -2.032    2.080    2.533    6.009    6.635   13.385   13.438
            0.900000  0.900000  0.100000
   -3.029   -1.688    2.114    2.559    6.020    6.701   13.058   13.089
            0.900000  0.900000  0.150000
   -3.334   -1.334    2.172    2.603    6.041    6.808   12.639   12.731
            0.900000  0.900000  0.200000
   -3.627   -0.975    2.253    2.664    6.075    6.951   12.210   12.355
            0.900000  0.900000  0.250000
   -3.906   -0.612    2.357    2.743    6.125    7.128   11.781   11.975
            0.900000  0.900000  0.300000
   -4.169   -0.246    2.484    2.838    6.192    7.333   11.356   11.597
            0.900000  0.900000  0.350000
   -4.418    0.119    2.634    2.949    6.275    7.564   10.938   11.223
            0.900000  0.900000  0.400000
   -4.650    0.484    2.807    3.077    6.375    7.814   10.531   10.854
            0.900000  0.900000  0.450000
   -4.865    0.845    3.002    3.219    6.489    8.070   10.145   10.490
            0.900000  0.900000  0.500000
   -5.063    1.203    3.218    3.376    6.618    8.307    9.800   10.132
            0.900000  0.900000  0.550000
   -5.243    1.556    3.452    3.545    6.757    8.456    9.551    9.780
            0.900000  0.900000  0.600000
   -5.406    1.903    3.701    3.726    6.904    8.414    9.436    9.477
            0.900000  0.900000  0.650000
   -5.549    2.246    3.915    3.958    7.052    8.200    9.102    9.513
            0.900000  0.900000  0.700000
   -5.675    2.584    4.111    4.216    7.192    7.934    8.780    9.478
            0.900000  0.900000  0.750000
   -5.781    2.915    4.307    4.457    7.289    7.711    8.476    9.295
            0.900000  0.900000  0.800000
   -5.868    3.240    4.498    4.660    7.259    7.649    8.196    9.008
            0.900000  0.900000  0.850000
   -5.936    3.555    4.674    4.790    7.170    7.708    7.951    8.684
            0.900000  0.900000  0.900000
   -5.985    3.849    4.819    4.819    7.160    7.755    7.755    8.380
            0.900000  0.900000  0.950000
   -6.014    4.100    4.756    4.918    7.252    7.626    7.715    8.175
            0.900000  0.900000  1.000000
   -6.024    4.220    4.695    4.953    7.344    7.580    7.632    8.118
