 &plot nbnd=   8, nks=   101 /
            0.070000  0.590000  0.000000
   -4.304    1.601    3.702    3.811    6.989    8.528   12.118   12.353
            0.070000  0.590000  0.010000
   -4.303    1.600    3.702    3.810    6.991    8.530   12.117   12.349
            0.070000  0.590000  0.020000
   -4.302    1.596    3.699    3.810    6.997    8.535   12.114   12.334
            0.070000  0.590000  0.030000
   -4.301    1.591    3.695    3.810    7.007    8.544   12.109   12.312
            0.070000  0.590000  0.040000
   -4.298    1.583    3.689    3.810    7.021    8.557   12.101   12.282
            0.070000  0.590000  0.050000
   -4.295    1.573    3.680    3.811    7.040    8.574   12.087   12.248
            0.070000  0.590000  0.060000
   -4.291    1.561    3.669    3.813    7.062    8.594   12.065   12.214
            0.070000  0.590000  0.070000
   -4.286    1.546    3.655    3.817    7.087    8.617   12.030   12.186
            0.070000  0.590000  0.080000
   -4.280    1.530    3.638    3.821    7.117    8.644   11.981   12.165
            0.070000  0.590000  0.090000
   -4.274    1.512    3.618    3.827    7.150    8.675   11.920   12.150
            0.070000  0.590000  0.100000
   -4.267    1.492    3.596    3.835    7.187    8.709   11.850   12.138
            0.070000  0.590000  0.110000
   -4.260    1.470    3.572    3.843    7.226    8.746   11.774   12.129
            0.070000  0.590000  0.120000
   -4.251    1.447    3.546    3.852    7.270    8.786   11.693   12.120
            0.070000  0.590000  0.130000
   -4.242    1.422    3.518    3.862    7.316    8.830   11.608   12.111
            0.070000  0.590000  0.140000
   -4.232    1.395    3.488    3.873    7.365    8.876   11.521   12.103
            0.070000  0.590000  0.150000
   -4.222    1.367    3.456    3.885    7.417    8.926   11.431   12.094
            0.070000  0.590000  0.160000
   -4.211    1.338    3.424    3.897    7.472    8.978   11.338   12.085
            0.070000  0.590000  0.170000
   -4.199    1.307    3.390    3.910    7.529    9.033   11.245   12.076
            0.070000  0.590000  0.180000
   -4.186    1.276    3.355    3.923    7.589    9.091   11.150   12.066
            0.070000  0.590000  0.190000
   -4.173    1.243    3.319    3.937    7.652    9.152   11.053   12.056
            0.070000  0.590000  0.200000
   -4.159    1.209    3.282    3.951    7.716    9.215   10.956   12.046
            0.070000  0.590000  0.210000
   -4.144    1.175    3.245    3.966    7.783    9.280   10.859   12.035
            0.070000  0.590000  0.220000
   -4.129    1.139    3.207    3.981    7.852    9.348   10.760   12.024
            0.070000  0.590000  0.230000
   -4.113    1.103    3.168    3.996    7.923    9.419   10.662   12.012
            0.070000  0.590000  0.240000
   -4.096    1.066    3.129    4.012    7.996    9.491   10.563   12.000
            0.070000  0.590000  0.250000
   -4.078    1.029    3.090    4.028    8.071    9.566   10.465   11.988
            0.070000  0.590000  0.260000
   -4.060    0.991    3.050    4.044    8.148    9.642   10.367   11.975
            0.070000  0.590000  0.270000
   -4.042    0.952    3.011    4.060    8.227    9.721   10.269   11.962
            0.070000  0.590000  0.280000
   -4.022    0.914    2.971    4.076    8.307    9.801   10.171   11.949
            0.070000  0.590000  0.290000
   -4.002    0.874    2.931    4.092    8.389    9.881   10.076   11.935
            0.070000  0.590000  0.300000
   -3.981    0.835    2.891    4.108    8.472    9.944   10.001   11.921
            0.070000  0.590000  0.310000
   -3.960    0.795    2.852    4.124    8.557    9.874   10.060   11.906
            0.070000  0.590000  0.320000
   -3.938    0.755    2.812    4.140    8.643    9.781   10.146   11.892
            0.070000  0.590000  0.330000
   -3.915    0.715    2.773    4.156    8.730    9.688   10.234   11.877
            0.070000  0.590000  0.340000
   -3.892    0.675    2.734    4.172    8.818    9.595   10.324   11.862
            0.070000  0.590000  0.350000
   -3.868    0.635    2.695    4.187    8.907    9.504   10.416   11.847
            0.070000  0.590000  0.360000
   -3.844    0.595    2.657    4.201    8.996    9.416   10.510   11.831
            0.070000  0.590000  0.370000
   -3.819    0.555    2.619    4.216    9.081    9.334   10.604   11.816
            0.070000  0.590000  0.380000
   -3.793    0.514    2.582    4.230    9.142    9.278   10.700   11.801
            0.070000  0.590000  0.390000
   -3.767    0.474    2.545    4.243    9.114    9.314   10.796   11.786
            0.070000  0.590000  0.400000
   -3.740    0.434    2.508    4.255    9.041    9.398   10.894   11.771
            0.070000  0.590000  0.410000
   -3.713    0.394    2.472    4.267    8.961    9.491   10.991   11.757
            0.070000  0.590000  0.420000
   -3.685    0.355    2.437    4.278    8.882    9.588   11.089   11.744
            0.070000  0.590000  0.430000
   -3.657    0.315    2.402    4.287    8.803    9.686   11.185   11.734
            0.070000  0.590000  0.440000
   -3.628    0.276    2.368    4.296    8.726    9.785   11.279   11.727
            0.070000  0.590000  0.450000
   -3.599    0.237    2.335    4.303    8.652    9.886   11.367   11.727
            0.070000  0.590000  0.460000
   -3.569    0.198    2.302    4.309    8.579    9.988   11.441   11.741
            0.070000  0.590000  0.470000
   -3.539    0.159    2.271    4.314    8.510   10.090   11.493   11.778
            0.070000  0.590000  0.480000
   -3.508    0.121    2.239    4.317    8.443   10.194   11.519   11.843
            0.070000  0.590000  0.490000
   -3.477    0.083    2.209    4.318    8.379   10.298   11.526   11.928
            0.070000  0.590000  0.500000
   -3.445    0.045    2.180    4.318    8.318   10.403   11.522   12.024
            0.070000  0.590000  0.510000
   -3.413    0.008    2.151    4.315    8.260   10.508   11.513   12.126
            0.070000  0.590000  0.520000
   -3.380   -0.029    2.123    4.311    8.206   10.614   11.501   12.231
            0.070000  0.590000  0.530000
   -3.348   -0.066    2.096    4.304    8.155   10.720   11.487   12.339
            0.070000  0.590000  0.540000
   -3.314   -0.102    2.071    4.295    8.108   10.827   11.473   12.447
            0.070000  0.590000  0.550000
   -3.281   -0.138    2.046    4.284    8.065   10.933   11.459   12.556
            0.070000  0.590000  0.560000
   -3.247   -0.174    2.022    4.270    8.026   11.039   11.445   12.663
            0.070000  0.590000  0.570000
   -3.213   -0.209    1.999    4.254    7.990   11.143   11.433   12.764
            0.070000  0.590000  0.580000
   -3.179   -0.244    1.977    4.235    7.959   11.240   11.428   12.853
            0.070000  0.590000  0.590000
   -3.144   -0.278    1.956    4.214    7.932   11.312   11.448   12.909
            0.070000  0.590000  0.600000
   -3.109   -0.312    1.936    4.190    7.909   11.334   11.518   12.919
            0.070000  0.590000  0.610000
   -3.074   -0.346    1.917    4.163    7.890   11.329   11.615   12.900
            0.070000  0.590000  0.620000
   -3.039   -0.379    1.900    4.134    7.875   11.317   11.718   12.866
            0.070000  0.590000  0.630000
   -3.003   -0.412    1.883    4.103    7.864   11.302   11.824   12.825
            0.070000  0.590000  0.640000
   -2.967   -0.444    1.868    4.069    7.857   11.287   11.929   12.775
            0.070000  0.590000  0.650000
   -2.932   -0.476    1.854    4.033    7.855   11.270   12.033   12.718
            0.070000  0.590000  0.660000
   -2.896   -0.508    1.841    3.994    7.856   11.253   12.134   12.653
            0.070000  0.590000  0.670000
   -2.860   -0.539    1.829    3.954    7.861   11.236   12.228   12.582
            0.070000  0.590000  0.680000
   -2.824   -0.569    1.819    3.912    7.870   11.219   12.306   12.515
            0.070000  0.590000  0.690000
   -2.789   -0.600    1.810    3.868    7.883   11.202   12.332   12.484
            0.070000  0.590000  0.700000
   -2.753   -0.630    1.802    3.822    7.898   11.184   12.279   12.509
            0.070000  0.590000  0.710000
   -2.717   -0.659    1.795    3.775    7.918   11.166   12.199   12.537
            0.070000  0.590000  0.720000
   -2.682   -0.688    1.790    3.726    7.940   11.147   12.112   12.549
            0.070000  0.590000  0.730000
   -2.647   -0.717    1.787    3.676    7.966   11.128   12.024   12.547
            0.070000  0.590000  0.740000
   -2.611   -0.745    1.784    3.625    7.995   11.107   11.935   12.537
            0.070000  0.590000  0.750000
   -2.577   -0.773    1.783    3.574    8.026   11.086   11.848   12.523
            0.070000  0.590000  0.760000
   -2.542   -0.800    1.784    3.521    8.061   11.063   11.762   12.507
            0.070000  0.590000  0.770000
   -2.508   -0.827    1.786    3.468    8.098   11.037   11.679   12.489
            0.070000  0.590000  0.780000
   -2.474   -0.853    1.789    3.415    8.137   11.008   11.601   12.471
            0.070000  0.590000  0.790000
   -2.441   -0.879    1.794    3.361    8.179   10.976   11.527   12.453
            0.070000  0.590000  0.800000
   -2.408   -0.905    1.800    3.307    8.223   10.938   11.459   12.436
            0.070000  0.590000  0.810000
   -2.375   -0.930    1.808    3.253    8.269   10.894   11.398   12.419
            0.070000  0.590000  0.820000
   -2.343   -0.954    1.817    3.199    8.318   10.844   11.344   12.403
            0.070000  0.590000  0.830000
   -2.312   -0.978    1.827    3.145    8.368   10.787   11.299   12.387
            0.070000  0.590000  0.840000
   -2.282   -1.001    1.840    3.092    8.421   10.724   11.261   12.372
            0.070000  0.590000  0.850000
   -2.253   -1.024    1.853    3.039    8.475   10.656   11.229   12.358
            0.070000  0.590000  0.860000
   -2.224   -1.046    1.868    2.987    8.531   10.583   11.203   12.345
            0.070000  0.590000  0.870000
   -2.197   -1.067    1.884    2.936    8.589   10.508   11.181   12.333
            0.070000  0.590000  0.880000
   -2.170   -1.088    1.902    2.885    8.649   10.430   11.163   12.321
            0.070000  0.590000  0.890000
   -2.145   -1.107    1.921    2.836    8.710   10.351   11.147   12.311
            0.070000  0.590000  0.900000
   -2.121   -1.126    1.941    2.788    8.772   10.272   11.134   12.301
            0.070000  0.590000  0.910000
   -2.099   -1.143    1.962    2.741    8.836   10.191   11.123   12.292
            0.070000  0.590000  0.920000
   -2.078   -1.160    1.984    2.696    8.901   10.111   11.113   12.284
            0.070000  0.590000  0.930000
   -2.059   -1.175    2.007    2.653    8.968   10.031   11.105   12.277
            0.070000  0.590000  0.940000
   -2.042   -1.188    2.029    2.612    9.035    9.951   11.098   12.271
            0.070000  0.590000  0.950000
   -2.028   -1.200    2.052    2.574    9.104    9.873   11.093   12.266
            0.070000  0.590000  0.960000
   -2.016   -1.210    2.073    2.541    9.173    9.795   11.088   12.262
            0.070000  0.590000  0.970000
   -2.006   -1.217    2.093    2.511    9.243    9.719   11.085   12.259
            0.070000  0.590000  0.980000
   -1.999   -1.223    2.108    2.489    9.311    9.646   11.083   12.256
            0.070000  0.590000  0.990000
   -1.994   -1.227    2.119    2.474    9.373    9.581   11.081   12.255
            0.070000  0.590000  1.000000
   -1.993   -1.228    2.122    2.469    9.405    9.548   11.081   12.255
