 &plot nbnd=   8, nks=   101 /
            0.990000  0.840000  0.000000
   -1.726   -1.704    2.841    2.919    7.209    7.311   14.734   14.762
            0.990000  0.840000  0.010000
   -1.788   -1.642    2.841    2.920    7.207    7.314   14.663   14.831
            0.990000  0.840000  0.020000
   -1.859   -1.569    2.841    2.923    7.203    7.322   14.579   14.910
            0.990000  0.840000  0.030000
   -1.931   -1.496    2.842    2.926    7.196    7.334   14.493   14.985
            0.990000  0.840000  0.040000
   -2.001   -1.422    2.843    2.932    7.189    7.349   14.407   15.053
            0.990000  0.840000  0.050000
   -2.072   -1.348    2.845    2.938    7.182    7.366   14.320   15.112
            0.990000  0.840000  0.060000
   -2.142   -1.274    2.847    2.947    7.174    7.385   14.233   15.156
            0.990000  0.840000  0.070000
   -2.211   -1.199    2.850    2.956    7.168    7.406   14.146   15.180
            0.990000  0.840000  0.080000
   -2.280   -1.124    2.853    2.966    7.162    7.428   14.059   15.179
            0.990000  0.840000  0.090000
   -2.349   -1.049    2.857    2.978    7.157    7.452   13.972   15.152
            0.990000  0.840000  0.100000
   -2.417   -0.973    2.862    2.991    7.152    7.477   13.886   15.104
            0.990000  0.840000  0.110000
   -2.484   -0.898    2.867    3.005    7.149    7.503   13.799   15.040
            0.990000  0.840000  0.120000
   -2.551   -0.822    2.873    3.020    7.146    7.531   13.713   14.967
            0.990000  0.840000  0.130000
   -2.618   -0.745    2.880    3.036    7.144    7.560   13.627   14.887
            0.990000  0.840000  0.140000
   -2.684   -0.669    2.888    3.053    7.144    7.590   13.541   14.803
            0.990000  0.840000  0.150000
   -2.749   -0.592    2.896    3.071    7.144    7.621   13.456   14.715
            0.990000  0.840000  0.160000
   -2.814   -0.516    2.906    3.091    7.145    7.654   13.370   14.626
            0.990000  0.840000  0.170000
   -2.878   -0.439    2.916    3.111    7.147    7.688   13.286   14.535
            0.990000  0.840000  0.180000
   -2.942   -0.362    2.927    3.132    7.150    7.723   13.201   14.443
            0.990000  0.840000  0.190000
   -3.005   -0.284    2.939    3.154    7.154    7.759   13.117   14.350
            0.990000  0.840000  0.200000
   -3.067   -0.207    2.951    3.178    7.158    7.797   13.033   14.257
            0.990000  0.840000  0.210000
   -3.129   -0.130    2.965    3.202    7.164    7.835   12.950   14.163
            0.990000  0.840000  0.220000
   -3.190   -0.052    2.979    3.227    7.171    7.875   12.867   14.069
            0.990000  0.840000  0.230000
   -3.251    0.025    2.994    3.254    7.178    7.916   12.784   13.975
            0.990000  0.840000  0.240000
   -3.311    0.103    3.010    3.281    7.187    7.958   12.702   13.881
            0.990000  0.840000  0.250000
   -3.370    0.180    3.027    3.309    7.196    8.002   12.620   13.787
            0.990000  0.840000  0.260000
   -3.429    0.258    3.044    3.339    7.206    8.046   12.538   13.693
            0.990000  0.840000  0.270000
   -3.487    0.335    3.063    3.369    7.218    8.092   12.457   13.598
            0.990000  0.840000  0.280000
   -3.544    0.413    3.082    3.400    7.230    8.139   12.376   13.504
            0.990000  0.840000  0.290000
   -3.601    0.490    3.102    3.433    7.242    8.188   12.296   13.410
            0.990000  0.840000  0.300000
   -3.657    0.567    3.123    3.466    7.256    8.237   12.216   13.316
            0.990000  0.840000  0.310000
   -3.713    0.645    3.144    3.500    7.271    8.287   12.136   13.222
            0.990000  0.840000  0.320000
   -3.767    0.722    3.166    3.536    7.286    8.339   12.057   13.128
            0.990000  0.840000  0.330000
   -3.821    0.799    3.190    3.572    7.302    8.392   11.978   13.034
            0.990000  0.840000  0.340000
   -3.874    0.876    3.213    3.609    7.319    8.446   11.899   12.941
            0.990000  0.840000  0.350000
   -3.927    0.952    3.238    3.647    7.337    8.501   11.821   12.848
            0.990000  0.840000  0.360000
   -3.979    1.029    3.264    3.686    7.356    8.557   11.744   12.754
            0.990000  0.840000  0.370000
   -4.030    1.105    3.290    3.726    7.375    8.614   11.667   12.661
            0.990000  0.840000  0.380000
   -4.081    1.181    3.317    3.767    7.395    8.672   11.590   12.568
            0.990000  0.840000  0.390000
   -4.130    1.257    3.345    3.809    7.416    8.731   11.514   12.476
            0.990000  0.840000  0.400000
   -4.179    1.333    3.373    3.852    7.437    8.791   11.438   12.383
            0.990000  0.840000  0.410000
   -4.228    1.409    3.402    3.896    7.460    8.852   11.363   12.291
            0.990000  0.840000  0.420000
   -4.275    1.484    3.432    3.940    7.483    8.914   11.288   12.199
            0.990000  0.840000  0.430000
   -4.322    1.559    3.463    3.986    7.507    8.977   11.214   12.107
            0.990000  0.840000  0.440000
   -4.368    1.634    3.494    4.032    7.531    9.040   11.141   12.015
            0.990000  0.840000  0.450000
   -4.413    1.708    3.526    4.079    7.556    9.103   11.068   11.924
            0.990000  0.840000  0.460000
   -4.458    1.783    3.559    4.127    7.582    9.167   10.997   11.833
            0.990000  0.840000  0.470000
   -4.502    1.857    3.593    4.175    7.608    9.231   10.926   11.742
            0.990000  0.840000  0.480000
   -4.545    1.931    3.627    4.224    7.635    9.295   10.857   11.652
            0.990000  0.840000  0.490000
   -4.587    2.004    3.662    4.274    7.663    9.359   10.790   11.562
            0.990000  0.840000  0.500000
   -4.629    2.077    3.698    4.325    7.691    9.422   10.724   11.472
            0.990000  0.840000  0.510000
   -4.669    2.150    3.734    4.376    7.719    9.483   10.661   11.382
            0.990000  0.840000  0.520000
   -4.709    2.223    3.771    4.427    7.749    9.543   10.601   11.293
            0.990000  0.840000  0.530000
   -4.748    2.296    3.808    4.480    7.778    9.598   10.545   11.204
            0.990000  0.840000  0.540000
   -4.787    2.368    3.846    4.532    7.809    9.649   10.496   11.115
            0.990000  0.840000  0.550000
   -4.824    2.440    3.885    4.585    7.839    9.693   10.454   11.027
            0.990000  0.840000  0.560000
   -4.861    2.512    3.924    4.638    7.870    9.727   10.423   10.940
            0.990000  0.840000  0.570000
   -4.897    2.583    3.964    4.692    7.902    9.748   10.405   10.852
            0.990000  0.840000  0.580000
   -4.933    2.654    4.005    4.746    7.934    9.753   10.403   10.766
            0.990000  0.840000  0.590000
   -4.967    2.725    4.046    4.800    7.966    9.744   10.417   10.679
            0.990000  0.840000  0.600000
   -5.001    2.796    4.087    4.854    7.998    9.720   10.444   10.594
            0.990000  0.840000  0.610000
   -5.034    2.867    4.129    4.908    8.031    9.686   10.482   10.509
            0.990000  0.840000  0.620000
   -5.066    2.937    4.172    4.962    8.064    9.644   10.423   10.528
            0.990000  0.840000  0.630000
   -5.097    3.007    4.215    5.015    8.098    9.597   10.339   10.577
            0.990000  0.840000  0.640000
   -5.127    3.077    4.258    5.068    8.131    9.547   10.255   10.628
            0.990000  0.840000  0.650000
   -5.157    3.147    4.302    5.121    8.164    9.495   10.173   10.679
            0.990000  0.840000  0.660000
   -5.186    3.216    4.346    5.174    8.198    9.442   10.090   10.729
            0.990000  0.840000  0.670000
   -5.214    3.286    4.390    5.225    8.232    9.388   10.009   10.777
            0.990000  0.840000  0.680000
   -5.241    3.355    4.435    5.276    8.265    9.335    9.928   10.820
            0.990000  0.840000  0.690000
   -5.267    3.424    4.480    5.325    8.299    9.282    9.848   10.857
            0.990000  0.840000  0.700000
   -5.293    3.492    4.525    5.374    8.332    9.230    9.769   10.888
            0.990000  0.840000  0.710000
   -5.318    3.561    4.571    5.421    8.366    9.180    9.691   10.911
            0.990000  0.840000  0.720000
   -5.342    3.629    4.616    5.467    8.399    9.131    9.614   10.924
            0.990000  0.840000  0.730000
   -5.365    3.698    4.662    5.510    8.432    9.084    9.538   10.928
            0.990000  0.840000  0.740000
   -5.387    3.765    4.708    5.552    8.464    9.039    9.463   10.922
            0.990000  0.840000  0.750000
   -5.408    3.833    4.753    5.592    8.496    8.997    9.389   10.906
            0.990000  0.840000  0.760000
   -5.429    3.901    4.799    5.629    8.527    8.957    9.317   10.881
            0.990000  0.840000  0.770000
   -5.449    3.968    4.844    5.663    8.557    8.920    9.247   10.848
            0.990000  0.840000  0.780000
   -5.468    4.035    4.889    5.695    8.587    8.887    9.178   10.807
            0.990000  0.840000  0.790000
   -5.486    4.102    4.934    5.723    8.615    8.856    9.111   10.761
            0.990000  0.840000  0.800000
   -5.503    4.168    4.978    5.748    8.642    8.830    9.047   10.709
            0.990000  0.840000  0.810000
   -5.520    4.234    5.022    5.769    8.667    8.806    8.986   10.653
            0.990000  0.840000  0.820000
   -5.535    4.300    5.065    5.787    8.689    8.785    8.931   10.594
            0.990000  0.840000  0.830000
   -5.550    4.365    5.107    5.800    8.704    8.766    8.886   10.532
            0.990000  0.840000  0.840000
   -5.564    4.430    5.149    5.809    8.704    8.752    8.858   10.469
            0.990000  0.840000  0.850000
   -5.577    4.495    5.189    5.815    8.677    8.749    8.849   10.404
            0.990000  0.840000  0.860000
   -5.589    4.559    5.228    5.815    8.635    8.753    8.855   10.338
            0.990000  0.840000  0.870000
   -5.601    4.622    5.265    5.812    8.589    8.759    8.868   10.273
            0.990000  0.840000  0.880000
   -5.611    4.684    5.301    5.804    8.543    8.768    8.883   10.207
            0.990000  0.840000  0.890000
   -5.621    4.746    5.336    5.793    8.499    8.781    8.899   10.142
            0.990000  0.840000  0.900000
   -5.630    4.807    5.368    5.777    8.456    8.796    8.915   10.077
            0.990000  0.840000  0.910000
   -5.638    4.867    5.398    5.758    8.417    8.815    8.931   10.015
            0.990000  0.840000  0.920000
   -5.645    4.925    5.425    5.735    8.380    8.837    8.945    9.954
            0.990000  0.840000  0.930000
   -5.651    4.982    5.450    5.709    8.347    8.860    8.957    9.896
            0.990000  0.840000  0.940000
   -5.657    5.037    5.473    5.681    8.318    8.885    8.969    9.842
            0.990000  0.840000  0.950000
   -5.661    5.089    5.492    5.651    8.293    8.910    8.978    9.792
            0.990000  0.840000  0.960000
   -5.665    5.139    5.508    5.620    8.273    8.934    8.986    9.748
            0.990000  0.840000  0.970000
   -5.668    5.183    5.520    5.589    8.256    8.956    8.992    9.711
            0.990000  0.840000  0.980000
   -5.670    5.220    5.529    5.563    8.244    8.974    8.996    9.682
            0.990000  0.840000  0.990000
   -5.672    5.246    5.533    5.544    8.237    8.987    8.997    9.664
            0.990000  0.840000  1.000000
   -5.672    5.255    5.531    5.540    8.235    8.993    8.996    9.658
