 &plot nbnd=   8, nks=   101 /
            0.940000  0.970000  0.000000
   -1.754   -1.730    3.042    3.152    6.745    6.880   15.592   15.653
            0.940000  0.970000  0.010000
   -1.818   -1.666    3.043    3.152    6.743    6.883   15.576   15.650
            0.940000  0.970000  0.020000
   -1.891   -1.591    3.044    3.154    6.739    6.891   15.536   15.635
            0.940000  0.970000  0.030000
   -1.964   -1.515    3.046    3.156    6.733    6.903   15.480   15.604
            0.940000  0.970000  0.040000
   -2.037   -1.439    3.049    3.158    6.725    6.918   15.414   15.557
            0.940000  0.970000  0.050000
   -2.110   -1.362    3.052    3.162    6.717    6.936   15.341   15.498
            0.940000  0.970000  0.060000
   -2.182   -1.285    3.057    3.166    6.709    6.957   15.263   15.430
            0.940000  0.970000  0.070000
   -2.253   -1.207    3.062    3.171    6.702    6.979   15.182   15.356
            0.940000  0.970000  0.080000
   -2.324   -1.129    3.068    3.177    6.695    7.003   15.098   15.277
            0.940000  0.970000  0.090000
   -2.394   -1.050    3.075    3.184    6.689    7.029   15.013   15.194
            0.940000  0.970000  0.100000
   -2.464   -0.972    3.083    3.191    6.683    7.056   14.926   15.109
            0.940000  0.970000  0.110000
   -2.533   -0.892    3.091    3.199    6.679    7.084   14.838   15.022
            0.940000  0.970000  0.120000
   -2.602   -0.813    3.101    3.208    6.675    7.114   14.750   14.934
            0.940000  0.970000  0.130000
   -2.670   -0.732    3.111    3.218    6.672    7.145   14.661   14.845
            0.940000  0.970000  0.140000
   -2.737   -0.652    3.122    3.229    6.670    7.178   14.571   14.755
            0.940000  0.970000  0.150000
   -2.804   -0.571    3.134    3.240    6.670    7.212   14.482   14.664
            0.940000  0.970000  0.160000
   -2.870   -0.490    3.146    3.252    6.670    7.247   14.392   14.573
            0.940000  0.970000  0.170000
   -2.935   -0.409    3.160    3.265    6.671    7.283   14.302   14.482
            0.940000  0.970000  0.180000
   -3.000   -0.327    3.174    3.279    6.673    7.321   14.211   14.390
            0.940000  0.970000  0.190000
   -3.064   -0.245    3.189    3.293    6.676    7.360   14.121   14.299
            0.940000  0.970000  0.200000
   -3.128   -0.163    3.205    3.308    6.680    7.400   14.031   14.207
            0.940000  0.970000  0.210000
   -3.191   -0.080    3.221    3.324    6.685    7.441   13.941   14.116
            0.940000  0.970000  0.220000
   -3.253    0.002    3.239    3.341    6.691    7.484   13.851   14.024
            0.940000  0.970000  0.230000
   -3.315    0.085    3.257    3.358    6.698    7.528   13.761   13.933
            0.940000  0.970000  0.240000
   -3.376    0.168    3.276    3.377    6.706    7.573   13.671   13.841
            0.940000  0.970000  0.250000
   -3.436    0.252    3.296    3.396    6.714    7.620   13.582   13.750
            0.940000  0.970000  0.260000
   -3.496    0.336    3.316    3.416    6.724    7.667   13.492   13.659
            0.940000  0.970000  0.270000
   -3.555    0.419    3.338    3.436    6.735    7.716   13.403   13.568
            0.940000  0.970000  0.280000
   -3.613    0.503    3.360    3.457    6.746    7.766   13.314   13.477
            0.940000  0.970000  0.290000
   -3.671    0.587    3.383    3.480    6.759    7.818   13.225   13.386
            0.940000  0.970000  0.300000
   -3.727    0.672    3.406    3.502    6.772    7.870   13.136   13.296
            0.940000  0.970000  0.310000
   -3.784    0.756    3.431    3.526    6.786    7.924   13.047   13.206
            0.940000  0.970000  0.320000
   -3.839    0.841    3.456    3.550    6.802    7.979   12.958   13.115
            0.940000  0.970000  0.330000
   -3.894    0.925    3.482    3.576    6.818    8.035   12.870   13.026
            0.940000  0.970000  0.340000
   -3.948    1.010    3.509    3.602    6.834    8.092   12.782   12.936
            0.940000  0.970000  0.350000
   -4.001    1.095    3.536    3.628    6.852    8.150   12.694   12.847
            0.940000  0.970000  0.360000
   -4.054    1.179    3.564    3.656    6.871    8.210   12.606   12.758
            0.940000  0.970000  0.370000
   -4.105    1.264    3.593    3.684    6.890    8.270   12.518   12.669
            0.940000  0.970000  0.380000
   -4.157    1.349    3.623    3.713    6.910    8.332   12.431   12.580
            0.940000  0.970000  0.390000
   -4.207    1.434    3.653    3.743    6.931    8.395   12.344   12.492
            0.940000  0.970000  0.400000
   -4.256    1.519    3.684    3.773    6.953    8.458   12.257   12.404
            0.940000  0.970000  0.410000
   -4.305    1.604    3.716    3.804    6.976    8.523   12.170   12.316
            0.940000  0.970000  0.420000
   -4.353    1.689    3.749    3.836    6.999    8.588   12.084   12.228
            0.940000  0.970000  0.430000
   -4.401    1.774    3.782    3.869    7.023    8.655   11.997   12.141
            0.940000  0.970000  0.440000
   -4.447    1.858    3.816    3.903    7.048    8.722   11.911   12.054
            0.940000  0.970000  0.450000
   -4.493    1.943    3.850    3.937    7.073    8.790   11.826   11.967
            0.940000  0.970000  0.460000
   -4.538    2.028    3.885    3.972    7.100    8.859   11.741   11.881
            0.940000  0.970000  0.470000
   -4.582    2.112    3.921    4.008    7.127    8.928   11.656   11.794
            0.940000  0.970000  0.480000
   -4.626    2.197    3.957    4.044    7.154    8.998   11.571   11.709
            0.940000  0.970000  0.490000
   -4.669    2.281    3.994    4.082    7.182    9.068   11.487   11.623
            0.940000  0.970000  0.500000
   -4.710    2.365    4.032    4.120    7.211    9.139   11.404   11.538
            0.940000  0.970000  0.510000
   -4.752    2.449    4.070    4.159    7.241    9.210   11.321   11.453
            0.940000  0.970000  0.520000
   -4.792    2.533    4.109    4.198    7.271    9.280   11.239   11.369
            0.940000  0.970000  0.530000
   -4.831    2.616    4.148    4.238    7.301    9.350   11.157   11.284
            0.940000  0.970000  0.540000
   -4.870    2.699    4.188    4.280    7.332    9.420   11.077   11.201
            0.940000  0.970000  0.550000
   -4.908    2.782    4.228    4.321    7.364    9.489   10.997   11.117
            0.940000  0.970000  0.560000
   -4.945    2.865    4.269    4.364    7.396    9.557   10.919   11.034
            0.940000  0.970000  0.570000
   -4.982    2.948    4.310    4.407    7.429    9.623   10.842   10.952
            0.940000  0.970000  0.580000
   -5.017    3.030    4.352    4.451    7.462    9.686   10.768   10.870
            0.940000  0.970000  0.590000
   -5.052    3.112    4.394    4.496    7.495    9.746   10.696   10.788
            0.940000  0.970000  0.600000
   -5.086    3.194    4.436    4.541    7.529    9.801   10.628   10.707
            0.940000  0.970000  0.610000
   -5.119    3.275    4.479    4.587    7.563    9.849   10.565   10.626
            0.940000  0.970000  0.620000
   -5.151    3.356    4.523    4.633    7.598    9.887   10.510   10.546
            0.940000  0.970000  0.630000
   -5.183    3.436    4.566    4.680    7.632    9.913   10.465   10.466
            0.940000  0.970000  0.640000
   -5.214    3.516    4.610    4.728    7.667    9.922   10.387   10.434
            0.940000  0.970000  0.650000
   -5.244    3.596    4.655    4.776    7.702    9.912   10.308   10.417
            0.940000  0.970000  0.660000
   -5.273    3.675    4.699    4.825    7.738    9.885   10.230   10.414
            0.940000  0.970000  0.670000
   -5.301    3.754    4.744    4.874    7.773    9.843   10.153   10.419
            0.940000  0.970000  0.680000
   -5.328    3.832    4.789    4.923    7.809    9.792   10.076   10.428
            0.940000  0.970000  0.690000
   -5.355    3.910    4.834    4.972    7.844    9.735   10.000   10.436
            0.940000  0.970000  0.700000
   -5.381    3.987    4.880    5.022    7.879    9.674    9.925   10.439
            0.940000  0.970000  0.710000
   -5.405    4.063    4.925    5.072    7.915    9.611    9.851   10.438
            0.940000  0.970000  0.720000
   -5.430    4.139    4.971    5.122    7.950    9.546    9.777   10.429
            0.940000  0.970000  0.730000
   -5.453    4.214    5.016    5.172    7.985    9.481    9.705   10.412
            0.940000  0.970000  0.740000
   -5.475    4.289    5.062    5.222    8.019    9.417    9.633   10.388
            0.940000  0.970000  0.750000
   -5.497    4.363    5.107    5.271    8.053    9.353    9.563   10.357
            0.940000  0.970000  0.760000
   -5.518    4.436    5.153    5.320    8.087    9.289    9.493   10.320
            0.940000  0.970000  0.770000
   -5.538    4.508    5.198    5.368    8.121    9.227    9.425   10.276
            0.940000  0.970000  0.780000
   -5.557    4.579    5.242    5.416    8.153    9.167    9.358   10.228
            0.940000  0.970000  0.790000
   -5.575    4.650    5.287    5.463    8.186    9.108    9.293   10.175
            0.940000  0.970000  0.800000
   -5.592    4.720    5.331    5.508    8.217    9.050    9.229   10.119
            0.940000  0.970000  0.810000
   -5.609    4.788    5.374    5.553    8.248    8.995    9.166   10.060
            0.940000  0.970000  0.820000
   -5.625    4.856    5.416    5.595    8.277    8.942    9.105   10.000
            0.940000  0.970000  0.830000
   -5.639    4.923    5.458    5.636    8.306    8.892    9.046    9.938
            0.940000  0.970000  0.840000
   -5.653    4.988    5.499    5.675    8.334    8.844    8.990    9.875
            0.940000  0.970000  0.850000
   -5.667    5.052    5.539    5.711    8.360    8.799    8.935    9.812
            0.940000  0.970000  0.860000
   -5.679    5.115    5.577    5.745    8.385    8.757    8.882    9.749
            0.940000  0.970000  0.870000
   -5.690    5.177    5.614    5.776    8.409    8.718    8.833    9.687
            0.940000  0.970000  0.880000
   -5.701    5.236    5.649    5.803    8.431    8.683    8.786    9.626
            0.940000  0.970000  0.890000
   -5.711    5.295    5.683    5.827    8.452    8.651    8.742    9.567
            0.940000  0.970000  0.900000
   -5.720    5.351    5.715    5.847    8.471    8.622    8.702    9.510
            0.940000  0.970000  0.910000
   -5.728    5.405    5.744    5.864    8.489    8.596    8.667    9.456
            0.940000  0.970000  0.920000
   -5.735    5.458    5.771    5.876    8.504    8.572    8.636    9.404
            0.940000  0.970000  0.930000
   -5.741    5.507    5.795    5.884    8.517    8.550    8.611    9.357
            0.940000  0.970000  0.940000
   -5.747    5.554    5.816    5.888    8.529    8.529    8.592    9.314
            0.940000  0.970000  0.950000
   -5.752    5.598    5.833    5.889    8.509    8.538    8.579    9.276
            0.940000  0.970000  0.960000
   -5.756    5.639    5.846    5.887    8.493    8.545    8.571    9.243
            0.940000  0.970000  0.970000
   -5.758    5.675    5.851    5.886    8.479    8.549    8.567    9.217
            0.940000  0.970000  0.980000
   -5.761    5.705    5.848    5.887    8.469    8.551    8.566    9.198
            0.940000  0.970000  0.990000
   -5.762    5.727    5.841    5.890    8.462    8.551    8.566    9.187
            0.940000  0.970000  1.000000
   -5.762    5.736    5.838    5.891    8.460    8.551    8.566    9.183
