 &plot nbnd=   8, nks=   101 /
            0.780000  0.280000  0.000000
   -3.040   -0.197    2.509    3.120    8.135    8.726   11.459   14.050
            0.780000  0.280000  0.010000
   -3.040   -0.198    2.508    3.122    8.128    8.734   11.460   14.043
            0.780000  0.280000  0.020000
   -3.039   -0.200    2.504    3.129    8.109    8.759   11.460   14.022
            0.780000  0.280000  0.030000
   -3.039   -0.203    2.498    3.141    8.080    8.796   11.461   13.989
            0.780000  0.280000  0.040000
   -3.038   -0.208    2.490    3.157    8.045    8.844   11.462   13.944
            0.780000  0.280000  0.050000
   -3.036   -0.214    2.480    3.176    8.005    8.900   11.464   13.888
            0.780000  0.280000  0.060000
   -3.035   -0.221    2.469    3.199    7.963    8.962   11.466   13.823
            0.780000  0.280000  0.070000
   -3.033   -0.230    2.458    3.224    7.920    9.028   11.468   13.750
            0.780000  0.280000  0.080000
   -3.031   -0.239    2.445    3.251    7.877    9.098   11.471   13.671
            0.780000  0.280000  0.090000
   -3.028   -0.250    2.433    3.281    7.834    9.171   11.474   13.586
            0.780000  0.280000  0.100000
   -3.026   -0.262    2.421    3.312    7.793    9.247   11.477   13.497
            0.780000  0.280000  0.110000
   -3.023   -0.275    2.409    3.344    7.754    9.325   11.480   13.404
            0.780000  0.280000  0.120000
   -3.020   -0.289    2.398    3.377    7.716    9.405   11.484   13.307
            0.780000  0.280000  0.130000
   -3.017   -0.304    2.388    3.410    7.681    9.487   11.489   13.208
            0.780000  0.280000  0.140000
   -3.013   -0.320    2.378    3.444    7.648    9.570   11.493   13.107
            0.780000  0.280000  0.150000
   -3.010   -0.336    2.369    3.477    7.618    9.655   11.498   13.004
            0.780000  0.280000  0.160000
   -3.006   -0.353    2.361    3.511    7.590    9.742   11.503   12.900
            0.780000  0.280000  0.170000
   -3.002   -0.371    2.354    3.544    7.566    9.830   11.508   12.794
            0.780000  0.280000  0.180000
   -2.999   -0.389    2.349    3.576    7.545    9.919   11.513   12.687
            0.780000  0.280000  0.190000
   -2.995   -0.407    2.344    3.607    7.527   10.009   11.518   12.579
            0.780000  0.280000  0.200000
   -2.991   -0.426    2.340    3.638    7.513   10.100   11.524   12.472
            0.780000  0.280000  0.210000
   -2.987   -0.444    2.337    3.667    7.502   10.193   11.530   12.363
            0.780000  0.280000  0.220000
   -2.983   -0.463    2.336    3.695    7.495   10.286   11.535   12.255
            0.780000  0.280000  0.230000
   -2.979   -0.482    2.335    3.721    7.492   10.380   11.540   12.147
            0.780000  0.280000  0.240000
   -2.975   -0.501    2.335    3.746    7.493   10.475   11.545   12.041
            0.780000  0.280000  0.250000
   -2.972   -0.519    2.337    3.769    7.498   10.570   11.548   11.936
            0.780000  0.280000  0.260000
   -2.968   -0.538    2.339    3.790    7.507   10.665   11.548   11.835
            0.780000  0.280000  0.270000
   -2.965   -0.556    2.342    3.810    7.520   10.759   11.540   11.744
            0.780000  0.280000  0.280000
   -2.962   -0.573    2.346    3.827    7.537   10.851   11.512   11.676
            0.780000  0.280000  0.290000
   -2.960   -0.590    2.351    3.843    7.558   10.938   11.455   11.644
            0.780000  0.280000  0.300000
   -2.957   -0.606    2.357    3.856    7.584   11.012   11.389   11.635
            0.780000  0.280000  0.310000
   -2.955   -0.621    2.363    3.868    7.614   11.048   11.351   11.637
            0.780000  0.280000  0.320000
   -2.953   -0.636    2.370    3.878    7.647   11.019   11.374   11.643
            0.780000  0.280000  0.330000
   -2.952   -0.649    2.378    3.886    7.685   10.945   11.440   11.654
            0.780000  0.280000  0.340000
   -2.951   -0.662    2.386    3.893    7.727   10.852   11.518   11.672
            0.780000  0.280000  0.350000
   -2.951   -0.673    2.395    3.897    7.772   10.753   11.584   11.710
            0.780000  0.280000  0.360000
   -2.951   -0.684    2.404    3.901    7.821   10.650   11.621   11.781
            0.780000  0.280000  0.370000
   -2.952   -0.693    2.414    3.902    7.874   10.546   11.640   11.873
            0.780000  0.280000  0.380000
   -2.953   -0.701    2.424    3.903    7.930   10.441   11.652   11.974
            0.780000  0.280000  0.390000
   -2.955   -0.707    2.434    3.902    7.989   10.337   11.662   12.078
            0.780000  0.280000  0.400000
   -2.958   -0.713    2.444    3.901    8.051   10.232   11.671   12.185
            0.780000  0.280000  0.410000
   -2.961   -0.717    2.455    3.898    8.117   10.128   11.679   12.292
            0.780000  0.280000  0.420000
   -2.965   -0.719    2.466    3.895    8.185   10.025   11.686   12.401
            0.780000  0.280000  0.430000
   -2.969   -0.720    2.477    3.891    8.256    9.922   11.693   12.510
            0.780000  0.280000  0.440000
   -2.974   -0.720    2.488    3.887    8.330    9.820   11.700   12.620
            0.780000  0.280000  0.450000
   -2.980   -0.718    2.499    3.882    8.406    9.719   11.706   12.728
            0.780000  0.280000  0.460000
   -2.987   -0.715    2.510    3.877    8.484    9.619   11.712   12.833
            0.780000  0.280000  0.470000
   -2.993   -0.710    2.520    3.872    8.565    9.521   11.718   12.928
            0.780000  0.280000  0.480000
   -3.001   -0.704    2.531    3.867    8.647    9.424   11.723   12.981
            0.780000  0.280000  0.490000
   -3.009   -0.696    2.541    3.862    8.730    9.328   11.729   12.936
            0.780000  0.280000  0.500000
   -3.018   -0.687    2.550    3.857    8.814    9.236   11.733   12.840
            0.780000  0.280000  0.510000
   -3.027   -0.677    2.560    3.853    8.895    9.150   11.738   12.732
            0.780000  0.280000  0.520000
   -3.037   -0.665    2.569    3.848    8.952    9.090   11.742   12.620
            0.780000  0.280000  0.530000
   -3.047   -0.652    2.577    3.844    8.921    9.122   11.746   12.507
            0.780000  0.280000  0.540000
   -3.058   -0.637    2.585    3.841    8.844    9.203   11.750   12.394
            0.780000  0.280000  0.550000
   -3.069   -0.621    2.592    3.838    8.760    9.294   11.753   12.282
            0.780000  0.280000  0.560000
   -3.080   -0.604    2.599    3.835    8.676    9.388   11.756   12.170
            0.780000  0.280000  0.570000
   -3.092   -0.586    2.605    3.833    8.593    9.484   11.758   12.058
            0.780000  0.280000  0.580000
   -3.104   -0.567    2.611    3.831    8.511    9.582   11.759   11.949
            0.780000  0.280000  0.590000
   -3.117   -0.546    2.616    3.829    8.431    9.681   11.754   11.845
            0.780000  0.280000  0.600000
   -3.129   -0.525    2.621    3.828    8.354    9.781   11.708   11.784
            0.780000  0.280000  0.610000
   -3.142   -0.503    2.625    3.827    8.278    9.882   11.609   11.776
            0.780000  0.280000  0.620000
   -3.155   -0.480    2.629    3.827    8.205    9.983   11.503   11.775
            0.780000  0.280000  0.630000
   -3.167   -0.456    2.632    3.826    8.135   10.085   11.398   11.776
            0.780000  0.280000  0.640000
   -3.180   -0.431    2.635    3.825    8.067   10.188   11.293   11.777
            0.780000  0.280000  0.650000
   -3.193   -0.406    2.638    3.824    8.001   10.290   11.190   11.777
            0.780000  0.280000  0.660000
   -3.206   -0.380    2.640    3.823    7.939   10.390   11.089   11.778
            0.780000  0.280000  0.670000
   -3.219   -0.353    2.642    3.822    7.880   10.488   10.993   11.779
            0.780000  0.280000  0.680000
   -3.232   -0.326    2.644    3.820    7.823   10.576   10.908   11.780
            0.780000  0.280000  0.690000
   -3.245   -0.298    2.646    3.818    7.770   10.629   10.858   11.781
            0.780000  0.280000  0.700000
   -3.258   -0.271    2.648    3.814    7.721   10.603   10.888   11.783
            0.780000  0.280000  0.710000
   -3.270   -0.242    2.650    3.810    7.675   10.528   10.969   11.785
            0.780000  0.280000  0.720000
   -3.282   -0.214    2.652    3.805    7.632   10.438   11.064   11.787
            0.780000  0.280000  0.730000
   -3.294   -0.186    2.654    3.799    7.593   10.346   11.163   11.791
            0.780000  0.280000  0.740000
   -3.306   -0.157    2.656    3.792    7.558   10.252   11.262   11.797
            0.780000  0.280000  0.750000
   -3.318   -0.129    2.659    3.784    7.527   10.158   11.358   11.805
            0.780000  0.280000  0.760000
   -3.329   -0.101    2.662    3.774    7.499   10.065   11.449   11.820
            0.780000  0.280000  0.770000
   -3.340   -0.073    2.666    3.763    7.476    9.973   11.531   11.844
            0.780000  0.280000  0.780000
   -3.350   -0.045    2.670    3.750    7.456    9.882   11.596   11.885
            0.780000  0.280000  0.790000
   -3.361   -0.018    2.674    3.737    7.440    9.792   11.641   11.945
            0.780000  0.280000  0.800000
   -3.371    0.009    2.679    3.722    7.429    9.703   11.669   12.023
            0.780000  0.280000  0.810000
   -3.380    0.035    2.685    3.705    7.421    9.616   11.685   12.111
            0.780000  0.280000  0.820000
   -3.389    0.061    2.692    3.688    7.416    9.531   11.695   12.205
            0.780000  0.280000  0.830000
   -3.398    0.086    2.699    3.669    7.416    9.447   11.701   12.302
            0.780000  0.280000  0.840000
   -3.406    0.110    2.706    3.649    7.419    9.364   11.704   12.400
            0.780000  0.280000  0.850000
   -3.414    0.133    2.714    3.629    7.425    9.284   11.707   12.498
            0.780000  0.280000  0.860000
   -3.421    0.155    2.723    3.607    7.434    9.205   11.708   12.596
            0.780000  0.280000  0.870000
   -3.428    0.176    2.733    3.585    7.447    9.129   11.709   12.692
            0.780000  0.280000  0.880000
   -3.434    0.195    2.743    3.563    7.462    9.055   11.709   12.786
            0.780000  0.280000  0.890000
   -3.440    0.214    2.753    3.541    7.480    8.983   11.709   12.878
            0.780000  0.280000  0.900000
   -3.446    0.231    2.764    3.519    7.499    8.915   11.709   12.966
            0.780000  0.280000  0.910000
   -3.451    0.247    2.775    3.497    7.521    8.849   11.708   13.051
            0.780000  0.280000  0.920000
   -3.455    0.261    2.786    3.476    7.544    8.787   11.708   13.131
            0.780000  0.280000  0.930000
   -3.459    0.274    2.796    3.456    7.567    8.730   11.708   13.206
            0.780000  0.280000  0.940000
   -3.463    0.285    2.807    3.438    7.590    8.677   11.707   13.275
            0.780000  0.280000  0.950000
   -3.465    0.295    2.816    3.421    7.613    8.629   11.707   13.335
            0.780000  0.280000  0.960000
   -3.468    0.303    2.824    3.407    7.633    8.588   11.706   13.387
            0.780000  0.280000  0.970000
   -3.470    0.309    2.831    3.395    7.651    8.554   11.706   13.430
            0.780000  0.280000  0.980000
   -3.471    0.313    2.837    3.387    7.665    8.529   11.706   13.461
            0.780000  0.280000  0.990000
   -3.472    0.316    2.840    3.381    7.673    8.514   11.706   13.480
            0.780000  0.280000  1.000000
   -3.472    0.317    2.841    3.380    7.676    8.509   11.706   13.486
