 &plot nbnd=   8, nks=   101 /
            0.240000  0.500000  0.000000
   -4.506    1.742    3.344    4.512    8.289    9.739   10.155   11.355
            0.240000  0.500000  0.010000
   -4.506    1.739    3.346    4.511    8.288    9.741   10.156   11.351
            0.240000  0.500000  0.020000
   -4.505    1.731    3.354    4.510    8.285    9.747   10.158   11.342
            0.240000  0.500000  0.030000
   -4.503    1.718    3.367    4.508    8.280    9.756   10.161   11.325
            0.240000  0.500000  0.040000
   -4.500    1.700    3.385    4.505    8.273    9.768   10.167   11.303
            0.240000  0.500000  0.050000
   -4.497    1.678    3.408    4.502    8.264    9.781   10.175   11.276
            0.240000  0.500000  0.060000
   -4.493    1.651    3.435    4.497    8.254    9.796   10.185   11.244
            0.240000  0.500000  0.070000
   -4.489    1.621    3.465    4.492    8.242    9.811   10.200   11.207
            0.240000  0.500000  0.080000
   -4.483    1.587    3.498    4.486    8.231    9.824   10.220   11.167
            0.240000  0.500000  0.090000
   -4.477    1.551    3.534    4.479    8.218    9.834   10.245   11.124
            0.240000  0.500000  0.100000
   -4.470    1.512    3.573    4.472    8.206    9.842   10.275   11.078
            0.240000  0.500000  0.110000
   -4.463    1.471    3.613    4.463    8.194    9.845   10.312   11.031
            0.240000  0.500000  0.120000
   -4.454    1.428    3.655    4.454    8.182    9.845   10.354   10.983
            0.240000  0.500000  0.130000
   -4.445    1.383    3.698    4.444    8.172    9.840   10.402   10.935
            0.240000  0.500000  0.140000
   -4.436    1.338    3.742    4.434    8.162    9.832   10.453   10.887
            0.240000  0.500000  0.150000
   -4.425    1.291    3.786    4.423    8.153    9.820   10.508   10.840
            0.240000  0.500000  0.160000
   -4.414    1.243    3.830    4.412    8.146    9.805   10.563   10.797
            0.240000  0.500000  0.170000
   -4.403    1.194    3.874    4.400    8.140    9.786   10.612   10.765
            0.240000  0.500000  0.180000
   -4.390    1.145    3.917    4.389    8.136    9.764   10.631   10.767
            0.240000  0.500000  0.190000
   -4.377    1.096    3.958    4.378    8.133    9.739   10.611   10.813
            0.240000  0.500000  0.200000
   -4.363    1.046    3.998    4.368    8.133    9.712   10.575   10.879
            0.240000  0.500000  0.210000
   -4.349    0.996    4.034    4.359    8.134    9.682   10.537   10.951
            0.240000  0.500000  0.220000
   -4.334    0.946    4.066    4.354    8.137    9.650   10.499   11.028
            0.240000  0.500000  0.230000
   -4.318    0.896    4.091    4.354    8.142    9.616   10.461   11.107
            0.240000  0.500000  0.240000
   -4.301    0.846    4.107    4.360    8.149    9.580   10.425   11.189
            0.240000  0.500000  0.250000
   -4.284    0.797    4.115    4.374    8.157    9.543   10.390   11.273
            0.240000  0.500000  0.260000
   -4.267    0.747    4.113    4.394    8.168    9.505   10.357   11.358
            0.240000  0.500000  0.270000
   -4.248    0.698    4.105    4.419    8.179    9.466   10.325   11.446
            0.240000  0.500000  0.280000
   -4.229    0.649    4.092    4.447    8.192    9.428   10.294   11.535
            0.240000  0.500000  0.290000
   -4.210    0.600    4.074    4.477    8.206    9.391   10.264   11.625
            0.240000  0.500000  0.300000
   -4.190    0.552    4.054    4.507    8.221    9.355   10.235   11.717
            0.240000  0.500000  0.310000
   -4.169    0.505    4.032    4.536    8.237    9.321   10.207   11.810
            0.240000  0.500000  0.320000
   -4.147    0.457    4.009    4.564    8.252    9.290   10.180   11.905
            0.240000  0.500000  0.330000
   -4.125    0.411    3.983    4.592    8.267    9.263   10.153   12.000
            0.240000  0.500000  0.340000
   -4.103    0.365    3.957    4.617    8.281    9.240   10.126   12.097
            0.240000  0.500000  0.350000
   -4.080    0.319    3.930    4.640    8.293    9.221   10.100   12.195
            0.240000  0.500000  0.360000
   -4.056    0.274    3.902    4.662    8.303    9.209   10.074   12.293
            0.240000  0.500000  0.370000
   -4.032    0.230    3.873    4.681    8.311    9.203   10.048   12.393
            0.240000  0.500000  0.380000
   -4.008    0.187    3.844    4.698    8.316    9.204   10.023   12.494
            0.240000  0.500000  0.390000
   -3.982    0.144    3.814    4.712    8.318    9.212    9.997   12.595
            0.240000  0.500000  0.400000
   -3.957    0.102    3.783    4.724    8.318    9.227    9.972   12.697
            0.240000  0.500000  0.410000
   -3.931    0.061    3.752    4.733    8.315    9.248    9.947   12.800
            0.240000  0.500000  0.420000
   -3.904    0.020    3.721    4.739    8.310    9.276    9.923   12.903
            0.240000  0.500000  0.430000
   -3.877   -0.019    3.689    4.742    8.303    9.309    9.899   13.006
            0.240000  0.500000  0.440000
   -3.850   -0.058    3.657    4.742    8.296    9.347    9.876   13.110
            0.240000  0.500000  0.450000
   -3.822   -0.096    3.624    4.739    8.289    9.388    9.854   13.214
            0.240000  0.500000  0.460000
   -3.794   -0.133    3.591    4.734    8.282    9.433    9.834   13.317
            0.240000  0.500000  0.470000
   -3.766   -0.169    3.558    4.725    8.276    9.477    9.817   13.419
            0.240000  0.500000  0.480000
   -3.737   -0.205    3.525    4.714    8.271    9.519    9.807   13.516
            0.240000  0.500000  0.490000
   -3.708   -0.239    3.491    4.700    8.268    9.554    9.808   13.602
            0.240000  0.500000  0.500000
   -3.679   -0.272    3.457    4.683    8.267    9.576    9.824   13.658
            0.240000  0.500000  0.510000
   -3.650   -0.304    3.423    4.663    8.267    9.582    9.859   13.667
            0.240000  0.500000  0.520000
   -3.620   -0.336    3.388    4.641    8.270    9.575    9.909   13.647
            0.240000  0.500000  0.530000
   -3.590   -0.366    3.354    4.616    8.276    9.561    9.969   13.618
            0.240000  0.500000  0.540000
   -3.560   -0.395    3.319    4.589    8.284    9.543   10.035   13.585
            0.240000  0.500000  0.550000
   -3.530   -0.423    3.284    4.560    8.294    9.522   10.106   13.551
            0.240000  0.500000  0.560000
   -3.500   -0.450    3.249    4.529    8.307    9.500   10.180   13.517
            0.240000  0.500000  0.570000
   -3.470   -0.476    3.213    4.496    8.323    9.477   10.256   13.482
            0.240000  0.500000  0.580000
   -3.440   -0.500    3.178    4.461    8.341    9.453   10.335   13.449
            0.240000  0.500000  0.590000
   -3.410   -0.524    3.142    4.425    8.362    9.430   10.416   13.415
            0.240000  0.500000  0.600000
   -3.380   -0.546    3.105    4.387    8.385    9.406   10.498   13.383
            0.240000  0.500000  0.610000
   -3.350   -0.567    3.069    4.349    8.410    9.382   10.582   13.351
            0.240000  0.500000  0.620000
   -3.321   -0.586    3.032    4.310    8.438    9.358   10.666   13.319
            0.240000  0.500000  0.630000
   -3.291   -0.604    2.995    4.269    8.468    9.335   10.752   13.288
            0.240000  0.500000  0.640000
   -3.262   -0.621    2.958    4.229    8.500    9.312   10.839   13.258
            0.240000  0.500000  0.650000
   -3.233   -0.637    2.920    4.188    8.535    9.289   10.927   13.228
            0.240000  0.500000  0.660000
   -3.205   -0.651    2.882    4.147    8.571    9.266   11.016   13.199
            0.240000  0.500000  0.670000
   -3.177   -0.664    2.844    4.106    8.609    9.244   11.105   13.170
            0.240000  0.500000  0.680000
   -3.150   -0.676    2.806    4.066    8.649    9.223   11.195   13.141
            0.240000  0.500000  0.690000
   -3.123   -0.686    2.767    4.025    8.691    9.202   11.286   13.113
            0.240000  0.500000  0.700000
   -3.097   -0.695    2.727    3.985    8.735    9.181   11.377   13.084
            0.240000  0.500000  0.710000
   -3.071   -0.702    2.688    3.946    8.780    9.162   11.469   13.054
            0.240000  0.500000  0.720000
   -3.046   -0.708    2.648    3.908    8.826    9.143   11.561   13.023
            0.240000  0.500000  0.730000
   -3.022   -0.713    2.608    3.870    8.874    9.125   11.653   12.989
            0.240000  0.500000  0.740000
   -2.999   -0.716    2.568    3.834    8.921    9.109   11.745   12.949
            0.240000  0.500000  0.750000
   -2.976   -0.718    2.528    3.799    8.968    9.097   11.838   12.902
            0.240000  0.500000  0.760000
   -2.954   -0.718    2.487    3.764    9.005    9.095   11.930   12.845
            0.240000  0.500000  0.770000
   -2.933   -0.717    2.447    3.731    9.020    9.118   12.022   12.778
            0.240000  0.500000  0.780000
   -2.913   -0.715    2.407    3.700    9.016    9.163   12.113   12.704
            0.240000  0.500000  0.790000
   -2.894   -0.712    2.367    3.669    9.005    9.215   12.203   12.625
            0.240000  0.500000  0.800000
   -2.876   -0.708    2.327    3.640    8.992    9.272   12.286   12.549
            0.240000  0.500000  0.810000
   -2.859   -0.703    2.288    3.613    8.979    9.330   12.345   12.496
            0.240000  0.500000  0.820000
   -2.843   -0.696    2.249    3.587    8.966    9.390   12.320   12.524
            0.240000  0.500000  0.830000
   -2.827   -0.689    2.211    3.562    8.954    9.451   12.246   12.601
            0.240000  0.500000  0.840000
   -2.813   -0.682    2.174    3.539    8.942    9.514   12.163   12.685
            0.240000  0.500000  0.850000
   -2.800   -0.673    2.138    3.518    8.931    9.577   12.077   12.767
            0.240000  0.500000  0.860000
   -2.787   -0.664    2.103    3.497    8.920    9.642   11.990   12.824
            0.240000  0.500000  0.870000
   -2.776   -0.655    2.069    3.479    8.910    9.707   11.903   12.832
            0.240000  0.500000  0.880000
   -2.765   -0.646    2.037    3.461    8.901    9.773   11.818   12.826
            0.240000  0.500000  0.890000
   -2.756   -0.636    2.007    3.445    8.892    9.839   11.733   12.818
            0.240000  0.500000  0.900000
   -2.747   -0.627    1.979    3.431    8.884    9.906   11.649   12.810
            0.240000  0.500000  0.910000
   -2.739   -0.618    1.952    3.418    8.877    9.972   11.566   12.802
            0.240000  0.500000  0.920000
   -2.732   -0.610    1.928    3.406    8.871   10.039   11.486   12.795
            0.240000  0.500000  0.930000
   -2.726   -0.602    1.906    3.396    8.865   10.105   11.407   12.789
            0.240000  0.500000  0.940000
   -2.721   -0.595    1.887    3.387    8.860   10.169   11.332   12.783
            0.240000  0.500000  0.950000
   -2.717   -0.588    1.871    3.380    8.856   10.231   11.261   12.779
            0.240000  0.500000  0.960000
   -2.713   -0.583    1.857    3.374    8.853   10.289   11.196   12.775
            0.240000  0.500000  0.970000
   -2.710   -0.579    1.846    3.369    8.850   10.340   11.138   12.772
            0.240000  0.500000  0.980000
   -2.708   -0.575    1.838    3.366    8.848   10.382   11.092   12.770
            0.240000  0.500000  0.990000
   -2.707   -0.573    1.834    3.364    8.847   10.411   11.061   12.769
            0.240000  0.500000  1.000000
   -2.707   -0.573    1.832    3.363    8.847   10.421   11.050   12.768
