 &plot nbnd=   8, nks=   101 /
            0.340000  0.690000  0.000000
   -3.422    0.217    2.399    3.576    8.804    9.604   10.167   13.104
            0.340000  0.690000  0.010000
   -3.422    0.216    2.400    3.576    8.798    9.611   10.167   13.098
            0.340000  0.690000  0.020000
   -3.421    0.211    2.404    3.579    8.782    9.631   10.168   13.080
            0.340000  0.690000  0.030000
   -3.420    0.204    2.410    3.582    8.756    9.662   10.171   13.051
            0.340000  0.690000  0.040000
   -3.419    0.194    2.419    3.588    8.723    9.703   10.174   13.011
            0.340000  0.690000  0.050000
   -3.417    0.181    2.430    3.594    8.685    9.751   10.178   12.962
            0.340000  0.690000  0.060000
   -3.415    0.166    2.444    3.603    8.643    9.805   10.184   12.905
            0.340000  0.690000  0.070000
   -3.413    0.149    2.459    3.612    8.599    9.862   10.192   12.842
            0.340000  0.690000  0.080000
   -3.410    0.129    2.476    3.623    8.553    9.921   10.203   12.772
            0.340000  0.690000  0.090000
   -3.407    0.107    2.495    3.636    8.506    9.978   10.220   12.698
            0.340000  0.690000  0.100000
   -3.403    0.083    2.516    3.650    8.460   10.030   10.246   12.620
            0.340000  0.690000  0.110000
   -3.400    0.058    2.537    3.665    8.414   10.072   10.284   12.539
            0.340000  0.690000  0.120000
   -3.396    0.031    2.560    3.682    8.368   10.102   10.336   12.454
            0.340000  0.690000  0.130000
   -3.391    0.003    2.584    3.700    8.324   10.123   10.400   12.368
            0.340000  0.690000  0.140000
   -3.387   -0.026    2.608    3.719    8.282   10.138   10.472   12.280
            0.340000  0.690000  0.150000
   -3.382   -0.056    2.632    3.739    8.240   10.150   10.549   12.190
            0.340000  0.690000  0.160000
   -3.377   -0.087    2.658    3.760    8.201   10.159   10.630   12.099
            0.340000  0.690000  0.170000
   -3.371   -0.118    2.683    3.782    8.164   10.168   10.714   12.006
            0.340000  0.690000  0.180000
   -3.366   -0.150    2.708    3.805    8.128   10.175   10.800   11.914
            0.340000  0.690000  0.190000
   -3.360   -0.182    2.734    3.829    8.095   10.181   10.888   11.820
            0.340000  0.690000  0.200000
   -3.354   -0.214    2.759    3.854    8.065   10.188   10.978   11.727
            0.340000  0.690000  0.210000
   -3.348   -0.246    2.785    3.878    8.036   10.193   11.069   11.633
            0.340000  0.690000  0.220000
   -3.342   -0.278    2.810    3.904    8.011   10.198   11.161   11.540
            0.340000  0.690000  0.230000
   -3.336   -0.310    2.834    3.929    7.989   10.203   11.255   11.447
            0.340000  0.690000  0.240000
   -3.330   -0.341    2.859    3.954    7.969   10.207   11.340   11.364
            0.340000  0.690000  0.250000
   -3.323   -0.372    2.883    3.979    7.952   10.210   11.261   11.447
            0.340000  0.690000  0.260000
   -3.317   -0.403    2.906    4.004    7.939   10.212   11.171   11.543
            0.340000  0.690000  0.270000
   -3.311   -0.433    2.930    4.028    7.929   10.212   11.082   11.640
            0.340000  0.690000  0.280000
   -3.305   -0.462    2.953    4.052    7.922   10.210   10.995   11.739
            0.340000  0.690000  0.290000
   -3.299   -0.490    2.975    4.075    7.918   10.206   10.911   11.838
            0.340000  0.690000  0.300000
   -3.293   -0.517    2.997    4.097    7.918   10.197   10.832   11.938
            0.340000  0.690000  0.310000
   -3.288   -0.543    3.018    4.118    7.922   10.184   10.758   12.039
            0.340000  0.690000  0.320000
   -3.282   -0.569    3.039    4.139    7.929   10.164   10.692   12.140
            0.340000  0.690000  0.330000
   -3.277   -0.592    3.059    4.157    7.939   10.135   10.634   12.242
            0.340000  0.690000  0.340000
   -3.273   -0.615    3.079    4.175    7.953   10.096   10.587   12.344
            0.340000  0.690000  0.350000
   -3.268   -0.636    3.099    4.191    7.971   10.047   10.551   12.447
            0.340000  0.690000  0.360000
   -3.264   -0.656    3.117    4.206    7.992    9.989   10.525   12.550
            0.340000  0.690000  0.370000
   -3.261   -0.675    3.135    4.220    8.017    9.924   10.507   12.654
            0.340000  0.690000  0.380000
   -3.258   -0.692    3.153    4.232    8.045    9.854   10.495   12.758
            0.340000  0.690000  0.390000
   -3.255   -0.707    3.169    4.243    8.076    9.780   10.487   12.862
            0.340000  0.690000  0.400000
   -3.253   -0.721    3.185    4.252    8.110    9.705   10.483   12.967
            0.340000  0.690000  0.410000
   -3.252   -0.733    3.200    4.260    8.147    9.629   10.480   13.071
            0.340000  0.690000  0.420000
   -3.251   -0.744    3.215    4.267    8.187    9.553   10.480   13.176
            0.340000  0.690000  0.430000
   -3.251   -0.752    3.228    4.273    8.228    9.478   10.480   13.280
            0.340000  0.690000  0.440000
   -3.251   -0.759    3.241    4.277    8.271    9.405   10.481   13.384
            0.340000  0.690000  0.450000
   -3.252   -0.764    3.253    4.281    8.316    9.334   10.483   13.487
            0.340000  0.690000  0.460000
   -3.254   -0.768    3.264    4.283    8.360    9.267   10.485   13.589
            0.340000  0.690000  0.470000
   -3.256   -0.769    3.273    4.284    8.403    9.205   10.488   13.689
            0.340000  0.690000  0.480000
   -3.259   -0.769    3.282    4.285    8.443    9.150   10.491   13.783
            0.340000  0.690000  0.490000
   -3.263   -0.767    3.289    4.285    8.477    9.105   10.493   13.844
            0.340000  0.690000  0.500000
   -3.267   -0.763    3.296    4.284    8.500    9.074   10.496   13.793
            0.340000  0.690000  0.510000
   -3.272   -0.757    3.301    4.282    8.511    9.060   10.499   13.698
            0.340000  0.690000  0.520000
   -3.277   -0.749    3.305    4.280    8.505    9.066   10.501   13.595
            0.340000  0.690000  0.530000
   -3.283   -0.740    3.307    4.277    8.485    9.091   10.504   13.491
            0.340000  0.690000  0.540000
   -3.290   -0.729    3.309    4.273    8.454    9.131   10.507   13.385
            0.340000  0.690000  0.550000
   -3.297   -0.716    3.309    4.269    8.415    9.182   10.509   13.279
            0.340000  0.690000  0.560000
   -3.305   -0.701    3.308    4.264    8.372    9.241   10.512   13.173
            0.340000  0.690000  0.570000
   -3.313   -0.685    3.305    4.259    8.327    9.306   10.515   13.066
            0.340000  0.690000  0.580000
   -3.321   -0.668    3.301    4.253    8.282    9.374   10.519   12.960
            0.340000  0.690000  0.590000
   -3.330   -0.648    3.296    4.246    8.237    9.446   10.522   12.854
            0.340000  0.690000  0.600000
   -3.340   -0.627    3.290    4.238    8.194    9.520   10.527   12.748
            0.340000  0.690000  0.610000
   -3.349   -0.605    3.283    4.230    8.153    9.595   10.532   12.642
            0.340000  0.690000  0.620000
   -3.359   -0.582    3.274    4.221    8.114    9.670   10.538   12.537
            0.340000  0.690000  0.630000
   -3.369   -0.557    3.264    4.211    8.078    9.745   10.547   12.432
            0.340000  0.690000  0.640000
   -3.380   -0.531    3.254    4.200    8.044    9.820   10.557   12.328
            0.340000  0.690000  0.650000
   -3.390   -0.503    3.242    4.189    8.014    9.892   10.571   12.224
            0.340000  0.690000  0.660000
   -3.401   -0.475    3.229    4.176    7.986    9.961   10.588   12.121
            0.340000  0.690000  0.670000
   -3.412   -0.445    3.214    4.163    7.962   10.025   10.611   12.019
            0.340000  0.690000  0.680000
   -3.422   -0.414    3.199    4.148    7.942   10.083   10.641   11.917
            0.340000  0.690000  0.690000
   -3.433   -0.383    3.183    4.133    7.925   10.133   10.680   11.816
            0.340000  0.690000  0.700000
   -3.444   -0.350    3.166    4.117    7.911   10.175   10.726   11.716
            0.340000  0.690000  0.710000
   -3.455   -0.317    3.148    4.100    7.901   10.209   10.782   11.616
            0.340000  0.690000  0.720000
   -3.465   -0.283    3.129    4.083    7.894   10.235   10.846   11.518
            0.340000  0.690000  0.730000
   -3.476   -0.249    3.110    4.065    7.891   10.254   10.916   11.420
            0.340000  0.690000  0.740000
   -3.486   -0.214    3.089    4.046    7.891   10.269   10.991   11.324
            0.340000  0.690000  0.750000
   -3.496   -0.178    3.068    4.027    7.895   10.279   11.070   11.229
            0.340000  0.690000  0.760000
   -3.506   -0.142    3.046    4.008    7.902   10.286   11.121   11.166
            0.340000  0.690000  0.770000
   -3.516   -0.106    3.023    3.989    7.912   10.291   11.037   11.243
            0.340000  0.690000  0.780000
   -3.526   -0.070    2.999    3.969    7.925   10.294   10.945   11.329
            0.340000  0.690000  0.790000
   -3.535   -0.033    2.975    3.950    7.942   10.295   10.855   11.416
            0.340000  0.690000  0.800000
   -3.544    0.003    2.951    3.931    7.961   10.294   10.766   11.505
            0.340000  0.690000  0.810000
   -3.552    0.039    2.926    3.912    7.983   10.292   10.678   11.594
            0.340000  0.690000  0.820000
   -3.561    0.075    2.900    3.893    8.008   10.289   10.594   11.684
            0.340000  0.690000  0.830000
   -3.568    0.111    2.875    3.875    8.035   10.282   10.513   11.773
            0.340000  0.690000  0.840000
   -3.576    0.146    2.849    3.858    8.064   10.270   10.439   11.861
            0.340000  0.690000  0.850000
   -3.583    0.180    2.824    3.841    8.096   10.245   10.379   11.949
            0.340000  0.690000  0.860000
   -3.590    0.213    2.798    3.825    8.129   10.198   10.343   12.036
            0.340000  0.690000  0.870000
   -3.596    0.246    2.773    3.810    8.165   10.135   10.325   12.121
            0.340000  0.690000  0.880000
   -3.602    0.277    2.749    3.796    8.201   10.065   10.316   12.204
            0.340000  0.690000  0.890000
   -3.608    0.306    2.725    3.783    8.239    9.994   10.310   12.285
            0.340000  0.690000  0.900000
   -3.613    0.334    2.702    3.771    8.278    9.924   10.305   12.364
            0.340000  0.690000  0.910000
   -3.617    0.361    2.681    3.760    8.317    9.856   10.302   12.439
            0.340000  0.690000  0.920000
   -3.622    0.385    2.661    3.750    8.356    9.790   10.300   12.510
            0.340000  0.690000  0.930000
   -3.625    0.407    2.643    3.741    8.394    9.729   10.297   12.576
            0.340000  0.690000  0.940000
   -3.628    0.426    2.626    3.734    8.431    9.672   10.296   12.637
            0.340000  0.690000  0.950000
   -3.631    0.443    2.612    3.727    8.465    9.621   10.294   12.691
            0.340000  0.690000  0.960000
   -3.633    0.457    2.600    3.722    8.496    9.576   10.293   12.737
            0.340000  0.690000  0.970000
   -3.635    0.468    2.590    3.718    8.522    9.539   10.292   12.775
            0.340000  0.690000  0.980000
   -3.636    0.476    2.584    3.715    8.542    9.511   10.291   12.802
            0.340000  0.690000  0.990000
   -3.637    0.481    2.579    3.713    8.555    9.494   10.291   12.819
            0.340000  0.690000  1.000000
   -3.637    0.482    2.578    3.713    8.559    9.488   10.291   12.825
