 &plot nbnd=   8, nks=   101 /
            0.540000  0.410000  0.000000
   -3.934    0.748    2.483    4.537    8.814    9.777   11.010   11.441
            0.540000  0.410000  0.010000
   -3.934    0.745    2.486    4.537    8.814    9.773   11.014   11.438
            0.540000  0.410000  0.020000
   -3.933    0.737    2.495    4.537    8.814    9.761   11.026   11.428
            0.540000  0.410000  0.030000
   -3.932    0.725    2.511    4.538    8.813    9.742   11.044   11.413
            0.540000  0.410000  0.040000
   -3.930    0.707    2.531    4.538    8.812    9.718   11.067   11.395
            0.540000  0.410000  0.050000
   -3.928    0.685    2.558    4.539    8.810    9.688   11.089   11.378
            0.540000  0.410000  0.060000
   -3.925    0.660    2.589    4.540    8.808    9.653   11.105   11.370
            0.540000  0.410000  0.070000
   -3.921    0.630    2.625    4.541    8.805    9.616   11.105   11.378
            0.540000  0.410000  0.080000
   -3.917    0.598    2.665    4.542    8.801    9.577   11.086   11.406
            0.540000  0.410000  0.090000
   -3.913    0.563    2.708    4.544    8.795    9.536   11.052   11.450
            0.540000  0.410000  0.100000
   -3.908    0.525    2.755    4.545    8.789    9.495   11.008   11.506
            0.540000  0.410000  0.110000
   -3.903    0.486    2.804    4.547    8.781    9.455   10.957   11.568
            0.540000  0.410000  0.120000
   -3.897    0.445    2.856    4.549    8.771    9.415   10.903   11.636
            0.540000  0.410000  0.130000
   -3.890    0.403    2.910    4.551    8.759    9.378   10.846   11.708
            0.540000  0.410000  0.140000
   -3.883    0.360    2.966    4.553    8.744    9.342   10.788   11.783
            0.540000  0.410000  0.150000
   -3.876    0.315    3.024    4.555    8.726    9.310   10.728   11.860
            0.540000  0.410000  0.160000
   -3.868    0.271    3.083    4.557    8.704    9.281   10.668   11.940
            0.540000  0.410000  0.170000
   -3.860    0.226    3.143    4.559    8.680    9.255   10.607   12.022
            0.540000  0.410000  0.180000
   -3.851    0.180    3.204    4.561    8.652    9.233   10.547   12.104
            0.540000  0.410000  0.190000
   -3.842    0.135    3.266    4.563    8.620    9.215   10.486   12.189
            0.540000  0.410000  0.200000
   -3.833    0.090    3.329    4.566    8.586    9.200   10.427   12.274
            0.540000  0.410000  0.210000
   -3.823    0.044    3.391    4.568    8.549    9.188   10.368   12.360
            0.540000  0.410000  0.220000
   -3.813   -0.000    3.454    4.570    8.511    9.179   10.310   12.447
            0.540000  0.410000  0.230000
   -3.802   -0.045    3.517    4.572    8.470    9.172   10.253   12.535
            0.540000  0.410000  0.240000
   -3.791   -0.089    3.580    4.575    8.428    9.167   10.197   12.622
            0.540000  0.410000  0.250000
   -3.780   -0.132    3.643    4.577    8.385    9.164   10.143   12.710
            0.540000  0.410000  0.260000
   -3.769   -0.175    3.705    4.579    8.342    9.162   10.090   12.798
            0.540000  0.410000  0.270000
   -3.757   -0.217    3.766    4.581    8.298    9.161   10.039   12.885
            0.540000  0.410000  0.280000
   -3.746   -0.258    3.827    4.583    8.254    9.161    9.989   12.971
            0.540000  0.410000  0.290000
   -3.734   -0.298    3.887    4.584    8.211    9.162    9.942   13.056
            0.540000  0.410000  0.300000
   -3.721   -0.338    3.945    4.586    8.167    9.163    9.896   13.139
            0.540000  0.410000  0.310000
   -3.709   -0.376    4.002    4.588    8.125    9.165    9.852   13.220
            0.540000  0.410000  0.320000
   -3.697   -0.413    4.057    4.590    8.083    9.167    9.810   13.297
            0.540000  0.410000  0.330000
   -3.684   -0.449    4.110    4.591    8.042    9.169    9.771   13.370
            0.540000  0.410000  0.340000
   -3.672   -0.484    4.161    4.593    8.003    9.172    9.733   13.439
            0.540000  0.410000  0.350000
   -3.659   -0.518    4.209    4.596    7.965    9.174    9.698   13.501
            0.540000  0.410000  0.360000
   -3.647   -0.551    4.255    4.598    7.928    9.177    9.665   13.556
            0.540000  0.410000  0.370000
   -3.634   -0.582    4.296    4.601    7.894    9.180    9.634   13.603
            0.540000  0.410000  0.380000
   -3.622   -0.611    4.334    4.606    7.861    9.183    9.605   13.643
            0.540000  0.410000  0.390000
   -3.610   -0.639    4.367    4.611    7.831    9.186    9.578   13.674
            0.540000  0.410000  0.400000
   -3.598   -0.666    4.394    4.618    7.803    9.189    9.553   13.699
            0.540000  0.410000  0.410000
   -3.586   -0.691    4.416    4.627    7.778    9.193    9.531   13.717
            0.540000  0.410000  0.420000
   -3.575   -0.715    4.433    4.637    7.755    9.196    9.510   13.730
            0.540000  0.410000  0.430000
   -3.564   -0.737    4.443    4.648    7.736    9.201    9.491   13.740
            0.540000  0.410000  0.440000
   -3.553   -0.757    4.450    4.660    7.720    9.205    9.475   13.747
            0.540000  0.410000  0.450000
   -3.543   -0.775    4.452    4.671    7.708    9.210    9.460   13.752
            0.540000  0.410000  0.460000
   -3.533   -0.792    4.450    4.680    7.699    9.216    9.447   13.756
            0.540000  0.410000  0.470000
   -3.524   -0.806    4.446    4.687    7.694    9.221    9.436   13.761
            0.540000  0.410000  0.480000
   -3.515   -0.819    4.439    4.692    7.692    9.226    9.428   13.765
            0.540000  0.410000  0.490000
   -3.506   -0.830    4.429    4.694    7.694    9.230    9.423   13.770
            0.540000  0.410000  0.500000
   -3.499   -0.839    4.418    4.694    7.700    9.234    9.421   13.776
            0.540000  0.410000  0.510000
   -3.492   -0.846    4.403    4.691    7.710    9.235    9.423   13.782
            0.540000  0.410000  0.520000
   -3.485   -0.851    4.387    4.686    7.723    9.235    9.430   13.790
            0.540000  0.410000  0.530000
   -3.479   -0.854    4.367    4.678    7.740    9.233    9.441   13.798
            0.540000  0.410000  0.540000
   -3.474   -0.855    4.345    4.669    7.759    9.229    9.456   13.807
            0.540000  0.410000  0.550000
   -3.469   -0.854    4.320    4.658    7.782    9.223    9.476   13.816
            0.540000  0.410000  0.560000
   -3.465   -0.851    4.292    4.646    7.808    9.215    9.499   13.825
            0.540000  0.410000  0.570000
   -3.462   -0.846    4.261    4.633    7.836    9.207    9.525   13.834
            0.540000  0.410000  0.580000
   -3.459   -0.839    4.227    4.620    7.867    9.198    9.555   13.841
            0.540000  0.410000  0.590000
   -3.457   -0.830    4.190    4.607    7.900    9.189    9.588   13.847
            0.540000  0.410000  0.600000
   -3.456   -0.819    4.150    4.593    7.935    9.179    9.623   13.849
            0.540000  0.410000  0.610000
   -3.455   -0.806    4.107    4.580    7.971    9.169    9.661   13.848
            0.540000  0.410000  0.620000
   -3.455   -0.792    4.061    4.567    8.009    9.160    9.701   13.840
            0.540000  0.410000  0.630000
   -3.456   -0.775    4.012    4.554    8.048    9.151    9.744   13.826
            0.540000  0.410000  0.640000
   -3.457   -0.757    3.961    4.541    8.088    9.142    9.789   13.802
            0.540000  0.410000  0.650000
   -3.458   -0.737    3.908    4.529    8.129    9.134    9.837   13.770
            0.540000  0.410000  0.660000
   -3.460   -0.715    3.853    4.517    8.170    9.128    9.886   13.727
            0.540000  0.410000  0.670000
   -3.463   -0.691    3.796    4.505    8.211    9.122    9.937   13.675
            0.540000  0.410000  0.680000
   -3.466   -0.666    3.738    4.494    8.251    9.118    9.991   13.615
            0.540000  0.410000  0.690000
   -3.469   -0.639    3.678    4.483    8.291    9.115   10.046   13.547
            0.540000  0.410000  0.700000
   -3.473   -0.611    3.618    4.472    8.330    9.115   10.102   13.474
            0.540000  0.410000  0.710000
   -3.476   -0.582    3.556    4.462    8.367    9.118   10.161   13.396
            0.540000  0.410000  0.720000
   -3.481   -0.551    3.494    4.451    8.403    9.123   10.221   13.314
            0.540000  0.410000  0.730000
   -3.485   -0.519    3.431    4.441    8.436    9.132   10.282   13.230
            0.540000  0.410000  0.740000
   -3.490   -0.486    3.367    4.432    8.466    9.145   10.344   13.145
            0.540000  0.410000  0.750000
   -3.494   -0.451    3.304    4.422    8.493    9.162   10.408   13.057
            0.540000  0.410000  0.760000
   -3.499   -0.416    3.240    4.413    8.516    9.184   10.473   12.969
            0.540000  0.410000  0.770000
   -3.504   -0.380    3.176    4.404    8.536    9.210   10.539   12.881
            0.540000  0.410000  0.780000
   -3.509   -0.343    3.112    4.396    8.552    9.241   10.606   12.792
            0.540000  0.410000  0.790000
   -3.514   -0.306    3.049    4.388    8.565    9.276   10.673   12.704
            0.540000  0.410000  0.800000
   -3.519   -0.268    2.986    4.380    8.575    9.314   10.741   12.615
            0.540000  0.410000  0.810000
   -3.524   -0.229    2.924    4.372    8.582    9.357   10.809   12.528
            0.540000  0.410000  0.820000
   -3.528   -0.191    2.863    4.365    8.587    9.402   10.878   12.441
            0.540000  0.410000  0.830000
   -3.533   -0.152    2.802    4.358    8.590    9.450   10.947   12.355
            0.540000  0.410000  0.840000
   -3.538   -0.113    2.743    4.351    8.592    9.501   11.015   12.271
            0.540000  0.410000  0.850000
   -3.542   -0.074    2.685    4.345    8.593    9.553   11.083   12.188
            0.540000  0.410000  0.860000
   -3.546   -0.036    2.629    4.339    8.592    9.607   11.150   12.107
            0.540000  0.410000  0.870000
   -3.550    0.001    2.575    4.334    8.591    9.661   11.215   12.029
            0.540000  0.410000  0.880000
   -3.554    0.038    2.522    4.329    8.590    9.717   11.278   11.954
            0.540000  0.410000  0.890000
   -3.558    0.073    2.472    4.324    8.588    9.772   11.336   11.884
            0.540000  0.410000  0.900000
   -3.561    0.107    2.425    4.320    8.586    9.828   11.388   11.822
            0.540000  0.410000  0.910000
   -3.564    0.140    2.381    4.316    8.584    9.882   11.428   11.772
            0.540000  0.410000  0.920000
   -3.567    0.170    2.340    4.312    8.581    9.936   11.448   11.743
            0.540000  0.410000  0.930000
   -3.569    0.198    2.302    4.309    8.579    9.988   11.441   11.741
            0.540000  0.410000  0.940000
   -3.571    0.223    2.269    4.307    8.578   10.037   11.414   11.760
            0.540000  0.410000  0.950000
   -3.573    0.245    2.240    4.304    8.576   10.082   11.378   11.789
            0.540000  0.410000  0.960000
   -3.574    0.264    2.216    4.302    8.575   10.122   11.340   11.820
            0.540000  0.410000  0.970000
   -3.576    0.278    2.196    4.301    8.573   10.155   11.306   11.847
            0.540000  0.410000  0.980000
   -3.576    0.289    2.182    4.300    8.573   10.181   11.280   11.869
            0.540000  0.410000  0.990000
   -3.577    0.296    2.174    4.299    8.572   10.197   11.263   11.883
            0.540000  0.410000  1.000000
   -3.577    0.298    2.171    4.299    8.572   10.202   11.258   11.887
