 &plot nbnd=   8, nks=   101 /
            0.500000 -0.140000 -1.000000
   -2.240   -0.988    1.881    2.805    9.410   10.356   10.812   11.838
            0.500000 -0.140000 -0.980000
   -2.245   -0.985    1.883    2.810    9.411   10.308   10.863   11.840
            0.500000 -0.140000 -0.960000
   -2.260   -0.977    1.888    2.827    9.415   10.201   10.979   11.850
            0.500000 -0.140000 -0.940000
   -2.284   -0.963    1.895    2.854    9.420   10.074   11.120   11.865
            0.500000 -0.140000 -0.920000
   -2.316   -0.945    1.906    2.892    9.426    9.943   11.269   11.890
            0.500000 -0.140000 -0.900000
   -2.356   -0.922    1.920    2.940    9.431    9.815   11.418   11.926
            0.500000 -0.140000 -0.880000
   -2.404   -0.895    1.938    2.997    9.430    9.697   11.557   11.981
            0.500000 -0.140000 -0.860000
   -2.457   -0.864    1.958    3.064    9.406    9.609   11.676   12.065
            0.500000 -0.140000 -0.840000
   -2.516   -0.830    1.981    3.138    9.337    9.572   11.768   12.183
            0.500000 -0.140000 -0.820000
   -2.579   -0.793    2.007    3.219    9.238    9.573   11.837   12.331
            0.500000 -0.140000 -0.800000
   -2.645   -0.753    2.036    3.307    9.130    9.590   11.893   12.497
            0.500000 -0.140000 -0.780000
   -2.715   -0.710    2.068    3.400    9.023    9.613   11.943   12.674
            0.500000 -0.140000 -0.760000
   -2.787   -0.664    2.103    3.497    8.920    9.642   11.990   12.824
            0.500000 -0.140000 -0.740000
   -2.861   -0.616    2.141    3.598    8.822    9.673   12.035   12.658
            0.500000 -0.140000 -0.720000
   -2.936   -0.566    2.181    3.702    8.731    9.708   12.072   12.468
            0.500000 -0.140000 -0.700000
   -3.013   -0.513    2.225    3.806    8.647    9.746   12.070   12.318
            0.500000 -0.140000 -0.680000
   -3.089   -0.457    2.271    3.911    8.570    9.785   11.955   12.285
            0.500000 -0.140000 -0.660000
   -3.166   -0.399    2.319    4.014    8.503    9.827   11.774   12.322
            0.500000 -0.140000 -0.640000
   -3.243   -0.338    2.371    4.115    8.444    9.871   11.577   12.378
            0.500000 -0.140000 -0.620000
   -3.319   -0.275    2.425    4.212    8.397    9.916   11.378   12.443
            0.500000 -0.140000 -0.600000
   -3.394   -0.209    2.481    4.305    8.360    9.963   11.179   12.513
            0.500000 -0.140000 -0.580000
   -3.468   -0.141    2.540    4.391    8.336   10.011   10.981   12.587
            0.500000 -0.140000 -0.560000
   -3.541   -0.070    2.601    4.469    8.324   10.060   10.786   12.665
            0.500000 -0.140000 -0.540000
   -3.613    0.003    2.664    4.539    8.326   10.110   10.594   12.746
            0.500000 -0.140000 -0.520000
   -3.683    0.079    2.729    4.599    8.341   10.159   10.406   12.824
            0.500000 -0.140000 -0.500000
   -3.752    0.157    2.796    4.649    8.370   10.184   10.248   12.854
            0.500000 -0.140000 -0.480000
   -3.818    0.237    2.865    4.688    8.412   10.031   10.271   12.693
            0.500000 -0.140000 -0.460000
   -3.883    0.320    2.936    4.715    8.467    9.859   10.321   12.485
            0.500000 -0.140000 -0.440000
   -3.945    0.404    3.008    4.732    8.532    9.692   10.372   12.276
            0.500000 -0.140000 -0.420000
   -4.006    0.491    3.081    4.738    8.604    9.536   10.422   12.071
            0.500000 -0.140000 -0.400000
   -4.064    0.580    3.155    4.734    8.676    9.397   10.472   11.869
            0.500000 -0.140000 -0.380000
   -4.119    0.670    3.230    4.721    8.733    9.290   10.520   11.673
            0.500000 -0.140000 -0.360000
   -4.172    0.762    3.305    4.699    8.743    9.242   10.566   11.484
            0.500000 -0.140000 -0.340000
   -4.223    0.856    3.380    4.670    8.691    9.273   10.610   11.302
            0.500000 -0.140000 -0.320000
   -4.271    0.951    3.455    4.633    8.596    9.358   10.647   11.132
            0.500000 -0.140000 -0.300000
   -4.316    1.047    3.529    4.591    8.487    9.469   10.671   10.982
            0.500000 -0.140000 -0.280000
   -4.359    1.143    3.602    4.542    8.375    9.592   10.651   10.883
            0.500000 -0.140000 -0.260000
   -4.399    1.240    3.673    4.490    8.265    9.716   10.562   10.865
            0.500000 -0.140000 -0.240000
   -4.436    1.338    3.742    4.434    8.162    9.832   10.453   10.887
            0.500000 -0.140000 -0.220000
   -4.470    1.434    3.806    4.376    8.065    9.916   10.372   10.920
            0.500000 -0.140000 -0.200000
   -4.501    1.530    3.866    4.318    7.976    9.931   10.363   10.959
            0.500000 -0.140000 -0.180000
   -4.530    1.623    3.917    4.262    7.896    9.874   10.428   11.002
            0.500000 -0.140000 -0.160000
   -4.555    1.714    3.955    4.215    7.825    9.786   10.522   11.050
            0.500000 -0.140000 -0.140000
   -4.578    1.801    3.969    4.188    7.762    9.694   10.616   11.106
            0.500000 -0.140000 -0.120000
   -4.598    1.883    3.952    4.188    7.708    9.608   10.698   11.172
            0.500000 -0.140000 -0.100000
   -4.614    1.957    3.916    4.206    7.663    9.530   10.764   11.245
            0.500000 -0.140000 -0.080000
   -4.628    2.023    3.874    4.228    7.627    9.464   10.812   11.320
            0.500000 -0.140000 -0.060000
   -4.638    2.078    3.834    4.249    7.599    9.411   10.845   11.391
            0.500000 -0.140000 -0.040000
   -4.646    2.120    3.803    4.266    7.579    9.373   10.867   11.448
            0.500000 -0.140000 -0.020000
   -4.651    2.146    3.783    4.276    7.567    9.350   10.879   11.486
            0.500000 -0.140000  0.000000
   -4.652    2.154    3.776    4.280    7.563    9.342   10.883   11.499
            0.500000 -0.140000  0.020000
   -4.651    2.146    3.783    4.276    7.567    9.350   10.879   11.486
            0.500000 -0.140000  0.040000
   -4.646    2.120    3.803    4.266    7.579    9.373   10.867   11.448
            0.500000 -0.140000  0.060000
   -4.638    2.078    3.834    4.249    7.599    9.411   10.845   11.391
            0.500000 -0.140000  0.080000
   -4.628    2.023    3.874    4.228    7.627    9.464   10.812   11.320
            0.500000 -0.140000  0.100000
   -4.614    1.957    3.916    4.206    7.663    9.530   10.764   11.245
            0.500000 -0.140000  0.120000
   -4.598    1.883    3.952    4.188    7.708    9.608   10.698   11.172
            0.500000 -0.140000  0.140000
   -4.578    1.801    3.969    4.188    7.762    9.694   10.616   11.106
            0.500000 -0.140000  0.160000
   -4.555    1.714    3.955    4.215    7.825    9.786   10.522   11.050
            0.500000 -0.140000  0.180000
   -4.530    1.623    3.917    4.262    7.896    9.874   10.428   11.002
            0.500000 -0.140000  0.200000
   -4.501    1.530    3.866    4.318    7.976    9.931   10.363   10.959
            0.500000 -0.140000  0.220000
   -4.470    1.434    3.806    4.376    8.065    9.916   10.372   10.920
            0.500000 -0.140000  0.240000
   -4.436    1.338    3.742    4.434    8.162    9.832   10.453   10.887
            0.500000 -0.140000  0.260000
   -4.399    1.240    3.673    4.490    8.265    9.716   10.562   10.865
            0.500000 -0.140000  0.280000
   -4.359    1.143    3.602    4.542    8.375    9.592   10.651   10.883
            0.500000 -0.140000  0.300000
   -4.316    1.047    3.529    4.591    8.487    9.469   10.671   10.982
            0.500000 -0.140000  0.320000
   -4.271    0.951    3.455    4.633    8.596    9.358   10.647   11.132
            0.500000 -0.140000  0.340000
   -4.223    0.856    3.380    4.670    8.691    9.273   10.610   11.302
            0.500000 -0.140000  0.360000
   -4.172    0.762    3.305    4.699    8.743    9.242   10.566   11.484
            0.500000 -0.140000  0.380000
   -4.119    0.670    3.230    4.721    8.733    9.290   10.520   11.673
            0.500000 -0.140000  0.400000
   -4.064    0.580    3.155    4.734    8.676    9.397   10.472   11.869
            0.500000 -0.140000  0.420000
   -4.006    0.491    3.081    4.738    8.604    9.536   10.422   12.071
            0.500000 -0.140000  0.440000
   -3.945    0.404    3.008    4.732    8.532    9.692   10.372   12.276
            0.500000 -0.140000  0.460000
   -3.883    0.320    2.936    4.715    8.467    9.859   10.321   12.485
            0.500000 -0.140000  0.480000
   -3.818    0.237    2.865    4.688    8.412   10.031   10.271   12.693
            0.500000 -0.140000  0.500000
   -3.752    0.157    2.796    4.649    8.370   10.184   10.248   12.854
            0.500000 -0.140000  0.520000
   -3.683    0.079    2.729    4.599    8.341   10.159   10.406   12.824
            0.500000 -0.140000  0.540000
   -3.613    0.003    2.664    4.539    8.326   10.110   10.594   12.746
            0.500000 -0.140000  0.560000
   -3.541   -0.070    2.601    4.469    8.324   10.060   10.786   12.665
            0.500000 -0.140000  0.580000
   -3.468   -0.141    2.540    4.391    8.336   10.011   10.981   12.587
            0.500000 -0.140000  0.600000
   -3.394   -0.209    2.481    4.305    8.360    9.963   11.179   12.513
            0.500000 -0.140000  0.620000
   -3.319   -0.275    2.425    4.212    8.397    9.916   11.378   12.443
            0.500000 -0.140000  0.640000
   -3.243   -0.338    2.371    4.115    8.444    9.871   11.577   12.378
            0.500000 -0.140000  0.660000
   -3.166   -0.399    2.319    4.014    8.503    9.827   11.774   12.322
            0.500000 -0.140000  0.680000
   -3.089   -0.457    2.271    3.911    8.570    9.785   11.955   12.285
            0.500000 -0.140000  0.700000
   -3.013   -0.513    2.225    3.806    8.647    9.746   12.070   12.318
            0.500000 -0.140000  0.720000
   -2.936   -0.566    2.181    3.702    8.731    9.708   12.072   12.468
            0.500000 -0.140000  0.740000
   -2.861   -0.616    2.141    3.598    8.822    9.673   12.035   12.658
            0.500000 -0.140000  0.760000
   -2.787   -0.664    2.103    3.497    8.920    9.642   11.990   12.824
            0.500000 -0.140000  0.780000
   -2.715   -0.710    2.068    3.400    9.023    9.613   11.943   12.674
            0.500000 -0.140000  0.800000
   -2.645   -0.753    2.036    3.307    9.130    9.590   11.893   12.497
            0.500000 -0.140000  0.820000
   -2.579   -0.793    2.007    3.219    9.238    9.573   11.837   12.331
            0.500000 -0.140000  0.840000
   -2.516   -0.830    1.981    3.138    9.337    9.572   11.768   12.183
            0.500000 -0.140000  0.860000
   -2.457   -0.864    1.958    3.064    9.406    9.609   11.676   12.065
            0.500000 -0.140000  0.880000
   -2.404   -0.895    1.938    2.997    9.430    9.697   11.557   11.981
            0.500000 -0.140000  0.900000
   -2.356   -0.922    1.920    2.940    9.431    9.815   11.418   11.926
            0.500000 -0.140000  0.920000
   -2.316   -0.945    1.906    2.892    9.426    9.943   11.269   11.890
            0.500000 -0.140000  0.940000
   -2.284   -0.963    1.895    2.854    9.420   10.074   11.120   11.865
            0.500000 -0.140000  0.960000
   -2.260   -0.977    1.888    2.827    9.415   10.201   10.979   11.850
            0.500000 -0.140000  0.980000
   -2.245   -0.985    1.883    2.810    9.411   10.308   10.863   11.840
            0.500000 -0.140000  1.000000
   -2.240   -0.988    1.881    2.805    9.410   10.356   10.812   11.838
