 &plot nbnd=   8, nks=   101 /
            0.250000  0.720000  0.000000
   -3.428    0.258    2.715    3.378    7.928    8.727   11.364   13.471
            0.250000  0.720000  0.010000
   -3.427    0.257    2.715    3.379    7.924    8.733   11.364   13.465
            0.250000  0.720000  0.020000
   -3.427    0.254    2.713    3.384    7.912    8.751   11.364   13.446
            0.250000  0.720000  0.030000
   -3.426    0.249    2.711    3.391    7.894    8.779   11.365   13.415
            0.250000  0.720000  0.040000
   -3.424    0.242    2.707    3.402    7.871    8.816   11.365   13.373
            0.250000  0.720000  0.050000
   -3.422    0.233    2.704    3.415    7.844    8.861   11.366   13.321
            0.250000  0.720000  0.060000
   -3.419    0.223    2.699    3.430    7.815    8.912   11.367   13.261
            0.250000  0.720000  0.070000
   -3.416    0.211    2.695    3.448    7.784    8.969   11.368   13.193
            0.250000  0.720000  0.080000
   -3.412    0.197    2.690    3.467    7.753    9.031   11.369   13.118
            0.250000  0.720000  0.090000
   -3.408    0.181    2.685    3.488    7.722    9.096   11.370   13.039
            0.250000  0.720000  0.100000
   -3.404    0.164    2.680    3.510    7.692    9.165   11.371   12.955
            0.250000  0.720000  0.110000
   -3.399    0.145    2.676    3.533    7.664    9.237   11.373   12.867
            0.250000  0.720000  0.120000
   -3.393    0.125    2.672    3.557    7.637    9.311   11.374   12.776
            0.250000  0.720000  0.130000
   -3.387    0.103    2.668    3.581    7.613    9.388   11.375   12.682
            0.250000  0.720000  0.140000
   -3.381    0.081    2.665    3.605    7.591    9.467   11.376   12.587
            0.250000  0.720000  0.150000
   -3.375    0.057    2.662    3.630    7.571    9.548   11.377   12.489
            0.250000  0.720000  0.160000
   -3.367    0.033    2.660    3.654    7.555    9.631   11.378   12.391
            0.250000  0.720000  0.170000
   -3.360    0.007    2.658    3.677    7.542    9.715   11.378   12.292
            0.250000  0.720000  0.180000
   -3.352   -0.019    2.657    3.701    7.532    9.801   11.378   12.192
            0.250000  0.720000  0.190000
   -3.344   -0.046    2.657    3.723    7.525    9.888   11.376   12.093
            0.250000  0.720000  0.200000
   -3.336   -0.073    2.657    3.744    7.522    9.977   11.373   11.994
            0.250000  0.720000  0.210000
   -3.327   -0.101    2.658    3.764    7.522   10.067   11.368   11.898
            0.250000  0.720000  0.220000
   -3.318   -0.129    2.659    3.784    7.527   10.158   11.358   11.805
            0.250000  0.720000  0.230000
   -3.308   -0.157    2.661    3.801    7.535   10.250   11.342   11.720
            0.250000  0.720000  0.240000
   -3.299   -0.186    2.663    3.818    7.547   10.343   11.314   11.645
            0.250000  0.720000  0.250000
   -3.289   -0.215    2.666    3.833    7.563   10.436   11.271   11.586
            0.250000  0.720000  0.260000
   -3.279   -0.243    2.668    3.847    7.583   10.530   11.211   11.546
            0.250000  0.720000  0.270000
   -3.269   -0.272    2.672    3.859    7.607   10.621   11.138   11.521
            0.250000  0.720000  0.280000
   -3.258   -0.300    2.675    3.871    7.635   10.707   11.062   11.506
            0.250000  0.720000  0.290000
   -3.248   -0.328    2.679    3.880    7.667   10.771   11.003   11.497
            0.250000  0.720000  0.300000
   -3.237   -0.356    2.682    3.889    7.702   10.767   11.009   11.492
            0.250000  0.720000  0.310000
   -3.227   -0.383    2.686    3.896    7.742   10.698   11.080   11.489
            0.250000  0.720000  0.320000
   -3.216   -0.409    2.690    3.902    7.785   10.608   11.171   11.487
            0.250000  0.720000  0.330000
   -3.205   -0.435    2.694    3.907    7.831   10.512   11.269   11.486
            0.250000  0.720000  0.340000
   -3.195   -0.460    2.698    3.911    7.881   10.413   11.370   11.486
            0.250000  0.720000  0.350000
   -3.184   -0.485    2.701    3.914    7.934   10.313   11.469   11.491
            0.250000  0.720000  0.360000
   -3.174   -0.509    2.704    3.917    7.991   10.212   11.485   11.580
            0.250000  0.720000  0.370000
   -3.164   -0.531    2.707    3.919    8.050   10.111   11.485   11.685
            0.250000  0.720000  0.380000
   -3.154   -0.553    2.710    3.920    8.113   10.011   11.486   11.792
            0.250000  0.720000  0.390000
   -3.144   -0.574    2.712    3.921    8.178    9.911   11.486   11.900
            0.250000  0.720000  0.400000
   -3.134   -0.593    2.714    3.922    8.246    9.813   11.486   12.009
            0.250000  0.720000  0.410000
   -3.125   -0.612    2.715    3.923    8.317    9.714   11.486   12.119
            0.250000  0.720000  0.420000
   -3.116   -0.629    2.716    3.924    8.389    9.617   11.486   12.230
            0.250000  0.720000  0.430000
   -3.108   -0.645    2.716    3.924    8.464    9.522   11.485   12.341
            0.250000  0.720000  0.440000
   -3.099   -0.659    2.715    3.925    8.540    9.428   11.484   12.453
            0.250000  0.720000  0.450000
   -3.092   -0.673    2.714    3.926    8.618    9.336   11.483   12.565
            0.250000  0.720000  0.460000
   -3.085   -0.684    2.712    3.927    8.696    9.247   11.482   12.678
            0.250000  0.720000  0.470000
   -3.078   -0.695    2.709    3.929    8.772    9.163   11.480   12.790
            0.250000  0.720000  0.480000
   -3.072   -0.704    2.706    3.931    8.837    9.093   11.479   12.902
            0.250000  0.720000  0.490000
   -3.067   -0.711    2.702    3.933    8.864    9.065   11.476   13.012
            0.250000  0.720000  0.500000
   -3.062   -0.717    2.697    3.935    8.826    9.105   11.474   13.113
            0.250000  0.720000  0.510000
   -3.057   -0.721    2.692    3.937    8.757    9.180   11.471   13.167
            0.250000  0.720000  0.520000
   -3.054   -0.723    2.686    3.940    8.681    9.265   11.468   13.108
            0.250000  0.720000  0.530000
   -3.051   -0.724    2.679    3.942    8.603    9.355   11.465   13.008
            0.250000  0.720000  0.540000
   -3.048   -0.724    2.672    3.945    8.526    9.447   11.462   12.900
            0.250000  0.720000  0.550000
   -3.047   -0.722    2.665    3.948    8.450    9.542   11.458   12.789
            0.250000  0.720000  0.560000
   -3.046   -0.718    2.657    3.950    8.376    9.638   11.454   12.679
            0.250000  0.720000  0.570000
   -3.045   -0.713    2.648    3.952    8.305    9.736   11.450   12.568
            0.250000  0.720000  0.580000
   -3.045   -0.706    2.640    3.954    8.235    9.835   11.445   12.458
            0.250000  0.720000  0.590000
   -3.046   -0.698    2.631    3.955    8.169    9.934   11.441   12.348
            0.250000  0.720000  0.600000
   -3.047   -0.688    2.621    3.956    8.105   10.035   11.436   12.239
            0.250000  0.720000  0.610000
   -3.049   -0.677    2.612    3.956    8.044   10.136   11.431   12.131
            0.250000  0.720000  0.620000
   -3.052   -0.665    2.603    3.955    7.986   10.237   11.426   12.023
            0.250000  0.720000  0.630000
   -3.055   -0.651    2.593    3.953    7.931   10.339   11.421   11.917
            0.250000  0.720000  0.640000
   -3.058   -0.636    2.584    3.950    7.879   10.440   11.416   11.813
            0.250000  0.720000  0.650000
   -3.062   -0.620    2.575    3.946    7.832   10.541   11.410   11.710
            0.250000  0.720000  0.660000
   -3.066   -0.602    2.566    3.940    7.787   10.641   11.404   11.611
            0.250000  0.720000  0.670000
   -3.071   -0.584    2.557    3.933    7.747   10.738   11.394   11.519
            0.250000  0.720000  0.680000
   -3.075   -0.565    2.548    3.924    7.710   10.830   11.365   11.452
            0.250000  0.720000  0.690000
   -3.081   -0.545    2.540    3.914    7.677   10.911   11.305   11.429
            0.250000  0.720000  0.700000
   -3.086   -0.524    2.532    3.902    7.648   10.962   11.252   11.430
            0.250000  0.720000  0.710000
   -3.091   -0.502    2.524    3.888    7.623   10.957   11.241   11.446
            0.250000  0.720000  0.720000
   -3.097   -0.480    2.517    3.873    7.602   10.899   11.264   11.483
            0.250000  0.720000  0.730000
   -3.103   -0.457    2.511    3.856    7.585   10.818   11.286   11.544
            0.250000  0.720000  0.740000
   -3.109   -0.434    2.505    3.837    7.572   10.729   11.297   11.624
            0.250000  0.720000  0.750000
   -3.115   -0.411    2.499    3.817    7.563   10.637   11.302   11.716
            0.250000  0.720000  0.760000
   -3.121   -0.387    2.495    3.795    7.558   10.544   11.303   11.814
            0.250000  0.720000  0.770000
   -3.127   -0.363    2.491    3.772    7.557   10.451   11.301   11.915
            0.250000  0.720000  0.780000
   -3.133   -0.339    2.487    3.747    7.560   10.358   11.299   12.017
            0.250000  0.720000  0.790000
   -3.139   -0.315    2.485    3.721    7.567   10.266   11.295   12.121
            0.250000  0.720000  0.800000
   -3.145   -0.291    2.483    3.694    7.577   10.174   11.291   12.225
            0.250000  0.720000  0.810000
   -3.151   -0.267    2.482    3.665    7.591   10.084   11.287   12.330
            0.250000  0.720000  0.820000
   -3.157   -0.244    2.482    3.637    7.608    9.994   11.283   12.434
            0.250000  0.720000  0.830000
   -3.162   -0.222    2.482    3.607    7.629    9.906   11.279   12.537
            0.250000  0.720000  0.840000
   -3.167   -0.199    2.483    3.577    7.652    9.820   11.275   12.640
            0.250000  0.720000  0.850000
   -3.172   -0.178    2.485    3.547    7.679    9.734   11.271   12.741
            0.250000  0.720000  0.860000
   -3.177   -0.157    2.488    3.517    7.708    9.650   11.267   12.841
            0.250000  0.720000  0.870000
   -3.182   -0.138    2.491    3.487    7.740    9.568   11.263   12.939
            0.250000  0.720000  0.880000
   -3.186   -0.119    2.496    3.458    7.774    9.488   11.259   13.035
            0.250000  0.720000  0.890000
   -3.190   -0.101    2.500    3.429    7.810    9.409   11.256   13.129
            0.250000  0.720000  0.900000
   -3.193   -0.085    2.505    3.402    7.848    9.333   11.253   13.219
            0.250000  0.720000  0.910000
   -3.197   -0.069    2.510    3.375    7.887    9.259   11.250   13.306
            0.250000  0.720000  0.920000
   -3.200   -0.056    2.516    3.351    7.927    9.188   11.248   13.388
            0.250000  0.720000  0.930000
   -3.203   -0.043    2.522    3.328    7.967    9.121   11.245   13.464
            0.250000  0.720000  0.940000
   -3.205   -0.032    2.527    3.307    8.007    9.057   11.243   13.535
            0.250000  0.720000  0.950000
   -3.207   -0.023    2.532    3.289    8.046    8.999   11.242   13.597
            0.250000  0.720000  0.960000
   -3.209   -0.015    2.537    3.274    8.082    8.947   11.240   13.651
            0.250000  0.720000  0.970000
   -3.210   -0.009    2.540    3.262    8.114    8.903   11.239   13.695
            0.250000  0.720000  0.980000
   -3.211   -0.005    2.543    3.253    8.139    8.869   11.239   13.727
            0.250000  0.720000  0.990000
   -3.211   -0.002    2.545    3.248    8.155    8.847   11.238   13.747
            0.250000  0.720000  1.000000
   -3.212   -0.001    2.545    3.246    8.161    8.840   11.238   13.754
