 &plot nbnd=   8, nks=   101 /
            0.620000  0.070000  0.000000
   -4.155    1.347    3.615    3.713    6.924    8.337   12.374   12.623
            0.620000  0.070000  0.010000
   -4.155    1.346    3.613    3.713    6.926    8.339   12.373   12.617
            0.620000  0.070000  0.020000
   -4.154    1.343    3.609    3.714    6.932    8.344   12.371   12.602
            0.620000  0.070000  0.030000
   -4.152    1.338    3.602    3.716    6.942    8.354   12.367   12.577
            0.620000  0.070000  0.040000
   -4.149    1.332    3.592    3.719    6.956    8.368   12.361   12.543
            0.620000  0.070000  0.050000
   -4.146    1.323    3.580    3.722    6.973    8.385   12.350   12.505
            0.620000  0.070000  0.060000
   -4.142    1.313    3.565    3.725    6.995    8.406   12.331   12.466
            0.620000  0.070000  0.070000
   -4.138    1.301    3.548    3.729    7.020    8.431   12.297   12.434
            0.620000  0.070000  0.080000
   -4.132    1.287    3.529    3.734    7.049    8.459   12.246   12.413
            0.620000  0.070000  0.090000
   -4.126    1.271    3.508    3.738    7.081    8.491   12.181   12.399
            0.620000  0.070000  0.100000
   -4.119    1.254    3.485    3.744    7.117    8.526   12.108   12.388
            0.620000  0.070000  0.110000
   -4.112    1.236    3.460    3.749    7.157    8.565   12.027   12.380
            0.620000  0.070000  0.120000
   -4.104    1.215    3.434    3.755    7.199    8.607   11.943   12.373
            0.620000  0.070000  0.130000
   -4.095    1.194    3.406    3.762    7.245    8.652   11.854   12.365
            0.620000  0.070000  0.140000
   -4.085    1.171    3.376    3.769    7.293    8.701   11.762   12.358
            0.620000  0.070000  0.150000
   -4.075    1.146    3.346    3.777    7.345    8.752   11.668   12.351
            0.620000  0.070000  0.160000
   -4.064    1.121    3.314    3.785    7.399    8.807   11.572   12.344
            0.620000  0.070000  0.170000
   -4.053    1.094    3.280    3.793    7.456    8.864   11.474   12.336
            0.620000  0.070000  0.180000
   -4.040    1.066    3.246    3.802    7.516    8.924   11.375   12.328
            0.620000  0.070000  0.190000
   -4.027    1.037    3.211    3.812    7.578    8.986   11.275   12.320
            0.620000  0.070000  0.200000
   -4.014    1.006    3.176    3.822    7.642    9.052   11.174   12.311
            0.620000  0.070000  0.210000
   -3.999    0.976    3.139    3.832    7.709    9.119   11.072   12.302
            0.620000  0.070000  0.220000
   -3.984    0.944    3.102    3.843    7.778    9.189   10.970   12.292
            0.620000  0.070000  0.230000
   -3.969    0.911    3.065    3.854    7.849    9.262   10.867   12.283
            0.620000  0.070000  0.240000
   -3.952    0.878    3.027    3.866    7.922    9.336   10.764   12.272
            0.620000  0.070000  0.250000
   -3.935    0.844    2.989    3.878    7.997    9.413   10.661   12.262
            0.620000  0.070000  0.260000
   -3.918    0.809    2.951    3.890    8.074    9.491   10.558   12.251
            0.620000  0.070000  0.270000
   -3.899    0.774    2.912    3.903    8.153    9.572   10.455   12.240
            0.620000  0.070000  0.280000
   -3.881    0.738    2.874    3.916    8.233    9.655   10.353   12.228
            0.620000  0.070000  0.290000
   -3.861    0.702    2.835    3.929    8.315    9.739   10.251   12.216
            0.620000  0.070000  0.300000
   -3.841    0.666    2.796    3.942    8.399    9.825   10.150   12.204
            0.620000  0.070000  0.310000
   -3.820    0.629    2.758    3.956    8.485    9.911   10.050   12.191
            0.620000  0.070000  0.320000
   -3.799    0.592    2.720    3.970    8.571    9.941   10.008   12.179
            0.620000  0.070000  0.330000
   -3.777    0.555    2.682    3.984    8.660    9.846   10.095   12.166
            0.620000  0.070000  0.340000
   -3.755    0.518    2.644    3.998    8.749    9.748   10.187   12.152
            0.620000  0.070000  0.350000
   -3.731    0.480    2.606    4.012    8.840    9.650   10.281   12.139
            0.620000  0.070000  0.360000
   -3.708    0.443    2.569    4.026    8.932    9.554   10.377   12.125
            0.620000  0.070000  0.370000
   -3.684    0.405    2.533    4.040    9.024    9.459   10.473   12.111
            0.620000  0.070000  0.380000
   -3.659    0.368    2.496    4.054    9.116    9.368   10.571   12.097
            0.620000  0.070000  0.390000
   -3.634    0.330    2.460    4.067    9.194    9.292   10.670   12.083
            0.620000  0.070000  0.400000
   -3.608    0.292    2.425    4.080    9.163    9.329   10.770   12.069
            0.620000  0.070000  0.410000
   -3.581    0.255    2.391    4.093    9.079    9.420   10.871   12.055
            0.620000  0.070000  0.420000
   -3.555    0.218    2.356    4.105    8.992    9.518   10.973   12.041
            0.620000  0.070000  0.430000
   -3.527    0.180    2.323    4.117    8.906    9.617   11.076   12.027
            0.620000  0.070000  0.440000
   -3.500    0.143    2.290    4.128    8.822    9.718   11.179   12.014
            0.620000  0.070000  0.450000
   -3.471    0.106    2.258    4.138    8.739    9.820   11.282   12.002
            0.620000  0.070000  0.460000
   -3.443    0.070    2.227    4.148    8.659    9.923   11.384   11.991
            0.620000  0.070000  0.470000
   -3.414    0.033    2.196    4.156    8.580   10.026   11.484   11.984
            0.620000  0.070000  0.480000
   -3.384   -0.003    2.166    4.163    8.505   10.131   11.580   11.982
            0.620000  0.070000  0.490000
   -3.354   -0.039    2.138    4.169    8.431   10.236   11.665   11.990
            0.620000  0.070000  0.500000
   -3.324   -0.074    2.109    4.174    8.361   10.342   11.732   12.018
            0.620000  0.070000  0.510000
   -3.294   -0.110    2.082    4.177    8.293   10.449   11.772   12.074
            0.620000  0.070000  0.520000
   -3.263   -0.145    2.056    4.179    8.229   10.556   11.787   12.154
            0.620000  0.070000  0.530000
   -3.231   -0.179    2.031    4.179    8.167   10.664   11.788   12.250
            0.620000  0.070000  0.540000
   -3.200   -0.213    2.006    4.177    8.109   10.773   11.782   12.352
            0.620000  0.070000  0.550000
   -3.168   -0.247    1.983    4.172    8.055   10.881   11.772   12.459
            0.620000  0.070000  0.560000
   -3.136   -0.281    1.960    4.166    8.004   10.990   11.760   12.567
            0.620000  0.070000  0.570000
   -3.104   -0.314    1.939    4.158    7.957   11.100   11.747   12.674
            0.620000  0.070000  0.580000
   -3.071   -0.347    1.919    4.147    7.914   11.209   11.733   12.777
            0.620000  0.070000  0.590000
   -3.039   -0.379    1.900    4.134    7.875   11.317   11.718   12.866
            0.620000  0.070000  0.600000
   -3.006   -0.411    1.882    4.119    7.840   11.424   11.705   12.918
            0.620000  0.070000  0.610000
   -2.973   -0.442    1.865    4.101    7.809   11.525   11.697   12.901
            0.620000  0.070000  0.620000
   -2.940   -0.473    1.849    4.080    7.782   11.603   11.710   12.835
            0.620000  0.070000  0.630000
   -2.907   -0.504    1.834    4.057    7.760   11.622   11.781   12.753
            0.620000  0.070000  0.640000
   -2.873   -0.534    1.821    4.032    7.741   11.612   11.876   12.667
            0.620000  0.070000  0.650000
   -2.840   -0.564    1.809    4.003    7.727   11.596   11.971   12.584
            0.620000  0.070000  0.660000
   -2.807   -0.593    1.798    3.973    7.717   11.578   12.056   12.513
            0.620000  0.070000  0.670000
   -2.774   -0.622    1.789    3.940    7.712   11.557   12.115   12.469
            0.620000  0.070000  0.680000
   -2.741   -0.650    1.781    3.905    7.710   11.534   12.122   12.477
            0.620000  0.070000  0.690000
   -2.708   -0.678    1.774    3.868    7.713   11.508   12.081   12.532
            0.620000  0.070000  0.700000
   -2.675   -0.705    1.768    3.828    7.719   11.479   12.018   12.609
            0.620000  0.070000  0.710000
   -2.643   -0.732    1.764    3.787    7.729   11.446   11.950   12.688
            0.620000  0.070000  0.720000
   -2.611   -0.759    1.762    3.744    7.743   11.407   11.882   12.756
            0.620000  0.070000  0.730000
   -2.579   -0.784    1.761    3.699    7.760   11.361   11.820   12.805
            0.620000  0.070000  0.740000
   -2.547   -0.810    1.761    3.653    7.781   11.307   11.765   12.832
            0.620000  0.070000  0.750000
   -2.516   -0.835    1.763    3.606    7.805   11.245   11.718   12.840
            0.620000  0.070000  0.760000
   -2.485   -0.859    1.766    3.557    7.832   11.176   11.678   12.837
            0.620000  0.070000  0.770000
   -2.454   -0.883    1.770    3.508    7.863   11.101   11.645   12.829
            0.620000  0.070000  0.780000
   -2.424   -0.906    1.777    3.457    7.896   11.022   11.617   12.817
            0.620000  0.070000  0.790000
   -2.395   -0.929    1.784    3.406    7.932   10.939   11.593   12.803
            0.620000  0.070000  0.800000
   -2.366   -0.951    1.794    3.354    7.971   10.854   11.573   12.789
            0.620000  0.070000  0.810000
   -2.338   -0.973    1.804    3.302    8.012   10.768   11.555   12.775
            0.620000  0.070000  0.820000
   -2.310   -0.994    1.817    3.250    8.055   10.680   11.540   12.760
            0.620000  0.070000  0.830000
   -2.283   -1.015    1.830    3.197    8.102   10.592   11.526   12.746
            0.620000  0.070000  0.840000
   -2.257   -1.034    1.846    3.145    8.150   10.504   11.513   12.733
            0.620000  0.070000  0.850000
   -2.232   -1.054    1.863    3.092    8.200   10.416   11.502   12.720
            0.620000  0.070000  0.860000
   -2.208   -1.072    1.881    3.040    8.253   10.329   11.491   12.708
            0.620000  0.070000  0.870000
   -2.185   -1.089    1.901    2.989    8.307   10.241   11.482   12.697
            0.620000  0.070000  0.880000
   -2.163   -1.106    1.922    2.938    8.363   10.155   11.473   12.686
            0.620000  0.070000  0.890000
   -2.142   -1.122    1.944    2.887    8.422   10.069   11.466   12.676
            0.620000  0.070000  0.900000
   -2.123   -1.137    1.968    2.838    8.481    9.983   11.459   12.667
            0.620000  0.070000  0.910000
   -2.105   -1.151    1.993    2.790    8.543    9.899   11.453   12.659
            0.620000  0.070000  0.920000
   -2.088   -1.164    2.019    2.743    8.606    9.815   11.447   12.651
            0.620000  0.070000  0.930000
   -2.073   -1.175    2.045    2.697    8.670    9.733   11.442   12.645
            0.620000  0.070000  0.940000
   -2.060   -1.185    2.072    2.654    8.736    9.651   11.438   12.639
            0.620000  0.070000  0.950000
   -2.049   -1.194    2.099    2.613    8.803    9.571   11.435   12.634
            0.620000  0.070000  0.960000
   -2.039   -1.202    2.125    2.576    8.870    9.493   11.432   12.630
            0.620000  0.070000  0.970000
   -2.032   -1.207    2.148    2.543    8.938    9.416   11.430   12.627
            0.620000  0.070000  0.980000
   -2.026   -1.212    2.168    2.517    9.004    9.344   11.428   12.625
            0.620000  0.070000  0.990000
   -2.023   -1.214    2.182    2.500    9.064    9.281   11.427   12.623
            0.620000  0.070000  1.000000
   -2.022   -1.215    2.186    2.494    9.093    9.250   11.427   12.623
