 &plot nbnd=   8, nks=   101 /
            0.160000  0.530000  0.000000
   -4.502    1.859    3.591    4.176    7.608    9.229   10.927   11.746
            0.160000  0.530000  0.010000
   -4.502    1.857    3.593    4.175    7.608    9.231   10.926   11.742
            0.160000  0.530000  0.020000
   -4.501    1.851    3.597    4.173    7.610    9.238   10.924   11.731
            0.160000  0.530000  0.030000
   -4.499    1.841    3.605    4.171    7.612    9.250   10.921   11.712
            0.160000  0.530000  0.040000
   -4.496    1.827    3.615    4.167    7.615    9.266   10.915   11.687
            0.160000  0.530000  0.050000
   -4.493    1.809    3.628    4.162    7.620    9.286   10.908   11.656
            0.160000  0.530000  0.060000
   -4.489    1.788    3.643    4.156    7.626    9.311   10.899   11.619
            0.160000  0.530000  0.070000
   -4.484    1.764    3.659    4.149    7.633    9.340   10.889   11.578
            0.160000  0.530000  0.080000
   -4.478    1.737    3.677    4.142    7.641    9.373   10.875   11.534
            0.160000  0.530000  0.090000
   -4.472    1.707    3.696    4.135    7.651    9.410   10.859   11.487
            0.160000  0.530000  0.100000
   -4.465    1.675    3.715    4.128    7.663    9.450   10.840   11.438
            0.160000  0.530000  0.110000
   -4.457    1.641    3.734    4.121    7.677    9.494   10.817   11.390
            0.160000  0.530000  0.120000
   -4.449    1.604    3.752    4.115    7.692    9.541   10.791   11.342
            0.160000  0.530000  0.130000
   -4.440    1.566    3.767    4.111    7.710    9.592   10.759   11.296
            0.160000  0.530000  0.140000
   -4.430    1.527    3.780    4.109    7.729    9.644   10.723   11.252
            0.160000  0.530000  0.150000
   -4.419    1.486    3.788    4.111    7.751    9.700   10.681   11.211
            0.160000  0.530000  0.160000
   -4.408    1.444    3.792    4.117    7.776    9.757   10.635   11.174
            0.160000  0.530000  0.170000
   -4.396    1.401    3.791    4.128    7.802    9.816   10.585   11.141
            0.160000  0.530000  0.180000
   -4.383    1.357    3.784    4.142    7.831    9.875   10.532   11.110
            0.160000  0.530000  0.190000
   -4.370    1.312    3.773    4.159    7.862    9.933   10.478   11.083
            0.160000  0.530000  0.200000
   -4.356    1.267    3.758    4.180    7.896    9.988   10.426   11.058
            0.160000  0.530000  0.210000
   -4.341    1.221    3.740    4.202    7.932   10.032   10.385   11.035
            0.160000  0.530000  0.220000
   -4.325    1.175    3.719    4.226    7.971   10.054   10.364   11.014
            0.160000  0.530000  0.230000
   -4.309    1.129    3.696    4.251    8.012   10.043   10.377   10.994
            0.160000  0.530000  0.240000
   -4.292    1.082    3.671    4.277    8.055   10.004   10.419   10.976
            0.160000  0.530000  0.250000
   -4.274    1.035    3.644    4.302    8.101    9.948   10.477   10.960
            0.160000  0.530000  0.260000
   -4.256    0.989    3.616    4.328    8.148    9.884   10.542   10.946
            0.160000  0.530000  0.270000
   -4.237    0.942    3.587    4.353    8.198    9.816   10.609   10.936
            0.160000  0.530000  0.280000
   -4.218    0.895    3.557    4.378    8.250    9.746   10.672   10.935
            0.160000  0.530000  0.290000
   -4.197    0.848    3.526    4.402    8.303    9.675   10.723   10.949
            0.160000  0.530000  0.300000
   -4.176    0.802    3.494    4.426    8.357    9.605   10.751   10.988
            0.160000  0.530000  0.310000
   -4.155    0.756    3.462    4.448    8.413    9.536   10.758   11.049
            0.160000  0.530000  0.320000
   -4.133    0.710    3.429    4.470    8.469    9.469   10.753   11.126
            0.160000  0.530000  0.330000
   -4.110    0.664    3.396    4.491    8.525    9.405   10.741   11.210
            0.160000  0.530000  0.340000
   -4.087    0.619    3.362    4.510    8.579    9.346   10.725   11.299
            0.160000  0.530000  0.350000
   -4.063    0.574    3.328    4.528    8.630    9.293   10.708   11.391
            0.160000  0.530000  0.360000
   -4.038    0.529    3.294    4.545    8.675    9.250   10.689   11.486
            0.160000  0.530000  0.370000
   -4.013    0.485    3.260    4.560    8.708    9.222   10.669   11.582
            0.160000  0.530000  0.380000
   -3.987    0.441    3.225    4.574    8.725    9.213   10.649   11.681
            0.160000  0.530000  0.390000
   -3.961    0.398    3.191    4.586    8.724    9.226   10.628   11.781
            0.160000  0.530000  0.400000
   -3.934    0.355    3.156    4.596    8.706    9.260   10.606   11.882
            0.160000  0.530000  0.410000
   -3.906    0.313    3.122    4.604    8.675    9.309   10.584   11.985
            0.160000  0.530000  0.420000
   -3.878    0.271    3.087    4.610    8.638    9.370   10.562   12.089
            0.160000  0.530000  0.430000
   -3.850    0.230    3.053    4.615    8.597    9.438   10.540   12.194
            0.160000  0.530000  0.440000
   -3.821    0.189    3.019    4.617    8.555    9.512   10.517   12.300
            0.160000  0.530000  0.450000
   -3.792    0.149    2.985    4.616    8.513    9.590   10.494   12.408
            0.160000  0.530000  0.460000
   -3.762    0.110    2.951    4.614    8.472    9.671   10.471   12.516
            0.160000  0.530000  0.470000
   -3.732    0.071    2.917    4.609    8.433    9.754   10.449   12.625
            0.160000  0.530000  0.480000
   -3.701    0.033    2.884    4.601    8.396    9.839   10.426   12.734
            0.160000  0.530000  0.490000
   -3.670   -0.005    2.851    4.591    8.362    9.925   10.404   12.844
            0.160000  0.530000  0.500000
   -3.638   -0.041    2.818    4.578    8.331   10.012   10.383   12.954
            0.160000  0.530000  0.510000
   -3.606   -0.077    2.786    4.563    8.303   10.098   10.365   13.063
            0.160000  0.530000  0.520000
   -3.574   -0.113    2.754    4.545    8.278   10.178   10.353   13.167
            0.160000  0.530000  0.530000
   -3.541   -0.147    2.723    4.524    8.257   10.235   10.366   13.240
            0.160000  0.530000  0.540000
   -3.509   -0.181    2.691    4.501    8.239   10.247   10.425   13.240
            0.160000  0.530000  0.550000
   -3.475   -0.214    2.661    4.475    8.225   10.236   10.509   13.210
            0.160000  0.530000  0.560000
   -3.442   -0.247    2.631    4.447    8.215   10.218   10.600   13.174
            0.160000  0.530000  0.570000
   -3.408   -0.278    2.601    4.417    8.208   10.197   10.695   13.137
            0.160000  0.530000  0.580000
   -3.375   -0.309    2.571    4.384    8.205   10.176   10.792   13.100
            0.160000  0.530000  0.590000
   -3.341   -0.339    2.543    4.349    8.205   10.154   10.889   13.063
            0.160000  0.530000  0.600000
   -3.307   -0.368    2.514    4.311    8.209   10.132   10.988   13.026
            0.160000  0.530000  0.610000
   -3.273   -0.396    2.487    4.272    8.216   10.111   11.088   12.991
            0.160000  0.530000  0.620000
   -3.238   -0.424    2.459    4.231    8.226   10.089   11.188   12.956
            0.160000  0.530000  0.630000
   -3.204   -0.450    2.433    4.189    8.240   10.068   11.289   12.921
            0.160000  0.530000  0.640000
   -3.170   -0.476    2.407    4.145    8.256   10.047   11.391   12.887
            0.160000  0.530000  0.650000
   -3.136   -0.501    2.381    4.100    8.276   10.026   11.493   12.854
            0.160000  0.530000  0.660000
   -3.102   -0.525    2.356    4.053    8.299   10.006   11.595   12.820
            0.160000  0.530000  0.670000
   -3.068   -0.548    2.332    4.006    8.324    9.986   11.697   12.787
            0.160000  0.530000  0.680000
   -3.035   -0.571    2.308    3.958    8.352    9.966   11.800   12.754
            0.160000  0.530000  0.690000
   -3.001   -0.592    2.285    3.909    8.383    9.947   11.902   12.721
            0.160000  0.530000  0.700000
   -2.968   -0.612    2.262    3.860    8.416    9.929   12.004   12.687
            0.160000  0.530000  0.710000
   -2.936   -0.632    2.241    3.811    8.451    9.910   12.106   12.651
            0.160000  0.530000  0.720000
   -2.903   -0.651    2.219    3.761    8.489    9.893   12.206   12.612
            0.160000  0.530000  0.730000
   -2.872   -0.668    2.199    3.711    8.529    9.876   12.302   12.571
            0.160000  0.530000  0.740000
   -2.840   -0.685    2.179    3.662    8.571    9.859   12.385   12.532
            0.160000  0.530000  0.750000
   -2.810   -0.701    2.159    3.613    8.615    9.843   12.411   12.535
            0.160000  0.530000  0.760000
   -2.780   -0.716    2.141    3.564    8.661    9.827   12.361   12.583
            0.160000  0.530000  0.770000
   -2.750   -0.730    2.123    3.516    8.708    9.813   12.290   12.603
            0.160000  0.530000  0.780000
   -2.722   -0.743    2.105    3.469    8.757    9.798   12.211   12.594
            0.160000  0.530000  0.790000
   -2.694   -0.755    2.089    3.423    8.808    9.785   12.127   12.575
            0.160000  0.530000  0.800000
   -2.667   -0.766    2.073    3.378    8.861    9.772   12.040   12.555
            0.160000  0.530000  0.810000
   -2.641   -0.777    2.058    3.334    8.914    9.760   11.952   12.535
            0.160000  0.530000  0.820000
   -2.616   -0.786    2.043    3.291    8.969    9.749   11.863   12.517
            0.160000  0.530000  0.830000
   -2.592   -0.795    2.029    3.250    9.026    9.738   11.774   12.499
            0.160000  0.530000  0.840000
   -2.570   -0.803    2.016    3.210    9.083    9.729   11.685   12.483
            0.160000  0.530000  0.850000
   -2.548   -0.810    2.003    3.173    9.141    9.721   11.596   12.467
            0.160000  0.530000  0.860000
   -2.528   -0.817    1.992    3.137    9.199    9.714   11.507   12.453
            0.160000  0.530000  0.870000
   -2.508   -0.822    1.981    3.102    9.258    9.708   11.420   12.440
            0.160000  0.530000  0.880000
   -2.490   -0.827    1.970    3.070    9.316    9.705   11.333   12.429
            0.160000  0.530000  0.890000
   -2.474   -0.832    1.961    3.040    9.373    9.704   11.247   12.418
            0.160000  0.530000  0.900000
   -2.459   -0.836    1.952    3.013    9.426    9.708   11.162   12.408
            0.160000  0.530000  0.910000
   -2.445   -0.839    1.944    2.988    9.475    9.718   11.078   12.399
            0.160000  0.530000  0.920000
   -2.432   -0.842    1.937    2.965    9.515    9.738   10.997   12.391
            0.160000  0.530000  0.930000
   -2.421   -0.844    1.931    2.944    9.544    9.769   10.917   12.384
            0.160000  0.530000  0.940000
   -2.411   -0.846    1.925    2.927    9.562    9.811   10.840   12.378
            0.160000  0.530000  0.950000
   -2.403   -0.848    1.921    2.911    9.573    9.859   10.766   12.373
            0.160000  0.530000  0.960000
   -2.396   -0.849    1.917    2.899    9.580    9.910   10.698   12.369
            0.160000  0.530000  0.970000
   -2.391   -0.850    1.914    2.889    9.583    9.959   10.636   12.365
            0.160000  0.530000  0.980000
   -2.388   -0.850    1.912    2.882    9.585   10.002   10.585   12.363
            0.160000  0.530000  0.990000
   -2.385   -0.851    1.910    2.878    9.586   10.032   10.550   12.362
            0.160000  0.530000  1.000000
   -2.385   -0.851    1.910    2.877    9.586   10.043   10.538   12.361
