 &plot nbnd=   8, nks=   101 /
            0.910000  0.750000  0.000000
   -1.839   -1.507    2.227    3.034    7.429    8.590   13.542   13.774
            0.910000  0.750000  0.010000
   -1.852   -1.494    2.227    3.035    7.430    8.590   13.513   13.804
            0.910000  0.750000  0.020000
   -1.886   -1.460    2.229    3.036    7.431    8.592   13.449   13.868
            0.910000  0.750000  0.030000
   -1.932   -1.413    2.232    3.039    7.433    8.595   13.372   13.944
            0.910000  0.750000  0.040000
   -1.985   -1.359    2.237    3.043    7.435    8.600   13.292   14.024
            0.910000  0.750000  0.050000
   -2.042   -1.301    2.242    3.048    7.439    8.606   13.209   14.105
            0.910000  0.750000  0.060000
   -2.101   -1.240    2.249    3.054    7.443    8.613   13.125   14.186
            0.910000  0.750000  0.070000
   -2.162   -1.177    2.257    3.061    7.448    8.621   13.042   14.263
            0.910000  0.750000  0.080000
   -2.223   -1.113    2.266    3.070    7.454    8.631   12.958   14.334
            0.910000  0.750000  0.090000
   -2.284   -1.049    2.277    3.079    7.460    8.642   12.875   14.395
            0.910000  0.750000  0.100000
   -2.346   -0.984    2.288    3.090    7.468    8.654   12.791   14.435
            0.910000  0.750000  0.110000
   -2.408   -0.919    2.301    3.102    7.476    8.667   12.708   14.444
            0.910000  0.750000  0.120000
   -2.470   -0.854    2.315    3.115    7.484    8.682   12.626   14.417
            0.910000  0.750000  0.130000
   -2.531   -0.788    2.331    3.129    7.494    8.698   12.543   14.364
            0.910000  0.750000  0.140000
   -2.592   -0.723    2.347    3.144    7.504    8.716   12.462   14.294
            0.910000  0.750000  0.150000
   -2.653   -0.657    2.364    3.160    7.515    8.734   12.380   14.216
            0.910000  0.750000  0.160000
   -2.714   -0.592    2.383    3.178    7.527    8.754   12.300   14.132
            0.910000  0.750000  0.170000
   -2.774   -0.526    2.403    3.197    7.540    8.776   12.219   14.045
            0.910000  0.750000  0.180000
   -2.834   -0.461    2.423    3.217    7.553    8.798   12.140   13.956
            0.910000  0.750000  0.190000
   -2.894   -0.396    2.445    3.238    7.567    8.822   12.060   13.866
            0.910000  0.750000  0.200000
   -2.953   -0.331    2.468    3.261    7.581    8.847   11.982   13.775
            0.910000  0.750000  0.210000
   -3.012   -0.266    2.492    3.285    7.596    8.874   11.903   13.683
            0.910000  0.750000  0.220000
   -3.070   -0.201    2.517    3.310    7.612    8.902   11.826   13.591
            0.910000  0.750000  0.230000
   -3.128   -0.137    2.543    3.336    7.629    8.931   11.748   13.499
            0.910000  0.750000  0.240000
   -3.185   -0.073    2.569    3.364    7.646    8.961   11.672   13.407
            0.910000  0.750000  0.250000
   -3.241   -0.009    2.597    3.393    7.664    8.993   11.595   13.315
            0.910000  0.750000  0.260000
   -3.298    0.055    2.626    3.423    7.683    9.026   11.520   13.223
            0.910000  0.750000  0.270000
   -3.353    0.118    2.655    3.455    7.702    9.061   11.445   13.131
            0.910000  0.750000  0.280000
   -3.408    0.181    2.685    3.488    7.722    9.096   11.370   13.039
            0.910000  0.750000  0.290000
   -3.463    0.244    2.716    3.522    7.743    9.133   11.296   12.947
            0.910000  0.750000  0.300000
   -3.517    0.306    2.747    3.558    7.764    9.172   11.223   12.856
            0.910000  0.750000  0.310000
   -3.570    0.368    2.780    3.595    7.786    9.211   11.150   12.764
            0.910000  0.750000  0.320000
   -3.623    0.430    2.813    3.633    7.808    9.252   11.077   12.673
            0.910000  0.750000  0.330000
   -3.675    0.491    2.846    3.672    7.831    9.294   11.006   12.582
            0.910000  0.750000  0.340000
   -3.726    0.553    2.880    3.713    7.854    9.337   10.935   12.492
            0.910000  0.750000  0.350000
   -3.777    0.613    2.915    3.755    7.878    9.382   10.864   12.402
            0.910000  0.750000  0.360000
   -3.827    0.674    2.951    3.798    7.903    9.427   10.794   12.312
            0.910000  0.750000  0.370000
   -3.877    0.735    2.987    3.843    7.927    9.474   10.725   12.223
            0.910000  0.750000  0.380000
   -3.925    0.795    3.023    3.888    7.953    9.522   10.657   12.134
            0.910000  0.750000  0.390000
   -3.974    0.855    3.060    3.935    7.979    9.570   10.590   12.045
            0.910000  0.750000  0.400000
   -4.021    0.914    3.097    3.983    8.005    9.619   10.523   11.957
            0.910000  0.750000  0.410000
   -4.068    0.974    3.135    4.031    8.032    9.669   10.459   11.869
            0.910000  0.750000  0.420000
   -4.114    1.033    3.173    4.081    8.059    9.719   10.396   11.782
            0.910000  0.750000  0.430000
   -4.160    1.093    3.212    4.132    8.087    9.767   10.335   11.695
            0.910000  0.750000  0.440000
   -4.205    1.152    3.251    4.183    8.114    9.814   10.279   11.609
            0.910000  0.750000  0.450000
   -4.249    1.210    3.291    4.235    8.143    9.855   10.230   11.524
            0.910000  0.750000  0.460000
   -4.292    1.269    3.330    4.288    8.171    9.885   10.193   11.439
            0.910000  0.750000  0.470000
   -4.335    1.328    3.371    4.341    8.200    9.894   10.179   11.355
            0.910000  0.750000  0.480000
   -4.377    1.387    3.411    4.395    8.228    9.878   10.192   11.271
            0.910000  0.750000  0.490000
   -4.418    1.445    3.453    4.449    8.257    9.843   10.226   11.188
            0.910000  0.750000  0.500000
   -4.459    1.504    3.494    4.504    8.286    9.797   10.272   11.107
            0.910000  0.750000  0.510000
   -4.498    1.562    3.536    4.559    8.315    9.745   10.325   11.026
            0.910000  0.750000  0.520000
   -4.537    1.621    3.578    4.614    8.344    9.692   10.382   10.947
            0.910000  0.750000  0.530000
   -4.576    1.680    3.620    4.669    8.373    9.637   10.439   10.871
            0.910000  0.750000  0.540000
   -4.613    1.738    3.663    4.723    8.401    9.582   10.493   10.800
            0.910000  0.750000  0.550000
   -4.650    1.797    3.706    4.778    8.429    9.528   10.536   10.743
            0.910000  0.750000  0.560000
   -4.686    1.856    3.750    4.832    8.457    9.476   10.542   10.725
            0.910000  0.750000  0.570000
   -4.721    1.914    3.794    4.886    8.484    9.424   10.500   10.758
            0.910000  0.750000  0.580000
   -4.756    1.973    3.838    4.939    8.509    9.375   10.436   10.812
            0.910000  0.750000  0.590000
   -4.789    2.032    3.882    4.991    8.534    9.327   10.366   10.875
            0.910000  0.750000  0.600000
   -4.822    2.092    3.927    5.042    8.557    9.283   10.294   10.940
            0.910000  0.750000  0.610000
   -4.855    2.151    3.971    5.093    8.577    9.242   10.222   11.006
            0.910000  0.750000  0.620000
   -4.886    2.210    4.016    5.141    8.595    9.204   10.151   11.073
            0.910000  0.750000  0.630000
   -4.917    2.270    4.062    5.189    8.610    9.171   10.080   11.139
            0.910000  0.750000  0.640000
   -4.947    2.330    4.107    5.234    8.621    9.144   10.010   11.204
            0.910000  0.750000  0.650000
   -4.976    2.389    4.153    5.278    8.627    9.122    9.941   11.268
            0.910000  0.750000  0.660000
   -5.004    2.450    4.199    5.320    8.629    9.107    9.874   11.329
            0.910000  0.750000  0.670000
   -5.031    2.510    4.244    5.359    8.626    9.097    9.809   11.387
            0.910000  0.750000  0.680000
   -5.058    2.570    4.290    5.395    8.619    9.093    9.745   11.440
            0.910000  0.750000  0.690000
   -5.084    2.631    4.336    5.429    8.609    9.092    9.684   11.486
            0.910000  0.750000  0.700000
   -5.109    2.691    4.382    5.460    8.597    9.095    9.627   11.524
            0.910000  0.750000  0.710000
   -5.133    2.752    4.428    5.488    8.584    9.098    9.573   11.552
            0.910000  0.750000  0.720000
   -5.157    2.813    4.474    5.512    8.570    9.101    9.524   11.568
            0.910000  0.750000  0.730000
   -5.180    2.874    4.519    5.532    8.558    9.100    9.483   11.571
            0.910000  0.750000  0.740000
   -5.201    2.935    4.565    5.549    8.546    9.093    9.450   11.560
            0.910000  0.750000  0.750000
   -5.222    2.996    4.610    5.562    8.536    9.080    9.427   11.538
            0.910000  0.750000  0.760000
   -5.243    3.057    4.655    5.571    8.527    9.059    9.415   11.506
            0.910000  0.750000  0.770000
   -5.262    3.119    4.699    5.576    8.520    9.032    9.411   11.466
            0.910000  0.750000  0.780000
   -5.281    3.180    4.742    5.576    8.514    9.002    9.415   11.420
            0.910000  0.750000  0.790000
   -5.299    3.241    4.785    5.573    8.508    8.971    9.423   11.371
            0.910000  0.750000  0.800000
   -5.316    3.303    4.828    5.566    8.502    8.942    9.434   11.318
            0.910000  0.750000  0.810000
   -5.332    3.364    4.869    5.555    8.495    8.917    9.447   11.263
            0.910000  0.750000  0.820000
   -5.347    3.425    4.909    5.541    8.485    8.898    9.461   11.207
            0.910000  0.750000  0.830000
   -5.362    3.486    4.948    5.523    8.471    8.885    9.476   11.150
            0.910000  0.750000  0.840000
   -5.375    3.546    4.986    5.503    8.454    8.881    9.490   11.093
            0.910000  0.750000  0.850000
   -5.388    3.606    5.022    5.479    8.432    8.885    9.503   11.036
            0.910000  0.750000  0.860000
   -5.400    3.665    5.055    5.454    8.408    8.897    9.516   10.980
            0.910000  0.750000  0.870000
   -5.411    3.724    5.086    5.428    8.381    8.914    9.527   10.925
            0.910000  0.750000  0.880000
   -5.422    3.782    5.113    5.402    8.352    8.937    9.537   10.871
            0.910000  0.750000  0.890000
   -5.431    3.839    5.136    5.377    8.324    8.964    9.545   10.819
            0.910000  0.750000  0.900000
   -5.440    3.895    5.150    5.356    8.296    8.995    9.551   10.769
            0.910000  0.750000  0.910000
   -5.448    3.949    5.155    5.342    8.269    9.028    9.555   10.721
            0.910000  0.750000  0.920000
   -5.455    4.001    5.148    5.338    8.243    9.062    9.557   10.677
            0.910000  0.750000  0.930000
   -5.461    4.051    5.130    5.342    8.220    9.097    9.556   10.636
            0.910000  0.750000  0.940000
   -5.467    4.097    5.107    5.350    8.199    9.132    9.552   10.599
            0.910000  0.750000  0.950000
   -5.471    4.140    5.081    5.359    8.181    9.165    9.547   10.567
            0.910000  0.750000  0.960000
   -5.475    4.177    5.056    5.369    8.165    9.197    9.539   10.539
            0.910000  0.750000  0.970000
   -5.478    4.208    5.034    5.377    8.153    9.225    9.531   10.518
            0.910000  0.750000  0.980000
   -5.480    4.232    5.016    5.383    8.145    9.247    9.523   10.502
            0.910000  0.750000  0.990000
   -5.481    4.247    5.005    5.387    8.139    9.262    9.517   10.492
            0.910000  0.750000  1.000000
   -5.482    4.252    5.001    5.388    8.138    9.267    9.514   10.489
