 &plot nbnd=   8, nks=   101 /
            0.740000  0.160000  0.000000
   -3.429    0.258    3.047    3.336    7.208    8.042   12.538   13.699
            0.740000  0.160000  0.010000
   -3.429    0.258    3.044    3.339    7.206    8.046   12.538   13.693
            0.740000  0.160000  0.020000
   -3.428    0.256    3.035    3.347    7.203    8.059   12.538   13.673
            0.740000  0.160000  0.030000
   -3.427    0.253    3.022    3.359    7.197    8.079   12.538   13.640
            0.740000  0.160000  0.040000
   -3.425    0.249    3.004    3.375    7.190    8.106   12.538   13.597
            0.740000  0.160000  0.050000
   -3.422    0.244    2.985    3.392    7.182    8.141   12.538   13.542
            0.740000  0.160000  0.060000
   -3.419    0.237    2.963    3.411    7.174    8.181   12.538   13.479
            0.740000  0.160000  0.070000
   -3.415    0.229    2.940    3.431    7.167    8.226   12.537   13.408
            0.740000  0.160000  0.080000
   -3.411    0.221    2.916    3.450    7.160    8.277   12.537   13.330
            0.740000  0.160000  0.090000
   -3.406    0.211    2.892    3.469    7.156    8.331   12.536   13.246
            0.740000  0.160000  0.100000
   -3.401    0.200    2.869    3.488    7.153    8.390   12.534   13.158
            0.740000  0.160000  0.110000
   -3.395    0.188    2.845    3.505    7.153    8.452   12.533   13.067
            0.740000  0.160000  0.120000
   -3.389    0.175    2.821    3.521    7.155    8.517   12.530   12.973
            0.740000  0.160000  0.130000
   -3.382    0.160    2.798    3.536    7.161    8.585   12.525   12.878
            0.740000  0.160000  0.140000
   -3.374    0.145    2.776    3.550    7.170    8.656   12.515   12.785
            0.740000  0.160000  0.150000
   -3.366    0.129    2.754    3.562    7.182    8.730   12.496   12.700
            0.740000  0.160000  0.160000
   -3.358    0.112    2.733    3.573    7.198    8.805   12.456   12.634
            0.740000  0.160000  0.170000
   -3.349    0.094    2.712    3.582    7.218    8.883   12.384   12.598
            0.740000  0.160000  0.180000
   -3.339    0.075    2.692    3.590    7.241    8.963   12.292   12.581
            0.740000  0.160000  0.190000
   -3.329    0.056    2.673    3.596    7.268    9.045   12.191   12.573
            0.740000  0.160000  0.200000
   -3.319    0.035    2.654    3.601    7.299    9.128   12.085   12.568
            0.740000  0.160000  0.210000
   -3.308    0.014    2.636    3.605    7.333    9.213   11.976   12.565
            0.740000  0.160000  0.220000
   -3.297   -0.008    2.619    3.607    7.372    9.300   11.867   12.562
            0.740000  0.160000  0.230000
   -3.285   -0.030    2.602    3.608    7.414    9.388   11.756   12.561
            0.740000  0.160000  0.240000
   -3.273   -0.053    2.586    3.608    7.459    9.478   11.645   12.559
            0.740000  0.160000  0.250000
   -3.260   -0.076    2.571    3.608    7.508    9.569   11.533   12.558
            0.740000  0.160000  0.260000
   -3.247   -0.100    2.556    3.606    7.560    9.661   11.422   12.556
            0.740000  0.160000  0.270000
   -3.234   -0.124    2.541    3.604    7.616    9.754   11.310   12.555
            0.740000  0.160000  0.280000
   -3.220   -0.149    2.526    3.601    7.674    9.848   11.200   12.554
            0.740000  0.160000  0.290000
   -3.206   -0.173    2.512    3.599    7.736    9.942   11.090   12.552
            0.740000  0.160000  0.300000
   -3.192   -0.198    2.498    3.595    7.801   10.036   10.981   12.551
            0.740000  0.160000  0.310000
   -3.177   -0.223    2.485    3.592    7.868   10.129   10.875   12.549
            0.740000  0.160000  0.320000
   -3.162   -0.248    2.471    3.589    7.938   10.219   10.775   12.547
            0.740000  0.160000  0.330000
   -3.147   -0.274    2.458    3.587    8.011   10.297   10.687   12.545
            0.740000  0.160000  0.340000
   -3.132   -0.299    2.444    3.584    8.086   10.341   10.634   12.543
            0.740000  0.160000  0.350000
   -3.116   -0.323    2.431    3.582    8.164   10.317   10.651   12.540
            0.740000  0.160000  0.360000
   -3.101   -0.348    2.417    3.581    8.243   10.242   10.721   12.538
            0.740000  0.160000  0.370000
   -3.085   -0.373    2.404    3.580    8.325   10.148   10.812   12.535
            0.740000  0.160000  0.380000
   -3.069   -0.397    2.390    3.579    8.409   10.048   10.910   12.532
            0.740000  0.160000  0.390000
   -3.053   -0.420    2.376    3.580    8.495    9.945   11.013   12.529
            0.740000  0.160000  0.400000
   -3.037   -0.444    2.363    3.581    8.583    9.841   11.118   12.526
            0.740000  0.160000  0.410000
   -3.021   -0.467    2.349    3.583    8.673    9.737   11.225   12.522
            0.740000  0.160000  0.420000
   -3.005   -0.489    2.334    3.586    8.764    9.634   11.333   12.518
            0.740000  0.160000  0.430000
   -2.989   -0.511    2.320    3.590    8.857    9.531   11.442   12.515
            0.740000  0.160000  0.440000
   -2.973   -0.532    2.306    3.594    8.951    9.430   11.552   12.511
            0.740000  0.160000  0.450000
   -2.957   -0.552    2.291    3.599    9.047    9.329   11.662   12.507
            0.740000  0.160000  0.460000
   -2.942   -0.572    2.277    3.605    9.144    9.229   11.772   12.504
            0.740000  0.160000  0.470000
   -2.926   -0.591    2.262    3.612    9.130    9.243   11.882   12.501
            0.740000  0.160000  0.480000
   -2.911   -0.609    2.248    3.619    9.033    9.343   11.991   12.498
            0.740000  0.160000  0.490000
   -2.896   -0.626    2.234    3.627    8.937    9.444   12.097   12.498
            0.740000  0.160000  0.500000
   -2.882   -0.642    2.220    3.635    8.843    9.546   12.197   12.500
            0.740000  0.160000  0.510000
   -2.868   -0.657    2.206    3.644    8.751    9.650   12.286   12.509
            0.740000  0.160000  0.520000
   -2.854   -0.672    2.192    3.653    8.660    9.754   12.351   12.526
            0.740000  0.160000  0.530000
   -2.840   -0.685    2.179    3.662    8.571    9.859   12.385   12.532
            0.740000  0.160000  0.540000
   -2.828   -0.697    2.166    3.671    8.484    9.965   12.398   12.490
            0.740000  0.160000  0.550000
   -2.815   -0.708    2.153    3.681    8.399   10.072   12.393   12.416
            0.740000  0.160000  0.560000
   -2.803   -0.719    2.141    3.690    8.316   10.179   12.306   12.403
            0.740000  0.160000  0.570000
   -2.792   -0.728    2.129    3.699    8.236   10.287   12.203   12.399
            0.740000  0.160000  0.580000
   -2.781   -0.735    2.118    3.708    8.158   10.395   12.097   12.394
            0.740000  0.160000  0.590000
   -2.771   -0.742    2.108    3.716    8.082   10.503   11.990   12.388
            0.740000  0.160000  0.600000
   -2.762   -0.748    2.098    3.723    8.009   10.611   11.885   12.381
            0.740000  0.160000  0.610000
   -2.753   -0.752    2.089    3.730    7.939   10.718   11.781   12.374
            0.740000  0.160000  0.620000
   -2.744   -0.756    2.081    3.736    7.873   10.823   11.680   12.367
            0.740000  0.160000  0.630000
   -2.737   -0.758    2.074    3.741    7.809   10.922   11.585   12.360
            0.740000  0.160000  0.640000
   -2.730   -0.759    2.068    3.744    7.748   11.010   11.503   12.352
            0.740000  0.160000  0.650000
   -2.723   -0.760    2.062    3.746    7.691   11.068   11.452   12.344
            0.740000  0.160000  0.660000
   -2.718   -0.759    2.058    3.747    7.638   11.070   11.458   12.336
            0.740000  0.160000  0.670000
   -2.712   -0.757    2.054    3.746    7.588   11.018   11.520   12.329
            0.740000  0.160000  0.680000
   -2.708   -0.755    2.052    3.744    7.542   10.938   11.610   12.321
            0.740000  0.160000  0.690000
   -2.704   -0.752    2.051    3.739    7.500   10.847   11.712   12.313
            0.740000  0.160000  0.700000
   -2.700   -0.748    2.051    3.733    7.462   10.752   11.820   12.305
            0.740000  0.160000  0.710000
   -2.698   -0.743    2.052    3.724    7.428   10.654   11.931   12.298
            0.740000  0.160000  0.720000
   -2.695   -0.737    2.055    3.714    7.398   10.556   12.044   12.290
            0.740000  0.160000  0.730000
   -2.693   -0.731    2.058    3.701    7.373   10.458   12.157   12.283
            0.740000  0.160000  0.740000
   -2.692   -0.725    2.063    3.686    7.351   10.360   12.259   12.289
            0.740000  0.160000  0.750000
   -2.691   -0.718    2.070    3.669    7.335   10.262   12.265   12.391
            0.740000  0.160000  0.760000
   -2.690   -0.710    2.078    3.649    7.322   10.166   12.258   12.505
            0.740000  0.160000  0.770000
   -2.690   -0.703    2.087    3.628    7.314   10.069   12.252   12.621
            0.740000  0.160000  0.780000
   -2.690   -0.695    2.097    3.604    7.310    9.974   12.245   12.736
            0.740000  0.160000  0.790000
   -2.690   -0.687    2.109    3.578    7.311    9.880   12.238   12.851
            0.740000  0.160000  0.800000
   -2.691   -0.679    2.123    3.551    7.315    9.787   12.232   12.965
            0.740000  0.160000  0.810000
   -2.691   -0.671    2.138    3.521    7.324    9.694   12.226   13.079
            0.740000  0.160000  0.820000
   -2.692   -0.663    2.154    3.490    7.336    9.603   12.220   13.192
            0.740000  0.160000  0.830000
   -2.693   -0.654    2.171    3.457    7.352    9.513   12.214   13.305
            0.740000  0.160000  0.840000
   -2.694   -0.647    2.190    3.423    7.372    9.425   12.209   13.416
            0.740000  0.160000  0.850000
   -2.696   -0.639    2.210    3.388    7.395    9.337   12.203   13.525
            0.740000  0.160000  0.860000
   -2.697   -0.632    2.232    3.351    7.422    9.251   12.198   13.633
            0.740000  0.160000  0.870000
   -2.698   -0.625    2.255    3.314    7.452    9.167   12.194   13.739
            0.740000  0.160000  0.880000
   -2.699   -0.618    2.278    3.277    7.484    9.084   12.190   13.842
            0.740000  0.160000  0.890000
   -2.701   -0.611    2.303    3.238    7.520    9.002   12.186   13.942
            0.740000  0.160000  0.900000
   -2.702   -0.606    2.329    3.200    7.558    8.922   12.182   14.038
            0.740000  0.160000  0.910000
   -2.703   -0.600    2.355    3.162    7.598    8.845   12.179   14.130
            0.740000  0.160000  0.920000
   -2.704   -0.595    2.382    3.124    7.641    8.769   12.175   14.216
            0.740000  0.160000  0.930000
   -2.705   -0.591    2.409    3.088    7.684    8.696   12.173   14.296
            0.740000  0.160000  0.940000
   -2.706   -0.587    2.436    3.053    7.729    8.626   12.170   14.368
            0.740000  0.160000  0.950000
   -2.707   -0.584    2.462    3.019    7.774    8.560   12.169   14.431
            0.740000  0.160000  0.960000
   -2.707   -0.581    2.486    2.989    7.818    8.499   12.167   14.484
            0.740000  0.160000  0.970000
   -2.708   -0.579    2.507    2.963    7.859    8.445   12.166   14.527
            0.740000  0.160000  0.980000
   -2.708   -0.577    2.524    2.943    7.894    8.401   12.165   14.557
            0.740000  0.160000  0.990000
   -2.709   -0.576    2.535    2.930    7.918    8.371   12.164   14.576
            0.740000  0.160000  1.000000
   -2.709   -0.576    2.539    2.925    7.927    8.360   12.164   14.582
