 &plot nbnd=   8, nks=   101 /
            0.610000  0.000000  0.000000
   -4.223    1.475    3.729    3.729    6.818    8.319   12.545   12.545
            0.610000  0.000000  0.010000
   -4.223    1.474    3.727    3.729    6.821    8.320   12.539   12.545
            0.610000  0.000000  0.020000
   -4.222    1.472    3.722    3.730    6.829    8.325   12.522   12.544
            0.610000  0.000000  0.030000
   -4.220    1.467    3.713    3.732    6.842    8.334   12.494   12.543
            0.610000  0.000000  0.040000
   -4.217    1.461    3.700    3.734    6.860    8.345   12.455   12.541
            0.610000  0.000000  0.050000
   -4.214    1.453    3.684    3.737    6.884    8.360   12.408   12.539
            0.610000  0.000000  0.060000
   -4.210    1.443    3.665    3.740    6.912    8.378   12.352   12.536
            0.610000  0.000000  0.070000
   -4.205    1.431    3.643    3.745    6.945    8.399   12.288   12.533
            0.610000  0.000000  0.080000
   -4.200    1.418    3.619    3.749    6.982    8.424   12.218   12.529
            0.610000  0.000000  0.090000
   -4.194    1.404    3.591    3.755    7.023    8.451   12.143   12.524
            0.610000  0.000000  0.100000
   -4.187    1.387    3.561    3.761    7.069    8.482   12.062   12.520
            0.610000  0.000000  0.110000
   -4.179    1.369    3.530    3.768    7.118    8.516   11.978   12.514
            0.610000  0.000000  0.120000
   -4.171    1.350    3.496    3.775    7.171    8.553   11.890   12.509
            0.610000  0.000000  0.130000
   -4.162    1.329    3.460    3.782    7.228    8.592   11.799   12.502
            0.610000  0.000000  0.140000
   -4.152    1.307    3.423    3.791    7.288    8.635   11.706   12.496
            0.610000  0.000000  0.150000
   -4.142    1.284    3.384    3.800    7.350    8.680   11.611   12.488
            0.610000  0.000000  0.160000
   -4.131    1.259    3.344    3.809    7.416    8.729   11.514   12.481
            0.610000  0.000000  0.170000
   -4.119    1.233    3.304    3.819    7.484    8.779   11.415   12.473
            0.610000  0.000000  0.180000
   -4.106    1.206    3.262    3.829    7.555    8.833   11.316   12.464
            0.610000  0.000000  0.190000
   -4.093    1.178    3.219    3.840    7.628    8.889   11.215   12.455
            0.610000  0.000000  0.200000
   -4.079    1.149    3.177    3.852    7.703    8.948   11.114   12.446
            0.610000  0.000000  0.210000
   -4.064    1.118    3.133    3.863    7.781    9.009   11.012   12.436
            0.610000  0.000000  0.220000
   -4.049    1.088    3.089    3.876    7.860    9.072   10.909   12.426
            0.610000  0.000000  0.230000
   -4.033    1.056    3.045    3.888    7.942    9.138   10.807   12.415
            0.610000  0.000000  0.240000
   -4.017    1.023    3.001    3.901    8.025    9.206   10.704   12.404
            0.610000  0.000000  0.250000
   -3.999    0.990    2.957    3.914    8.110    9.277   10.601   12.393
            0.610000  0.000000  0.260000
   -3.981    0.956    2.913    3.928    8.196    9.349   10.498   12.381
            0.610000  0.000000  0.270000
   -3.963    0.921    2.869    3.942    8.284    9.424   10.395   12.369
            0.610000  0.000000  0.280000
   -3.943    0.886    2.825    3.956    8.374    9.500   10.293   12.357
            0.610000  0.000000  0.290000
   -3.923    0.851    2.781    3.970    8.465    9.579   10.191   12.345
            0.610000  0.000000  0.300000
   -3.903    0.814    2.738    3.984    8.557    9.659   10.090   12.332
            0.610000  0.000000  0.310000
   -3.881    0.778    2.695    3.999    8.650    9.742    9.989   12.319
            0.610000  0.000000  0.320000
   -3.860    0.741    2.653    4.014    8.745    9.826    9.889   12.305
            0.610000  0.000000  0.330000
   -3.837    0.704    2.610    4.028    8.840    9.790    9.912   12.292
            0.610000  0.000000  0.340000
   -3.814    0.666    2.569    4.043    8.937    9.691   10.000   12.278
            0.610000  0.000000  0.350000
   -3.790    0.629    2.528    4.057    9.035    9.594   10.089   12.264
            0.610000  0.000000  0.360000
   -3.766    0.591    2.488    4.072    9.134    9.498   10.180   12.250
            0.610000  0.000000  0.370000
   -3.741    0.552    2.448    4.086    9.234    9.403   10.272   12.236
            0.610000  0.000000  0.380000
   -3.716    0.514    2.409    4.100    9.309    9.335   10.366   12.221
            0.610000  0.000000  0.390000
   -3.690    0.476    2.371    4.113    9.217    9.436   10.462   12.207
            0.610000  0.000000  0.400000
   -3.663    0.437    2.333    4.126    9.126    9.539   10.559   12.192
            0.610000  0.000000  0.410000
   -3.636    0.399    2.296    4.139    9.037    9.642   10.657   12.177
            0.610000  0.000000  0.420000
   -3.608    0.360    2.261    4.151    8.949    9.746   10.757   12.163
            0.610000  0.000000  0.430000
   -3.580    0.322    2.225    4.162    8.864    9.851   10.857   12.148
            0.610000  0.000000  0.440000
   -3.551    0.283    2.191    4.172    8.780    9.956   10.960   12.133
            0.610000  0.000000  0.450000
   -3.522    0.245    2.158    4.182    8.699   10.062   11.063   12.118
            0.610000  0.000000  0.460000
   -3.492    0.206    2.125    4.190    8.620   10.169   11.167   12.104
            0.610000  0.000000  0.470000
   -3.462    0.168    2.094    4.198    8.544   10.276   11.273   12.089
            0.610000  0.000000  0.480000
   -3.431    0.130    2.063    4.204    8.470   10.384   11.379   12.074
            0.610000  0.000000  0.490000
   -3.400    0.092    2.034    4.208    8.399   10.492   11.486   12.060
            0.610000  0.000000  0.500000
   -3.368    0.054    2.005    4.212    8.331   10.600   11.595   12.046
            0.610000  0.000000  0.510000
   -3.336    0.016    1.978    4.213    8.265   10.709   11.704   12.032
            0.610000  0.000000  0.520000
   -3.304   -0.021    1.952    4.213    8.203   10.817   11.813   12.018
            0.610000  0.000000  0.530000
   -3.271   -0.059    1.926    4.210    8.145   10.926   11.923   12.005
            0.610000  0.000000  0.540000
   -3.238   -0.096    1.902    4.206    8.090   11.034   11.993   12.033
            0.610000  0.000000  0.550000
   -3.204   -0.133    1.879    4.200    8.038   11.142   11.981   12.143
            0.610000  0.000000  0.560000
   -3.170   -0.170    1.857    4.191    7.991   11.248   11.970   12.252
            0.610000  0.000000  0.570000
   -3.136   -0.206    1.836    4.180    7.947   11.353   11.962   12.359
            0.610000  0.000000  0.580000
   -3.102   -0.243    1.817    4.167    7.907   11.453   11.956   12.461
            0.610000  0.000000  0.590000
   -3.067   -0.279    1.798    4.151    7.871   11.548   11.956   12.557
            0.610000  0.000000  0.600000
   -3.032   -0.315    1.781    4.132    7.840   11.631   11.966   12.637
            0.610000  0.000000  0.610000
   -2.996   -0.351    1.765    4.111    7.812   11.695   11.993   12.692
            0.610000  0.000000  0.620000
   -2.960   -0.386    1.751    4.088    7.789   11.733   12.042   12.717
            0.610000  0.000000  0.630000
   -2.925   -0.421    1.738    4.061    7.770   11.749   12.108   12.717
            0.610000  0.000000  0.640000
   -2.889   -0.456    1.726    4.033    7.756   11.750   12.178   12.702
            0.610000  0.000000  0.650000
   -2.852   -0.491    1.715    4.001    7.745   11.743   12.239   12.678
            0.610000  0.000000  0.660000
   -2.816   -0.525    1.706    3.968    7.739   11.730   12.277   12.651
            0.610000  0.000000  0.670000
   -2.779   -0.560    1.698    3.932    7.737   11.712   12.282   12.621
            0.610000  0.000000  0.680000
   -2.743   -0.594    1.691    3.894    7.738   11.690   12.256   12.591
            0.610000  0.000000  0.690000
   -2.706   -0.627    1.686    3.853    7.744   11.662   12.211   12.560
            0.610000  0.000000  0.700000
   -2.669   -0.661    1.683    3.811    7.754   11.629   12.159   12.529
            0.610000  0.000000  0.710000
   -2.632   -0.694    1.681    3.767    7.767   11.588   12.105   12.498
            0.610000  0.000000  0.720000
   -2.595   -0.727    1.680    3.721    7.784   11.540   12.056   12.467
            0.610000  0.000000  0.730000
   -2.559   -0.760    1.681    3.674    7.804   11.484   12.012   12.437
            0.610000  0.000000  0.740000
   -2.522   -0.793    1.683    3.625    7.827   11.420   11.975   12.407
            0.610000  0.000000  0.750000
   -2.485   -0.825    1.687    3.575    7.854   11.350   11.945   12.378
            0.610000  0.000000  0.760000
   -2.448   -0.858    1.692    3.524    7.884   11.274   11.919   12.349
            0.610000  0.000000  0.770000
   -2.411   -0.890    1.699    3.472    7.917   11.194   11.899   12.321
            0.610000  0.000000  0.780000
   -2.375   -0.922    1.707    3.419    7.952   11.111   11.882   12.294
            0.610000  0.000000  0.790000
   -2.338   -0.954    1.717    3.366    7.990   11.026   11.868   12.268
            0.610000  0.000000  0.800000
   -2.302   -0.985    1.729    3.312    8.031   10.939   11.857   12.242
            0.610000  0.000000  0.810000
   -2.265   -1.017    1.742    3.257    8.074   10.851   11.848   12.217
            0.610000  0.000000  0.820000
   -2.229   -1.049    1.757    3.203    8.120   10.763   11.840   12.193
            0.610000  0.000000  0.830000
   -2.193   -1.080    1.773    3.148    8.167   10.675   11.834   12.169
            0.610000  0.000000  0.840000
   -2.157   -1.111    1.791    3.093    8.217   10.586   11.830   12.146
            0.610000  0.000000  0.850000
   -2.122   -1.142    1.811    3.038    8.269   10.498   11.826   12.124
            0.610000  0.000000  0.860000
   -2.086   -1.174    1.832    2.984    8.324   10.410   11.824   12.103
            0.610000  0.000000  0.870000
   -2.051   -1.205    1.855    2.930    8.379   10.322   11.823   12.082
            0.610000  0.000000  0.880000
   -2.016   -1.236    1.879    2.876    8.437   10.235   11.823   12.062
            0.610000  0.000000  0.890000
   -1.981   -1.267    1.905    2.822    8.497   10.148   11.823   12.043
            0.610000  0.000000  0.900000
   -1.947   -1.298    1.933    2.770    8.558   10.062   11.825   12.025
            0.610000  0.000000  0.910000
   -1.913   -1.329    1.962    2.718    8.621    9.977   11.827   12.008
            0.610000  0.000000  0.920000
   -1.879   -1.361    1.992    2.666    8.685    9.893   11.830   11.991
            0.610000  0.000000  0.930000
   -1.845   -1.392    2.024    2.616    8.751    9.809   11.835   11.975
            0.610000  0.000000  0.940000
   -1.811   -1.423    2.058    2.566    8.819    9.727   11.839   11.960
            0.610000  0.000000  0.950000
   -1.778   -1.455    2.093    2.517    8.888    9.645   11.845   11.946
            0.610000  0.000000  0.960000
   -1.745   -1.486    2.130    2.469    8.958    9.564   11.852   11.932
            0.610000  0.000000  0.970000
   -1.712   -1.518    2.168    2.423    9.029    9.484   11.859   11.919
            0.610000  0.000000  0.980000
   -1.679   -1.550    2.207    2.377    9.102    9.406   11.867   11.907
            0.610000  0.000000  0.990000
   -1.646   -1.582    2.247    2.333    9.176    9.328   11.876   11.896
            0.610000  0.000000  1.000000
   -1.614   -1.614    2.289    2.289    9.252    9.252   11.886   11.886
