 &plot nbnd=   8, nks=   101 /
            0.760000  0.440000  0.000000
   -2.843   -0.419    1.976    3.282    9.443    9.763   10.405   13.488
            0.760000  0.440000  0.010000
   -2.844   -0.420    1.978    3.283    9.443    9.754   10.415   13.488
            0.760000  0.440000  0.020000
   -2.844   -0.423    1.982    3.286    9.443    9.730   10.444   13.489
            0.760000  0.440000  0.030000
   -2.845   -0.427    1.988    3.290    9.443    9.694   10.487   13.491
            0.760000  0.440000  0.040000
   -2.846   -0.433    1.996    3.297    9.441    9.650   10.542   13.493
            0.760000  0.440000  0.050000
   -2.847   -0.441    2.008    3.305    9.438    9.603   10.605   13.496
            0.760000  0.440000  0.060000
   -2.849   -0.450    2.021    3.314    9.428    9.559   10.673   13.497
            0.760000  0.440000  0.070000
   -2.851   -0.460    2.036    3.326    9.405    9.527   10.747   13.478
            0.760000  0.440000  0.080000
   -2.854   -0.472    2.053    3.339    9.366    9.510   10.823   13.410
            0.760000  0.440000  0.090000
   -2.857   -0.484    2.073    3.354    9.316    9.504   10.903   13.331
            0.760000  0.440000  0.100000
   -2.860   -0.498    2.093    3.371    9.260    9.505   10.985   13.249
            0.760000  0.440000  0.110000
   -2.864   -0.512    2.116    3.390    9.202    9.508   11.068   13.163
            0.760000  0.440000  0.120000
   -2.868   -0.527    2.139    3.410    9.144    9.513   11.154   13.074
            0.760000  0.440000  0.130000
   -2.873   -0.542    2.164    3.432    9.085    9.519   11.240   12.984
            0.760000  0.440000  0.140000
   -2.878   -0.557    2.190    3.456    9.027    9.527   11.328   12.892
            0.760000  0.440000  0.150000
   -2.884   -0.573    2.217    3.481    8.970    9.535   11.418   12.798
            0.760000  0.440000  0.160000
   -2.890   -0.588    2.245    3.508    8.914    9.544   11.508   12.704
            0.760000  0.440000  0.170000
   -2.897   -0.604    2.273    3.537    8.859    9.554   11.599   12.608
            0.760000  0.440000  0.180000
   -2.905   -0.618    2.301    3.567    8.805    9.565   11.692   12.512
            0.760000  0.440000  0.190000
   -2.913   -0.633    2.331    3.598    8.753    9.576   11.785   12.416
            0.760000  0.440000  0.200000
   -2.922   -0.646    2.360    3.631    8.702    9.587   11.879   12.319
            0.760000  0.440000  0.210000
   -2.932   -0.659    2.390    3.665    8.653    9.599   11.973   12.223
            0.760000  0.440000  0.220000
   -2.942   -0.671    2.420    3.700    8.605    9.612   12.061   12.132
            0.760000  0.440000  0.230000
   -2.953   -0.683    2.450    3.736    8.559    9.625   12.021   12.171
            0.760000  0.440000  0.240000
   -2.965   -0.693    2.480    3.774    8.516    9.639   11.925   12.266
            0.760000  0.440000  0.250000
   -2.978   -0.701    2.510    3.811    8.474    9.653   11.828   12.363
            0.760000  0.440000  0.260000
   -2.992   -0.709    2.540    3.850    8.434    9.668   11.730   12.461
            0.760000  0.440000  0.270000
   -3.006   -0.715    2.570    3.889    8.396    9.682   11.633   12.559
            0.760000  0.440000  0.280000
   -3.021   -0.720    2.600    3.928    8.361    9.698   11.536   12.658
            0.760000  0.440000  0.290000
   -3.037   -0.723    2.630    3.967    8.328    9.713   11.439   12.758
            0.760000  0.440000  0.300000
   -3.054   -0.725    2.660    4.007    8.297    9.729   11.342   12.858
            0.760000  0.440000  0.310000
   -3.071   -0.726    2.690    4.046    8.269    9.745   11.246   12.958
            0.760000  0.440000  0.320000
   -3.089   -0.725    2.720    4.084    8.244    9.761   11.151   13.058
            0.760000  0.440000  0.330000
   -3.108   -0.722    2.750    4.122    8.221    9.778   11.056   13.158
            0.760000  0.440000  0.340000
   -3.127   -0.718    2.779    4.160    8.202    9.794   10.962   13.258
            0.760000  0.440000  0.350000
   -3.148   -0.712    2.809    4.196    8.185    9.810   10.870   13.359
            0.760000  0.440000  0.360000
   -3.168   -0.705    2.839    4.231    8.171    9.826   10.778   13.459
            0.760000  0.440000  0.370000
   -3.190   -0.696    2.868    4.265    8.160    9.841   10.688   13.558
            0.760000  0.440000  0.380000
   -3.211   -0.686    2.898    4.297    8.153    9.855   10.600   13.657
            0.760000  0.440000  0.390000
   -3.234   -0.674    2.928    4.328    8.148    9.868   10.514   13.754
            0.760000  0.440000  0.400000
   -3.257   -0.661    2.957    4.357    8.147    9.878   10.432   13.849
            0.760000  0.440000  0.410000
   -3.280   -0.646    2.987    4.384    8.150    9.885   10.356   13.940
            0.760000  0.440000  0.420000
   -3.303   -0.629    3.016    4.409    8.155    9.885   10.286   14.017
            0.760000  0.440000  0.430000
   -3.327   -0.612    3.046    4.432    8.164    9.875   10.228   14.062
            0.760000  0.440000  0.440000
   -3.352   -0.593    3.075    4.453    8.176    9.852   10.185   14.062
            0.760000  0.440000  0.450000
   -3.376   -0.572    3.104    4.472    8.191    9.813   10.160   14.016
            0.760000  0.440000  0.460000
   -3.401   -0.550    3.133    4.488    8.209    9.760   10.149   13.935
            0.760000  0.440000  0.470000
   -3.425   -0.527    3.162    4.502    8.230    9.699   10.149   13.837
            0.760000  0.440000  0.480000
   -3.450   -0.502    3.191    4.513    8.254    9.634   10.156   13.733
            0.760000  0.440000  0.490000
   -3.475   -0.477    3.220    4.522    8.280    9.567   10.166   13.625
            0.760000  0.440000  0.500000
   -3.500   -0.450    3.249    4.529    8.307    9.500   10.180   13.517
            0.760000  0.440000  0.510000
   -3.525   -0.422    3.277    4.533    8.336    9.435   10.194   13.407
            0.760000  0.440000  0.520000
   -3.550   -0.393    3.305    4.535    8.366    9.373   10.210   13.297
            0.760000  0.440000  0.530000
   -3.575   -0.362    3.333    4.535    8.395    9.315   10.227   13.188
            0.760000  0.440000  0.540000
   -3.599   -0.331    3.360    4.532    8.423    9.263   10.244   13.079
            0.760000  0.440000  0.550000
   -3.624   -0.298    3.387    4.528    8.447    9.217   10.261   12.970
            0.760000  0.440000  0.560000
   -3.648   -0.265    3.414    4.522    8.466    9.182   10.279   12.861
            0.760000  0.440000  0.570000
   -3.672   -0.230    3.440    4.513    8.478    9.157   10.297   12.754
            0.760000  0.440000  0.580000
   -3.696   -0.195    3.466    4.503    8.481    9.146   10.314   12.646
            0.760000  0.440000  0.590000
   -3.720   -0.159    3.491    4.491    8.474    9.148   10.332   12.540
            0.760000  0.440000  0.600000
   -3.743   -0.121    3.515    4.478    8.458    9.163   10.350   12.434
            0.760000  0.440000  0.610000
   -3.766   -0.083    3.538    4.463    8.434    9.191   10.368   12.329
            0.760000  0.440000  0.620000
   -3.788   -0.045    3.561    4.446    8.405    9.227   10.386   12.225
            0.760000  0.440000  0.630000
   -3.811   -0.005    3.582    4.429    8.371    9.272   10.405   12.121
            0.760000  0.440000  0.640000
   -3.832    0.035    3.603    4.410    8.335    9.322   10.423   12.019
            0.760000  0.440000  0.650000
   -3.854    0.076    3.622    4.391    8.298    9.376   10.442   11.917
            0.760000  0.440000  0.660000
   -3.875    0.118    3.640    4.370    8.261    9.433   10.462   11.817
            0.760000  0.440000  0.670000
   -3.895    0.160    3.657    4.349    8.225    9.493   10.481   11.717
            0.760000  0.440000  0.680000
   -3.916    0.203    3.671    4.328    8.190    9.554   10.502   11.618
            0.760000  0.440000  0.690000
   -3.935    0.247    3.684    4.307    8.157    9.616   10.524   11.521
            0.760000  0.440000  0.700000
   -3.954    0.291    3.694    4.286    8.126    9.677   10.547   11.425
            0.760000  0.440000  0.710000
   -3.973    0.335    3.702    4.265    8.097    9.739   10.572   11.329
            0.760000  0.440000  0.720000
   -3.991    0.380    3.707    4.246    8.071    9.798   10.599   11.236
            0.760000  0.440000  0.730000
   -4.009    0.425    3.709    4.228    8.047    9.856   10.628   11.143
            0.760000  0.440000  0.740000
   -4.026    0.470    3.708    4.211    8.025    9.911   10.660   11.052
            0.760000  0.440000  0.750000
   -4.042    0.516    3.702    4.196    8.007    9.963   10.695   10.963
            0.760000  0.440000  0.760000
   -4.058    0.562    3.694    4.184    7.991   10.011   10.734   10.876
            0.760000  0.440000  0.770000
   -4.073    0.607    3.681    4.173    7.978   10.054   10.771   10.796
            0.760000  0.440000  0.780000
   -4.088    0.653    3.664    4.165    7.968   10.093   10.704   10.826
            0.760000  0.440000  0.790000
   -4.102    0.699    3.645    4.159    7.960   10.126   10.624   10.877
            0.760000  0.440000  0.800000
   -4.116    0.744    3.622    4.155    7.956   10.153   10.547   10.931
            0.760000  0.440000  0.810000
   -4.129    0.790    3.596    4.153    7.954   10.172   10.475   10.989
            0.760000  0.440000  0.820000
   -4.141    0.834    3.568    4.151    7.954   10.180   10.413   11.049
            0.760000  0.440000  0.830000
   -4.152    0.879    3.539    4.151    7.957   10.170   10.367   11.112
            0.760000  0.440000  0.840000
   -4.163    0.922    3.508    4.151    7.962   10.138   10.343   11.177
            0.760000  0.440000  0.850000
   -4.174    0.965    3.476    4.153    7.969   10.088   10.337   11.242
            0.760000  0.440000  0.860000
   -4.184    1.007    3.444    4.154    7.979   10.030   10.339   11.308
            0.760000  0.440000  0.870000
   -4.193    1.047    3.412    4.156    7.989    9.970   10.344   11.374
            0.760000  0.440000  0.880000
   -4.201    1.086    3.380    4.158    8.002    9.910   10.350   11.439
            0.760000  0.440000  0.890000
   -4.209    1.124    3.348    4.160    8.015    9.851   10.356   11.502
            0.760000  0.440000  0.900000
   -4.216    1.160    3.318    4.161    8.030    9.795   10.362   11.564
            0.760000  0.440000  0.910000
   -4.222    1.193    3.289    4.163    8.045    9.743   10.368   11.623
            0.760000  0.440000  0.920000
   -4.228    1.224    3.261    4.165    8.060    9.693   10.372   11.679
            0.760000  0.440000  0.930000
   -4.233    1.253    3.236    4.166    8.075    9.648   10.376   11.732
            0.760000  0.440000  0.940000
   -4.238    1.278    3.213    4.168    8.089    9.608   10.380   11.779
            0.760000  0.440000  0.950000
   -4.241    1.300    3.193    4.169    8.102    9.573   10.383   11.821
            0.760000  0.440000  0.960000
   -4.244    1.319    3.176    4.170    8.114    9.543   10.385   11.857
            0.760000  0.440000  0.970000
   -4.247    1.333    3.163    4.171    8.123    9.520   10.387   11.885
            0.760000  0.440000  0.980000
   -4.249    1.344    3.153    4.171    8.130    9.503   10.388   11.906
            0.760000  0.440000  0.990000
   -4.250    1.350    3.147    4.172    8.135    9.492   10.389   11.919
            0.760000  0.440000  1.000000
   -4.250    1.353    3.145    4.172    8.136    9.489   10.389   11.923
