 &plot nbnd=   8, nks=   101 /
            0.190000  0.040000  0.000000
   -5.621    4.941    5.378    5.492    8.183    9.108    9.162    9.924
            0.190000  0.040000  0.010000
   -5.621    4.934    5.382    5.491    8.185    9.101    9.166    9.929
            0.190000  0.040000  0.020000
   -5.619    4.914    5.392    5.491    8.192    9.082    9.172    9.945
            0.190000  0.040000  0.030000
   -5.617    4.884    5.403    5.494    8.203    9.057    9.177    9.970
            0.190000  0.040000  0.040000
   -5.614    4.845    5.408    5.505    8.218    9.029    9.178   10.003
            0.190000  0.040000  0.050000
   -5.610    4.801    5.403    5.525    8.238    8.998    9.177   10.043
            0.190000  0.040000  0.060000
   -5.606    4.752    5.390    5.550    8.261    8.967    9.174   10.088
            0.190000  0.040000  0.070000
   -5.600    4.700    5.372    5.578    8.289    8.935    9.168   10.139
            0.190000  0.040000  0.080000
   -5.594    4.646    5.349    5.607    8.319    8.905    9.159   10.194
            0.190000  0.040000  0.090000
   -5.587    4.589    5.323    5.634    8.353    8.875    9.149   10.251
            0.190000  0.040000  0.100000
   -5.579    4.531    5.295    5.660    8.390    8.848    9.137   10.311
            0.190000  0.040000  0.110000
   -5.570    4.472    5.263    5.683    8.429    8.824    9.124   10.373
            0.190000  0.040000  0.120000
   -5.560    4.412    5.230    5.704    8.469    8.803    9.111   10.436
            0.190000  0.040000  0.130000
   -5.550    4.350    5.195    5.721    8.511    8.787    9.096   10.499
            0.190000  0.040000  0.140000
   -5.538    4.289    5.157    5.735    8.552    8.775    9.082   10.563
            0.190000  0.040000  0.150000
   -5.526    4.226    5.119    5.744    8.591    8.769    9.069   10.627
            0.190000  0.040000  0.160000
   -5.513    4.163    5.079    5.750    8.626    8.771    9.059   10.690
            0.190000  0.040000  0.170000
   -5.499    4.100    5.038    5.752    8.652    8.781    9.053   10.752
            0.190000  0.040000  0.180000
   -5.485    4.036    4.996    5.749    8.670    8.798    9.055   10.812
            0.190000  0.040000  0.190000
   -5.469    3.972    4.953    5.743    8.681    8.816    9.067   10.870
            0.190000  0.040000  0.200000
   -5.453    3.908    4.909    5.732    8.688    8.829    9.093   10.924
            0.190000  0.040000  0.210000
   -5.436    3.843    4.865    5.718    8.691    8.839    9.132   10.974
            0.190000  0.040000  0.220000
   -5.418    3.778    4.820    5.699    8.690    8.848    9.181   11.019
            0.190000  0.040000  0.230000
   -5.399    3.713    4.775    5.677    8.682    8.861    9.237   11.057
            0.190000  0.040000  0.240000
   -5.379    3.648    4.729    5.651    8.669    8.879    9.298   11.088
            0.190000  0.040000  0.250000
   -5.358    3.583    4.683    5.622    8.651    8.903    9.362   11.110
            0.190000  0.040000  0.260000
   -5.337    3.518    4.637    5.589    8.629    8.931    9.430   11.122
            0.190000  0.040000  0.270000
   -5.315    3.452    4.591    5.554    8.605    8.964    9.499   11.123
            0.190000  0.040000  0.280000
   -5.292    3.387    4.545    5.516    8.578    9.001    9.571   11.114
            0.190000  0.040000  0.290000
   -5.268    3.321    4.499    5.476    8.550    9.041    9.644   11.095
            0.190000  0.040000  0.300000
   -5.244    3.256    4.453    5.433    8.521    9.084    9.719   11.066
            0.190000  0.040000  0.310000
   -5.218    3.190    4.407    5.389    8.490    9.130    9.794   11.029
            0.190000  0.040000  0.320000
   -5.192    3.124    4.361    5.342    8.460    9.177    9.871   10.986
            0.190000  0.040000  0.330000
   -5.165    3.058    4.316    5.294    8.428    9.226    9.949   10.936
            0.190000  0.040000  0.340000
   -5.137    2.992    4.270    5.245    8.397    9.277   10.028   10.882
            0.190000  0.040000  0.350000
   -5.108    2.926    4.226    5.195    8.365    9.329   10.108   10.825
            0.190000  0.040000  0.360000
   -5.079    2.860    4.181    5.143    8.333    9.381   10.188   10.766
            0.190000  0.040000  0.370000
   -5.048    2.794    4.137    5.091    8.301    9.434   10.269   10.705
            0.190000  0.040000  0.380000
   -5.017    2.728    4.093    5.038    8.268    9.487   10.350   10.645
            0.190000  0.040000  0.390000
   -4.985    2.661    4.049    4.984    8.236    9.539   10.431   10.586
            0.190000  0.040000  0.400000
   -4.953    2.595    4.006    4.930    8.204    9.589   10.494   10.548
            0.190000  0.040000  0.410000
   -4.919    2.528    3.963    4.876    8.172    9.636   10.462   10.608
            0.190000  0.040000  0.420000
   -4.885    2.461    3.921    4.821    8.141    9.679   10.414   10.690
            0.190000  0.040000  0.430000
   -4.850    2.394    3.880    4.766    8.109    9.713   10.373   10.775
            0.190000  0.040000  0.440000
   -4.814    2.327    3.838    4.711    8.078    9.737   10.343   10.860
            0.190000  0.040000  0.450000
   -4.777    2.260    3.798    4.656    8.047    9.747   10.328   10.946
            0.190000  0.040000  0.460000
   -4.740    2.192    3.758    4.602    8.017    9.740   10.330   11.032
            0.190000  0.040000  0.470000
   -4.702    2.125    3.718    4.547    7.987    9.717   10.349   11.119
            0.190000  0.040000  0.480000
   -4.663    2.057    3.679    4.493    7.957    9.682   10.382   11.207
            0.190000  0.040000  0.490000
   -4.623    1.989    3.641    4.440    7.928    9.637   10.426   11.295
            0.190000  0.040000  0.500000
   -4.583    1.921    3.603    4.386    7.899    9.586   10.476   11.383
            0.190000  0.040000  0.510000
   -4.541    1.852    3.566    4.333    7.871    9.531   10.532   11.472
            0.190000  0.040000  0.520000
   -4.499    1.783    3.529    4.281    7.843    9.474   10.592   11.561
            0.190000  0.040000  0.530000
   -4.457    1.715    3.493    4.230    7.816    9.415   10.655   11.650
            0.190000  0.040000  0.540000
   -4.413    1.645    3.458    4.179    7.789    9.355   10.720   11.740
            0.190000  0.040000  0.550000
   -4.369    1.576    3.423    4.128    7.762    9.295   10.787   11.830
            0.190000  0.040000  0.560000
   -4.324    1.506    3.389    4.079    7.737    9.234   10.855   11.920
            0.190000  0.040000  0.570000
   -4.278    1.436    3.356    4.030    7.712    9.174   10.925   12.011
            0.190000  0.040000  0.580000
   -4.231    1.366    3.323    3.982    7.687    9.115   10.995   12.102
            0.190000  0.040000  0.590000
   -4.184    1.295    3.291    3.935    7.663    9.056   11.066   12.194
            0.190000  0.040000  0.600000
   -4.136    1.225    3.260    3.889    7.640    8.998   11.138   12.285
            0.190000  0.040000  0.610000
   -4.088    1.154    3.229    3.844    7.618    8.940   11.211   12.377
            0.190000  0.040000  0.620000
   -4.038    1.082    3.199    3.800    7.596    8.884   11.284   12.469
            0.190000  0.040000  0.630000
   -3.988    1.011    3.170    3.757    7.574    8.829   11.358   12.561
            0.190000  0.040000  0.640000
   -3.937    0.939    3.141    3.715    7.554    8.774   11.432   12.654
            0.190000  0.040000  0.650000
   -3.886    0.867    3.113    3.674    7.534    8.721   11.507   12.746
            0.190000  0.040000  0.660000
   -3.834    0.794    3.086    3.634    7.515    8.669   11.582   12.839
            0.190000  0.040000  0.670000
   -3.781    0.722    3.060    3.595    7.496    8.618   11.658   12.932
            0.190000  0.040000  0.680000
   -3.727    0.649    3.034    3.557    7.478    8.568   11.735   13.026
            0.190000  0.040000  0.690000
   -3.673    0.576    3.009    3.520    7.461    8.519   11.811   13.119
            0.190000  0.040000  0.700000
   -3.618    0.503    2.985    3.485    7.445    8.472   11.889   13.213
            0.190000  0.040000  0.710000
   -3.563    0.430    2.962    3.450    7.429    8.425   11.966   13.306
            0.190000  0.040000  0.720000
   -3.507    0.356    2.939    3.417    7.414    8.380   12.045   13.400
            0.190000  0.040000  0.730000
   -3.450    0.283    2.917    3.385    7.400    8.337   12.123   13.494
            0.190000  0.040000  0.740000
   -3.392    0.209    2.896    3.354    7.387    8.294   12.202   13.588
            0.190000  0.040000  0.750000
   -3.334    0.135    2.876    3.324    7.374    8.253   12.282   13.682
            0.190000  0.040000  0.760000
   -3.275    0.061    2.856    3.296    7.362    8.213   12.362   13.776
            0.190000  0.040000  0.770000
   -3.216   -0.013    2.837    3.268    7.351    8.175   12.442   13.870
            0.190000  0.040000  0.780000
   -3.156   -0.088    2.819    3.242    7.340    8.138   12.523   13.964
            0.190000  0.040000  0.790000
   -3.096   -0.162    2.801    3.217    7.330    8.102   12.604   14.057
            0.190000  0.040000  0.800000
   -3.034   -0.236    2.785    3.193    7.321    8.067   12.686   14.150
            0.190000  0.040000  0.810000
   -2.973   -0.310    2.769    3.170    7.313    8.034   12.768   14.243
            0.190000  0.040000  0.820000
   -2.911   -0.385    2.754    3.149    7.305    8.003   12.850   14.335
            0.190000  0.040000  0.830000
   -2.848   -0.459    2.740    3.128    7.298    7.972   12.933   14.426
            0.190000  0.040000  0.840000
   -2.784   -0.533    2.726    3.109    7.292    7.944   13.016   14.516
            0.190000  0.040000  0.850000
   -2.720   -0.607    2.714    3.091    7.286    7.916   13.100   14.604
            0.190000  0.040000  0.860000
   -2.656   -0.681    2.702    3.074    7.281    7.891   13.184   14.688
            0.190000  0.040000  0.870000
   -2.591   -0.755    2.691    3.058    7.276    7.866   13.268   14.769
            0.190000  0.040000  0.880000
   -2.526   -0.829    2.681    3.044    7.272    7.844   13.353   14.842
            0.190000  0.040000  0.890000
   -2.460   -0.903    2.671    3.031    7.269    7.822   13.438   14.903
            0.190000  0.040000  0.900000
   -2.393   -0.976    2.663    3.018    7.266    7.803   13.524   14.947
            0.190000  0.040000  0.910000
   -2.327   -1.049    2.655    3.007    7.263    7.785   13.610   14.966
            0.190000  0.040000  0.920000
   -2.259   -1.122    2.648    2.998    7.261    7.769   13.696   14.957
            0.190000  0.040000  0.930000
   -2.192   -1.195    2.642    2.989    7.260    7.755   13.782   14.921
            0.190000  0.040000  0.940000
   -2.124   -1.267    2.637    2.981    7.258    7.742   13.868   14.866
            0.190000  0.040000  0.950000
   -2.056   -1.339    2.632    2.975    7.257    7.732   13.955   14.800
            0.190000  0.040000  0.960000
   -1.987   -1.410    2.628    2.970    7.256    7.723   14.041   14.726
            0.190000  0.040000  0.970000
   -1.919   -1.481    2.625    2.966    7.256    7.716   14.126   14.649
            0.190000  0.040000  0.980000
   -1.852   -1.550    2.623    2.963    7.255    7.711   14.210   14.569
            0.190000  0.040000  0.990000
   -1.790   -1.613    2.622    2.961    7.255    7.708   14.289   14.493
            0.190000  0.040000  1.000000
   -1.755   -1.649    2.622    2.961    7.255    7.707   14.337   14.446
