 &plot nbnd=   8, nks=   101 /
            0.820000  0.190000  0.000000
   -2.914   -0.380    2.822    3.081    7.363    7.904   12.848   14.447
            0.820000  0.190000  0.010000
   -2.913   -0.380    2.817    3.087    7.359    7.911   12.849   14.439
            0.820000  0.190000  0.020000
   -2.913   -0.381    2.802    3.101    7.347    7.931   12.849   14.418
            0.820000  0.190000  0.030000
   -2.912   -0.382    2.780    3.123    7.328    7.962   12.849   14.383
            0.820000  0.190000  0.040000
   -2.911   -0.385    2.754    3.149    7.305    8.003   12.850   14.335
            0.820000  0.190000  0.050000
   -2.909   -0.387    2.725    3.177    7.280    8.051   12.851   14.276
            0.820000  0.190000  0.060000
   -2.907   -0.391    2.695    3.206    7.254    8.105   12.852   14.208
            0.820000  0.190000  0.070000
   -2.904   -0.395    2.664    3.236    7.229    8.164   12.854   14.131
            0.820000  0.190000  0.080000
   -2.901   -0.399    2.632    3.266    7.205    8.227   12.855   14.047
            0.820000  0.190000  0.090000
   -2.898   -0.405    2.601    3.295    7.182    8.294   12.857   13.958
            0.820000  0.190000  0.100000
   -2.894   -0.411    2.570    3.324    7.163    8.363   12.859   13.863
            0.820000  0.190000  0.110000
   -2.890   -0.417    2.540    3.351    7.146    8.435   12.861   13.764
            0.820000  0.190000  0.120000
   -2.886   -0.424    2.510    3.378    7.132    8.510   12.863   13.661
            0.820000  0.190000  0.130000
   -2.881   -0.431    2.481    3.402    7.122    8.587   12.865   13.556
            0.820000  0.190000  0.140000
   -2.876   -0.440    2.453    3.425    7.115    8.665   12.868   13.448
            0.820000  0.190000  0.150000
   -2.871   -0.448    2.426    3.446    7.112    8.746   12.870   13.339
            0.820000  0.190000  0.160000
   -2.866   -0.457    2.400    3.466    7.114    8.828   12.873   13.228
            0.820000  0.190000  0.170000
   -2.860   -0.467    2.376    3.483    7.119    8.913   12.875   13.116
            0.820000  0.190000  0.180000
   -2.854   -0.477    2.352    3.498    7.128    8.998   12.875   13.004
            0.820000  0.190000  0.190000
   -2.847   -0.487    2.329    3.511    7.142    9.085   12.857   12.911
            0.820000  0.190000  0.200000
   -2.841   -0.498    2.308    3.523    7.160    9.174   12.762   12.894
            0.820000  0.190000  0.210000
   -2.834   -0.510    2.288    3.532    7.182    9.264   12.648   12.894
            0.820000  0.190000  0.220000
   -2.828   -0.521    2.269    3.539    7.209    9.355   12.532   12.897
            0.820000  0.190000  0.230000
   -2.821   -0.533    2.252    3.544    7.239    9.447   12.416   12.900
            0.820000  0.190000  0.240000
   -2.814   -0.545    2.235    3.547    7.274    9.541   12.299   12.903
            0.820000  0.190000  0.250000
   -2.806   -0.557    2.220    3.548    7.313    9.635   12.182   12.907
            0.820000  0.190000  0.260000
   -2.799   -0.570    2.206    3.547    7.356    9.731   12.065   12.910
            0.820000  0.190000  0.270000
   -2.792   -0.582    2.193    3.545    7.402    9.827   11.948   12.914
            0.820000  0.190000  0.280000
   -2.785   -0.595    2.182    3.542    7.453    9.925   11.831   12.917
            0.820000  0.190000  0.290000
   -2.778   -0.607    2.171    3.537    7.507   10.022   11.716   12.921
            0.820000  0.190000  0.300000
   -2.771   -0.619    2.162    3.531    7.564   10.120   11.601   12.924
            0.820000  0.190000  0.310000
   -2.764   -0.632    2.153    3.524    7.625   10.218   11.487   12.928
            0.820000  0.190000  0.320000
   -2.757   -0.644    2.146    3.516    7.689   10.315   11.376   12.931
            0.820000  0.190000  0.330000
   -2.750   -0.655    2.139    3.508    7.755   10.410   11.268   12.935
            0.820000  0.190000  0.340000
   -2.744   -0.667    2.134    3.499    7.825   10.500   11.167   12.938
            0.820000  0.190000  0.350000
   -2.738   -0.677    2.129    3.489    7.898   10.577   11.080   12.941
            0.820000  0.190000  0.360000
   -2.732   -0.688    2.125    3.479    7.973   10.625   11.023   12.943
            0.820000  0.190000  0.370000
   -2.726   -0.698    2.122    3.470    8.051   10.617   11.023   12.946
            0.820000  0.190000  0.380000
   -2.721   -0.707    2.119    3.460    8.131   10.557   11.077   12.948
            0.820000  0.190000  0.390000
   -2.716   -0.716    2.117    3.450    8.213   10.470   11.159   12.949
            0.820000  0.190000  0.400000
   -2.712   -0.724    2.116    3.441    8.298   10.371   11.255   12.950
            0.820000  0.190000  0.410000
   -2.708   -0.731    2.115    3.431    8.385   10.268   11.356   12.950
            0.820000  0.190000  0.420000
   -2.705   -0.737    2.114    3.423    8.473   10.162   11.461   12.948
            0.820000  0.190000  0.430000
   -2.702   -0.743    2.114    3.415    8.563   10.055   11.568   12.942
            0.820000  0.190000  0.440000
   -2.700   -0.748    2.115    3.408    8.656    9.949   11.676   12.925
            0.820000  0.190000  0.450000
   -2.698   -0.751    2.115    3.401    8.749    9.842   11.784   12.879
            0.820000  0.190000  0.460000
   -2.697   -0.754    2.116    3.396    8.844    9.736   11.891   12.798
            0.820000  0.190000  0.470000
   -2.696   -0.756    2.117    3.391    8.941    9.631   11.994   12.702
            0.820000  0.190000  0.480000
   -2.696   -0.757    2.118    3.387    9.038    9.528   12.088   12.610
            0.820000  0.190000  0.490000
   -2.697   -0.757    2.119    3.385    9.134    9.427   12.157   12.542
            0.820000  0.190000  0.500000
   -2.698   -0.756    2.121    3.383    9.220    9.340   12.168   12.531
            0.820000  0.190000  0.510000
   -2.700   -0.753    2.122    3.383    9.199    9.361   12.113   12.587
            0.820000  0.190000  0.520000
   -2.702   -0.750    2.124    3.383    9.107    9.456   12.024   12.676
            0.820000  0.190000  0.530000
   -2.705   -0.746    2.126    3.385    9.010    9.557   11.922   12.776
            0.820000  0.190000  0.540000
   -2.709   -0.741    2.128    3.387    8.913    9.661   11.816   12.871
            0.820000  0.190000  0.550000
   -2.713   -0.735    2.130    3.391    8.817    9.767   11.707   12.935
            0.820000  0.190000  0.560000
   -2.718   -0.728    2.132    3.396    8.722    9.872   11.599   12.958
            0.820000  0.190000  0.570000
   -2.723   -0.720    2.134    3.401    8.629    9.979   11.490   12.965
            0.820000  0.190000  0.580000
   -2.729   -0.711    2.137    3.407    8.538   10.085   11.383   12.968
            0.820000  0.190000  0.590000
   -2.735   -0.702    2.140    3.414    8.448   10.190   11.278   12.968
            0.820000  0.190000  0.600000
   -2.741   -0.692    2.143    3.422    8.360   10.294   11.176   12.968
            0.820000  0.190000  0.610000
   -2.748   -0.681    2.147    3.430    8.274   10.393   11.081   12.967
            0.820000  0.190000  0.620000
   -2.756   -0.669    2.151    3.439    8.190   10.480   10.997   12.966
            0.820000  0.190000  0.630000
   -2.763   -0.657    2.156    3.448    8.108   10.542   10.942   12.965
            0.820000  0.190000  0.640000
   -2.771   -0.645    2.161    3.458    8.028   10.550   10.940   12.963
            0.820000  0.190000  0.650000
   -2.779   -0.632    2.167    3.467    7.951   10.503   10.996   12.961
            0.820000  0.190000  0.660000
   -2.787   -0.619    2.173    3.476    7.876   10.426   11.083   12.959
            0.820000  0.190000  0.670000
   -2.796   -0.605    2.180    3.486    7.804   10.337   11.185   12.956
            0.820000  0.190000  0.680000
   -2.804   -0.591    2.188    3.495    7.735   10.242   11.292   12.954
            0.820000  0.190000  0.690000
   -2.813   -0.577    2.197    3.503    7.669   10.145   11.403   12.951
            0.820000  0.190000  0.700000
   -2.822   -0.563    2.207    3.511    7.605   10.048   11.516   12.948
            0.820000  0.190000  0.710000
   -2.830   -0.549    2.217    3.518    7.545    9.950   11.631   12.946
            0.820000  0.190000  0.720000
   -2.839   -0.534    2.229    3.523    7.488    9.853   11.746   12.943
            0.820000  0.190000  0.730000
   -2.848   -0.520    2.242    3.528    7.435    9.756   11.862   12.940
            0.820000  0.190000  0.740000
   -2.856   -0.506    2.255    3.532    7.385    9.661   11.979   12.937
            0.820000  0.190000  0.750000
   -2.865   -0.492    2.270    3.534    7.339    9.566   12.096   12.934
            0.820000  0.190000  0.760000
   -2.873   -0.478    2.286    3.535    7.297    9.472   12.212   12.932
            0.820000  0.190000  0.770000
   -2.882   -0.465    2.303    3.534    7.258    9.379   12.329   12.929
            0.820000  0.190000  0.780000
   -2.890   -0.452    2.321    3.531    7.224    9.287   12.445   12.926
            0.820000  0.190000  0.790000
   -2.897   -0.439    2.340    3.527    7.194    9.197   12.561   12.924
            0.820000  0.190000  0.800000
   -2.905   -0.427    2.361    3.520    7.167    9.108   12.676   12.923
            0.820000  0.190000  0.810000
   -2.912   -0.415    2.383    3.512    7.145    9.020   12.787   12.924
            0.820000  0.190000  0.820000
   -2.920   -0.403    2.405    3.501    7.128    8.934   12.878   12.946
            0.820000  0.190000  0.830000
   -2.926   -0.392    2.429    3.489    7.114    8.849   12.900   13.034
            0.820000  0.190000  0.840000
   -2.933   -0.382    2.454    3.474    7.105    8.766   12.902   13.143
            0.820000  0.190000  0.850000
   -2.939   -0.372    2.480    3.458    7.099    8.685   12.901   13.252
            0.820000  0.190000  0.860000
   -2.945   -0.362    2.507    3.439    7.098    8.606   12.900   13.361
            0.820000  0.190000  0.870000
   -2.950   -0.353    2.535    3.419    7.100    8.529   12.898   13.468
            0.820000  0.190000  0.880000
   -2.956   -0.345    2.564    3.397    7.106    8.453   12.896   13.573
            0.820000  0.190000  0.890000
   -2.960   -0.338    2.593    3.373    7.116    8.381   12.894   13.675
            0.820000  0.190000  0.900000
   -2.965   -0.331    2.623    3.348    7.129    8.310   12.893   13.774
            0.820000  0.190000  0.910000
   -2.969   -0.324    2.654    3.322    7.144    8.243   12.891   13.868
            0.820000  0.190000  0.920000
   -2.972   -0.319    2.685    3.295    7.162    8.179   12.890   13.957
            0.820000  0.190000  0.930000
   -2.976   -0.314    2.716    3.267    7.182    8.118   12.888   14.041
            0.820000  0.190000  0.940000
   -2.978   -0.309    2.746    3.239    7.204    8.062   12.887   14.117
            0.820000  0.190000  0.950000
   -2.981   -0.306    2.776    3.211    7.225    8.010   12.886   14.185
            0.820000  0.190000  0.960000
   -2.983   -0.303    2.804    3.185    7.246    7.965   12.885   14.244
            0.820000  0.190000  0.970000
   -2.984   -0.300    2.830    3.160    7.265    7.928   12.885   14.291
            0.820000  0.190000  0.980000
   -2.985   -0.299    2.851    3.140    7.281    7.899   12.884   14.326
            0.820000  0.190000  0.990000
   -2.986   -0.298    2.865    3.126    7.291    7.881   12.884   14.348
            0.820000  0.190000  1.000000
   -2.986   -0.297    2.870    3.121    7.294    7.875   12.884   14.355
