 &plot nbnd=   8, nks=   101 /
            0.860000  0.540000  0.000000
   -2.182   -1.053    1.842    2.859    9.004   10.715   11.262   11.473
            0.860000  0.540000  0.010000
   -2.183   -1.052    1.842    2.860    9.004   10.706   11.264   11.482
            0.860000  0.540000  0.020000
   -2.188   -1.049    1.844    2.863    9.006   10.680   11.269   11.507
            0.860000  0.540000  0.030000
   -2.197   -1.043    1.848    2.869    9.007   10.641   11.275   11.546
            0.860000  0.540000  0.040000
   -2.208   -1.034    1.852    2.876    9.010   10.592   11.281   11.598
            0.860000  0.540000  0.050000
   -2.223   -1.024    1.858    2.886    9.014   10.536   11.288   11.659
            0.860000  0.540000  0.060000
   -2.241   -1.011    1.865    2.899    9.018   10.476   11.295   11.726
            0.860000  0.540000  0.070000
   -2.261   -0.997    1.874    2.913    9.023   10.413   11.303   11.799
            0.860000  0.540000  0.080000
   -2.284   -0.981    1.883    2.930    9.029   10.347   11.311   11.876
            0.860000  0.540000  0.090000
   -2.309   -0.964    1.894    2.948    9.035   10.281   11.320   11.955
            0.860000  0.540000  0.100000
   -2.336   -0.945    1.906    2.969    9.042   10.214   11.329   12.038
            0.860000  0.540000  0.110000
   -2.365   -0.925    1.918    2.992    9.050   10.147   11.339   12.122
            0.860000  0.540000  0.120000
   -2.396   -0.904    1.932    3.018    9.059   10.080   11.350   12.208
            0.860000  0.540000  0.130000
   -2.428   -0.882    1.947    3.045    9.069   10.013   11.362   12.296
            0.860000  0.540000  0.140000
   -2.462   -0.859    1.963    3.074    9.079    9.946   11.375   12.384
            0.860000  0.540000  0.150000
   -2.497   -0.836    1.979    3.105    9.090    9.881   11.388   12.474
            0.860000  0.540000  0.160000
   -2.533   -0.811    1.996    3.139    9.102    9.815   11.403   12.565
            0.860000  0.540000  0.170000
   -2.570   -0.786    2.014    3.174    9.114    9.751   11.418   12.657
            0.860000  0.540000  0.180000
   -2.607   -0.760    2.033    3.211    9.127    9.687   11.434   12.750
            0.860000  0.540000  0.190000
   -2.646   -0.734    2.053    3.249    9.141    9.625   11.451   12.843
            0.860000  0.540000  0.200000
   -2.685   -0.707    2.073    3.290    9.155    9.563   11.469   12.937
            0.860000  0.540000  0.210000
   -2.725   -0.680    2.094    3.332    9.170    9.503   11.488   13.031
            0.860000  0.540000  0.220000
   -2.765   -0.652    2.115    3.375    9.186    9.444   11.508   13.080
            0.860000  0.540000  0.230000
   -2.806   -0.624    2.137    3.420    9.201    9.386   11.528   12.984
            0.860000  0.540000  0.240000
   -2.847   -0.596    2.160    3.466    9.216    9.331   11.549   12.884
            0.860000  0.540000  0.250000
   -2.888   -0.566    2.183    3.514    9.226    9.283   11.571   12.783
            0.860000  0.540000  0.260000
   -2.930   -0.537    2.207    3.562    9.204    9.269   11.594   12.683
            0.860000  0.540000  0.270000
   -2.971   -0.507    2.232    3.612    9.157    9.283   11.617   12.583
            0.860000  0.540000  0.280000
   -3.013   -0.476    2.257    3.662    9.107    9.301   11.641   12.484
            0.860000  0.540000  0.290000
   -3.055   -0.445    2.282    3.714    9.057    9.320   11.664   12.386
            0.860000  0.540000  0.300000
   -3.097   -0.414    2.308    3.765    9.009    9.341   11.687   12.290
            0.860000  0.540000  0.310000
   -3.138   -0.382    2.335    3.818    8.962    9.362   11.708   12.196
            0.860000  0.540000  0.320000
   -3.180   -0.350    2.362    3.871    8.916    9.384   11.726   12.108
            0.860000  0.540000  0.330000
   -3.222   -0.317    2.390    3.924    8.872    9.407   11.733   12.031
            0.860000  0.540000  0.340000
   -3.263   -0.284    2.418    3.977    8.830    9.430   11.719   11.976
            0.860000  0.540000  0.350000
   -3.304   -0.250    2.446    4.030    8.790    9.454   11.674   11.954
            0.860000  0.540000  0.360000
   -3.345   -0.215    2.476    4.083    8.752    9.478   11.604   11.959
            0.860000  0.540000  0.370000
   -3.386   -0.181    2.505    4.136    8.715    9.503   11.520   11.979
            0.860000  0.540000  0.380000
   -3.427   -0.145    2.535    4.188    8.681    9.528   11.430   12.006
            0.860000  0.540000  0.390000
   -3.467   -0.109    2.566    4.239    8.649    9.554   11.338   12.037
            0.860000  0.540000  0.400000
   -3.507   -0.073    2.597    4.290    8.620    9.580   11.244   12.071
            0.860000  0.540000  0.410000
   -3.546   -0.036    2.629    4.339    8.592    9.607   11.150   12.107
            0.860000  0.540000  0.420000
   -3.585    0.001    2.661    4.388    8.567    9.633   11.056   12.144
            0.860000  0.540000  0.430000
   -3.624    0.039    2.694    4.435    8.545    9.661   10.961   12.184
            0.860000  0.540000  0.440000
   -3.662    0.078    2.727    4.481    8.525    9.688   10.868   12.224
            0.860000  0.540000  0.450000
   -3.700    0.117    2.761    4.525    8.508    9.716   10.775   12.265
            0.860000  0.540000  0.460000
   -3.738    0.156    2.795    4.567    8.494    9.744   10.682   12.308
            0.860000  0.540000  0.470000
   -3.775    0.196    2.829    4.608    8.483    9.773   10.590   12.351
            0.860000  0.540000  0.480000
   -3.811    0.237    2.864    4.646    8.475    9.801   10.499   12.395
            0.860000  0.540000  0.490000
   -3.847    0.278    2.900    4.682    8.469    9.830   10.410   12.440
            0.860000  0.540000  0.500000
   -3.883    0.320    2.936    4.715    8.467    9.859   10.321   12.485
            0.860000  0.540000  0.510000
   -3.918    0.362    2.972    4.746    8.468    9.888   10.233   12.530
            0.860000  0.540000  0.520000
   -3.952    0.404    3.008    4.775    8.472    9.917   10.147   12.572
            0.860000  0.540000  0.530000
   -3.986    0.448    3.045    4.800    8.478    9.945   10.063   12.605
            0.860000  0.540000  0.540000
   -4.019    0.491    3.083    4.823    8.488    9.964    9.990   12.605
            0.860000  0.540000  0.550000
   -4.052    0.536    3.120    4.843    8.501    9.894   10.007   12.549
            0.860000  0.540000  0.560000
   -4.084    0.581    3.158    4.859    8.516    9.815   10.035   12.462
            0.860000  0.540000  0.570000
   -4.116    0.626    3.197    4.873    8.533    9.738   10.064   12.367
            0.860000  0.540000  0.580000
   -4.147    0.672    3.235    4.884    8.553    9.663   10.093   12.269
            0.860000  0.540000  0.590000
   -4.177    0.718    3.274    4.892    8.573    9.590   10.122   12.172
            0.860000  0.540000  0.600000
   -4.207    0.764    3.313    4.897    8.595    9.522   10.151   12.075
            0.860000  0.540000  0.610000
   -4.236    0.812    3.352    4.899    8.617    9.458   10.180   11.979
            0.860000  0.540000  0.620000
   -4.264    0.859    3.391    4.898    8.637    9.399   10.208   11.884
            0.860000  0.540000  0.630000
   -4.292    0.907    3.431    4.894    8.654    9.348   10.236   11.790
            0.860000  0.540000  0.640000
   -4.319    0.956    3.470    4.888    8.666    9.306   10.264   11.697
            0.860000  0.540000  0.650000
   -4.345    1.004    3.510    4.879    8.671    9.275   10.292   11.606
            0.860000  0.540000  0.660000
   -4.371    1.054    3.550    4.867    8.666    9.257   10.319   11.517
            0.860000  0.540000  0.670000
   -4.396    1.103    3.589    4.853    8.651    9.254   10.346   11.430
            0.860000  0.540000  0.680000
   -4.420    1.153    3.629    4.837    8.626    9.263   10.372   11.344
            0.860000  0.540000  0.690000
   -4.444    1.203    3.668    4.818    8.593    9.284   10.398   11.260
            0.860000  0.540000  0.700000
   -4.467    1.254    3.707    4.798    8.554    9.314   10.423   11.179
            0.860000  0.540000  0.710000
   -4.489    1.304    3.746    4.775    8.510    9.351   10.448   11.100
            0.860000  0.540000  0.720000
   -4.511    1.355    3.785    4.751    8.465    9.392   10.472   11.023
            0.860000  0.540000  0.730000
   -4.531    1.406    3.823    4.725    8.418    9.437   10.495   10.950
            0.860000  0.540000  0.740000
   -4.551    1.457    3.861    4.697    8.370    9.485   10.517   10.881
            0.860000  0.540000  0.750000
   -4.571    1.509    3.898    4.667    8.323    9.533   10.537   10.817
            0.860000  0.540000  0.760000
   -4.590    1.560    3.935    4.637    8.277    9.582   10.552   10.760
            0.860000  0.540000  0.770000
   -4.607    1.611    3.971    4.605    8.231    9.630   10.558   10.715
            0.860000  0.540000  0.780000
   -4.625    1.662    4.006    4.572    8.187    9.677   10.548   10.692
            0.860000  0.540000  0.790000
   -4.641    1.713    4.041    4.538    8.143    9.720   10.522   10.691
            0.860000  0.540000  0.800000
   -4.657    1.764    4.074    4.504    8.102    9.758   10.489   10.703
            0.860000  0.540000  0.810000
   -4.672    1.814    4.106    4.469    8.062    9.791   10.459   10.721
            0.860000  0.540000  0.820000
   -4.686    1.864    4.136    4.435    8.024    9.815   10.436   10.741
            0.860000  0.540000  0.830000
   -4.699    1.913    4.164    4.401    7.988    9.830   10.421   10.763
            0.860000  0.540000  0.840000
   -4.712    1.962    4.188    4.370    7.953    9.835   10.417   10.787
            0.860000  0.540000  0.850000
   -4.724    2.010    4.205    4.345    7.921    9.830   10.422   10.811
            0.860000  0.540000  0.860000
   -4.735    2.056    4.209    4.331    7.890    9.818   10.435   10.837
            0.860000  0.540000  0.870000
   -4.745    2.102    4.197    4.332    7.862    9.800   10.453   10.864
            0.860000  0.540000  0.880000
   -4.755    2.146    4.173    4.344    7.836    9.778   10.473   10.892
            0.860000  0.540000  0.890000
   -4.764    2.189    4.145    4.361    7.811    9.755   10.495   10.921
            0.860000  0.540000  0.900000
   -4.772    2.229    4.114    4.379    7.789    9.730   10.517   10.950
            0.860000  0.540000  0.910000
   -4.779    2.268    4.084    4.396    7.769    9.707   10.537   10.979
            0.860000  0.540000  0.920000
   -4.786    2.304    4.054    4.413    7.751    9.684   10.556   11.008
            0.860000  0.540000  0.930000
   -4.792    2.336    4.027    4.428    7.735    9.663   10.572   11.036
            0.860000  0.540000  0.940000
   -4.797    2.366    4.001    4.441    7.721    9.645   10.587   11.062
            0.860000  0.540000  0.950000
   -4.801    2.392    3.979    4.452    7.709    9.628   10.598   11.086
            0.860000  0.540000  0.960000
   -4.805    2.414    3.960    4.462    7.699    9.615   10.608   11.106
            0.860000  0.540000  0.970000
   -4.807    2.432    3.945    4.469    7.692    9.604   10.616   11.123
            0.860000  0.540000  0.980000
   -4.809    2.444    3.933    4.474    7.686    9.596   10.621   11.135
            0.860000  0.540000  0.990000
   -4.810    2.452    3.927    4.478    7.683    9.592   10.624   11.143
            0.860000  0.540000  1.000000
   -4.811    2.455    3.924    4.479    7.682    9.590   10.625   11.145
