 &plot nbnd=   8, nks=   100 /
            0.641000 -0.538500 -1.000000
   -4.972    0.423    2.138    3.933    7.568    8.224    9.416    9.675
            0.641000 -0.538500 -0.979800
   -4.970    0.413    2.149    3.932    7.561    8.221    9.396    9.702
            0.641000 -0.538500 -0.959600
   -4.967    0.385    2.183    3.931    7.538    8.211    9.349    9.767
            0.641000 -0.538500 -0.939400
   -4.961    0.339    2.236    3.927    7.501    8.198    9.288    9.855
            0.641000 -0.538500 -0.919200
   -4.952    0.280    2.305    3.923    7.449    8.183    9.223    9.958
            0.641000 -0.538500 -0.899000
   -4.941    0.210    2.389    3.918    7.385    8.168    9.155   10.075
            0.641000 -0.538500 -0.878800
   -4.928    0.132    2.483    3.912    7.310    8.154    9.086   10.201
            0.641000 -0.538500 -0.858600
   -4.912    0.048    2.585    3.904    7.225    8.143    9.017   10.337
            0.641000 -0.538500 -0.838400
   -4.893   -0.040    2.693    3.895    7.134    8.133    8.950   10.480
            0.641000 -0.538500 -0.818200
   -4.873   -0.129    2.804    3.884    7.037    8.126    8.884   10.629
            0.641000 -0.538500 -0.798000
   -4.850   -0.221    2.918    3.872    6.938    8.118    8.822   10.783
            0.641000 -0.538500 -0.777800
   -4.825   -0.312    3.033    3.858    6.837    8.113    8.763   10.941
            0.641000 -0.538500 -0.757600
   -4.798   -0.403    3.147    3.842    6.736    8.109    8.708   11.101
            0.641000 -0.538500 -0.737400
   -4.769   -0.493    3.258    3.824    6.637    8.107    8.657   11.263
            0.641000 -0.538500 -0.717200
   -4.739   -0.581    3.365    3.804    6.542    8.107    8.609   11.423
            0.641000 -0.538500 -0.697000
   -4.706   -0.667    3.465    3.782    6.452    8.108    8.564   11.579
            0.641000 -0.538500 -0.676800
   -4.672   -0.751    3.558    3.758    6.370    8.113    8.522   11.728
            0.641000 -0.538500 -0.656600
   -4.636   -0.832    3.638    3.733    6.298    8.121    8.481   11.864
            0.641000 -0.538500 -0.636400
   -4.598   -0.910    3.682    3.730    6.239    8.133    8.442   11.982
            0.641000 -0.538500 -0.616200
   -4.560   -0.984    3.660    3.775    6.196    8.150    8.404   12.076
            0.641000 -0.538500 -0.596000
   -4.520   -1.054    3.625    3.812    6.169    8.171    8.366   12.145
            0.641000 -0.538500 -0.575800
   -4.479   -1.121    3.584    3.834    6.161    8.198    8.327   12.190
            0.641000 -0.538500 -0.555600
   -4.438   -1.183    3.539    3.838    6.172    8.230    8.290   12.220
            0.641000 -0.538500 -0.535400
   -4.396   -1.241    3.489    3.827    6.201    8.248    8.274   12.238
            0.641000 -0.538500 -0.515200
   -4.354   -1.294    3.431    3.804    6.246    8.214    8.316   12.251
            0.641000 -0.538500 -0.494900
   -4.312   -1.343    3.367    3.771    6.305    8.178    8.368   12.260
            0.641000 -0.538500 -0.474700
   -4.270   -1.386    3.293    3.731    6.374    8.144    8.425   12.266
            0.641000 -0.538500 -0.454500
   -4.229   -1.423    3.211    3.689    6.452    8.113    8.490   12.269
            0.641000 -0.538500 -0.434300
   -4.189   -1.455    3.120    3.646    6.533    8.086    8.560   12.270
            0.641000 -0.538500 -0.414100
   -4.150   -1.481    3.022    3.603    6.617    8.065    8.637   12.267
            0.641000 -0.538500 -0.393900
   -4.113   -1.501    2.916    3.562    6.698    8.052    8.720   12.261
            0.641000 -0.538500 -0.373700
   -4.078   -1.515    2.804    3.523    6.775    8.048    8.808   12.252
            0.641000 -0.538500 -0.353500
   -4.045   -1.522    2.689    3.486    6.845    8.058    8.903   12.239
            0.641000 -0.538500 -0.333300
   -4.014   -1.523    2.570    3.451    6.904    8.081    9.003   12.224
            0.641000 -0.538500 -0.313100
   -3.986   -1.517    2.449    3.418    6.951    8.121    9.108   12.205
            0.641000 -0.538500 -0.292900
   -3.960   -1.506    2.327    3.387    6.986    8.177    9.218   12.185
            0.641000 -0.538500 -0.272700
   -3.937   -1.488    2.206    3.358    7.008    8.248    9.332   12.161
            0.641000 -0.538500 -0.252500
   -3.916   -1.465    2.086    3.331    7.021    8.334    9.449   12.132
            0.641000 -0.538500 -0.232300
   -3.898   -1.438    1.968    3.306    7.025    8.431    9.570   12.079
            0.641000 -0.538500 -0.212100
   -3.883   -1.406    1.853    3.283    7.024    8.537    9.692   11.961
            0.641000 -0.538500 -0.191900
   -3.869   -1.371    1.742    3.262    7.018    8.650    9.817   11.806
            0.641000 -0.538500 -0.171700
   -3.858   -1.333    1.636    3.243    7.010    8.770    9.942   11.645
            0.641000 -0.538500 -0.151500
   -3.848   -1.294    1.536    3.226    7.000    8.893   10.065   11.484
            0.641000 -0.538500 -0.131300
   -3.841   -1.255    1.445    3.211    6.990    9.020   10.185   11.328
            0.641000 -0.538500 -0.111100
   -3.834   -1.217    1.362    3.198    6.981    9.148   10.296   11.183
            0.641000 -0.538500 -0.090900
   -3.829   -1.182    1.290    3.188    6.972    9.274   10.391   11.055
            0.641000 -0.538500 -0.070700
   -3.826   -1.152    1.229    3.179    6.965    9.396   10.453   10.957
            0.641000 -0.538500 -0.050500
   -3.823   -1.128    1.182    3.172    6.959    9.507   10.466   10.909
            0.641000 -0.538500 -0.030300
   -3.821   -1.110    1.150    3.168    6.955    9.598   10.437   10.907
            0.641000 -0.538500 -0.010100
   -3.820   -1.102    1.134    3.166    6.953    9.652   10.406   10.916
            0.641000 -0.538500  0.010100
   -3.820   -1.102    1.134    3.166    6.953    9.652   10.406   10.916
            0.641000 -0.538500  0.030300
   -3.821   -1.110    1.150    3.168    6.955    9.598   10.437   10.907
            0.641000 -0.538500  0.050500
   -3.823   -1.128    1.182    3.172    6.959    9.507   10.466   10.909
            0.641000 -0.538500  0.070700
   -3.826   -1.152    1.229    3.179    6.965    9.396   10.453   10.957
            0.641000 -0.538500  0.090900
   -3.829   -1.182    1.290    3.188    6.972    9.274   10.391   11.055
            0.641000 -0.538500  0.111100
   -3.834   -1.217    1.362    3.198    6.981    9.148   10.296   11.183
            0.641000 -0.538500  0.131300
   -3.841   -1.255    1.445    3.211    6.990    9.020   10.185   11.328
            0.641000 -0.538500  0.151500
   -3.848   -1.294    1.536    3.226    7.000    8.893   10.065   11.484
            0.641000 -0.538500  0.171700
   -3.858   -1.333    1.636    3.243    7.010    8.770    9.942   11.645
            0.641000 -0.538500  0.191900
   -3.869   -1.371    1.742    3.262    7.018    8.650    9.817   11.806
            0.641000 -0.538500  0.212100
   -3.883   -1.406    1.853    3.283    7.024    8.537    9.692   11.962
            0.641000 -0.538500  0.232300
   -3.898   -1.438    1.968    3.306    7.025    8.431    9.570   12.079
            0.641000 -0.538500  0.252500
   -3.916   -1.465    2.086    3.331    7.021    8.334    9.449   12.132
            0.641000 -0.538500  0.272700
   -3.937   -1.488    2.206    3.358    7.008    8.248    9.332   12.161
            0.641000 -0.538500  0.292900
   -3.960   -1.506    2.327    3.387    6.986    8.177    9.218   12.185
            0.641000 -0.538500  0.313100
   -3.986   -1.517    2.449    3.418    6.951    8.121    9.108   12.205
            0.641000 -0.538500  0.333300
   -4.014   -1.523    2.570    3.451    6.904    8.081    9.003   12.224
            0.641000 -0.538500  0.353500
   -4.045   -1.522    2.689    3.486    6.845    8.058    8.903   12.239
            0.641000 -0.538500  0.373700
   -4.078   -1.515    2.804    3.523    6.775    8.048    8.808   12.252
            0.641000 -0.538500  0.393900
   -4.113   -1.501    2.916    3.562    6.698    8.052    8.720   12.261
            0.641000 -0.538500  0.414100
   -4.150   -1.481    3.022    3.603    6.617    8.065    8.637   12.267
            0.641000 -0.538500  0.434300
   -4.189   -1.455    3.120    3.646    6.533    8.086    8.560   12.270
            0.641000 -0.538500  0.454500
   -4.229   -1.423    3.211    3.689    6.452    8.113    8.490   12.269
            0.641000 -0.538500  0.474700
   -4.270   -1.386    3.293    3.731    6.374    8.144    8.425   12.266
            0.641000 -0.538500  0.494900
   -4.312   -1.343    3.367    3.771    6.305    8.178    8.368   12.260
            0.641000 -0.538500  0.515200
   -4.354   -1.294    3.431    3.804    6.246    8.214    8.316   12.251
            0.641000 -0.538500  0.535400
   -4.396   -1.241    3.489    3.827    6.201    8.248    8.274   12.238
            0.641000 -0.538500  0.555600
   -4.438   -1.183    3.539    3.838    6.172    8.230    8.290   12.220
            0.641000 -0.538500  0.575800
   -4.479   -1.121    3.584    3.834    6.161    8.198    8.327   12.190
            0.641000 -0.538500  0.596000
   -4.520   -1.054    3.625    3.812    6.169    8.171    8.366   12.145
            0.641000 -0.538500  0.616200
   -4.560   -0.984    3.660    3.775    6.196    8.150    8.404   12.076
            0.641000 -0.538500  0.636400
   -4.598   -0.910    3.682    3.730    6.239    8.133    8.442   11.982
            0.641000 -0.538500  0.656600
   -4.636   -0.832    3.638    3.733    6.298    8.121    8.481   11.864
            0.641000 -0.538500  0.676800
   -4.672   -0.751    3.558    3.758    6.370    8.113    8.522   11.728
            0.641000 -0.538500  0.697000
   -4.706   -0.667    3.465    3.782    6.452    8.108    8.564   11.579
            0.641000 -0.538500  0.717200
   -4.739   -0.581    3.365    3.804    6.542    8.107    8.609   11.423
            0.641000 -0.538500  0.737400
   -4.769   -0.493    3.258    3.824    6.637    8.107    8.657   11.263
            0.641000 -0.538500  0.757600
   -4.798   -0.403    3.147    3.842    6.736    8.109    8.708   11.101
            0.641000 -0.538500  0.777800
   -4.825   -0.312    3.033    3.858    6.837    8.113    8.763   10.941
            0.641000 -0.538500  0.798000
   -4.850   -0.221    2.918    3.872    6.938    8.118    8.822   10.783
            0.641000 -0.538500  0.818200
   -4.873   -0.129    2.804    3.884    7.037    8.126    8.884   10.629
            0.641000 -0.538500  0.838400
   -4.893   -0.040    2.693    3.895    7.134    8.133    8.950   10.480
            0.641000 -0.538500  0.858600
   -4.912    0.048    2.585    3.904    7.225    8.143    9.017   10.337
            0.641000 -0.538500  0.878800
   -4.928    0.132    2.483    3.912    7.310    8.154    9.086   10.201
            0.641000 -0.538500  0.899000
   -4.941    0.210    2.389    3.918    7.385    8.168    9.155   10.075
            0.641000 -0.538500  0.919200
   -4.952    0.280    2.305    3.923    7.449    8.183    9.223    9.958
            0.641000 -0.538500  0.939400
   -4.961    0.339    2.236    3.927    7.501    8.198    9.288    9.855
            0.641000 -0.538500  0.959600
   -4.967    0.385    2.183    3.931    7.538    8.211    9.349    9.767
            0.641000 -0.538500  0.979800
   -4.970    0.413    2.149    3.932    7.561    8.221    9.396    9.702
            0.641000 -0.538500  1.000000
   -4.972    0.423    2.138    3.933    7.568    8.224    9.416    9.675
