 &plot nbnd=   8, nks=    50 /
            0.000000  0.111100  0.000000
   -6.146    4.534    4.774    4.774    7.270    7.304    7.638    7.638
            0.000000  0.111100  0.020400
   -6.144    4.500    4.768    4.798    7.280    7.288    7.636    7.669
            0.000000  0.111100  0.040800
   -6.139    4.418    4.747    4.842    7.254    7.306    7.623    7.743
            0.000000  0.111100  0.061200
   -6.131    4.317    4.713    4.881    7.222    7.350    7.603    7.842
            0.000000  0.111100  0.081600
   -6.120    4.204    4.669    4.907    7.203    7.408    7.577    7.956
            0.000000  0.111100  0.102000
   -6.105    4.084    4.614    4.916    7.203    7.475    7.549    8.079
            0.000000  0.111100  0.122400
   -6.087    3.958    4.551    4.905    7.222    7.488    7.582    8.208
            0.000000  0.111100  0.142900
   -6.065    3.827    4.480    4.877    7.261    7.447    7.674    8.340
            0.000000  0.111100  0.163300
   -6.041    3.693    4.405    4.832    7.318    7.397    7.780    8.473
            0.000000  0.111100  0.183700
   -6.013    3.557    4.325    4.772    7.341    7.391    7.894    8.604
            0.000000  0.111100  0.204100
   -5.982    3.418    4.242    4.703    7.282    7.476    8.016    8.731
            0.000000  0.111100  0.224500
   -5.948    3.277    4.157    4.623    7.220    7.570    8.143    8.852
            0.000000  0.111100  0.244900
   -5.910    3.134    4.072    4.537    7.156    7.672    8.276    8.964
            0.000000  0.111100  0.265300
   -5.869    2.991    3.986    4.446    7.090    7.779    8.414    9.062
            0.000000  0.111100  0.285700
   -5.825    2.845    3.899    4.352    7.023    7.888    8.556    9.143
            0.000000  0.111100  0.306100
   -5.778    2.698    3.813    4.257    6.955    7.995    8.702    9.204
            0.000000  0.111100  0.326500
   -5.728    2.551    3.727    4.159    6.888    8.096    8.851    9.246
            0.000000  0.111100  0.346900
   -5.675    2.402    3.643    4.062    6.820    8.187    9.003    9.271
            0.000000  0.111100  0.367300
   -5.618    2.252    3.560    3.964    6.753    8.260    9.157    9.290
            0.000000  0.111100  0.387800
   -5.559    2.100    3.478    3.867    6.686    8.306    9.313    9.314
            0.000000  0.111100  0.408200
   -5.496    1.949    3.399    3.772    6.622    8.319    9.354    9.472
            0.000000  0.111100  0.428600
   -5.430    1.797    3.321    3.679    6.559    8.298    9.418    9.633
            0.000000  0.111100  0.449000
   -5.361    1.644    3.245    3.588    6.497    8.245    9.506    9.794
            0.000000  0.111100  0.469400
   -5.289    1.491    3.171    3.498    6.438    8.170    9.611    9.958
            0.000000  0.111100  0.489800
   -5.214    1.337    3.100    3.412    6.380    8.079    9.731   10.123
            0.000000  0.111100  0.510200
   -5.136    1.182    3.032    3.328    6.325    7.977    9.862   10.289
            0.000000  0.111100  0.530600
   -5.055    1.027    2.965    3.246    6.273    7.868    9.999   10.456
            0.000000  0.111100  0.551000
   -4.972    0.872    2.902    3.168    6.223    7.756   10.142   10.624
            0.000000  0.111100  0.571400
   -4.885    0.716    2.841    3.092    6.176    7.643   10.289   10.793
            0.000000  0.111100  0.591800
   -4.795    0.561    2.783    3.020    6.132    7.529   10.438   10.962
            0.000000  0.111100  0.612200
   -4.703    0.405    2.727    2.950    6.091    7.417   10.590   11.133
            0.000000  0.111100  0.632700
   -4.607    0.248    2.674    2.884    6.052    7.306   10.745   11.304
            0.000000  0.111100  0.653100
   -4.508    0.092    2.624    2.821    6.018    7.198   10.900   11.475
            0.000000  0.111100  0.673500
   -4.407   -0.064    2.578    2.761    5.986    7.093   11.058   11.646
            0.000000  0.111100  0.693900
   -4.304   -0.220    2.534    2.704    5.958    6.992   11.216   11.820
            0.000000  0.111100  0.714300
   -4.197   -0.375    2.493    2.651    5.934    6.896   11.375   11.992
            0.000000  0.111100  0.734700
   -4.088   -0.530    2.455    2.601    5.913    6.802   11.535   12.162
            0.000000  0.111100  0.755100
   -3.976   -0.684    2.421    2.554    5.895    6.714   11.697   12.333
            0.000000  0.111100  0.775500
   -3.862   -0.837    2.389    2.510    5.882    6.629   11.858   12.502
            0.000000  0.111100  0.795900
   -3.746   -0.990    2.361    2.470    5.872    6.549   12.021   12.670
            0.000000  0.111100  0.816300
   -3.627   -1.142    2.335    2.433    5.866    6.473   12.183   12.834
            0.000000  0.111100  0.836700
   -3.505   -1.293    2.313    2.400    5.864    6.402   12.346   12.995
            0.000000  0.111100  0.857100
   -3.382   -1.443    2.294    2.370    5.866    6.335   12.508   13.150
            0.000000  0.111100  0.877600
   -3.255   -1.592    2.278    2.342    5.872    6.272   12.670   13.295
            0.000000  0.111100  0.898000
   -3.127   -1.740    2.265    2.319    5.882    6.214   12.828   13.424
            0.000000  0.111100  0.918400
   -2.997   -1.886    2.256    2.299    5.895    6.161   12.984   13.529
            0.000000  0.111100  0.938800
   -2.864   -2.031    2.250    2.282    5.913    6.112   13.134   13.597
            0.000000  0.111100  0.959200
   -2.730   -2.174    2.247    2.268    5.936    6.068   13.276   13.618
            0.000000  0.111100  0.979600
   -2.594   -2.315    2.247    2.258    5.961    6.028   13.405   13.587
            0.000000  0.111100  1.000000
   -2.456   -2.456    2.251    2.251    5.993    5.993   13.512   13.512
