 &plot nbnd=   8, nks=   101 /
            0.040000  0.320000 -1.000000
   -1.742   -1.543    2.254    2.620    8.282    8.859   12.710   12.804
            0.040000  0.320000 -0.980000
   -1.802   -1.482    2.254    2.625    8.283    8.861   12.578   12.939
            0.040000  0.320000 -0.960000
   -1.911   -1.372    2.254    2.640    8.286    8.870   12.410   13.114
            0.040000  0.320000 -0.940000
   -2.029   -1.253    2.255    2.665    8.290    8.885   12.242   13.292
            0.040000  0.320000 -0.920000
   -2.150   -1.131    2.257    2.699    8.297    8.905   12.077   13.473
            0.040000  0.320000 -0.900000
   -2.270   -1.008    2.262    2.741    8.306    8.931   11.914   13.655
            0.040000  0.320000 -0.880000
   -2.390   -0.884    2.268    2.790    8.317    8.963   11.754   13.837
            0.040000  0.320000 -0.860000
   -2.509   -0.762    2.278    2.847    8.330    9.000   11.597   14.016
            0.040000  0.320000 -0.840000
   -2.627   -0.639    2.290    2.911    8.345    9.043   11.442   14.181
            0.040000  0.320000 -0.820000
   -2.744   -0.517    2.306    2.981    8.363    9.091   11.290   14.250
            0.040000  0.320000 -0.800000
   -2.859   -0.396    2.325    3.057    8.382    9.145   11.142   14.119
            0.040000  0.320000 -0.780000
   -2.973   -0.276    2.348    3.139    8.405    9.203   10.996   13.931
            0.040000  0.320000 -0.760000
   -3.085   -0.157    2.375    3.226    8.429    9.267   10.853   13.734
            0.040000  0.320000 -0.740000
   -3.194   -0.039    2.405    3.319    8.456    9.336   10.714   13.533
            0.040000  0.320000 -0.720000
   -3.302    0.078    2.438    3.416    8.486    9.410   10.578   13.331
            0.040000  0.320000 -0.700000
   -3.408    0.195    2.475    3.518    8.518    9.489   10.445   13.129
            0.040000  0.320000 -0.680000
   -3.511    0.310    2.516    3.624    8.552    9.573   10.315   12.928
            0.040000  0.320000 -0.660000
   -3.613    0.425    2.560    3.733    8.588    9.662   10.189   12.727
            0.040000  0.320000 -0.640000
   -3.711    0.539    2.608    3.845    8.627    9.755   10.067   12.526
            0.040000  0.320000 -0.620000
   -3.808    0.652    2.659    3.960    8.668    9.854    9.948   12.326
            0.040000  0.320000 -0.600000
   -3.902    0.765    2.713    4.076    8.710    9.834    9.957   12.128
            0.040000  0.320000 -0.580000
   -3.993    0.878    2.771    4.194    8.755    9.724   10.064   11.930
            0.040000  0.320000 -0.560000
   -4.082    0.991    2.832    4.312    8.801    9.619   10.176   11.734
            0.040000  0.320000 -0.540000
   -4.167    1.103    2.896    4.430    8.848    9.519   10.292   11.539
            0.040000  0.320000 -0.520000
   -4.251    1.216    2.963    4.547    8.895    9.426   10.411   11.347
            0.040000  0.320000 -0.500000
   -4.331    1.328    3.032    4.662    8.942    9.340   10.532   11.158
            0.040000  0.320000 -0.480000
   -4.408    1.441    3.105    4.774    8.984    9.267   10.651   10.976
            0.040000  0.320000 -0.460000
   -4.483    1.554    3.180    4.881    9.013    9.214   10.711   10.858
            0.040000  0.320000 -0.440000
   -4.555    1.668    3.258    4.983    9.012    9.200   10.571   10.945
            0.040000  0.320000 -0.420000
   -4.624    1.782    3.339    5.078    8.981    9.225   10.396   11.070
            0.040000  0.320000 -0.400000
   -4.689    1.896    3.422    5.166    8.941    9.266   10.220   11.199
            0.040000  0.320000 -0.380000
   -4.752    2.012    3.506    5.243    8.905    9.313   10.048   11.322
            0.040000  0.320000 -0.360000
   -4.812    2.127    3.593    5.310    8.877    9.356    9.885   11.432
            0.040000  0.320000 -0.340000
   -4.868    2.243    3.681    5.365    8.860    9.386    9.740   11.512
            0.040000  0.320000 -0.320000
   -4.922    2.360    3.771    5.406    8.853    9.371    9.646   11.537
            0.040000  0.320000 -0.300000
   -4.972    2.478    3.862    5.434    8.856    9.282    9.633   11.498
            0.040000  0.320000 -0.280000
   -5.019    2.595    3.954    5.447    8.864    9.161    9.663   11.420
            0.040000  0.320000 -0.260000
   -5.063    2.713    4.046    5.446    8.852    9.063    9.707   11.326
            0.040000  0.320000 -0.240000
   -5.104    2.831    4.137    5.432    8.774    9.042    9.755   11.227
            0.040000  0.320000 -0.220000
   -5.142    2.949    4.228    5.405    8.653    9.080    9.802   11.129
            0.040000  0.320000 -0.200000
   -5.176    3.066    4.317    5.366    8.524    9.141    9.849   11.033
            0.040000  0.320000 -0.180000
   -5.207    3.182    4.404    5.316    8.396    9.216    9.893   10.940
            0.040000  0.320000 -0.160000
   -5.235    3.297    4.488    5.258    8.275    9.299    9.934   10.850
            0.040000  0.320000 -0.140000
   -5.260    3.409    4.567    5.193    8.161    9.388    9.972   10.764
            0.040000  0.320000 -0.120000
   -5.281    3.518    4.640    5.123    8.058    9.482   10.006   10.680
            0.040000  0.320000 -0.100000
   -5.299    3.623    4.706    5.051    7.966    9.577   10.035   10.600
            0.040000  0.320000 -0.080000
   -5.314    3.720    4.763    4.980    7.887    9.672   10.058   10.522
            0.040000  0.320000 -0.060000
   -5.325    3.806    4.808    4.914    7.824    9.763   10.076   10.449
            0.040000  0.320000 -0.040000
   -5.334    3.875    4.831    4.869    7.777    9.845   10.086   10.383
            0.040000  0.320000 -0.020000
   -5.339    3.922    4.809    4.874    7.749    9.909   10.089   10.333
            0.040000  0.320000  0.000000
   -5.340    3.938    4.797    4.879    7.739    9.935   10.088   10.314
            0.040000  0.320000  0.020000
   -5.339    3.922    4.809    4.874    7.749    9.909   10.089   10.333
            0.040000  0.320000  0.040000
   -5.334    3.875    4.831    4.869    7.777    9.845   10.086   10.383
            0.040000  0.320000  0.060000
   -5.325    3.806    4.808    4.914    7.824    9.763   10.076   10.449
            0.040000  0.320000  0.080000
   -5.314    3.720    4.763    4.980    7.887    9.672   10.058   10.522
            0.040000  0.320000  0.100000
   -5.299    3.623    4.706    5.051    7.966    9.577   10.035   10.600
            0.040000  0.320000  0.120000
   -5.281    3.518    4.640    5.123    8.058    9.482   10.006   10.680
            0.040000  0.320000  0.140000
   -5.260    3.409    4.567    5.193    8.161    9.388    9.972   10.764
            0.040000  0.320000  0.160000
   -5.235    3.297    4.488    5.258    8.275    9.299    9.934   10.850
            0.040000  0.320000  0.180000
   -5.207    3.182    4.404    5.316    8.396    9.216    9.893   10.940
            0.040000  0.320000  0.200000
   -5.176    3.066    4.317    5.366    8.524    9.141    9.849   11.033
            0.040000  0.320000  0.220000
   -5.142    2.949    4.228    5.405    8.653    9.080    9.802   11.129
            0.040000  0.320000  0.240000
   -5.104    2.831    4.137    5.432    8.774    9.042    9.755   11.227
            0.040000  0.320000  0.260000
   -5.063    2.713    4.046    5.446    8.852    9.063    9.707   11.326
            0.040000  0.320000  0.280000
   -5.019    2.595    3.954    5.447    8.864    9.161    9.663   11.420
            0.040000  0.320000  0.300000
   -4.972    2.478    3.862    5.434    8.856    9.282    9.633   11.498
            0.040000  0.320000  0.320000
   -4.922    2.360    3.771    5.406    8.853    9.371    9.646   11.537
            0.040000  0.320000  0.340000
   -4.868    2.243    3.681    5.365    8.860    9.386    9.740   11.512
            0.040000  0.320000  0.360000
   -4.812    2.127    3.593    5.310    8.877    9.356    9.885   11.432
            0.040000  0.320000  0.380000
   -4.752    2.012    3.506    5.243    8.905    9.313   10.048   11.322
            0.040000  0.320000  0.400000
   -4.689    1.896    3.422    5.166    8.941    9.266   10.220   11.199
            0.040000  0.320000  0.420000
   -4.624    1.782    3.339    5.078    8.981    9.225   10.396   11.070
            0.040000  0.320000  0.440000
   -4.555    1.668    3.258    4.983    9.012    9.200   10.571   10.945
            0.040000  0.320000  0.460000
   -4.483    1.554    3.180    4.881    9.013    9.214   10.711   10.858
            0.040000  0.320000  0.480000
   -4.408    1.441    3.105    4.774    8.984    9.267   10.651   10.976
            0.040000  0.320000  0.500000
   -4.331    1.328    3.032    4.662    8.942    9.340   10.532   11.158
            0.040000  0.320000  0.520000
   -4.251    1.216    2.963    4.547    8.895    9.426   10.411   11.347
            0.040000  0.320000  0.540000
   -4.167    1.103    2.896    4.430    8.848    9.519   10.292   11.539
            0.040000  0.320000  0.560000
   -4.082    0.991    2.832    4.312    8.801    9.619   10.176   11.734
            0.040000  0.320000  0.580000
   -3.993    0.878    2.771    4.194    8.755    9.724   10.064   11.930
            0.040000  0.320000  0.600000
   -3.902    0.765    2.713    4.076    8.710    9.834    9.957   12.128
            0.040000  0.320000  0.620000
   -3.808    0.652    2.659    3.960    8.668    9.854    9.948   12.326
            0.040000  0.320000  0.640000
   -3.711    0.539    2.608    3.845    8.627    9.755   10.067   12.526
            0.040000  0.320000  0.660000
   -3.613    0.425    2.560    3.733    8.588    9.662   10.189   12.727
            0.040000  0.320000  0.680000
   -3.511    0.310    2.516    3.624    8.552    9.573   10.315   12.928
            0.040000  0.320000  0.700000
   -3.408    0.195    2.475    3.518    8.518    9.489   10.445   13.129
            0.040000  0.320000  0.720000
   -3.302    0.078    2.438    3.416    8.486    9.410   10.578   13.331
            0.040000  0.320000  0.740000
   -3.194   -0.039    2.405    3.319    8.456    9.336   10.714   13.533
            0.040000  0.320000  0.760000
   -3.085   -0.157    2.375    3.226    8.429    9.267   10.853   13.734
            0.040000  0.320000  0.780000
   -2.973   -0.276    2.348    3.139    8.405    9.203   10.996   13.931
            0.040000  0.320000  0.800000
   -2.859   -0.396    2.325    3.057    8.382    9.145   11.142   14.119
            0.040000  0.320000  0.820000
   -2.744   -0.517    2.306    2.981    8.363    9.091   11.290   14.250
            0.040000  0.320000  0.840000
   -2.627   -0.639    2.290    2.911    8.345    9.043   11.442   14.181
            0.040000  0.320000  0.860000
   -2.509   -0.762    2.278    2.847    8.330    9.000   11.597   14.016
            0.040000  0.320000  0.880000
   -2.390   -0.884    2.268    2.790    8.317    8.963   11.754   13.837
            0.040000  0.320000  0.900000
   -2.270   -1.008    2.262    2.741    8.306    8.931   11.914   13.655
            0.040000  0.320000  0.920000
   -2.150   -1.131    2.257    2.699    8.297    8.905   12.077   13.473
            0.040000  0.320000  0.940000
   -2.029   -1.253    2.255    2.665    8.290    8.885   12.242   13.292
            0.040000  0.320000  0.960000
   -1.911   -1.372    2.254    2.640    8.286    8.870   12.410   13.114
            0.040000  0.320000  0.980000
   -1.802   -1.482    2.254    2.625    8.283    8.861   12.578   12.939
            0.040000  0.320000  1.000000
   -1.742   -1.543    2.254    2.620    8.282    8.859   12.710   12.804
