 &plot nbnd=   8, nks=   101 /
            0.870000  0.100000  0.000000
   -2.656   -0.735    3.075    3.133    6.812    7.250   14.297   14.909
            0.870000  0.100000  0.010000
   -2.656   -0.735    3.063    3.143    6.811    7.254   14.297   14.901
            0.870000  0.100000  0.020000
   -2.655   -0.736    3.039    3.163    6.809    7.268   14.297   14.879
            0.870000  0.100000  0.030000
   -2.654   -0.736    3.011    3.183    6.806    7.290   14.297   14.842
            0.870000  0.100000  0.040000
   -2.652   -0.737    2.981    3.203    6.803    7.319   14.297   14.793
            0.870000  0.100000  0.050000
   -2.650   -0.737    2.949    3.222    6.801    7.355   14.297   14.731
            0.870000  0.100000  0.060000
   -2.648   -0.738    2.916    3.238    6.800    7.396   14.298   14.660
            0.870000  0.100000  0.070000
   -2.645   -0.739    2.883    3.253    6.802    7.443   14.298   14.581
            0.870000  0.100000  0.080000
   -2.642   -0.740    2.849    3.265    6.807    7.494   14.298   14.494
            0.870000  0.100000  0.090000
   -2.638   -0.741    2.815    3.275    6.815    7.549   14.297   14.401
            0.870000  0.100000  0.100000
   -2.634   -0.743    2.780    3.283    6.826    7.607   14.282   14.317
            0.870000  0.100000  0.110000
   -2.630   -0.745    2.745    3.289    6.841    7.669   14.193   14.303
            0.870000  0.100000  0.120000
   -2.625   -0.746    2.711    3.292    6.860    7.734   14.088   14.302
            0.870000  0.100000  0.130000
   -2.620   -0.748    2.676    3.293    6.883    7.801   13.978   14.302
            0.870000  0.100000  0.140000
   -2.614   -0.751    2.642    3.292    6.911    7.872   13.866   14.302
            0.870000  0.100000  0.150000
   -2.608   -0.753    2.607    3.289    6.942    7.944   13.751   14.302
            0.870000  0.100000  0.160000
   -2.602   -0.756    2.574    3.283    6.977    8.019   13.635   14.302
            0.870000  0.100000  0.170000
   -2.595   -0.759    2.540    3.276    7.016    8.096   13.517   14.302
            0.870000  0.100000  0.180000
   -2.588   -0.762    2.508    3.267    7.058    8.175   13.398   14.302
            0.870000  0.100000  0.190000
   -2.581   -0.765    2.476    3.257    7.105    8.256   13.278   14.301
            0.870000  0.100000  0.200000
   -2.573   -0.769    2.444    3.245    7.155    8.339   13.157   14.300
            0.870000  0.100000  0.210000
   -2.565   -0.773    2.414    3.231    7.208    8.423   13.036   14.298
            0.870000  0.100000  0.220000
   -2.557   -0.777    2.384    3.217    7.265    8.509   12.914   14.296
            0.870000  0.100000  0.230000
   -2.548   -0.781    2.355    3.202    7.325    8.597   12.792   14.292
            0.870000  0.100000  0.240000
   -2.540   -0.786    2.326    3.185    7.388    8.686   12.669   14.287
            0.870000  0.100000  0.250000
   -2.531   -0.791    2.299    3.169    7.455    8.777   12.547   14.279
            0.870000  0.100000  0.260000
   -2.522   -0.796    2.273    3.151    7.523    8.869   12.424   14.268
            0.870000  0.100000  0.270000
   -2.513   -0.801    2.247    3.134    7.595    8.962   12.302   14.250
            0.870000  0.100000  0.280000
   -2.503   -0.807    2.223    3.116    7.669    9.056   12.180   14.222
            0.870000  0.100000  0.290000
   -2.494   -0.812    2.199    3.098    7.746    9.152   12.058   14.178
            0.870000  0.100000  0.300000
   -2.484   -0.818    2.177    3.080    7.825    9.249   11.936   14.112
            0.870000  0.100000  0.310000
   -2.475   -0.825    2.155    3.062    7.906    9.346   11.816   14.026
            0.870000  0.100000  0.320000
   -2.465   -0.831    2.134    3.045    7.989    9.445   11.695   13.924
            0.870000  0.100000  0.330000
   -2.455   -0.838    2.115    3.028    8.075    9.544   11.576   13.813
            0.870000  0.100000  0.340000
   -2.446   -0.844    2.096    3.012    8.162    9.643   11.458   13.697
            0.870000  0.100000  0.350000
   -2.436   -0.851    2.079    2.996    8.251    9.743   11.341   13.577
            0.870000  0.100000  0.360000
   -2.427   -0.858    2.062    2.982    8.342    9.842   11.226   13.456
            0.870000  0.100000  0.370000
   -2.417   -0.865    2.046    2.968    8.434    9.941   11.114   13.333
            0.870000  0.100000  0.380000
   -2.408   -0.872    2.031    2.955    8.528   10.036   11.005   13.211
            0.870000  0.100000  0.390000
   -2.399   -0.879    2.017    2.943    8.623   10.127   10.904   13.088
            0.870000  0.100000  0.400000
   -2.390   -0.886    2.004    2.933    8.720   10.207   10.815   12.965
            0.870000  0.100000  0.410000
   -2.382   -0.893    1.992    2.923    8.818   10.262   10.752   12.843
            0.870000  0.100000  0.420000
   -2.374   -0.900    1.980    2.915    8.917   10.275   10.733   12.722
            0.870000  0.100000  0.430000
   -2.366   -0.906    1.970    2.908    9.016   10.236   10.768   12.601
            0.870000  0.100000  0.440000
   -2.358   -0.913    1.960    2.903    9.117   10.163   10.838   12.482
            0.870000  0.100000  0.450000
   -2.351   -0.920    1.951    2.898    9.217   10.075   10.925   12.364
            0.870000  0.100000  0.460000
   -2.344   -0.926    1.943    2.896    9.316    9.980   11.022   12.249
            0.870000  0.100000  0.470000
   -2.338   -0.932    1.936    2.894    9.411    9.887   11.121   12.136
            0.870000  0.100000  0.480000
   -2.332   -0.937    1.930    2.894    9.493    9.806   11.220   12.028
            0.870000  0.100000  0.490000
   -2.326   -0.943    1.924    2.896    9.528    9.772   11.313   11.930
            0.870000  0.100000  0.500000
   -2.321   -0.948    1.920    2.899    9.483    9.818   11.389   11.852
            0.870000  0.100000  0.510000
   -2.317   -0.953    1.916    2.903    9.399    9.904   11.425   11.817
            0.870000  0.100000  0.520000
   -2.313   -0.957    1.913    2.909    9.303   10.001   11.400   11.847
            0.870000  0.100000  0.530000
   -2.310   -0.962    1.911    2.916    9.204   10.103   11.331   11.923
            0.870000  0.100000  0.540000
   -2.307   -0.965    1.910    2.924    9.104   10.204   11.245   12.022
            0.870000  0.100000  0.550000
   -2.305   -0.969    1.911    2.934    9.003   10.301   11.157   12.130
            0.870000  0.100000  0.560000
   -2.303   -0.972    1.912    2.944    8.903   10.391   11.074   12.243
            0.870000  0.100000  0.570000
   -2.302   -0.975    1.914    2.956    8.804   10.463   11.008   12.359
            0.870000  0.100000  0.580000
   -2.301   -0.977    1.917    2.969    8.706   10.500   10.979   12.478
            0.870000  0.100000  0.590000
   -2.301   -0.979    1.921    2.983    8.610   10.486   11.000   12.597
            0.870000  0.100000  0.600000
   -2.302   -0.981    1.927    2.998    8.514   10.430   11.064   12.718
            0.870000  0.100000  0.610000
   -2.303   -0.982    1.933    3.013    8.421   10.351   11.154   12.840
            0.870000  0.100000  0.620000
   -2.304   -0.983    1.941    3.029    8.328   10.260   11.256   12.962
            0.870000  0.100000  0.630000
   -2.306   -0.984    1.950    3.046    8.238   10.164   11.364   13.085
            0.870000  0.100000  0.640000
   -2.309   -0.985    1.960    3.063    8.149   10.065   11.477   13.207
            0.870000  0.100000  0.650000
   -2.311   -0.985    1.972    3.081    8.062    9.965   11.593   13.329
            0.870000  0.100000  0.660000
   -2.314   -0.985    1.984    3.099    7.977    9.864   11.710   13.450
            0.870000  0.100000  0.670000
   -2.318   -0.985    1.998    3.117    7.894    9.763   11.829   13.570
            0.870000  0.100000  0.680000
   -2.322   -0.985    2.014    3.136    7.814    9.663   11.949   13.687
            0.870000  0.100000  0.690000
   -2.326   -0.985    2.030    3.154    7.735    9.563   12.070   13.800
            0.870000  0.100000  0.700000
   -2.330   -0.984    2.048    3.172    7.659    9.464   12.192   13.905
            0.870000  0.100000  0.710000
   -2.334   -0.984    2.067    3.189    7.586    9.365   12.314   13.999
            0.870000  0.100000  0.720000
   -2.339   -0.983    2.088    3.207    7.516    9.268   12.436   14.076
            0.870000  0.100000  0.730000
   -2.344   -0.983    2.110    3.223    7.448    9.171   12.559   14.133
            0.870000  0.100000  0.740000
   -2.349   -0.982    2.132    3.239    7.384    9.076   12.682   14.173
            0.870000  0.100000  0.750000
   -2.354   -0.981    2.157    3.254    7.322    8.982   12.805   14.198
            0.870000  0.100000  0.760000
   -2.359   -0.981    2.182    3.267    7.264    8.888   12.928   14.215
            0.870000  0.100000  0.770000
   -2.364   -0.980    2.209    3.280    7.209    8.796   13.050   14.226
            0.870000  0.100000  0.780000
   -2.369   -0.979    2.236    3.291    7.158    8.706   13.173   14.233
            0.870000  0.100000  0.790000
   -2.374   -0.978    2.265    3.300    7.110    8.617   13.295   14.238
            0.870000  0.100000  0.800000
   -2.379   -0.978    2.295    3.308    7.067    8.529   13.417   14.241
            0.870000  0.100000  0.810000
   -2.384   -0.977    2.326    3.313    7.027    8.443   13.537   14.244
            0.870000  0.100000  0.820000
   -2.389   -0.977    2.358    3.317    6.992    8.358   13.657   14.246
            0.870000  0.100000  0.830000
   -2.393   -0.976    2.390    3.319    6.960    8.275   13.776   14.247
            0.870000  0.100000  0.840000
   -2.398   -0.975    2.424    3.319    6.933    8.193   13.892   14.249
            0.870000  0.100000  0.850000
   -2.402   -0.975    2.458    3.316    6.911    8.114   14.006   14.251
            0.870000  0.100000  0.860000
   -2.406   -0.975    2.493    3.311    6.892    8.036   14.114   14.258
            0.870000  0.100000  0.870000
   -2.410   -0.974    2.529    3.303    6.878    7.960   14.198   14.285
            0.870000  0.100000  0.880000
   -2.414   -0.974    2.565    3.293    6.869    7.887   14.227   14.366
            0.870000  0.100000  0.890000
   -2.417   -0.974    2.601    3.281    6.863    7.815   14.233   14.465
            0.870000  0.100000  0.900000
   -2.420   -0.973    2.638    3.267    6.862    7.746   14.235   14.564
            0.870000  0.100000  0.910000
   -2.423   -0.973    2.675    3.250    6.865    7.680   14.236   14.660
            0.870000  0.100000  0.920000
   -2.426   -0.973    2.713    3.231    6.872    7.617   14.236   14.751
            0.870000  0.100000  0.930000
   -2.428   -0.973    2.750    3.209    6.882    7.556   14.236   14.836
            0.870000  0.100000  0.940000
   -2.430   -0.973    2.787    3.186    6.896    7.500   14.236   14.913
            0.870000  0.100000  0.950000
   -2.432   -0.972    2.823    3.161    6.911    7.447   14.236   14.981
            0.870000  0.100000  0.960000
   -2.433   -0.972    2.859    3.135    6.929    7.400   14.236   15.039
            0.870000  0.100000  0.970000
   -2.435   -0.972    2.894    3.107    6.946    7.360   14.236   15.085
            0.870000  0.100000  0.980000
   -2.435   -0.972    2.927    3.080    6.961    7.327   14.235   15.119
            0.870000  0.100000  0.990000
   -2.436   -0.972    2.956    3.054    6.973    7.306   14.235   15.140
            0.870000  0.100000  1.000000
   -2.436   -0.972    2.969    3.042    6.977    7.299   14.235   15.147
