 &plot nbnd=   8, nks=   101 /
            0.090000  0.900000  0.000000
   -2.456   -0.972    3.077    3.114    6.781    7.120   14.662   15.168
            0.090000  0.900000  0.010000
   -2.455   -0.972    3.063    3.126    6.780    7.125   14.662   15.161
            0.090000  0.900000  0.020000
   -2.455   -0.972    3.038    3.146    6.777    7.140   14.662   15.139
            0.090000  0.900000  0.030000
   -2.454   -0.972    3.010    3.166    6.774    7.163   14.661   15.103
            0.090000  0.900000  0.040000
   -2.453   -0.972    2.980    3.185    6.770    7.193   14.661   15.054
            0.090000  0.900000  0.050000
   -2.451   -0.972    2.949    3.201    6.768    7.230   14.660   14.994
            0.090000  0.900000  0.060000
   -2.449   -0.972    2.916    3.215    6.768    7.273   14.659   14.924
            0.090000  0.900000  0.070000
   -2.446   -0.972    2.883    3.227    6.771    7.320   14.658   14.846
            0.090000  0.900000  0.080000
   -2.443   -0.972    2.849    3.237    6.777    7.372   14.653   14.763
            0.090000  0.900000  0.090000
   -2.440   -0.972    2.815    3.244    6.787    7.427   14.630   14.692
            0.090000  0.900000  0.100000
   -2.436   -0.972    2.780    3.249    6.801    7.486   14.552   14.670
            0.090000  0.900000  0.110000
   -2.432   -0.972    2.745    3.252    6.818    7.548   14.452   14.665
            0.090000  0.900000  0.120000
   -2.428   -0.973    2.710    3.252    6.840    7.613   14.346   14.663
            0.090000  0.900000  0.130000
   -2.423   -0.973    2.675    3.250    6.865    7.680   14.236   14.660
            0.090000  0.900000  0.140000
   -2.418   -0.973    2.641    3.245    6.895    7.750   14.123   14.658
            0.090000  0.900000  0.150000
   -2.413   -0.974    2.606    3.239    6.929    7.823   14.008   14.655
            0.090000  0.900000  0.160000
   -2.407   -0.974    2.571    3.230    6.967    7.897   13.890   14.652
            0.090000  0.900000  0.170000
   -2.401   -0.975    2.537    3.220    7.008    7.974   13.772   14.647
            0.090000  0.900000  0.180000
   -2.395   -0.976    2.504    3.208    7.054    8.053   13.651   14.641
            0.090000  0.900000  0.190000
   -2.389   -0.977    2.471    3.195    7.103    8.134   13.530   14.633
            0.090000  0.900000  0.200000
   -2.382   -0.978    2.439    3.180    7.156    8.216   13.408   14.621
            0.090000  0.900000  0.210000
   -2.375   -0.979    2.407    3.164    7.212    8.301   13.285   14.605
            0.090000  0.900000  0.220000
   -2.368   -0.980    2.376    3.146    7.271    8.387   13.162   14.582
            0.090000  0.900000  0.230000
   -2.361   -0.981    2.346    3.128    7.334    8.474   13.039   14.548
            0.090000  0.900000  0.240000
   -2.354   -0.983    2.317    3.109    7.399    8.563   12.915   14.500
            0.090000  0.900000  0.250000
   -2.346   -0.984    2.288    3.090    7.468    8.654   12.791   14.435
            0.090000  0.900000  0.260000
   -2.338   -0.986    2.261    3.070    7.539    8.746   12.667   14.352
            0.090000  0.900000  0.270000
   -2.331   -0.988    2.235    3.050    7.612    8.839   12.544   14.255
            0.090000  0.900000  0.280000
   -2.323   -0.990    2.209    3.029    7.689    8.933   12.420   14.148
            0.090000  0.900000  0.290000
   -2.315   -0.992    2.185    3.009    7.767    9.029   12.297   14.034
            0.090000  0.900000  0.300000
   -2.307   -0.994    2.162    2.988    7.848    9.126   12.174   13.916
            0.090000  0.900000  0.310000
   -2.299   -0.996    2.140    2.968    7.931    9.223   12.051   13.796
            0.090000  0.900000  0.320000
   -2.292   -0.999    2.118    2.948    8.016    9.322   11.929   13.673
            0.090000  0.900000  0.330000
   -2.284   -1.001    2.098    2.929    8.102    9.421   11.808   13.550
            0.090000  0.900000  0.340000
   -2.276   -1.004    2.080    2.910    8.191    9.522   11.688   13.426
            0.090000  0.900000  0.350000
   -2.269   -1.007    2.062    2.892    8.281    9.622   11.568   13.301
            0.090000  0.900000  0.360000
   -2.262   -1.010    2.045    2.875    8.373    9.723   11.450   13.177
            0.090000  0.900000  0.370000
   -2.255   -1.012    2.030    2.859    8.467    9.823   11.334   13.053
            0.090000  0.900000  0.380000
   -2.248   -1.015    2.015    2.843    8.562    9.923   11.220   12.929
            0.090000  0.900000  0.390000
   -2.241   -1.018    2.002    2.829    8.659   10.021   11.110   12.805
            0.090000  0.900000  0.400000
   -2.235   -1.021    1.989    2.816    8.756   10.115   11.005   12.683
            0.090000  0.900000  0.410000
   -2.229   -1.024    1.978    2.803    8.855   10.200   10.910   12.561
            0.090000  0.900000  0.420000
   -2.224   -1.027    1.968    2.793    8.955   10.269   10.833   12.440
            0.090000  0.900000  0.430000
   -2.218   -1.029    1.959    2.783    9.055   10.306   10.790   12.320
            0.090000  0.900000  0.440000
   -2.214   -1.032    1.951    2.775    9.156   10.294   10.797   12.202
            0.090000  0.900000  0.450000
   -2.209   -1.035    1.944    2.768    9.257   10.239   10.848   12.085
            0.090000  0.900000  0.460000
   -2.205   -1.037    1.938    2.763    9.358   10.161   10.924   11.972
            0.090000  0.900000  0.470000
   -2.202   -1.039    1.933    2.759    9.456   10.073   11.011   11.863
            0.090000  0.900000  0.480000
   -2.199   -1.041    1.929    2.756    9.546    9.987   11.099   11.762
            0.090000  0.900000  0.490000
   -2.197   -1.043    1.926    2.755    9.616    9.920   11.176   11.677
            0.090000  0.900000  0.500000
   -2.195   -1.045    1.924    2.756    9.627    9.910   11.224   11.627
            0.090000  0.900000  0.510000
   -2.194   -1.047    1.923    2.758    9.570    9.967   11.217   11.636
            0.090000  0.900000  0.520000
   -2.193   -1.048    1.923    2.761    9.483   10.052   11.160   11.700
            0.090000  0.900000  0.530000
   -2.193   -1.049    1.925    2.766    9.386   10.144   11.082   11.792
            0.090000  0.900000  0.540000
   -2.193   -1.050    1.927    2.772    9.287   10.235   10.999   11.896
            0.090000  0.900000  0.550000
   -2.194   -1.051    1.930    2.780    9.186   10.314   10.926   12.007
            0.090000  0.900000  0.560000
   -2.195   -1.052    1.935    2.789    9.084   10.369   10.877   12.122
            0.090000  0.900000  0.570000
   -2.197   -1.052    1.940    2.800    8.984   10.380   10.872   12.239
            0.090000  0.900000  0.580000
   -2.199   -1.053    1.947    2.811    8.884   10.344   10.916   12.358
            0.090000  0.900000  0.590000
   -2.202   -1.053    1.955    2.824    8.784   10.275   10.993   12.479
            0.090000  0.900000  0.600000
   -2.205   -1.053    1.964    2.838    8.686   10.190   11.088   12.600
            0.090000  0.900000  0.610000
   -2.209   -1.053    1.974    2.853    8.589   10.096   11.193   12.723
            0.090000  0.900000  0.620000
   -2.213   -1.053    1.985    2.869    8.494    9.998   11.304   12.846
            0.090000  0.900000  0.630000
   -2.217   -1.052    1.998    2.886    8.400    9.898   11.418   12.969
            0.090000  0.900000  0.640000
   -2.222   -1.052    2.011    2.904    8.307    9.797   11.534   13.093
            0.090000  0.900000  0.650000
   -2.227   -1.052    2.026    2.922    8.216    9.696   11.653   13.218
            0.090000  0.900000  0.660000
   -2.232   -1.051    2.042    2.941    8.127    9.595   11.772   13.342
            0.090000  0.900000  0.670000
   -2.238   -1.051    2.060    2.961    8.040    9.495   11.893   13.466
            0.090000  0.900000  0.680000
   -2.243   -1.050    2.078    2.981    7.954    9.395   12.014   13.590
            0.090000  0.900000  0.690000
   -2.249   -1.050    2.098    3.001    7.871    9.295   12.136   13.713
            0.090000  0.900000  0.700000
   -2.255   -1.049    2.119    3.021    7.790    9.197   12.259   13.835
            0.090000  0.900000  0.710000
   -2.262   -1.049    2.141    3.042    7.711    9.100   12.382   13.954
            0.090000  0.900000  0.720000
   -2.268   -1.048    2.165    3.062    7.634    9.003   12.506   14.070
            0.090000  0.900000  0.730000
   -2.274   -1.048    2.189    3.082    7.560    8.908   12.629   14.181
            0.090000  0.900000  0.740000
   -2.280   -1.048    2.215    3.102    7.488    8.814   12.753   14.283
            0.090000  0.900000  0.750000
   -2.287   -1.047    2.241    3.122    7.419    8.722   12.877   14.374
            0.090000  0.900000  0.760000
   -2.293   -1.047    2.269    3.140    7.353    8.630   13.001   14.450
            0.090000  0.900000  0.770000
   -2.299   -1.047    2.298    3.158    7.290    8.540   13.125   14.508
            0.090000  0.900000  0.780000
   -2.305   -1.047    2.328    3.175    7.231    8.451   13.249   14.550
            0.090000  0.900000  0.790000
   -2.311   -1.047    2.358    3.191    7.174    8.364   13.372   14.579
            0.090000  0.900000  0.800000
   -2.317   -1.047    2.390    3.206    7.121    8.279   13.495   14.600
            0.090000  0.900000  0.810000
   -2.323   -1.047    2.422    3.219    7.071    8.195   13.617   14.614
            0.090000  0.900000  0.820000
   -2.329   -1.047    2.455    3.230    7.026    8.113   13.738   14.624
            0.090000  0.900000  0.830000
   -2.334   -1.047    2.488    3.240    6.984    8.033   13.858   14.632
            0.090000  0.900000  0.840000
   -2.339   -1.047    2.523    3.248    6.946    7.954   13.976   14.638
            0.090000  0.900000  0.850000
   -2.344   -1.047    2.557    3.254    6.912    7.878   14.093   14.643
            0.090000  0.900000  0.860000
   -2.349   -1.047    2.593    3.258    6.882    7.803   14.208   14.646
            0.090000  0.900000  0.870000
   -2.353   -1.048    2.628    3.259    6.857    7.731   14.320   14.650
            0.090000  0.900000  0.880000
   -2.357   -1.048    2.664    3.258    6.835    7.662   14.428   14.654
            0.090000  0.900000  0.890000
   -2.361   -1.048    2.699    3.255    6.818    7.594   14.528   14.662
            0.090000  0.900000  0.900000
   -2.365   -1.048    2.735    3.250    6.806    7.530   14.606   14.688
            0.090000  0.900000  0.910000
   -2.368   -1.049    2.771    3.242    6.797    7.468   14.634   14.759
            0.090000  0.900000  0.920000
   -2.371   -1.049    2.806    3.232    6.792    7.410   14.642   14.845
            0.090000  0.900000  0.930000
   -2.373   -1.049    2.841    3.219    6.791    7.355   14.645   14.929
            0.090000  0.900000  0.940000
   -2.376   -1.049    2.876    3.204    6.794    7.304   14.646   15.006
            0.090000  0.900000  0.950000
   -2.378   -1.049    2.910    3.187    6.799    7.258   14.647   15.075
            0.090000  0.900000  0.960000
   -2.379   -1.049    2.943    3.167    6.806    7.216   14.648   15.133
            0.090000  0.900000  0.970000
   -2.381   -1.050    2.975    3.146    6.815    7.182   14.648   15.181
            0.090000  0.900000  0.980000
   -2.381   -1.050    3.005    3.123    6.823    7.155   14.649   15.215
            0.090000  0.900000  0.990000
   -2.382   -1.050    3.032    3.101    6.828    7.138   14.649   15.236
            0.090000  0.900000  1.000000
   -2.382   -1.050    3.047    3.087    6.830    7.132   14.649   15.244
