 &plot nbnd=   8, nks=   101 /
            0.350000  0.830000  0.000000
   -2.639   -0.611    2.222    2.884    8.780    9.190   11.010   13.922
            0.350000  0.830000  0.010000
   -2.639   -0.611    2.221    2.887    8.768    9.203   11.010   13.923
            0.350000  0.830000  0.020000
   -2.639   -0.612    2.218    2.895    8.735    9.239   11.011   13.923
            0.350000  0.830000  0.030000
   -2.640   -0.614    2.213    2.907    8.690    9.291   11.012   13.923
            0.350000  0.830000  0.040000
   -2.641   -0.617    2.206    2.924    8.638    9.353   11.015   13.923
            0.350000  0.830000  0.050000
   -2.642   -0.620    2.197    2.945    8.582    9.421   11.017   13.923
            0.350000  0.830000  0.060000
   -2.643   -0.624    2.188    2.970    8.525    9.493   11.021   13.922
            0.350000  0.830000  0.070000
   -2.645   -0.629    2.178    2.998    8.467    9.568   11.025   13.918
            0.350000  0.830000  0.080000
   -2.646   -0.635    2.167    3.029    8.410    9.646   11.030   13.909
            0.350000  0.830000  0.090000
   -2.649   -0.640    2.157    3.062    8.353    9.725   11.035   13.891
            0.350000  0.830000  0.100000
   -2.651   -0.647    2.147    3.098    8.298    9.806   11.042   13.856
            0.350000  0.830000  0.110000
   -2.654   -0.654    2.137    3.136    8.244    9.889   11.049   13.799
            0.350000  0.830000  0.120000
   -2.657   -0.661    2.128    3.175    8.191    9.972   11.056   13.725
            0.350000  0.830000  0.130000
   -2.661   -0.668    2.120    3.215    8.141   10.057   11.065   13.638
            0.350000  0.830000  0.140000
   -2.665   -0.675    2.112    3.256    8.092   10.142   11.075   13.544
            0.350000  0.830000  0.150000
   -2.669   -0.683    2.106    3.298    8.046   10.228   11.085   13.445
            0.350000  0.830000  0.160000
   -2.674   -0.690    2.101    3.341    8.001   10.314   11.097   13.343
            0.350000  0.830000  0.170000
   -2.680   -0.698    2.096    3.384    7.959   10.400   11.111   13.239
            0.350000  0.830000  0.180000
   -2.686   -0.705    2.093    3.428    7.919   10.485   11.126   13.133
            0.350000  0.830000  0.190000
   -2.693   -0.712    2.091    3.471    7.882   10.570   11.143   13.026
            0.350000  0.830000  0.200000
   -2.700   -0.718    2.090    3.514    7.848   10.653   11.164   12.918
            0.350000  0.830000  0.210000
   -2.708   -0.724    2.090    3.557    7.817   10.733   11.189   12.809
            0.350000  0.830000  0.220000
   -2.716   -0.729    2.092    3.599    7.788   10.808   11.220   12.700
            0.350000  0.830000  0.230000
   -2.725   -0.734    2.094    3.641    7.763   10.876   11.259   12.590
            0.350000  0.830000  0.240000
   -2.735   -0.738    2.098    3.681    7.740   10.935   11.308   12.481
            0.350000  0.830000  0.250000
   -2.746   -0.741    2.103    3.721    7.721   10.985   11.366   12.372
            0.350000  0.830000  0.260000
   -2.757   -0.743    2.109    3.759    7.706   11.025   11.435   12.263
            0.350000  0.830000  0.270000
   -2.769   -0.744    2.116    3.795    7.694   11.059   11.510   12.156
            0.350000  0.830000  0.280000
   -2.782   -0.745    2.124    3.830    7.686   11.086   11.588   12.053
            0.350000  0.830000  0.290000
   -2.796   -0.744    2.133    3.864    7.682   11.109   11.661   11.959
            0.350000  0.830000  0.300000
   -2.810   -0.742    2.143    3.895    7.682   11.130   11.699   11.905
            0.350000  0.830000  0.310000
   -2.825   -0.739    2.154    3.925    7.685   11.147   11.655   11.937
            0.350000  0.830000  0.320000
   -2.840   -0.735    2.166    3.953    7.693   11.162   11.567   12.016
            0.350000  0.830000  0.330000
   -2.857   -0.729    2.179    3.978    7.705   11.173   11.471   12.109
            0.350000  0.830000  0.340000
   -2.874   -0.723    2.193    4.001    7.721   11.176   11.380   12.207
            0.350000  0.830000  0.350000
   -2.891   -0.715    2.208    4.022    7.741   11.153   11.312   12.307
            0.350000  0.830000  0.360000
   -2.910   -0.706    2.223    4.041    7.765   11.086   11.287   12.410
            0.350000  0.830000  0.370000
   -2.928   -0.695    2.239    4.057    7.793   10.994   11.287   12.513
            0.350000  0.830000  0.380000
   -2.948   -0.684    2.256    4.072    7.826   10.894   11.295   12.618
            0.350000  0.830000  0.390000
   -2.968   -0.671    2.274    4.084    7.862   10.790   11.307   12.723
            0.350000  0.830000  0.400000
   -2.988   -0.657    2.293    4.093    7.903   10.686   11.320   12.827
            0.350000  0.830000  0.410000
   -3.009   -0.642    2.312    4.101    7.947   10.581   11.334   12.932
            0.350000  0.830000  0.420000
   -3.030   -0.625    2.331    4.107    7.995   10.476   11.348   13.033
            0.350000  0.830000  0.430000
   -3.052   -0.608    2.352    4.111    8.046   10.372   11.362   13.126
            0.350000  0.830000  0.440000
   -3.073   -0.589    2.373    4.113    8.101   10.268   11.376   13.182
            0.350000  0.830000  0.450000
   -3.096   -0.569    2.394    4.113    8.160   10.165   11.390   13.145
            0.350000  0.830000  0.460000
   -3.118   -0.548    2.415    4.112    8.221   10.063   11.404   13.050
            0.350000  0.830000  0.470000
   -3.141   -0.526    2.438    4.110    8.286    9.962   11.418   12.941
            0.350000  0.830000  0.480000
   -3.163   -0.503    2.460    4.106    8.353    9.861   11.432   12.828
            0.350000  0.830000  0.490000
   -3.186   -0.479    2.483    4.101    8.423    9.762   11.445   12.713
            0.350000  0.830000  0.500000
   -3.209   -0.454    2.506    4.095    8.495    9.665   11.458   12.599
            0.350000  0.830000  0.510000
   -3.232   -0.428    2.529    4.088    8.569    9.568   11.470   12.486
            0.350000  0.830000  0.520000
   -3.255   -0.401    2.553    4.080    8.645    9.474   11.482   12.373
            0.350000  0.830000  0.530000
   -3.278   -0.374    2.576    4.072    8.723    9.381   11.494   12.261
            0.350000  0.830000  0.540000
   -3.301   -0.345    2.600    4.063    8.800    9.292   11.504   12.150
            0.350000  0.830000  0.550000
   -3.324   -0.316    2.624    4.053    8.873    9.211   11.513   12.042
            0.350000  0.830000  0.560000
   -3.346   -0.286    2.647    4.043    8.931    9.148   11.519   11.936
            0.350000  0.830000  0.570000
   -3.369   -0.255    2.671    4.033    8.933    9.144   11.520   11.836
            0.350000  0.830000  0.580000
   -3.391   -0.223    2.694    4.023    8.878    9.201   11.510   11.748
            0.350000  0.830000  0.590000
   -3.413   -0.191    2.717    4.012    8.803    9.280   11.477   11.683
            0.350000  0.830000  0.600000
   -3.435   -0.158    2.740    4.002    8.724    9.367   11.412   11.652
            0.350000  0.830000  0.610000
   -3.456   -0.125    2.763    3.991    8.644    9.457   11.325   11.642
            0.350000  0.830000  0.620000
   -3.478   -0.091    2.785    3.981    8.565    9.550   11.229   11.642
            0.350000  0.830000  0.630000
   -3.498   -0.057    2.806    3.970    8.487    9.644   11.130   11.647
            0.350000  0.830000  0.640000
   -3.519   -0.022    2.828    3.960    8.411    9.740   11.030   11.653
            0.350000  0.830000  0.650000
   -3.539    0.013    2.848    3.950    8.337    9.837   10.929   11.660
            0.350000  0.830000  0.660000
   -3.559    0.048    2.868    3.940    8.264    9.934   10.830   11.668
            0.350000  0.830000  0.670000
   -3.578    0.084    2.888    3.931    8.195   10.032   10.731   11.675
            0.350000  0.830000  0.680000
   -3.597    0.120    2.907    3.921    8.127   10.130   10.633   11.683
            0.350000  0.830000  0.690000
   -3.616    0.156    2.925    3.912    8.062   10.227   10.538   11.691
            0.350000  0.830000  0.700000
   -3.634    0.192    2.942    3.903    7.999   10.315   10.454   11.699
            0.350000  0.830000  0.710000
   -3.652    0.228    2.959    3.895    7.939   10.318   10.455   11.707
            0.350000  0.830000  0.720000
   -3.669    0.264    2.974    3.886    7.882   10.236   10.544   11.715
            0.350000  0.830000  0.730000
   -3.686    0.301    2.989    3.878    7.828   10.146   10.641   11.723
            0.350000  0.830000  0.740000
   -3.702    0.337    3.004    3.870    7.777   10.056   10.740   11.731
            0.350000  0.830000  0.750000
   -3.717    0.372    3.017    3.861    7.729    9.966   10.839   11.740
            0.350000  0.830000  0.760000
   -3.733    0.408    3.030    3.853    7.684    9.878   10.937   11.749
            0.350000  0.830000  0.770000
   -3.747    0.443    3.043    3.845    7.642    9.791   11.034   11.760
            0.350000  0.830000  0.780000
   -3.761    0.477    3.054    3.836    7.603    9.705   11.129   11.771
            0.350000  0.830000  0.790000
   -3.775    0.511    3.065    3.828    7.568    9.622   11.221   11.785
            0.350000  0.830000  0.800000
   -3.788    0.545    3.075    3.819    7.536    9.540   11.309   11.802
            0.350000  0.830000  0.810000
   -3.800    0.578    3.085    3.810    7.507    9.460   11.391   11.825
            0.350000  0.830000  0.820000
   -3.812    0.609    3.095    3.800    7.482    9.382   11.465   11.855
            0.350000  0.830000  0.830000
   -3.823    0.640    3.104    3.791    7.460    9.306   11.527   11.894
            0.350000  0.830000  0.840000
   -3.833    0.670    3.113    3.781    7.441    9.233   11.576   11.946
            0.350000  0.830000  0.850000
   -3.843    0.699    3.121    3.770    7.425    9.161   11.613   12.008
            0.350000  0.830000  0.860000
   -3.852    0.727    3.129    3.760    7.412    9.093   11.640   12.079
            0.350000  0.830000  0.870000
   -3.861    0.753    3.137    3.749    7.402    9.027   11.659   12.154
            0.350000  0.830000  0.880000
   -3.869    0.778    3.144    3.738    7.394    8.964   11.673   12.232
            0.350000  0.830000  0.890000
   -3.877    0.801    3.151    3.727    7.389    8.905   11.684   12.310
            0.350000  0.830000  0.900000
   -3.883    0.823    3.158    3.717    7.387    8.849   11.692   12.387
            0.350000  0.830000  0.910000
   -3.890    0.843    3.165    3.706    7.386    8.796   11.698   12.462
            0.350000  0.830000  0.920000
   -3.895    0.861    3.171    3.696    7.387    8.748   11.703   12.533
            0.350000  0.830000  0.930000
   -3.900    0.877    3.177    3.687    7.389    8.704   11.708   12.599
            0.350000  0.830000  0.940000
   -3.904    0.892    3.182    3.678    7.391    8.665   11.711   12.660
            0.350000  0.830000  0.950000
   -3.908    0.904    3.187    3.670    7.395    8.631   11.713   12.714
            0.350000  0.830000  0.960000
   -3.911    0.914    3.191    3.664    7.398    8.603   11.715   12.760
            0.350000  0.830000  0.970000
   -3.913    0.922    3.194    3.658    7.401    8.580   11.717   12.797
            0.350000  0.830000  0.980000
   -3.915    0.928    3.197    3.654    7.403    8.564   11.718   12.824
            0.350000  0.830000  0.990000
   -3.916    0.931    3.198    3.652    7.405    8.554   11.719   12.841
            0.350000  0.830000  1.000000
   -3.916    0.932    3.199    3.651    7.406    8.550   11.719   12.847
