 &plot nbnd=   8, nks=   101 /
            0.010000  0.720000  0.000000
   -3.627    0.522    3.450    3.451    6.639    7.682   13.532   13.538
            0.010000  0.720000  0.010000
   -3.627    0.522    3.447    3.452    6.642    7.683   13.531   13.532
            0.010000  0.720000  0.020000
   -3.626    0.521    3.440    3.452    6.649    7.689   13.511   13.531
            0.010000  0.720000  0.030000
   -3.625    0.519    3.432    3.451    6.662    7.698   13.479   13.531
            0.010000  0.720000  0.040000
   -3.622    0.516    3.419    3.449    6.680    7.712   13.435   13.530
            0.010000  0.720000  0.050000
   -3.619    0.512    3.404    3.447    6.703    7.728   13.380   13.529
            0.010000  0.720000  0.060000
   -3.616    0.507    3.386    3.444    6.731    7.749   13.316   13.528
            0.010000  0.720000  0.070000
   -3.611    0.501    3.366    3.441    6.763    7.773   13.243   13.526
            0.010000  0.720000  0.080000
   -3.607    0.495    3.342    3.437    6.800    7.800   13.164   13.525
            0.010000  0.720000  0.090000
   -3.601    0.488    3.316    3.433    6.841    7.831   13.079   13.523
            0.010000  0.720000  0.100000
   -3.595    0.480    3.288    3.428    6.886    7.866   12.988   13.521
            0.010000  0.720000  0.110000
   -3.588    0.471    3.258    3.424    6.934    7.904   12.894   13.519
            0.010000  0.720000  0.120000
   -3.581    0.461    3.225    3.419    6.987    7.945   12.795   13.516
            0.010000  0.720000  0.130000
   -3.572    0.450    3.192    3.414    7.043    7.989   12.694   13.514
            0.010000  0.720000  0.140000
   -3.564    0.438    3.156    3.409    7.102    8.036   12.590   13.511
            0.010000  0.720000  0.150000
   -3.554    0.426    3.120    3.405    7.164    8.086   12.484   13.508
            0.010000  0.720000  0.160000
   -3.544    0.413    3.082    3.400    7.230    8.139   12.376   13.504
            0.010000  0.720000  0.170000
   -3.534    0.399    3.043    3.396    7.297    8.195   12.267   13.501
            0.010000  0.720000  0.180000
   -3.523    0.384    3.003    3.392    7.368    8.254   12.156   13.497
            0.010000  0.720000  0.190000
   -3.511    0.368    2.963    3.389    7.441    8.315   12.045   13.493
            0.010000  0.720000  0.200000
   -3.498    0.351    2.922    3.386    7.516    8.379   11.932   13.489
            0.010000  0.720000  0.210000
   -3.485    0.334    2.881    3.383    7.594    8.445   11.819   13.484
            0.010000  0.720000  0.220000
   -3.472    0.316    2.840    3.381    7.673    8.514   11.706   13.480
            0.010000  0.720000  0.230000
   -3.458    0.297    2.798    3.380    7.755    8.585   11.592   13.475
            0.010000  0.720000  0.240000
   -3.443    0.277    2.756    3.379    7.838    8.658   11.478   13.470
            0.010000  0.720000  0.250000
   -3.427    0.257    2.715    3.379    7.924    8.733   11.364   13.465
            0.010000  0.720000  0.260000
   -3.412    0.236    2.673    3.380    8.011    8.810   11.250   13.459
            0.010000  0.720000  0.270000
   -3.395    0.214    2.631    3.381    8.099    8.890   11.136   13.454
            0.010000  0.720000  0.280000
   -3.378    0.192    2.590    3.383    8.189    8.971   11.023   13.448
            0.010000  0.720000  0.290000
   -3.361    0.169    2.549    3.386    8.281    9.053   10.909   13.442
            0.010000  0.720000  0.300000
   -3.343    0.145    2.509    3.390    8.374    9.138   10.797   13.436
            0.010000  0.720000  0.310000
   -3.324    0.121    2.469    3.394    8.468    9.223   10.685   13.429
            0.010000  0.720000  0.320000
   -3.305    0.096    2.429    3.400    8.563    9.310   10.574   13.423
            0.010000  0.720000  0.330000
   -3.285    0.071    2.390    3.406    8.660    9.398   10.465   13.416
            0.010000  0.720000  0.340000
   -3.265    0.045    2.352    3.412    8.758    9.486   10.357   13.409
            0.010000  0.720000  0.350000
   -3.245    0.019    2.314    3.420    8.857    9.572   10.254   13.402
            0.010000  0.720000  0.360000
   -3.224   -0.008    2.277    3.428    8.958    9.654   10.157   13.395
            0.010000  0.720000  0.370000
   -3.202   -0.035    2.240    3.437    9.059    9.722   10.076   13.387
            0.010000  0.720000  0.380000
   -3.181   -0.063    2.205    3.447    9.161    9.748   10.039   13.380
            0.010000  0.720000  0.390000
   -3.158   -0.090    2.170    3.457    9.264    9.709   10.070   13.372
            0.010000  0.720000  0.400000
   -3.136   -0.118    2.136    3.468    9.368    9.630   10.143   13.363
            0.010000  0.720000  0.410000
   -3.113   -0.147    2.103    3.480    9.472    9.538   10.232   13.355
            0.010000  0.720000  0.420000
   -3.089   -0.175    2.071    3.492    9.438    9.580   10.329   13.346
            0.010000  0.720000  0.430000
   -3.065   -0.204    2.040    3.504    9.339    9.686   10.429   13.336
            0.010000  0.720000  0.440000
   -3.041   -0.233    2.010    3.517    9.240    9.793   10.532   13.325
            0.010000  0.720000  0.450000
   -3.017   -0.262    1.981    3.530    9.141    9.902   10.638   13.313
            0.010000  0.720000  0.460000
   -2.992   -0.291    1.953    3.544    9.042   10.010   10.744   13.297
            0.010000  0.720000  0.470000
   -2.967   -0.321    1.927    3.557    8.945   10.119   10.853   13.275
            0.010000  0.720000  0.480000
   -2.941   -0.350    1.901    3.571    8.849   10.229   10.963   13.239
            0.010000  0.720000  0.490000
   -2.916   -0.379    1.876    3.585    8.754   10.340   11.074   13.180
            0.010000  0.720000  0.500000
   -2.890   -0.409    1.853    3.599    8.661   10.450   11.186   13.096
            0.010000  0.720000  0.510000
   -2.864   -0.438    1.831    3.613    8.570   10.561   11.299   12.997
            0.010000  0.720000  0.520000
   -2.838   -0.468    1.810    3.627    8.481   10.672   11.413   12.891
            0.010000  0.720000  0.530000
   -2.811   -0.497    1.790    3.640    8.394   10.783   11.528   12.783
            0.010000  0.720000  0.540000
   -2.785   -0.526    1.772    3.653    8.309   10.894   11.644   12.674
            0.010000  0.720000  0.550000
   -2.758   -0.555    1.755    3.665    8.226   11.004   11.760   12.566
            0.010000  0.720000  0.560000
   -2.731   -0.584    1.739    3.677    8.145   11.112   11.878   12.459
            0.010000  0.720000  0.570000
   -2.704   -0.613    1.725    3.688    8.067   11.218   11.995   12.356
            0.010000  0.720000  0.580000
   -2.677   -0.642    1.712    3.698    7.992   11.319   12.111   12.261
            0.010000  0.720000  0.590000
   -2.650   -0.671    1.700    3.707    7.920   11.413   12.157   12.244
            0.010000  0.720000  0.600000
   -2.623   -0.699    1.690    3.715    7.850   11.490   12.090   12.358
            0.010000  0.720000  0.610000
   -2.596   -0.728    1.682    3.722    7.784   11.536   12.049   12.477
            0.010000  0.720000  0.620000
   -2.569   -0.756    1.675    3.727    7.721   11.536   12.055   12.597
            0.010000  0.720000  0.630000
   -2.542   -0.783    1.669    3.730    7.662   11.491   12.105   12.717
            0.010000  0.720000  0.640000
   -2.515   -0.811    1.665    3.732    7.606   11.418   12.184   12.837
            0.010000  0.720000  0.650000
   -2.488   -0.839    1.662    3.731    7.554   11.331   12.276   12.955
            0.010000  0.720000  0.660000
   -2.462   -0.866    1.661    3.729    7.506   11.236   12.374   13.069
            0.010000  0.720000  0.670000
   -2.435   -0.893    1.662    3.725    7.461   11.138   12.475   13.171
            0.010000  0.720000  0.680000
   -2.409   -0.919    1.664    3.718    7.421   11.038   12.574   13.239
            0.010000  0.720000  0.690000
   -2.382   -0.946    1.667    3.709    7.386   10.938   12.670   13.276
            0.010000  0.720000  0.700000
   -2.356   -0.972    1.673    3.698    7.354   10.836   12.759   13.308
            0.010000  0.720000  0.710000
   -2.330   -0.998    1.680    3.684    7.327   10.735   12.838   13.347
            0.010000  0.720000  0.720000
   -2.304   -1.024    1.688    3.667    7.304   10.634   12.904   13.399
            0.010000  0.720000  0.730000
   -2.279   -1.049    1.698    3.648    7.286   10.534   12.955   13.464
            0.010000  0.720000  0.740000
   -2.253   -1.074    1.710    3.627    7.273   10.434   12.993   13.539
            0.010000  0.720000  0.750000
   -2.228   -1.099    1.723    3.603    7.264   10.335   13.020   13.615
            0.010000  0.720000  0.760000
   -2.203   -1.124    1.738    3.577    7.259   10.236   13.040   13.662
            0.010000  0.720000  0.770000
   -2.178   -1.148    1.755    3.548    7.259   10.138   13.055   13.669
            0.010000  0.720000  0.780000
   -2.154   -1.172    1.773    3.517    7.262   10.041   13.066   13.658
            0.010000  0.720000  0.790000
   -2.130   -1.196    1.793    3.484    7.271    9.945   13.075   13.642
            0.010000  0.720000  0.800000
   -2.106   -1.219    1.814    3.448    7.283    9.850   13.082   13.623
            0.010000  0.720000  0.810000
   -2.082   -1.242    1.837    3.411    7.299    9.756   13.088   13.604
            0.010000  0.720000  0.820000
   -2.059   -1.265    1.862    3.372    7.319    9.662   13.094   13.584
            0.010000  0.720000  0.830000
   -2.036   -1.288    1.888    3.331    7.343    9.570   13.099   13.564
            0.010000  0.720000  0.840000
   -2.013   -1.310    1.916    3.289    7.370    9.479   13.104   13.545
            0.010000  0.720000  0.850000
   -1.991   -1.333    1.945    3.246    7.401    9.389   13.109   13.525
            0.010000  0.720000  0.860000
   -1.969   -1.354    1.975    3.201    7.435    9.300   13.114   13.507
            0.010000  0.720000  0.870000
   -1.947   -1.376    2.007    3.156    7.472    9.212   13.119   13.488
            0.010000  0.720000  0.880000
   -1.925   -1.397    2.040    3.109    7.512    9.125   13.123   13.471
            0.010000  0.720000  0.890000
   -1.904   -1.419    2.075    3.062    7.556    9.040   13.128   13.454
            0.010000  0.720000  0.900000
   -1.883   -1.439    2.111    3.014    7.601    8.956   13.133   13.438
            0.010000  0.720000  0.910000
   -1.862   -1.460    2.148    2.966    7.650    8.873   13.139   13.423
            0.010000  0.720000  0.920000
   -1.842   -1.480    2.187    2.918    7.701    8.791   13.144   13.409
            0.010000  0.720000  0.930000
   -1.822   -1.499    2.227    2.869    7.755    8.711   13.149   13.395
            0.010000  0.720000  0.940000
   -1.803   -1.519    2.267    2.820    7.810    8.632   13.154   13.384
            0.010000  0.720000  0.950000
   -1.785   -1.537    2.309    2.772    7.868    8.554   13.158   13.373
            0.010000  0.720000  0.960000
   -1.767   -1.554    2.352    2.723    7.929    8.478   13.162   13.364
            0.010000  0.720000  0.970000
   -1.752   -1.569    2.396    2.675    7.991    8.404   13.166   13.357
            0.010000  0.720000  0.980000
   -1.739   -1.582    2.440    2.628    8.055    8.331   13.168   13.351
            0.010000  0.720000  0.990000
   -1.730   -1.591    2.484    2.581    8.120    8.260   13.170   13.348
            0.010000  0.720000  1.000000
   -1.727   -1.594    2.519    2.546    8.176    8.202   13.171   13.347
