 &plot nbnd=   8, nks=   100 /
            0.487200 -0.076900 -1.000000
   -2.834   -2.210    1.202    1.684    8.433    9.169    9.401    9.678
            0.487200 -0.076900 -0.979800
   -2.845   -2.199    1.199    1.693    8.434    9.098    9.464    9.691
            0.487200 -0.076900 -0.959600
   -2.876   -2.170    1.190    1.718    8.438    8.971    9.554    9.744
            0.487200 -0.076900 -0.939400
   -2.924   -2.126    1.178    1.759    8.443    8.834    9.606    9.856
            0.487200 -0.076900 -0.919200
   -2.983   -2.072    1.164    1.811    8.450    8.697    9.634   10.002
            0.487200 -0.076900 -0.899000
   -3.049   -2.013    1.151    1.873    8.457    8.565    9.657   10.162
            0.487200 -0.076900 -0.878800
   -3.121   -1.949    1.140    1.944    8.415    8.487    9.680   10.329
            0.487200 -0.076900 -0.858600
   -3.196   -1.882    1.132    2.022    8.293    8.495    9.706   10.500
            0.487200 -0.076900 -0.838400
   -3.273   -1.813    1.127    2.105    8.169    8.511    9.735   10.675
            0.487200 -0.076900 -0.818200
   -3.353   -1.743    1.126    2.194    8.048    8.531    9.767   10.852
            0.487200 -0.076900 -0.798000
   -3.433   -1.672    1.130    2.287    7.932    8.552    9.803   11.031
            0.487200 -0.076900 -0.777800
   -3.514   -1.601    1.137    2.384    7.821    8.576    9.841   11.210
            0.487200 -0.076900 -0.757600
   -3.595   -1.528    1.149    2.484    7.716    8.602    9.881   11.383
            0.487200 -0.076900 -0.737400
   -3.676   -1.455    1.165    2.585    7.616    8.631    9.925   11.500
            0.487200 -0.076900 -0.717200
   -3.757   -1.381    1.185    2.688    7.523    8.660    9.970   11.387
            0.487200 -0.076900 -0.697000
   -3.837   -1.307    1.209    2.791    7.437    8.692   10.015   11.206
            0.487200 -0.076900 -0.676800
   -3.916   -1.232    1.238    2.894    7.358    8.726   10.059   11.022
            0.487200 -0.076900 -0.656600
   -3.995   -1.156    1.270    2.995    7.287    8.761   10.096   10.844
            0.487200 -0.076900 -0.636400
   -4.072   -1.079    1.306    3.094    7.224    8.798   10.117   10.686
            0.487200 -0.076900 -0.616200
   -4.148   -1.002    1.346    3.189    7.171    8.836   10.096   10.570
            0.487200 -0.076900 -0.596000
   -4.222   -0.923    1.390    3.280    7.128    8.875   10.011   10.522
            0.487200 -0.076900 -0.575800
   -4.295   -0.844    1.437    3.365    7.096    8.916    9.871   10.526
            0.487200 -0.076900 -0.555600
   -4.366   -0.764    1.487    3.443    7.075    8.957    9.705   10.553
            0.487200 -0.076900 -0.535400
   -4.436   -0.682    1.541    3.513    7.067    8.999    9.529   10.580
            0.487200 -0.076900 -0.515200
   -4.503   -0.600    1.598    3.574    7.071    9.042    9.351   10.592
            0.487200 -0.076900 -0.494900
   -4.569   -0.515    1.658    3.626    7.089    9.085    9.171   10.574
            0.487200 -0.076900 -0.474700
   -4.633   -0.431    1.721    3.668    7.118    8.991    9.129   10.515
            0.487200 -0.076900 -0.454500
   -4.694   -0.345    1.786    3.699    7.160    8.815    9.172   10.418
            0.487200 -0.076900 -0.434300
   -4.754   -0.259    1.854    3.720    7.213    8.642    9.213   10.295
            0.487200 -0.076900 -0.414100
   -4.811   -0.172    1.924    3.731    7.276    8.475    9.254   10.160
            0.487200 -0.076900 -0.393900
   -4.865   -0.084    1.997    3.732    7.345    8.315    9.292   10.022
            0.487200 -0.076900 -0.373700
   -4.917    0.004    2.071    3.724    7.414    8.166    9.325    9.887
            0.487200 -0.076900 -0.353500
   -4.967    0.093    2.147    3.709    7.473    8.039    9.349    9.765
            0.487200 -0.076900 -0.333300
   -5.014    0.183    2.224    3.687    7.497    7.958    9.353    9.669
            0.487200 -0.076900 -0.313100
   -5.059    0.272    2.302    3.658    7.456    7.947    9.320    9.619
            0.487200 -0.076900 -0.292900
   -5.101    0.361    2.381    3.624    7.361    7.992    9.254    9.611
            0.487200 -0.076900 -0.272700
   -5.140    0.450    2.460    3.585    7.243    8.060    9.182    9.628
            0.487200 -0.076900 -0.252500
   -5.177    0.538    2.539    3.543    7.118    8.127    9.124    9.653
            0.487200 -0.076900 -0.232300
   -5.211    0.624    2.616    3.497    6.993    8.177    9.093    9.681
            0.487200 -0.076900 -0.212100
   -5.242    0.708    2.693    3.449    6.871    8.202    9.098    9.710
            0.487200 -0.076900 -0.191900
   -5.270    0.791    2.767    3.401    6.755    8.199    9.140    9.738
            0.487200 -0.076900 -0.171700
   -5.296    0.869    2.838    3.352    6.646    8.174    9.211    9.766
            0.487200 -0.076900 -0.151500
   -5.319    0.944    2.905    3.304    6.544    8.136    9.301    9.792
            0.487200 -0.076900 -0.131300
   -5.338    1.014    2.966    3.259    6.452    8.093    9.400    9.818
            0.487200 -0.076900 -0.111100
   -5.356    1.077    3.019    3.219    6.369    8.050    9.500    9.843
            0.487200 -0.076900 -0.090900
   -5.370    1.133    3.059    3.189    6.298    8.011    9.593    9.869
            0.487200 -0.076900 -0.070700
   -5.382    1.180    3.078    3.177    6.239    7.978    9.669    9.898
            0.487200 -0.076900 -0.050500
   -5.390    1.217    3.074    3.186    6.194    7.952    9.725    9.931
            0.487200 -0.076900 -0.030300
   -5.396    1.242    3.064    3.200    6.164    7.934    9.759    9.961
            0.487200 -0.076900 -0.010100
   -5.399    1.255    3.057    3.208    6.148    7.925    9.774    9.980
            0.487200 -0.076900  0.010100
   -5.399    1.255    3.057    3.208    6.148    7.925    9.774    9.980
            0.487200 -0.076900  0.030300
   -5.396    1.242    3.064    3.200    6.164    7.934    9.759    9.961
            0.487200 -0.076900  0.050500
   -5.390    1.217    3.074    3.186    6.194    7.952    9.725    9.931
            0.487200 -0.076900  0.070700
   -5.382    1.180    3.078    3.177    6.239    7.978    9.669    9.898
            0.487200 -0.076900  0.090900
   -5.370    1.133    3.059    3.189    6.298    8.011    9.593    9.869
            0.487200 -0.076900  0.111100
   -5.356    1.077    3.019    3.219    6.369    8.051    9.500    9.843
            0.487200 -0.076900  0.131300
   -5.338    1.014    2.966    3.259    6.452    8.093    9.400    9.818
            0.487200 -0.076900  0.151500
   -5.319    0.944    2.905    3.304    6.544    8.136    9.301    9.792
            0.487200 -0.076900  0.171700
   -5.296    0.869    2.838    3.352    6.646    8.174    9.211    9.766
            0.487200 -0.076900  0.191900
   -5.270    0.791    2.767    3.401    6.755    8.199    9.140    9.738
            0.487200 -0.076900  0.212100
   -5.242    0.708    2.693    3.449    6.871    8.202    9.098    9.710
            0.487200 -0.076900  0.232300
   -5.211    0.624    2.616    3.497    6.993    8.177    9.093    9.681
            0.487200 -0.076900  0.252500
   -5.177    0.538    2.539    3.543    7.118    8.127    9.124    9.653
            0.487200 -0.076900  0.272700
   -5.140    0.450    2.460    3.585    7.243    8.060    9.182    9.628
            0.487200 -0.076900  0.292900
   -5.101    0.361    2.381    3.624    7.361    7.992    9.254    9.611
            0.487200 -0.076900  0.313100
   -5.059    0.272    2.302    3.658    7.456    7.947    9.320    9.619
            0.487200 -0.076900  0.333300
   -5.014    0.183    2.224    3.687    7.497    7.958    9.353    9.669
            0.487200 -0.076900  0.353500
   -4.967    0.093    2.147    3.709    7.473    8.039    9.349    9.765
            0.487200 -0.076900  0.373700
   -4.917    0.004    2.071    3.724    7.414    8.166    9.325    9.887
            0.487200 -0.076900  0.393900
   -4.865   -0.084    1.997    3.732    7.345    8.315    9.292   10.022
            0.487200 -0.076900  0.414100
   -4.811   -0.172    1.924    3.731    7.276    8.475    9.254   10.160
            0.487200 -0.076900  0.434300
   -4.754   -0.259    1.854    3.720    7.213    8.642    9.213   10.295
            0.487200 -0.076900  0.454500
   -4.694   -0.345    1.786    3.699    7.160    8.815    9.172   10.418
            0.487200 -0.076900  0.474700
   -4.633   -0.431    1.721    3.668    7.118    8.991    9.129   10.515
            0.487200 -0.076900  0.494900
   -4.569   -0.515    1.658    3.626    7.089    9.085    9.171   10.574
            0.487200 -0.076900  0.515200
   -4.503   -0.600    1.598    3.574    7.071    9.042    9.351   10.592
            0.487200 -0.076900  0.535400
   -4.436   -0.682    1.541    3.513    7.067    8.999    9.529   10.580
            0.487200 -0.076900  0.555600
   -4.366   -0.764    1.487    3.443    7.075    8.957    9.705   10.553
            0.487200 -0.076900  0.575800
   -4.295   -0.844    1.437    3.365    7.096    8.916    9.871   10.526
            0.487200 -0.076900  0.596000
   -4.222   -0.923    1.390    3.280    7.128    8.875   10.011   10.522
            0.487200 -0.076900  0.616200
   -4.148   -1.002    1.346    3.189    7.171    8.836   10.096   10.570
            0.487200 -0.076900  0.636400
   -4.072   -1.079    1.306    3.094    7.224    8.798   10.117   10.686
            0.487200 -0.076900  0.656600
   -3.995   -1.156    1.270    2.995    7.287    8.761   10.096   10.844
            0.487200 -0.076900  0.676800
   -3.916   -1.232    1.238    2.894    7.358    8.726   10.059   11.022
            0.487200 -0.076900  0.697000
   -3.837   -1.307    1.209    2.791    7.437    8.692   10.015   11.206
            0.487200 -0.076900  0.717200
   -3.757   -1.381    1.185    2.688    7.523    8.660    9.970   11.387
            0.487200 -0.076900  0.737400
   -3.676   -1.455    1.165    2.585    7.616    8.631    9.925   11.500
            0.487200 -0.076900  0.757600
   -3.595   -1.528    1.149    2.484    7.716    8.602    9.881   11.383
            0.487200 -0.076900  0.777800
   -3.514   -1.601    1.137    2.384    7.821    8.576    9.841   11.210
            0.487200 -0.076900  0.798000
   -3.433   -1.672    1.130    2.287    7.932    8.552    9.803   11.031
            0.487200 -0.076900  0.818200
   -3.353   -1.743    1.126    2.194    8.048    8.531    9.767   10.852
            0.487200 -0.076900  0.838400
   -3.273   -1.813    1.127    2.105    8.169    8.511    9.735   10.675
            0.487200 -0.076900  0.858600
   -3.196   -1.882    1.132    2.022    8.293    8.495    9.706   10.500
            0.487200 -0.076900  0.878800
   -3.121   -1.949    1.140    1.944    8.415    8.487    9.680   10.329
            0.487200 -0.076900  0.899000
   -3.049   -2.013    1.151    1.873    8.457    8.565    9.657   10.162
            0.487200 -0.076900  0.919200
   -2.983   -2.072    1.164    1.811    8.450    8.697    9.634   10.002
            0.487200 -0.076900  0.939400
   -2.924   -2.126    1.178    1.759    8.443    8.834    9.606    9.856
            0.487200 -0.076900  0.959600
   -2.876   -2.170    1.190    1.718    8.438    8.971    9.554    9.745
            0.487200 -0.076900  0.979800
   -2.845   -2.199    1.199    1.693    8.434    9.098    9.464    9.691
            0.487200 -0.076900  1.000000
   -2.834   -2.210    1.202    1.684    8.433    9.169    9.401    9.678
