 &plot nbnd=   8, nks=   101 /
            0.440000  0.960000  0.000000
   -1.808   -1.396    2.129    2.350    9.735    9.799   10.988   11.636
            0.440000  0.960000  0.010000
   -1.812   -1.392    2.123    2.357    9.686    9.848   10.988   11.636
            0.440000  0.960000  0.020000
   -1.822   -1.383    2.108    2.376    9.616    9.920   10.991   11.638
            0.440000  0.960000  0.030000
   -1.838   -1.369    2.087    2.405    9.544    9.995   10.995   11.641
            0.440000  0.960000  0.040000
   -1.858   -1.350    2.062    2.439    9.472   10.069   11.001   11.645
            0.440000  0.960000  0.050000
   -1.883   -1.328    2.037    2.477    9.401   10.144   11.009   11.650
            0.440000  0.960000  0.060000
   -1.910   -1.303    2.012    2.518    9.331   10.218   11.019   11.657
            0.440000  0.960000  0.070000
   -1.940   -1.276    1.987    2.561    9.262   10.291   11.032   11.664
            0.440000  0.960000  0.080000
   -1.971   -1.248    1.962    2.607    9.193   10.362   11.048   11.673
            0.440000  0.960000  0.090000
   -2.004   -1.219    1.939    2.654    9.126   10.430   11.067   11.683
            0.440000  0.960000  0.100000
   -2.039   -1.189    1.917    2.702    9.060   10.496   11.092   11.695
            0.440000  0.960000  0.110000
   -2.074   -1.158    1.897    2.752    8.996   10.557   11.122   11.708
            0.440000  0.960000  0.120000
   -2.110   -1.127    1.877    2.803    8.932   10.613   11.158   11.722
            0.440000  0.960000  0.130000
   -2.147   -1.095    1.860    2.854    8.870   10.663   11.200   11.737
            0.440000  0.960000  0.140000
   -2.185   -1.063    1.843    2.907    8.810   10.707   11.250   11.755
            0.440000  0.960000  0.150000
   -2.222   -1.031    1.828    2.961    8.751   10.745   11.306   11.773
            0.440000  0.960000  0.160000
   -2.261   -0.999    1.815    3.015    8.693   10.778   11.368   11.795
            0.440000  0.960000  0.170000
   -2.300   -0.966    1.803    3.070    8.637   10.807   11.433   11.818
            0.440000  0.960000  0.180000
   -2.339   -0.933    1.792    3.125    8.583   10.832   11.502   11.845
            0.440000  0.960000  0.190000
   -2.378   -0.900    1.783    3.181    8.531   10.854   11.570   11.876
            0.440000  0.960000  0.200000
   -2.418   -0.867    1.776    3.237    8.480   10.874   11.638   11.913
            0.440000  0.960000  0.210000
   -2.457   -0.833    1.770    3.294    8.431   10.892   11.701   11.957
            0.440000  0.960000  0.220000
   -2.497   -0.800    1.765    3.350    8.385   10.909   11.758   12.010
            0.440000  0.960000  0.230000
   -2.537   -0.766    1.762    3.406    8.340   10.926   11.807   12.074
            0.440000  0.960000  0.240000
   -2.578   -0.732    1.761    3.463    8.298   10.941   11.851   12.145
            0.440000  0.960000  0.250000
   -2.618   -0.698    1.761    3.519    8.257   10.957   11.889   12.223
            0.440000  0.960000  0.260000
   -2.658   -0.663    1.762    3.574    8.219   10.972   11.925   12.304
            0.440000  0.960000  0.270000
   -2.698   -0.629    1.764    3.629    8.184   10.987   11.958   12.386
            0.440000  0.960000  0.280000
   -2.738   -0.594    1.768    3.684    8.151   11.001   11.991   12.467
            0.440000  0.960000  0.290000
   -2.779   -0.559    1.774    3.737    8.121   11.016   12.023   12.541
            0.440000  0.960000  0.300000
   -2.819   -0.524    1.780    3.790    8.094   11.031   12.054   12.596
            0.440000  0.960000  0.310000
   -2.859   -0.489    1.788    3.841    8.070   11.045   12.085   12.611
            0.440000  0.960000  0.320000
   -2.898   -0.453    1.798    3.891    8.049   11.060   12.114   12.574
            0.440000  0.960000  0.330000
   -2.938   -0.417    1.808    3.940    8.031   11.075   12.140   12.504
            0.440000  0.960000  0.340000
   -2.978   -0.381    1.820    3.987    8.016   11.089   12.159   12.426
            0.440000  0.960000  0.350000
   -3.017   -0.344    1.834    4.033    8.005   11.104   12.156   12.362
            0.440000  0.960000  0.360000
   -3.056   -0.308    1.848    4.077    7.997   11.118   12.111   12.338
            0.440000  0.960000  0.370000
   -3.095   -0.271    1.864    4.118    7.993   11.133   12.030   12.348
            0.440000  0.960000  0.380000
   -3.133   -0.233    1.880    4.158    7.993   11.146   11.934   12.371
            0.440000  0.960000  0.390000
   -3.171   -0.196    1.898    4.195    7.996   11.159   11.834   12.400
            0.440000  0.960000  0.400000
   -3.209   -0.158    1.917    4.230    8.004   11.170   11.733   12.429
            0.440000  0.960000  0.410000
   -3.247   -0.120    1.938    4.262    8.015   11.179   11.633   12.456
            0.440000  0.960000  0.420000
   -3.284   -0.082    1.959    4.292    8.031   11.181   11.538   12.478
            0.440000  0.960000  0.430000
   -3.321   -0.043    1.981    4.320    8.050   11.172   11.455   12.485
            0.440000  0.960000  0.440000
   -3.357   -0.004    2.005    4.345    8.074   11.141   11.395   12.465
            0.440000  0.960000  0.450000
   -3.393    0.035    2.030    4.367    8.101   11.079   11.364   12.412
            0.440000  0.960000  0.460000
   -3.429    0.075    2.055    4.386    8.133   10.996   11.356   12.332
            0.440000  0.960000  0.470000
   -3.464    0.114    2.082    4.403    8.169   10.901   11.359   12.240
            0.440000  0.960000  0.480000
   -3.499    0.154    2.109    4.417    8.208   10.802   11.367   12.141
            0.440000  0.960000  0.490000
   -3.533    0.195    2.138    4.429    8.252   10.699   11.378   12.040
            0.440000  0.960000  0.500000
   -3.567    0.235    2.167    4.439    8.299   10.596   11.390   11.939
            0.440000  0.960000  0.510000
   -3.600    0.276    2.198    4.446    8.350   10.492   11.400   11.839
            0.440000  0.960000  0.520000
   -3.633    0.317    2.229    4.451    8.404   10.388   11.407   11.744
            0.440000  0.960000  0.530000
   -3.666    0.358    2.261    4.453    8.461   10.284   11.407   11.658
            0.440000  0.960000  0.540000
   -3.697    0.399    2.294    4.454    8.522   10.181   11.386   11.592
            0.440000  0.960000  0.550000
   -3.729    0.441    2.328    4.452    8.585   10.078   11.334   11.560
            0.440000  0.960000  0.560000
   -3.759    0.483    2.363    4.449    8.652    9.975   11.256   11.553
            0.440000  0.960000  0.570000
   -3.790    0.525    2.398    4.445    8.721    9.874   11.167   11.560
            0.440000  0.960000  0.580000
   -3.819    0.567    2.435    4.438    8.792    9.773   11.074   11.571
            0.440000  0.960000  0.590000
   -3.848    0.609    2.472    4.430    8.866    9.673   10.980   11.585
            0.440000  0.960000  0.600000
   -3.877    0.651    2.509    4.421    8.941    9.574   10.886   11.601
            0.440000  0.960000  0.610000
   -3.904    0.694    2.548    4.411    9.018    9.476   10.792   11.617
            0.440000  0.960000  0.620000
   -3.932    0.736    2.587    4.399    9.095    9.382   10.699   11.633
            0.440000  0.960000  0.630000
   -3.958    0.779    2.626    4.387    9.163    9.299   10.608   11.650
            0.440000  0.960000  0.640000
   -3.984    0.821    2.666    4.373    9.156    9.293   10.518   11.667
            0.440000  0.960000  0.650000
   -4.009    0.864    2.707    4.359    9.074    9.365   10.429   11.684
            0.440000  0.960000  0.660000
   -4.034    0.906    2.748    4.344    8.983    9.447   10.342   11.701
            0.440000  0.960000  0.670000
   -4.058    0.948    2.790    4.329    8.892    9.533   10.258   11.717
            0.440000  0.960000  0.680000
   -4.082    0.991    2.832    4.312    8.801    9.619   10.176   11.734
            0.440000  0.960000  0.690000
   -4.104    1.033    2.874    4.296    8.711    9.703   10.099   11.750
            0.440000  0.960000  0.700000
   -4.126    1.075    2.917    4.278    8.621    9.782   10.030   11.766
            0.440000  0.960000  0.710000
   -4.148    1.116    2.960    4.261    8.533    9.830    9.995   11.782
            0.440000  0.960000  0.720000
   -4.168    1.157    3.003    4.243    8.446    9.807   10.034   11.798
            0.440000  0.960000  0.730000
   -4.189    1.198    3.046    4.225    8.361    9.747   10.112   11.813
            0.440000  0.960000  0.740000
   -4.208    1.239    3.090    4.207    8.277    9.679   10.201   11.828
            0.440000  0.960000  0.750000
   -4.227    1.279    3.133    4.188    8.195    9.611   10.292   11.842
            0.440000  0.960000  0.760000
   -4.244    1.319    3.176    4.170    8.114    9.543   10.385   11.857
            0.440000  0.960000  0.770000
   -4.262    1.358    3.220    4.151    8.035    9.477   10.479   11.870
            0.440000  0.960000  0.780000
   -4.278    1.396    3.263    4.133    7.957    9.413   10.573   11.883
            0.440000  0.960000  0.790000
   -4.294    1.433    3.305    4.115    7.882    9.351   10.667   11.896
            0.440000  0.960000  0.800000
   -4.309    1.470    3.347    4.097    7.808    9.292   10.762   11.909
            0.440000  0.960000  0.810000
   -4.324    1.506    3.389    4.079    7.737    9.234   10.855   11.920
            0.440000  0.960000  0.820000
   -4.337    1.541    3.430    4.061    7.668    9.179   10.948   11.932
            0.440000  0.960000  0.830000
   -4.350    1.575    3.470    4.044    7.601    9.127   11.041   11.943
            0.440000  0.960000  0.840000
   -4.363    1.608    3.510    4.027    7.536    9.077   11.132   11.953
            0.440000  0.960000  0.850000
   -4.374    1.639    3.548    4.011    7.474    9.030   11.222   11.963
            0.440000  0.960000  0.860000
   -4.385    1.669    3.585    3.995    7.415    8.985   11.310   11.972
            0.440000  0.960000  0.870000
   -4.395    1.698    3.620    3.980    7.359    8.944   11.396   11.981
            0.440000  0.960000  0.880000
   -4.404    1.725    3.654    3.966    7.306    8.905   11.480   11.989
            0.440000  0.960000  0.890000
   -4.413    1.751    3.686    3.952    7.256    8.869   11.561   11.997
            0.440000  0.960000  0.900000
   -4.421    1.774    3.716    3.940    7.210    8.836   11.638   12.004
            0.440000  0.960000  0.910000
   -4.428    1.796    3.744    3.928    7.167    8.806   11.712   12.010
            0.440000  0.960000  0.920000
   -4.434    1.816    3.769    3.918    7.129    8.779   11.780   12.017
            0.440000  0.960000  0.930000
   -4.440    1.834    3.792    3.909    7.094    8.755   11.843   12.023
            0.440000  0.960000  0.940000
   -4.445    1.849    3.812    3.901    7.063    8.734   11.899   12.029
            0.440000  0.960000  0.950000
   -4.449    1.863    3.828    3.895    7.037    8.716   11.947   12.037
            0.440000  0.960000  0.960000
   -4.452    1.874    3.840    3.892    7.015    8.702   11.982   12.048
            0.440000  0.960000  0.970000
   -4.455    1.882    3.848    3.891    6.998    8.691   12.004   12.064
            0.440000  0.960000  0.980000
   -4.457    1.889    3.852    3.892    6.986    8.683   12.014   12.081
            0.440000  0.960000  0.990000
   -4.458    1.892    3.853    3.893    6.979    8.678   12.018   12.093
            0.440000  0.960000  1.000000
   -4.458    1.894    3.854    3.894    6.976    8.676   12.020   12.097
