 &plot nbnd=   8, nks=   101 /
            0.840000  0.090000  0.000000
   -2.860   -0.494    3.130    3.189    6.764    7.313   14.131   14.639
            0.840000  0.090000  0.010000
   -2.860   -0.494    3.120    3.197    6.765    7.317   14.131   14.631
            0.840000  0.090000  0.020000
   -2.859   -0.495    3.099    3.213    6.765    7.327   14.131   14.609
            0.840000  0.090000  0.030000
   -2.858   -0.495    3.074    3.231    6.767    7.345   14.131   14.572
            0.840000  0.090000  0.040000
   -2.856   -0.496    3.046    3.247    6.770    7.369   14.131   14.523
            0.840000  0.090000  0.050000
   -2.854   -0.498    3.017    3.263    6.774    7.400   14.132   14.462
            0.840000  0.090000  0.060000
   -2.851   -0.499    2.987    3.276    6.781    7.436   14.132   14.392
            0.840000  0.090000  0.070000
   -2.848   -0.501    2.955    3.287    6.789    7.477   14.132   14.312
            0.840000  0.090000  0.080000
   -2.844   -0.503    2.923    3.297    6.801    7.522   14.132   14.226
            0.840000  0.090000  0.090000
   -2.840   -0.506    2.891    3.304    6.816    7.572   14.131   14.135
            0.840000  0.090000  0.100000
   -2.835   -0.508    2.858    3.309    6.834    7.626   14.035   14.133
            0.840000  0.090000  0.110000
   -2.830   -0.511    2.825    3.311    6.855    7.684   13.932   14.133
            0.840000  0.090000  0.120000
   -2.825   -0.515    2.791    3.312    6.880    7.744   13.826   14.134
            0.840000  0.090000  0.130000
   -2.819   -0.518    2.758    3.310    6.909    7.808   13.717   14.134
            0.840000  0.090000  0.140000
   -2.812   -0.522    2.725    3.307    6.942    7.875   13.606   14.135
            0.840000  0.090000  0.150000
   -2.805   -0.527    2.691    3.302    6.978    7.944   13.492   14.135
            0.840000  0.090000  0.160000
   -2.798   -0.532    2.658    3.295    7.018    8.016   13.377   14.135
            0.840000  0.090000  0.170000
   -2.790   -0.537    2.626    3.286    7.061    8.090   13.260   14.136
            0.840000  0.090000  0.180000
   -2.782   -0.542    2.594    3.276    7.108    8.167   13.142   14.136
            0.840000  0.090000  0.190000
   -2.773   -0.548    2.562    3.265    7.158    8.245   13.024   14.136
            0.840000  0.090000  0.200000
   -2.764   -0.554    2.530    3.252    7.212    8.326   12.904   14.136
            0.840000  0.090000  0.210000
   -2.755   -0.561    2.500    3.239    7.269    8.408   12.784   14.135
            0.840000  0.090000  0.220000
   -2.745   -0.568    2.470    3.224    7.329    8.492   12.663   14.135
            0.840000  0.090000  0.230000
   -2.735   -0.575    2.440    3.209    7.392    8.578   12.542   14.134
            0.840000  0.090000  0.240000
   -2.725   -0.583    2.411    3.194    7.458    8.665   12.421   14.133
            0.840000  0.090000  0.250000
   -2.714   -0.592    2.383    3.178    7.527    8.754   12.300   14.132
            0.840000  0.090000  0.260000
   -2.703   -0.600    2.355    3.162    7.598    8.845   12.179   14.130
            0.840000  0.090000  0.270000
   -2.692   -0.609    2.329    3.146    7.672    8.937   12.057   14.127
            0.840000  0.090000  0.280000
   -2.680   -0.618    2.303    3.130    7.748    9.030   11.937   14.122
            0.840000  0.090000  0.290000
   -2.668   -0.628    2.277    3.114    7.827    9.124   11.816   14.115
            0.840000  0.090000  0.300000
   -2.656   -0.638    2.253    3.099    7.908    9.219   11.696   14.105
            0.840000  0.090000  0.310000
   -2.644   -0.649    2.229    3.084    7.990    9.316   11.577   14.088
            0.840000  0.090000  0.320000
   -2.632   -0.659    2.206    3.070    8.075    9.413   11.458   14.059
            0.840000  0.090000  0.330000
   -2.619   -0.670    2.183    3.057    8.162    9.511   11.340   14.007
            0.840000  0.090000  0.340000
   -2.607   -0.681    2.162    3.044    8.250    9.609   11.224   13.929
            0.840000  0.090000  0.350000
   -2.594   -0.693    2.141    3.033    8.341    9.707   11.109   13.830
            0.840000  0.090000  0.360000
   -2.581   -0.705    2.120    3.022    8.432    9.805   10.997   13.719
            0.840000  0.090000  0.370000
   -2.568   -0.717    2.101    3.013    8.526    9.901   10.888   13.602
            0.840000  0.090000  0.380000
   -2.556   -0.729    2.082    3.004    8.621    9.993   10.784   13.482
            0.840000  0.090000  0.390000
   -2.543   -0.741    2.064    2.997    8.717   10.075   10.692   13.360
            0.840000  0.090000  0.400000
   -2.530   -0.753    2.046    2.991    8.814   10.138   10.621   13.238
            0.840000  0.090000  0.410000
   -2.517   -0.765    2.030    2.987    8.912   10.160   10.592   13.116
            0.840000  0.090000  0.420000
   -2.505   -0.778    2.014    2.984    9.012   10.129   10.619   12.994
            0.840000  0.090000  0.430000
   -2.492   -0.790    1.998    2.982    9.112   10.060   10.686   12.873
            0.840000  0.090000  0.440000
   -2.480   -0.803    1.984    2.981    9.211    9.973   10.774   12.753
            0.840000  0.090000  0.450000
   -2.468   -0.815    1.970    2.982    9.310    9.880   10.871   12.633
            0.840000  0.090000  0.460000
   -2.456   -0.827    1.957    2.984    9.403    9.789   10.974   12.515
            0.840000  0.090000  0.470000
   -2.445   -0.839    1.944    2.988    9.475    9.718   11.078   12.399
            0.840000  0.090000  0.480000
   -2.433   -0.851    1.933    2.992    9.477    9.718   11.184   12.285
            0.840000  0.090000  0.490000
   -2.422   -0.862    1.922    2.998    9.407    9.790   11.289   12.175
            0.840000  0.090000  0.500000
   -2.412   -0.874    1.913    3.006    9.314    9.886   11.389   12.073
            0.840000  0.090000  0.510000
   -2.402   -0.885    1.904    3.014    9.216    9.988   11.478   11.984
            0.840000  0.090000  0.520000
   -2.392   -0.895    1.896    3.024    9.116   10.093   11.537   11.928
            0.840000  0.090000  0.530000
   -2.383   -0.906    1.889    3.034    9.016   10.199   11.537   11.933
            0.840000  0.090000  0.540000
   -2.374   -0.916    1.883    3.046    8.916   10.304   11.483   11.997
            0.840000  0.090000  0.550000
   -2.366   -0.925    1.879    3.058    8.817   10.407   11.403   12.091
            0.840000  0.090000  0.560000
   -2.358   -0.935    1.875    3.072    8.720   10.505   11.319   12.198
            0.840000  0.090000  0.570000
   -2.351   -0.944    1.873    3.086    8.623   10.592   11.241   12.311
            0.840000  0.090000  0.580000
   -2.344   -0.952    1.871    3.101    8.528   10.657   11.183   12.427
            0.840000  0.090000  0.590000
   -2.338   -0.960    1.871    3.116    8.434   10.683   11.166   12.545
            0.840000  0.090000  0.600000
   -2.332   -0.967    1.872    3.133    8.342   10.658   11.200   12.664
            0.840000  0.090000  0.610000
   -2.327   -0.974    1.875    3.149    8.252   10.595   11.273   12.785
            0.840000  0.090000  0.620000
   -2.322   -0.981    1.878    3.166    8.164   10.512   11.366   12.906
            0.840000  0.090000  0.630000
   -2.318   -0.987    1.884    3.183    8.077   10.420   11.471   13.026
            0.840000  0.090000  0.640000
   -2.315   -0.993    1.890    3.200    7.993   10.323   11.581   13.147
            0.840000  0.090000  0.650000
   -2.312   -0.998    1.898    3.217    7.911   10.224   11.695   13.267
            0.840000  0.090000  0.660000
   -2.310   -1.003    1.907    3.234    7.831   10.123   11.811   13.385
            0.840000  0.090000  0.670000
   -2.308   -1.008    1.918    3.251    7.753   10.022   11.929   13.500
            0.840000  0.090000  0.680000
   -2.307   -1.012    1.930    3.267    7.678    9.921   12.048   13.609
            0.840000  0.090000  0.690000
   -2.306   -1.016    1.943    3.283    7.606    9.821   12.168   13.710
            0.840000  0.090000  0.700000
   -2.305   -1.019    1.958    3.298    7.537    9.720   12.289   13.797
            0.840000  0.090000  0.710000
   -2.305   -1.022    1.974    3.312    7.471    9.621   12.411   13.865
            0.840000  0.090000  0.720000
   -2.305   -1.025    1.992    3.325    7.407    9.522   12.532   13.913
            0.840000  0.090000  0.730000
   -2.306   -1.028    2.011    3.337    7.347    9.424   12.654   13.945
            0.840000  0.090000  0.740000
   -2.307   -1.030    2.031    3.348    7.291    9.327   12.777   13.964
            0.840000  0.090000  0.750000
   -2.308   -1.032    2.053    3.358    7.238    9.232   12.899   13.977
            0.840000  0.090000  0.760000
   -2.309   -1.034    2.077    3.365    7.189    9.137   13.021   13.985
            0.840000  0.090000  0.770000
   -2.311   -1.036    2.101    3.371    7.144    9.043   13.143   13.990
            0.840000  0.090000  0.780000
   -2.313   -1.037    2.127    3.375    7.102    8.951   13.264   13.994
            0.840000  0.090000  0.790000
   -2.315   -1.039    2.154    3.377    7.065    8.859   13.385   13.996
            0.840000  0.090000  0.800000
   -2.317   -1.040    2.183    3.377    7.032    8.769   13.505   13.998
            0.840000  0.090000  0.810000
   -2.319   -1.041    2.212    3.375    7.004    8.681   13.623   14.001
            0.840000  0.090000  0.820000
   -2.322   -1.042    2.243    3.370    6.979    8.594   13.738   14.005
            0.840000  0.090000  0.830000
   -2.324   -1.043    2.275    3.363    6.960    8.508   13.846   14.014
            0.840000  0.090000  0.840000
   -2.326   -1.044    2.308    3.354    6.944    8.423   13.928   14.047
            0.840000  0.090000  0.850000
   -2.329   -1.044    2.341    3.342    6.934    8.341   13.962   14.127
            0.840000  0.090000  0.860000
   -2.331   -1.045    2.376    3.328    6.927    8.260   13.972   14.229
            0.840000  0.090000  0.870000
   -2.333   -1.046    2.412    3.311    6.926    8.181   13.975   14.335
            0.840000  0.090000  0.880000
   -2.335   -1.046    2.448    3.292    6.928    8.103   13.976   14.439
            0.840000  0.090000  0.890000
   -2.337   -1.047    2.485    3.271    6.935    8.028   13.976   14.541
            0.840000  0.090000  0.900000
   -2.339   -1.047    2.523    3.248    6.946    7.954   13.976   14.638
            0.840000  0.090000  0.910000
   -2.341   -1.047    2.561    3.223    6.961    7.883   13.976   14.730
            0.840000  0.090000  0.920000
   -2.342   -1.048    2.599    3.195    6.979    7.814   13.975   14.815
            0.840000  0.090000  0.930000
   -2.344   -1.048    2.638    3.166    7.001    7.748   13.975   14.893
            0.840000  0.090000  0.940000
   -2.345   -1.048    2.677    3.136    7.026    7.685   13.974   14.962
            0.840000  0.090000  0.950000
   -2.346   -1.048    2.716    3.104    7.053    7.625   13.974   15.022
            0.840000  0.090000  0.960000
   -2.347   -1.049    2.754    3.072    7.082    7.570   13.973   15.071
            0.840000  0.090000  0.970000
   -2.348   -1.049    2.791    3.039    7.111    7.521   13.973   15.109
            0.840000  0.090000  0.980000
   -2.349   -1.049    2.827    3.006    7.137    7.480   13.973   15.136
            0.840000  0.090000  0.990000
   -2.349   -1.049    2.857    2.978    7.157    7.452   13.972   15.152
            0.840000  0.090000  1.000000
   -2.349   -1.049    2.871    2.965    7.164    7.442   13.972   15.157
