 &plot nbnd=   8, nks=   101 /
            0.060000  0.200000  0.000000
   -5.596    4.772    5.300    5.515    8.199    9.101    9.209   10.081
            0.060000  0.200000  0.010000
   -5.596    4.765    5.304    5.514    8.201    9.094    9.212   10.085
            0.060000  0.200000  0.020000
   -5.594    4.748    5.315    5.512    8.207    9.075    9.220   10.098
            0.060000  0.200000  0.030000
   -5.592    4.720    5.331    5.508    8.217    9.050    9.229   10.119
            0.060000  0.200000  0.040000
   -5.589    4.684    5.347    5.506    8.231    9.021    9.236   10.147
            0.060000  0.200000  0.050000
   -5.586    4.642    5.361    5.507    8.249    8.990    9.240   10.182
            0.060000  0.200000  0.060000
   -5.581    4.595    5.366    5.515    8.270    8.958    9.242   10.223
            0.060000  0.200000  0.070000
   -5.575    4.545    5.361    5.531    8.294    8.926    9.241   10.269
            0.060000  0.200000  0.080000
   -5.569    4.492    5.348    5.552    8.322    8.895    9.237   10.319
            0.060000  0.200000  0.090000
   -5.562    4.437    5.328    5.576    8.351    8.866    9.231   10.372
            0.060000  0.200000  0.100000
   -5.554    4.380    5.303    5.601    8.383    8.839    9.223   10.429
            0.060000  0.200000  0.110000
   -5.545    4.321    5.275    5.624    8.416    8.816    9.214   10.487
            0.060000  0.200000  0.120000
   -5.535    4.262    5.243    5.646    8.449    8.797    9.203   10.548
            0.060000  0.200000  0.130000
   -5.525    4.202    5.210    5.666    8.481    8.784    9.192   10.609
            0.060000  0.200000  0.140000
   -5.514    4.141    5.174    5.682    8.511    8.778    9.180   10.671
            0.060000  0.200000  0.150000
   -5.501    4.079    5.137    5.695    8.537    8.781    9.168   10.733
            0.060000  0.200000  0.160000
   -5.488    4.017    5.098    5.705    8.557    8.791    9.158   10.795
            0.060000  0.200000  0.170000
   -5.475    3.955    5.057    5.710    8.572    8.810    9.151   10.856
            0.060000  0.200000  0.180000
   -5.460    3.892    5.016    5.712    8.584    8.832    9.148   10.915
            0.060000  0.200000  0.190000
   -5.444    3.828    4.974    5.709    8.593    8.854    9.153   10.972
            0.060000  0.200000  0.200000
   -5.428    3.765    4.931    5.703    8.602    8.873    9.167   11.026
            0.060000  0.200000  0.210000
   -5.411    3.701    4.887    5.692    8.610    8.885    9.192   11.076
            0.060000  0.200000  0.220000
   -5.393    3.638    4.842    5.677    8.618    8.893    9.228   11.121
            0.060000  0.200000  0.230000
   -5.374    3.574    4.797    5.659    8.625    8.897    9.273   11.159
            0.060000  0.200000  0.240000
   -5.355    3.510    4.752    5.636    8.629    8.901    9.325   11.190
            0.060000  0.200000  0.250000
   -5.334    3.446    4.706    5.610    8.630    8.909    9.382   11.211
            0.060000  0.200000  0.260000
   -5.313    3.382    4.660    5.581    8.625    8.922    9.443   11.222
            0.060000  0.200000  0.270000
   -5.291    3.317    4.614    5.548    8.616    8.941    9.507   11.222
            0.060000  0.200000  0.280000
   -5.268    3.253    4.568    5.513    8.602    8.966    9.573   11.212
            0.060000  0.200000  0.290000
   -5.244    3.189    4.522    5.475    8.583    8.996    9.641   11.191
            0.060000  0.200000  0.300000
   -5.219    3.125    4.475    5.434    8.562    9.032    9.711   11.160
            0.060000  0.200000  0.310000
   -5.194    3.061    4.429    5.392    8.538    9.072    9.782   11.122
            0.060000  0.200000  0.320000
   -5.168    2.996    4.383    5.347    8.512    9.115    9.855   11.076
            0.060000  0.200000  0.330000
   -5.141    2.932    4.337    5.301    8.484    9.161    9.929   11.024
            0.060000  0.200000  0.340000
   -5.113    2.868    4.291    5.253    8.456    9.209   10.003   10.969
            0.060000  0.200000  0.350000
   -5.084    2.804    4.245    5.203    8.426    9.259   10.079   10.910
            0.060000  0.200000  0.360000
   -5.055    2.739    4.200    5.153    8.396    9.311   10.156   10.849
            0.060000  0.200000  0.370000
   -5.025    2.675    4.155    5.101    8.366    9.364   10.233   10.786
            0.060000  0.200000  0.380000
   -4.994    2.611    4.110    5.049    8.335    9.418   10.310   10.723
            0.060000  0.200000  0.390000
   -4.962    2.546    4.066    4.996    8.304    9.472   10.387   10.661
            0.060000  0.200000  0.400000
   -4.929    2.482    4.022    4.942    8.272    9.526   10.460   10.605
            0.060000  0.200000  0.410000
   -4.896    2.417    3.978    4.888    8.241    9.578   10.498   10.586
            0.060000  0.200000  0.420000
   -4.862    2.353    3.934    4.833    8.210    9.628   10.460   10.646
            0.060000  0.200000  0.430000
   -4.827    2.288    3.892    4.779    8.179    9.675   10.411   10.724
            0.060000  0.200000  0.440000
   -4.791    2.223    3.849    4.724    8.148    9.715   10.365   10.804
            0.060000  0.200000  0.450000
   -4.754    2.158    3.807    4.669    8.117    9.746   10.330   10.887
            0.060000  0.200000  0.460000
   -4.717    2.093    3.765    4.615    8.086    9.764   10.309   10.970
            0.060000  0.200000  0.470000
   -4.679    2.028    3.724    4.560    8.056    9.765   10.305   11.054
            0.060000  0.200000  0.480000
   -4.640    1.963    3.683    4.506    8.026    9.749   10.319   11.138
            0.060000  0.200000  0.490000
   -4.601    1.897    3.643    4.453    7.996    9.718   10.349   11.223
            0.060000  0.200000  0.500000
   -4.560    1.831    3.603    4.399    7.967    9.677   10.391   11.309
            0.060000  0.200000  0.510000
   -4.519    1.766    3.564    4.347    7.938    9.629   10.441   11.395
            0.060000  0.200000  0.520000
   -4.477    1.699    3.525    4.294    7.909    9.576   10.497   11.481
            0.060000  0.200000  0.530000
   -4.435    1.633    3.487    4.243    7.881    9.521   10.557   11.568
            0.060000  0.200000  0.540000
   -4.391    1.567    3.450    4.192    7.853    9.464   10.620   11.655
            0.060000  0.200000  0.550000
   -4.347    1.500    3.412    4.142    7.826    9.406   10.686   11.743
            0.060000  0.200000  0.560000
   -4.302    1.433    3.376    4.093    7.800    9.349   10.753   11.831
            0.060000  0.200000  0.570000
   -4.257    1.365    3.340    4.044    7.773    9.291   10.821   11.920
            0.060000  0.200000  0.580000
   -4.210    1.298    3.305    3.997    7.748    9.233   10.891   12.009
            0.060000  0.200000  0.590000
   -4.163    1.230    3.270    3.951    7.723    9.177   10.961   12.098
            0.060000  0.200000  0.600000
   -4.116    1.162    3.236    3.905    7.698    9.120   11.032   12.187
            0.060000  0.200000  0.610000
   -4.067    1.093    3.202    3.861    7.674    9.065   11.104   12.277
            0.060000  0.200000  0.620000
   -4.018    1.025    3.169    3.817    7.651    9.011   11.177   12.367
            0.060000  0.200000  0.630000
   -3.968    0.956    3.137    3.775    7.628    8.958   11.250   12.458
            0.060000  0.200000  0.640000
   -3.917    0.887    3.105    3.733    7.606    8.905   11.324   12.549
            0.060000  0.200000  0.650000
   -3.866    0.817    3.074    3.693    7.585    8.854   11.398   12.640
            0.060000  0.200000  0.660000
   -3.814    0.747    3.044    3.654    7.564    8.804   11.473   12.731
            0.060000  0.200000  0.670000
   -3.762    0.677    3.014    3.617    7.543    8.755   11.549   12.822
            0.060000  0.200000  0.680000
   -3.708    0.607    2.986    3.580    7.524    8.708   11.625   12.914
            0.060000  0.200000  0.690000
   -3.654    0.536    2.957    3.544    7.505    8.661   11.701   13.006
            0.060000  0.200000  0.700000
   -3.600    0.465    2.930    3.510    7.486    8.616   11.778   13.098
            0.060000  0.200000  0.710000
   -3.545    0.394    2.903    3.477    7.469    8.572   11.855   13.190
            0.060000  0.200000  0.720000
   -3.489    0.323    2.877    3.445    7.452    8.530   11.933   13.283
            0.060000  0.200000  0.730000
   -3.432    0.251    2.852    3.414    7.435    8.489   12.011   13.375
            0.060000  0.200000  0.740000
   -3.375    0.180    2.827    3.385    7.420    8.449   12.089   13.468
            0.060000  0.200000  0.750000
   -3.317    0.108    2.804    3.357    7.405    8.411   12.168   13.561
            0.060000  0.200000  0.760000
   -3.259    0.036    2.781    3.329    7.390    8.373   12.248   13.654
            0.060000  0.200000  0.770000
   -3.200   -0.036    2.759    3.304    7.376    8.338   12.328   13.746
            0.060000  0.200000  0.780000
   -3.140   -0.108    2.738    3.279    7.363    8.303   12.408   13.839
            0.060000  0.200000  0.790000
   -3.080   -0.181    2.717    3.255    7.351    8.270   12.489   13.932
            0.060000  0.200000  0.800000
   -3.020   -0.253    2.698    3.233    7.339    8.239   12.570   14.024
            0.060000  0.200000  0.810000
   -2.958   -0.326    2.679    3.211    7.328    8.209   12.651   14.116
            0.060000  0.200000  0.820000
   -2.897   -0.398    2.662    3.191    7.318    8.180   12.733   14.207
            0.060000  0.200000  0.830000
   -2.834   -0.471    2.645    3.172    7.308    8.153   12.816   14.298
            0.060000  0.200000  0.840000
   -2.771   -0.544    2.629    3.155    7.298    8.127   12.898   14.387
            0.060000  0.200000  0.850000
   -2.708   -0.616    2.614    3.138    7.290    8.103   12.982   14.474
            0.060000  0.200000  0.860000
   -2.644   -0.688    2.600    3.122    7.282    8.080   13.065   14.559
            0.060000  0.200000  0.870000
   -2.580   -0.761    2.587    3.108    7.275    8.059   13.149   14.640
            0.060000  0.200000  0.880000
   -2.515   -0.833    2.575    3.094    7.268    8.039   13.234   14.714
            0.060000  0.200000  0.890000
   -2.450   -0.905    2.563    3.082    7.262    8.021   13.318   14.778
            0.060000  0.200000  0.900000
   -2.384   -0.977    2.553    3.071    7.256    8.004   13.403   14.825
            0.060000  0.200000  0.910000
   -2.318   -1.049    2.544    3.061    7.251    7.989   13.489   14.847
            0.060000  0.200000  0.920000
   -2.252   -1.120    2.535    3.052    7.246    7.976   13.574   14.840
            0.060000  0.200000  0.930000
   -2.186   -1.191    2.528    3.044    7.243    7.964   13.660   14.805
            0.060000  0.200000  0.940000
   -2.119   -1.262    2.522    3.037    7.239    7.953   13.745   14.752
            0.060000  0.200000  0.950000
   -2.053   -1.332    2.516    3.031    7.236    7.944   13.831   14.686
            0.060000  0.200000  0.960000
   -1.986   -1.401    2.512    3.026    7.234    7.937   13.916   14.613
            0.060000  0.200000  0.970000
   -1.921   -1.468    2.508    3.023    7.232    7.932   14.000   14.536
            0.060000  0.200000  0.980000
   -1.859   -1.532    2.506    3.020    7.231    7.928   14.081   14.460
            0.060000  0.200000  0.990000
   -1.806   -1.586    2.504    3.018    7.230    7.925   14.153   14.390
            0.060000  0.200000  1.000000
   -1.781   -1.612    2.504    3.018    7.230    7.924   14.190   14.353
