 &plot nbnd=   8, nks=   101 /
            0.620000  0.060000  0.000000
   -4.160    1.357    3.637    3.709    6.891    8.315   12.438   12.626
            0.620000  0.060000  0.010000
   -4.159    1.357    3.635    3.710    6.893    8.317   12.437   12.620
            0.620000  0.060000  0.020000
   -4.158    1.354    3.630    3.711    6.900    8.323   12.435   12.605
            0.620000  0.060000  0.030000
   -4.157    1.349    3.623    3.713    6.910    8.332   12.431   12.580
            0.620000  0.060000  0.040000
   -4.154    1.343    3.612    3.715    6.925    8.345   12.423   12.548
            0.620000  0.060000  0.050000
   -4.151    1.335    3.599    3.718    6.944    8.362   12.408   12.514
            0.620000  0.060000  0.060000
   -4.147    1.325    3.583    3.722    6.968    8.382   12.378   12.485
            0.620000  0.060000  0.070000
   -4.142    1.313    3.565    3.725    6.995    8.406   12.331   12.466
            0.620000  0.060000  0.080000
   -4.137    1.299    3.545    3.730    7.026    8.433   12.269   12.455
            0.620000  0.060000  0.090000
   -4.131    1.284    3.522    3.734    7.061    8.464   12.198   12.447
            0.620000  0.060000  0.100000
   -4.124    1.268    3.497    3.739    7.099    8.499   12.121   12.440
            0.620000  0.060000  0.110000
   -4.117    1.249    3.471    3.745    7.141    8.536   12.038   12.434
            0.620000  0.060000  0.120000
   -4.108    1.230    3.443    3.751    7.186    8.577   11.951   12.427
            0.620000  0.060000  0.130000
   -4.099    1.208    3.413    3.758    7.234    8.621   11.862   12.421
            0.620000  0.060000  0.140000
   -4.090    1.186    3.381    3.765    7.286    8.668   11.769   12.414
            0.620000  0.060000  0.150000
   -4.080    1.162    3.349    3.772    7.340    8.718   11.674   12.407
            0.620000  0.060000  0.160000
   -4.069    1.137    3.315    3.780    7.397    8.771   11.577   12.400
            0.620000  0.060000  0.170000
   -4.057    1.110    3.280    3.789    7.457    8.827   11.479   12.392
            0.620000  0.060000  0.180000
   -4.045    1.083    3.244    3.798    7.519    8.886   11.379   12.384
            0.620000  0.060000  0.190000
   -4.032    1.054    3.207    3.807    7.584    8.947   11.278   12.376
            0.620000  0.060000  0.200000
   -4.018    1.025    3.169    3.817    7.651    9.011   11.177   12.367
            0.620000  0.060000  0.210000
   -4.004    0.994    3.131    3.827    7.720    9.077   11.075   12.358
            0.620000  0.060000  0.220000
   -3.988    0.963    3.092    3.838    7.792    9.146   10.972   12.349
            0.620000  0.060000  0.230000
   -3.973    0.931    3.053    3.850    7.865    9.217   10.869   12.339
            0.620000  0.060000  0.240000
   -3.956    0.898    3.014    3.861    7.941    9.290   10.766   12.329
            0.620000  0.060000  0.250000
   -3.939    0.864    2.974    3.873    8.018    9.365   10.662   12.318
            0.620000  0.060000  0.260000
   -3.922    0.830    2.935    3.886    8.097    9.443   10.559   12.307
            0.620000  0.060000  0.270000
   -3.903    0.796    2.895    3.898    8.178    9.522   10.456   12.296
            0.620000  0.060000  0.280000
   -3.884    0.760    2.855    3.911    8.261    9.604   10.353   12.284
            0.620000  0.060000  0.290000
   -3.865    0.725    2.815    3.925    8.345    9.687   10.251   12.272
            0.620000  0.060000  0.300000
   -3.845    0.689    2.775    3.938    8.431    9.772   10.149   12.260
            0.620000  0.060000  0.310000
   -3.824    0.652    2.736    3.952    8.518    9.858   10.049   12.247
            0.620000  0.060000  0.320000
   -3.802    0.616    2.696    3.966    8.606    9.929    9.965   12.234
            0.620000  0.060000  0.330000
   -3.780    0.579    2.657    3.980    8.696    9.845   10.040   12.221
            0.620000  0.060000  0.340000
   -3.758    0.541    2.619    3.994    8.788    9.746   10.131   12.208
            0.620000  0.060000  0.350000
   -3.735    0.504    2.580    4.008    8.880    9.649   10.224   12.194
            0.620000  0.060000  0.360000
   -3.711    0.467    2.542    4.022    8.973    9.552   10.318   12.180
            0.620000  0.060000  0.370000
   -3.687    0.429    2.505    4.036    9.067    9.457   10.414   12.167
            0.620000  0.060000  0.380000
   -3.662    0.391    2.468    4.050    9.160    9.365   10.512   12.152
            0.620000  0.060000  0.390000
   -3.636    0.354    2.432    4.063    9.228    9.301   10.610   12.138
            0.620000  0.060000  0.400000
   -3.610    0.316    2.396    4.077    9.166    9.369   10.710   12.124
            0.620000  0.060000  0.410000
   -3.584    0.279    2.361    4.089    9.079    9.466   10.811   12.109
            0.620000  0.060000  0.420000
   -3.557    0.241    2.326    4.102    8.991    9.565   10.913   12.095
            0.620000  0.060000  0.430000
   -3.530    0.204    2.292    4.113    8.905    9.666   11.015   12.081
            0.620000  0.060000  0.440000
   -3.502    0.167    2.259    4.125    8.820    9.767   11.118   12.067
            0.620000  0.060000  0.450000
   -3.473    0.130    2.227    4.135    8.737    9.870   11.222   12.054
            0.620000  0.060000  0.460000
   -3.444    0.093    2.196    4.144    8.656    9.974   11.326   12.042
            0.620000  0.060000  0.470000
   -3.415    0.056    2.165    4.153    8.577   10.079   11.429   12.031
            0.620000  0.060000  0.480000
   -3.385    0.019    2.135    4.160    8.501   10.184   11.530   12.023
            0.620000  0.060000  0.490000
   -3.355   -0.017    2.106    4.166    8.428   10.290   11.627   12.020
            0.620000  0.060000  0.500000
   -3.325   -0.053    2.078    4.171    8.357   10.397   11.715   12.027
            0.620000  0.060000  0.510000
   -3.294   -0.089    2.051    4.174    8.290   10.504   11.783   12.054
            0.620000  0.060000  0.520000
   -3.263   -0.124    2.024    4.175    8.225   10.612   11.823   12.110
            0.620000  0.060000  0.530000
   -3.231   -0.159    1.999    4.175    8.163   10.721   11.837   12.192
            0.620000  0.060000  0.540000
   -3.199   -0.194    1.975    4.173    8.105   10.829   11.838   12.288
            0.620000  0.060000  0.550000
   -3.167   -0.229    1.952    4.169    8.051   10.938   11.832   12.391
            0.620000  0.060000  0.560000
   -3.135   -0.263    1.929    4.163    8.000   11.047   11.822   12.497
            0.620000  0.060000  0.570000
   -3.102   -0.297    1.908    4.155    7.952   11.156   11.810   12.604
            0.620000  0.060000  0.580000
   -3.069   -0.330    1.888    4.144    7.909   11.265   11.797   12.707
            0.620000  0.060000  0.590000
   -3.036   -0.363    1.869    4.131    7.870   11.373   11.785   12.802
            0.620000  0.060000  0.600000
   -3.003   -0.396    1.852    4.115    7.835   11.478   11.774   12.869
            0.620000  0.060000  0.610000
   -2.969   -0.428    1.835    4.097    7.804   11.575   11.768   12.877
            0.620000  0.060000  0.620000
   -2.936   -0.460    1.820    4.077    7.777   11.649   11.785   12.827
            0.620000  0.060000  0.630000
   -2.902   -0.492    1.806    4.054    7.754   11.673   11.849   12.752
            0.620000  0.060000  0.640000
   -2.868   -0.523    1.793    4.028    7.736   11.668   11.937   12.672
            0.620000  0.060000  0.650000
   -2.835   -0.554    1.782    4.000    7.722   11.653   12.026   12.596
            0.620000  0.060000  0.660000
   -2.801   -0.584    1.771    3.969    7.712   11.635   12.101   12.535
            0.620000  0.060000  0.670000
   -2.767   -0.614    1.762    3.936    7.706   11.614   12.144   12.507
            0.620000  0.060000  0.680000
   -2.733   -0.644    1.755    3.901    7.704   11.589   12.137   12.528
            0.620000  0.060000  0.690000
   -2.700   -0.673    1.749    3.863    7.707   11.561   12.092   12.586
            0.620000  0.060000  0.700000
   -2.666   -0.702    1.744    3.824    7.713   11.529   12.031   12.655
            0.620000  0.060000  0.710000
   -2.633   -0.730    1.740    3.783    7.723   11.491   11.967   12.718
            0.620000  0.060000  0.720000
   -2.600   -0.758    1.739    3.739    7.737   11.446   11.906   12.761
            0.620000  0.060000  0.730000
   -2.566   -0.786    1.738    3.694    7.754   11.393   11.852   12.783
            0.620000  0.060000  0.740000
   -2.534   -0.813    1.739    3.648    7.775   11.332   11.805   12.787
            0.620000  0.060000  0.750000
   -2.501   -0.839    1.741    3.600    7.799   11.263   11.765   12.781
            0.620000  0.060000  0.760000
   -2.469   -0.865    1.745    3.552    7.826   11.189   11.732   12.770
            0.620000  0.060000  0.770000
   -2.437   -0.891    1.751    3.502    7.857   11.109   11.704   12.756
            0.620000  0.060000  0.780000
   -2.406   -0.917    1.758    3.451    7.890   11.026   11.680   12.741
            0.620000  0.060000  0.790000
   -2.375   -0.941    1.766    3.399    7.926   10.941   11.659   12.725
            0.620000  0.060000  0.800000
   -2.344   -0.966    1.777    3.347    7.965   10.854   11.641   12.709
            0.620000  0.060000  0.810000
   -2.315   -0.990    1.788    3.295    8.006   10.766   11.626   12.693
            0.620000  0.060000  0.820000
   -2.285   -1.013    1.801    3.242    8.050   10.678   11.611   12.678
            0.620000  0.060000  0.830000
   -2.257   -1.036    1.816    3.189    8.096   10.589   11.599   12.663
            0.620000  0.060000  0.840000
   -2.229   -1.058    1.832    3.136    8.144   10.501   11.587   12.648
            0.620000  0.060000  0.850000
   -2.202   -1.080    1.850    3.083    8.195   10.412   11.577   12.635
            0.620000  0.060000  0.860000
   -2.175   -1.100    1.869    3.031    8.247   10.324   11.567   12.622
            0.620000  0.060000  0.870000
   -2.150   -1.121    1.890    2.978    8.302   10.236   11.559   12.610
            0.620000  0.060000  0.880000
   -2.126   -1.140    1.912    2.927    8.358   10.149   11.551   12.599
            0.620000  0.060000  0.890000
   -2.103   -1.159    1.936    2.875    8.416   10.063   11.544   12.588
            0.620000  0.060000  0.900000
   -2.081   -1.176    1.961    2.825    8.476    9.977   11.537   12.579
            0.620000  0.060000  0.910000
   -2.061   -1.193    1.987    2.776    8.538    9.892   11.531   12.570
            0.620000  0.060000  0.920000
   -2.042   -1.208    2.014    2.728    8.601    9.809   11.526   12.562
            0.620000  0.060000  0.930000
   -2.025   -1.222    2.042    2.681    8.666    9.726   11.522   12.556
            0.620000  0.060000  0.940000
   -2.009   -1.235    2.071    2.636    8.732    9.644   11.518   12.550
            0.620000  0.060000  0.950000
   -1.996   -1.246    2.100    2.594    8.799    9.563   11.515   12.545
            0.620000  0.060000  0.960000
   -1.985   -1.255    2.128    2.554    8.867    9.484   11.512   12.540
            0.620000  0.060000  0.970000
   -1.976   -1.262    2.155    2.519    8.935    9.407   11.510   12.537
            0.620000  0.060000  0.980000
   -1.969   -1.268    2.178    2.490    9.003    9.334   11.509   12.535
            0.620000  0.060000  0.990000
   -1.966   -1.271    2.194    2.470    9.066    9.268   11.508   12.533
            0.620000  0.060000  1.000000
   -1.964   -1.272    2.199    2.463    9.099    9.233   11.508   12.533
