 &plot nbnd=   8, nks=   101 /
            0.040000  0.760000  0.000000
   -3.385    0.178    3.345    3.365    6.639    7.514   13.796   13.904
            0.040000  0.760000  0.010000
   -3.385    0.177    3.340    3.368    6.641    7.516   13.796   13.897
            0.040000  0.760000  0.020000
   -3.384    0.176    3.328    3.374    6.648    7.522   13.796   13.876
            0.040000  0.760000  0.030000
   -3.382    0.175    3.313    3.379    6.659    7.533   13.795   13.843
            0.040000  0.760000  0.040000
   -3.380    0.172    3.296    3.382    6.674    7.548   13.787   13.805
            0.040000  0.760000  0.050000
   -3.377    0.170    3.277    3.384    6.694    7.567   13.736   13.797
            0.040000  0.760000  0.060000
   -3.374    0.166    3.256    3.384    6.719    7.590   13.670   13.796
            0.040000  0.760000  0.070000
   -3.370    0.162    3.233    3.383    6.747    7.617   13.596   13.795
            0.040000  0.760000  0.080000
   -3.365    0.157    3.208    3.380    6.779    7.648   13.514   13.794
            0.040000  0.760000  0.090000
   -3.360    0.152    3.182    3.376    6.815    7.682   13.425   13.793
            0.040000  0.760000  0.100000
   -3.354    0.146    3.154    3.371    6.855    7.721   13.332   13.792
            0.040000  0.760000  0.110000
   -3.348    0.139    3.125    3.365    6.899    7.763   13.234   13.790
            0.040000  0.760000  0.120000
   -3.341    0.132    3.095    3.358    6.946    7.808   13.133   13.789
            0.040000  0.760000  0.130000
   -3.333    0.124    3.063    3.350    6.997    7.857   13.029   13.788
            0.040000  0.760000  0.140000
   -3.325    0.115    3.031    3.341    7.050    7.909   12.922   13.786
            0.040000  0.760000  0.150000
   -3.316    0.105    2.997    3.333    7.107    7.964   12.813   13.784
            0.040000  0.760000  0.160000
   -3.307    0.095    2.963    3.323    7.167    8.022   12.702   13.782
            0.040000  0.760000  0.170000
   -3.297    0.084    2.928    3.314    7.229    8.083   12.590   13.780
            0.040000  0.760000  0.180000
   -3.286    0.073    2.892    3.305    7.294    8.147   12.476   13.778
            0.040000  0.760000  0.190000
   -3.275    0.061    2.856    3.296    7.362    8.213   12.362   13.776
            0.040000  0.760000  0.200000
   -3.264    0.048    2.819    3.287    7.432    8.282   12.246   13.773
            0.040000  0.760000  0.210000
   -3.252    0.034    2.782    3.278    7.505    8.353   12.131   13.771
            0.040000  0.760000  0.220000
   -3.239    0.020    2.745    3.270    7.579    8.427   12.014   13.768
            0.040000  0.760000  0.230000
   -3.226    0.005    2.707    3.262    7.656    8.503   11.898   13.765
            0.040000  0.760000  0.240000
   -3.212   -0.010    2.670    3.255    7.735    8.581   11.781   13.762
            0.040000  0.760000  0.250000
   -3.198   -0.027    2.632    3.248    7.816    8.661   11.664   13.759
            0.040000  0.760000  0.260000
   -3.183   -0.043    2.595    3.243    7.898    8.742   11.547   13.756
            0.040000  0.760000  0.270000
   -3.168   -0.061    2.557    3.238    7.983    8.826   11.430   13.753
            0.040000  0.760000  0.280000
   -3.152   -0.079    2.520    3.234    8.069    8.911   11.314   13.749
            0.040000  0.760000  0.290000
   -3.136   -0.098    2.483    3.230    8.157    8.998   11.198   13.745
            0.040000  0.760000  0.300000
   -3.119   -0.117    2.447    3.228    8.246    9.087   11.082   13.742
            0.040000  0.760000  0.310000
   -3.102   -0.137    2.410    3.227    8.337    9.176   10.967   13.738
            0.040000  0.760000  0.320000
   -3.085   -0.157    2.375    3.226    8.429    9.267   10.853   13.734
            0.040000  0.760000  0.330000
   -3.067   -0.178    2.339    3.227    8.523    9.359   10.741   13.729
            0.040000  0.760000  0.340000
   -3.048   -0.199    2.305    3.229    8.618    9.451   10.629   13.725
            0.040000  0.760000  0.350000
   -3.030   -0.221    2.270    3.231    8.714    9.542   10.521   13.720
            0.040000  0.760000  0.360000
   -3.010   -0.243    2.237    3.235    8.812    9.632   10.416   13.716
            0.040000  0.760000  0.370000
   -2.991   -0.266    2.204    3.239    8.911    9.717   10.318   13.711
            0.040000  0.760000  0.380000
   -2.971   -0.289    2.172    3.245    9.010    9.789   10.235   13.706
            0.040000  0.760000  0.390000
   -2.951   -0.312    2.140    3.251    9.111    9.828   10.188   13.701
            0.040000  0.760000  0.400000
   -2.931   -0.336    2.110    3.259    9.212    9.811   10.199   13.696
            0.040000  0.760000  0.410000
   -2.910   -0.360    2.080    3.267    9.314    9.747   10.260   13.691
            0.040000  0.760000  0.420000
   -2.889   -0.384    2.051    3.276    9.413    9.664   10.345   13.684
            0.040000  0.760000  0.430000
   -2.868   -0.409    2.023    3.286    9.488    9.597   10.441   13.614
            0.040000  0.760000  0.440000
   -2.846   -0.433    1.996    3.297    9.441    9.650   10.542   13.493
            0.040000  0.760000  0.450000
   -2.824   -0.458    1.971    3.308    9.348    9.749   10.646   13.371
            0.040000  0.760000  0.460000
   -2.802   -0.483    1.946    3.320    9.249    9.855   10.753   13.250
            0.040000  0.760000  0.470000
   -2.780   -0.508    1.922    3.333    9.149    9.962   10.862   13.130
            0.040000  0.760000  0.480000
   -2.758   -0.533    1.899    3.346    9.049   10.070   10.972   13.010
            0.040000  0.760000  0.490000
   -2.736   -0.558    1.877    3.360    8.950   10.179   11.083   12.892
            0.040000  0.760000  0.500000
   -2.713   -0.583    1.857    3.374    8.853   10.289   11.196   12.775
            0.040000  0.760000  0.510000
   -2.691   -0.608    1.838    3.388    8.756   10.399   11.309   12.659
            0.040000  0.760000  0.520000
   -2.668   -0.633    1.820    3.403    8.661   10.509   11.422   12.546
            0.040000  0.760000  0.530000
   -2.645   -0.658    1.803    3.418    8.567   10.619   11.535   12.434
            0.040000  0.760000  0.540000
   -2.623   -0.683    1.788    3.433    8.476   10.728   11.648   12.327
            0.040000  0.760000  0.550000
   -2.600   -0.707    1.773    3.448    8.386   10.836   11.756   12.227
            0.040000  0.760000  0.560000
   -2.578   -0.732    1.761    3.463    8.298   10.941   11.851   12.145
            0.040000  0.760000  0.570000
   -2.555   -0.756    1.749    3.477    8.212   11.042   11.894   12.121
            0.040000  0.760000  0.580000
   -2.533   -0.781    1.739    3.492    8.128   11.135   11.859   12.186
            0.040000  0.760000  0.590000
   -2.510   -0.805    1.731    3.505    8.046   11.210   11.805   12.288
            0.040000  0.760000  0.600000
   -2.488   -0.828    1.724    3.519    7.967   11.253   11.774   12.401
            0.040000  0.760000  0.610000
   -2.466   -0.852    1.718    3.531    7.891   11.250   11.788   12.517
            0.040000  0.760000  0.620000
   -2.445   -0.875    1.714    3.543    7.817   11.203   11.844   12.635
            0.040000  0.760000  0.630000
   -2.423   -0.898    1.711    3.554    7.747   11.130   11.928   12.753
            0.040000  0.760000  0.640000
   -2.402   -0.921    1.710    3.563    7.679   11.042   12.026   12.870
            0.040000  0.760000  0.650000
   -2.381   -0.943    1.711    3.571    7.615   10.947   12.132   12.985
            0.040000  0.760000  0.660000
   -2.360   -0.965    1.713    3.578    7.554   10.849   12.242   13.097
            0.040000  0.760000  0.670000
   -2.339   -0.987    1.716    3.584    7.496   10.749   12.354   13.201
            0.040000  0.760000  0.680000
   -2.319   -1.008    1.721    3.587    7.442   10.648   12.468   13.294
            0.040000  0.760000  0.690000
   -2.300   -1.029    1.728    3.589    7.392   10.547   12.583   13.368
            0.040000  0.760000  0.700000
   -2.280   -1.050    1.736    3.589    7.346   10.445   12.697   13.420
            0.040000  0.760000  0.710000
   -2.261   -1.070    1.746    3.586    7.304   10.344   12.810   13.455
            0.040000  0.760000  0.720000
   -2.243   -1.090    1.758    3.582    7.266   10.243   12.921   13.480
            0.040000  0.760000  0.730000
   -2.224   -1.109    1.771    3.575    7.233   10.143   13.028   13.501
            0.040000  0.760000  0.740000
   -2.207   -1.128    1.786    3.566    7.204   10.044   13.129   13.525
            0.040000  0.760000  0.750000
   -2.189   -1.146    1.802    3.554    7.179    9.945   13.217   13.557
            0.040000  0.760000  0.760000
   -2.173   -1.164    1.820    3.540    7.159    9.847   13.287   13.605
            0.040000  0.760000  0.770000
   -2.156   -1.182    1.840    3.523    7.143    9.750   13.336   13.672
            0.040000  0.760000  0.780000
   -2.141   -1.199    1.861    3.504    7.132    9.654   13.367   13.753
            0.040000  0.760000  0.790000
   -2.125   -1.215    1.884    3.482    7.126    9.559   13.385   13.841
            0.040000  0.760000  0.800000
   -2.110   -1.231    1.908    3.458    7.124    9.465   13.396   13.929
            0.040000  0.760000  0.810000
   -2.096   -1.246    1.934    3.431    7.126    9.372   13.404   14.008
            0.040000  0.760000  0.820000
   -2.083   -1.261    1.961    3.403    7.133    9.280   13.408   14.072
            0.040000  0.760000  0.830000
   -2.069   -1.275    1.990    3.372    7.143    9.190   13.411   14.117
            0.040000  0.760000  0.840000
   -2.057   -1.289    2.020    3.339    7.158    9.100   13.413   14.145
            0.040000  0.760000  0.850000
   -2.045   -1.302    2.051    3.304    7.177    9.012   13.415   14.158
            0.040000  0.760000  0.860000
   -2.034   -1.314    2.084    3.268    7.200    8.924   13.416   14.164
            0.040000  0.760000  0.870000
   -2.023   -1.326    2.118    3.230    7.227    8.839   13.416   14.164
            0.040000  0.760000  0.880000
   -2.013   -1.336    2.153    3.190    7.257    8.754   13.416   14.161
            0.040000  0.760000  0.890000
   -2.004   -1.347    2.189    3.149    7.290    8.671   13.417   14.157
            0.040000  0.760000  0.900000
   -1.995   -1.356    2.227    3.107    7.327    8.589   13.417   14.152
            0.040000  0.760000  0.910000
   -1.987   -1.365    2.265    3.064    7.367    8.509   13.417   14.147
            0.040000  0.760000  0.920000
   -1.980   -1.373    2.305    3.021    7.410    8.430   13.417   14.141
            0.040000  0.760000  0.930000
   -1.974   -1.380    2.345    2.977    7.456    8.353   13.416   14.137
            0.040000  0.760000  0.940000
   -1.968   -1.386    2.386    2.932    7.504    8.277   13.416   14.132
            0.040000  0.760000  0.950000
   -1.963   -1.391    2.428    2.887    7.555    8.203   13.416   14.128
            0.040000  0.760000  0.960000
   -1.959   -1.396    2.471    2.842    7.608    8.132   13.416   14.125
            0.040000  0.760000  0.970000
   -1.956   -1.399    2.513    2.798    7.663    8.063   13.416   14.122
            0.040000  0.760000  0.980000
   -1.954   -1.401    2.555    2.754    7.718    7.997   13.416   14.120
            0.040000  0.760000  0.990000
   -1.953   -1.403    2.593    2.715    7.770    7.939   13.416   14.119
            0.040000  0.760000  1.000000
   -1.952   -1.403    2.613    2.695    7.799    7.908   13.416   14.118
