 &plot nbnd=   8, nks=   101 /
            0.520000  0.320000  0.000000
   -4.256    1.258    2.916    4.549    8.943    9.418   10.353   11.404
            0.520000  0.320000  0.010000
   -4.256    1.255    2.919    4.549    8.940    9.419   10.356   11.400
            0.520000  0.320000  0.020000
   -4.255    1.247    2.928    4.548    8.931    9.421   10.367   11.389
            0.520000  0.320000  0.030000
   -4.253    1.234    2.943    4.548    8.915    9.423   10.386   11.371
            0.520000  0.320000  0.040000
   -4.251    1.216    2.963    4.547    8.895    9.426   10.411   11.347
            0.520000  0.320000  0.050000
   -4.248    1.193    2.988    4.546    8.871    9.429   10.442   11.317
            0.520000  0.320000  0.060000
   -4.244    1.166    3.017    4.545    8.842    9.431   10.479   11.282
            0.520000  0.320000  0.070000
   -4.240    1.135    3.051    4.544    8.811    9.434   10.521   11.244
            0.520000  0.320000  0.080000
   -4.235    1.101    3.089    4.542    8.778    9.436   10.567   11.202
            0.520000  0.320000  0.090000
   -4.229    1.065    3.130    4.541    8.743    9.437   10.615   11.159
            0.520000  0.320000  0.100000
   -4.223    1.026    3.173    4.539    8.708    9.438   10.664   11.116
            0.520000  0.320000  0.110000
   -4.216    0.984    3.219    4.537    8.671    9.438   10.712   11.077
            0.520000  0.320000  0.120000
   -4.209    0.941    3.268    4.534    8.634    9.437   10.751   11.048
            0.520000  0.320000  0.130000
   -4.201    0.897    3.317    4.531    8.597    9.436   10.770   11.040
            0.520000  0.320000  0.140000
   -4.192    0.851    3.369    4.528    8.561    9.433   10.763   11.061
            0.520000  0.320000  0.150000
   -4.183    0.805    3.421    4.525    8.525    9.430   10.732   11.107
            0.520000  0.320000  0.160000
   -4.173    0.758    3.474    4.521    8.489    9.426   10.690   11.167
            0.520000  0.320000  0.170000
   -4.162    0.710    3.528    4.517    8.455    9.421   10.641   11.235
            0.520000  0.320000  0.180000
   -4.151    0.661    3.582    4.513    8.421    9.415   10.590   11.309
            0.520000  0.320000  0.190000
   -4.139    0.613    3.637    4.508    8.389    9.409   10.537   11.386
            0.520000  0.320000  0.200000
   -4.127    0.564    3.691    4.503    8.357    9.401   10.484   11.466
            0.520000  0.320000  0.210000
   -4.114    0.516    3.745    4.498    8.327    9.392   10.432   11.548
            0.520000  0.320000  0.220000
   -4.101    0.467    3.798    4.493    8.299    9.383   10.381   11.632
            0.520000  0.320000  0.230000
   -4.087    0.419    3.850    4.487    8.272    9.372   10.331   11.718
            0.520000  0.320000  0.240000
   -4.072    0.370    3.901    4.482    8.246    9.360   10.282   11.805
            0.520000  0.320000  0.250000
   -4.057    0.323    3.951    4.476    8.222    9.347   10.235   11.893
            0.520000  0.320000  0.260000
   -4.042    0.275    3.999    4.471    8.199    9.334   10.190   11.982
            0.520000  0.320000  0.270000
   -4.026    0.228    4.044    4.467    8.177    9.320   10.147   12.073
            0.520000  0.320000  0.280000
   -4.009    0.182    4.087    4.463    8.158    9.305   10.106   12.164
            0.520000  0.320000  0.290000
   -3.992    0.136    4.125    4.462    8.139    9.289   10.067   12.256
            0.520000  0.320000  0.300000
   -3.975    0.091    4.159    4.462    8.122    9.274   10.030   12.349
            0.520000  0.320000  0.310000
   -3.957    0.046    4.187    4.467    8.107    9.259    9.994   12.442
            0.520000  0.320000  0.320000
   -3.938    0.002    4.208    4.476    8.093    9.244    9.961   12.535
            0.520000  0.320000  0.330000
   -3.920   -0.041    4.221    4.489    8.080    9.229    9.930   12.629
            0.520000  0.320000  0.340000
   -3.901   -0.083    4.227    4.507    8.068    9.216    9.900   12.723
            0.520000  0.320000  0.350000
   -3.881   -0.125    4.227    4.527    8.057    9.205    9.872   12.817
            0.520000  0.320000  0.360000
   -3.861   -0.165    4.223    4.550    8.048    9.195    9.845   12.910
            0.520000  0.320000  0.370000
   -3.841   -0.205    4.214    4.572    8.039    9.187    9.820   13.003
            0.520000  0.320000  0.380000
   -3.821   -0.243    4.202    4.595    8.032    9.182    9.795   13.095
            0.520000  0.320000  0.390000
   -3.800   -0.281    4.188    4.616    8.026    9.179    9.772   13.186
            0.520000  0.320000  0.400000
   -3.779   -0.317    4.172    4.635    8.020    9.180    9.749   13.275
            0.520000  0.320000  0.410000
   -3.758   -0.353    4.154    4.652    8.016    9.183    9.727   13.363
            0.520000  0.320000  0.420000
   -3.737   -0.387    4.135    4.666    8.013    9.189    9.707   13.447
            0.520000  0.320000  0.430000
   -3.715   -0.420    4.115    4.678    8.011    9.199    9.687   13.528
            0.520000  0.320000  0.440000
   -3.694   -0.452    4.093    4.687    8.010    9.211    9.668   13.604
            0.520000  0.320000  0.450000
   -3.672   -0.483    4.070    4.693    8.011    9.227    9.651   13.675
            0.520000  0.320000  0.460000
   -3.651   -0.512    4.046    4.697    8.013    9.244    9.635   13.740
            0.520000  0.320000  0.470000
   -3.629   -0.541    4.021    4.697    8.016    9.263    9.621   13.798
            0.520000  0.320000  0.480000
   -3.607   -0.567    3.995    4.694    8.021    9.282    9.611   13.847
            0.520000  0.320000  0.490000
   -3.586   -0.593    3.968    4.688    8.028    9.301    9.605   13.889
            0.520000  0.320000  0.500000
   -3.565   -0.617    3.940    4.680    8.037    9.316    9.605   13.924
            0.520000  0.320000  0.510000
   -3.543   -0.639    3.911    4.669    8.047    9.327    9.614   13.951
            0.520000  0.320000  0.520000
   -3.522   -0.660    3.881    4.655    8.059    9.332    9.631   13.972
            0.520000  0.320000  0.530000
   -3.502   -0.679    3.850    4.639    8.074    9.331    9.658   13.988
            0.520000  0.320000  0.540000
   -3.481   -0.697    3.818    4.621    8.090    9.325    9.693   13.999
            0.520000  0.320000  0.550000
   -3.461   -0.713    3.785    4.601    8.108    9.315    9.734   14.007
            0.520000  0.320000  0.560000
   -3.441   -0.728    3.751    4.579    8.129    9.302    9.781   14.011
            0.520000  0.320000  0.570000
   -3.422   -0.740    3.715    4.555    8.151    9.287    9.833   14.012
            0.520000  0.320000  0.580000
   -3.403   -0.751    3.679    4.530    8.175    9.270    9.888   14.010
            0.520000  0.320000  0.590000
   -3.385   -0.761    3.641    4.504    8.201    9.253    9.947   14.006
            0.520000  0.320000  0.600000
   -3.367   -0.768    3.602    4.477    8.229    9.235   10.009   13.997
            0.520000  0.320000  0.610000
   -3.350   -0.774    3.562    4.449    8.258    9.217   10.073   13.984
            0.520000  0.320000  0.620000
   -3.333   -0.778    3.520    4.421    8.290    9.198   10.139   13.966
            0.520000  0.320000  0.630000
   -3.317   -0.780    3.477    4.392    8.323    9.180   10.207   13.940
            0.520000  0.320000  0.640000
   -3.302   -0.780    3.433    4.364    8.357    9.162   10.277   13.904
            0.520000  0.320000  0.650000
   -3.288   -0.778    3.388    4.335    8.393    9.145   10.349   13.855
            0.520000  0.320000  0.660000
   -3.274   -0.775    3.342    4.306    8.430    9.128   10.422   13.793
            0.520000  0.320000  0.670000
   -3.261   -0.770    3.295    4.278    8.468    9.112   10.496   13.721
            0.520000  0.320000  0.680000
   -3.248   -0.763    3.246    4.251    8.507    9.096   10.572   13.641
            0.520000  0.320000  0.690000
   -3.236   -0.754    3.197    4.224    8.546    9.083   10.649   13.556
            0.520000  0.320000  0.700000
   -3.225   -0.743    3.146    4.197    8.585    9.071   10.727   13.468
            0.520000  0.320000  0.710000
   -3.215   -0.731    3.095    4.172    8.624    9.061   10.805   13.378
            0.520000  0.320000  0.720000
   -3.206   -0.717    3.043    4.147    8.661    9.055   10.885   13.286
            0.520000  0.320000  0.730000
   -3.197   -0.702    2.991    4.123    8.695    9.054   10.965   13.194
            0.520000  0.320000  0.740000
   -3.189   -0.685    2.938    4.099    8.725    9.058   11.046   13.100
            0.520000  0.320000  0.750000
   -3.181   -0.667    2.884    4.077    8.750    9.070   11.127   13.007
            0.520000  0.320000  0.760000
   -3.174   -0.647    2.831    4.056    8.767    9.090   11.209   12.914
            0.520000  0.320000  0.770000
   -3.168   -0.627    2.777    4.035    8.778    9.118   11.290   12.821
            0.520000  0.320000  0.780000
   -3.163   -0.605    2.723    4.015    8.783    9.155   11.372   12.729
            0.520000  0.320000  0.790000
   -3.157   -0.582    2.670    3.997    8.783    9.197   11.454   12.637
            0.520000  0.320000  0.800000
   -3.153   -0.558    2.617    3.979    8.781    9.244   11.535   12.546
            0.520000  0.320000  0.810000
   -3.149   -0.533    2.564    3.962    8.776    9.295   11.616   12.457
            0.520000  0.320000  0.820000
   -3.145   -0.508    2.512    3.946    8.769    9.349   11.694   12.370
            0.520000  0.320000  0.830000
   -3.142   -0.482    2.461    3.931    8.762    9.405   11.770   12.287
            0.520000  0.320000  0.840000
   -3.139   -0.457    2.411    3.917    8.755    9.462   11.838   12.212
            0.520000  0.320000  0.850000
   -3.137   -0.431    2.363    3.904    8.747    9.522   11.886   12.156
            0.520000  0.320000  0.860000
   -3.135   -0.405    2.316    3.891    8.740    9.582   11.891   12.145
            0.520000  0.320000  0.870000
   -3.133   -0.379    2.270    3.880    8.732    9.644   11.848   12.183
            0.520000  0.320000  0.880000
   -3.131   -0.354    2.227    3.869    8.725    9.706   11.781   12.244
            0.520000  0.320000  0.890000
   -3.130   -0.329    2.185    3.859    8.718    9.768   11.706   12.313
            0.520000  0.320000  0.900000
   -3.129   -0.306    2.147    3.850    8.712    9.831   11.629   12.383
            0.520000  0.320000  0.910000
   -3.128   -0.284    2.110    3.842    8.706    9.893   11.553   12.453
            0.520000  0.320000  0.920000
   -3.127   -0.263    2.077    3.835    8.701    9.955   11.478   12.521
            0.520000  0.320000  0.930000
   -3.127   -0.244    2.047    3.829    8.696   10.015   11.406   12.586
            0.520000  0.320000  0.940000
   -3.126   -0.227    2.020    3.824    8.692   10.073   11.337   12.647
            0.520000  0.320000  0.950000
   -3.126   -0.212    1.997    3.819    8.689   10.128   11.273   12.702
            0.520000  0.320000  0.960000
   -3.125   -0.199    1.978    3.815    8.686   10.178   11.215   12.750
            0.520000  0.320000  0.970000
   -3.125   -0.189    1.962    3.812    8.684   10.221   11.166   12.789
            0.520000  0.320000  0.980000
   -3.125   -0.182    1.951    3.810    8.682   10.255   11.128   12.819
            0.520000  0.320000  0.990000
   -3.125   -0.178    1.945    3.809    8.681   10.277   11.104   12.837
            0.520000  0.320000  1.000000
   -3.125   -0.176    1.943    3.808    8.681   10.285   11.095   12.843
