 &plot nbnd=   8, nks=   101 /
            0.280000 -0.020000 -1.000000
   -1.703   -1.619    2.440    2.626    8.055    8.330   13.235   13.284
            0.280000 -0.020000 -0.980000
   -1.799   -1.522    2.439    2.632    8.054    8.334   13.083   13.438
            0.280000 -0.020000 -0.960000
   -1.926   -1.392    2.436    2.649    8.053    8.347   12.911   13.615
            0.280000 -0.020000 -0.940000
   -2.055   -1.260    2.433    2.676    8.053    8.368   12.740   13.794
            0.280000 -0.020000 -0.920000
   -2.183   -1.127    2.431    2.711    8.052    8.396   12.572   13.973
            0.280000 -0.020000 -0.900000
   -2.310   -0.994    2.432    2.753    8.053    8.431   12.405   14.150
            0.280000 -0.020000 -0.880000
   -2.436   -0.860    2.435    2.801    8.056    8.472   12.242   14.321
            0.280000 -0.020000 -0.860000
   -2.560   -0.727    2.442    2.856    8.061    8.519   12.080   14.465
            0.280000 -0.020000 -0.840000
   -2.682   -0.595    2.452    2.916    8.069    8.571   11.921   14.507
            0.280000 -0.020000 -0.820000
   -2.803   -0.462    2.466    2.982    8.080    8.629   11.765   14.390
            0.280000 -0.020000 -0.800000
   -2.922   -0.331    2.483    3.053    8.093    8.691   11.611   14.214
            0.280000 -0.020000 -0.780000
   -3.039   -0.200    2.504    3.129    8.109    8.759   11.460   14.022
            0.280000 -0.020000 -0.760000
   -3.154   -0.069    2.529    3.210    8.128    8.831   11.312   13.826
            0.280000 -0.020000 -0.740000
   -3.267    0.060    2.558    3.297    8.150    8.908   11.166   13.628
            0.280000 -0.020000 -0.720000
   -3.377    0.188    2.590    3.387    8.175    8.990   11.023   13.429
            0.280000 -0.020000 -0.700000
   -3.486    0.316    2.626    3.482    8.203    9.077   10.883   13.230
            0.280000 -0.020000 -0.680000
   -3.592    0.442    2.666    3.582    8.234    9.168   10.746   13.030
            0.280000 -0.020000 -0.660000
   -3.695    0.568    2.709    3.685    8.267    9.263   10.612   12.832
            0.280000 -0.020000 -0.640000
   -3.796    0.693    2.756    3.791    8.303    9.363   10.481   12.633
            0.280000 -0.020000 -0.620000
   -3.894    0.817    2.806    3.901    8.342    9.466   10.354   12.436
            0.280000 -0.020000 -0.600000
   -3.989    0.940    2.859    4.013    8.383    9.572   10.233   12.239
            0.280000 -0.020000 -0.580000
   -4.082    1.063    2.916    4.127    8.427    9.676   10.120   12.043
            0.280000 -0.020000 -0.560000
   -4.172    1.185    2.976    4.243    8.473    9.765   10.030   11.848
            0.280000 -0.020000 -0.540000
   -4.260    1.306    3.039    4.360    8.521    9.780   10.023   11.654
            0.280000 -0.020000 -0.520000
   -4.344    1.427    3.105    4.477    8.571    9.707   10.111   11.461
            0.280000 -0.020000 -0.500000
   -4.426    1.548    3.174    4.594    8.623    9.611   10.229   11.270
            0.280000 -0.020000 -0.480000
   -4.504    1.669    3.246    4.709    8.676    9.513   10.357   11.081
            0.280000 -0.020000 -0.460000
   -4.580    1.790    3.320    4.823    8.731    9.418   10.490   10.894
            0.280000 -0.020000 -0.440000
   -4.653    1.911    3.398    4.932    8.786    9.327   10.619   10.716
            0.280000 -0.020000 -0.420000
   -4.722    2.031    3.478    5.038    8.842    9.243   10.518   10.772
            0.280000 -0.020000 -0.400000
   -4.789    2.153    3.560    5.138    8.896    9.168   10.339   10.909
            0.280000 -0.020000 -0.380000
   -4.852    2.274    3.644    5.231    8.946    9.106   10.161   11.044
            0.280000 -0.020000 -0.360000
   -4.913    2.396    3.731    5.316    8.971    9.077    9.987   11.174
            0.280000 -0.020000 -0.340000
   -4.970    2.517    3.819    5.391    8.952    9.100    9.818   11.291
            0.280000 -0.020000 -0.320000
   -5.024    2.640    3.908    5.454    8.921    9.142    9.658   11.384
            0.280000 -0.020000 -0.300000
   -5.075    2.762    3.999    5.505    8.897    9.176    9.514   11.438
            0.280000 -0.020000 -0.280000
   -5.122    2.885    4.091    5.543    8.885    9.166    9.419   11.441
            0.280000 -0.020000 -0.260000
   -5.167    3.008    4.183    5.565    8.883    9.081    9.407   11.397
            0.280000 -0.020000 -0.240000
   -5.208    3.130    4.275    5.573    8.875    8.975    9.439   11.324
            0.280000 -0.020000 -0.220000
   -5.246    3.253    4.366    5.566    8.784    8.960    9.483   11.234
            0.280000 -0.020000 -0.200000
   -5.281    3.375    4.456    5.544    8.654    8.997    9.530   11.137
            0.280000 -0.020000 -0.180000
   -5.312    3.496    4.544    5.509    8.524    9.053    9.575   11.035
            0.280000 -0.020000 -0.160000
   -5.340    3.616    4.628    5.463    8.400    9.122    9.619   10.931
            0.280000 -0.020000 -0.140000
   -5.365    3.734    4.708    5.406    8.284    9.201    9.659   10.826
            0.280000 -0.020000 -0.120000
   -5.387    3.850    4.782    5.342    8.178    9.287    9.695   10.720
            0.280000 -0.020000 -0.100000
   -5.405    3.961    4.849    5.272    8.084    9.380    9.727   10.614
            0.280000 -0.020000 -0.080000
   -5.420    4.066    4.908    5.199    8.004    9.476    9.753   10.510
            0.280000 -0.020000 -0.060000
   -5.432    4.162    4.955    5.128    7.939    9.572    9.774   10.409
            0.280000 -0.020000 -0.040000
   -5.440    4.242    4.990    5.065    7.891    9.661    9.788   10.318
            0.280000 -0.020000 -0.020000
   -5.445    4.297    5.007    5.024    7.862    9.732    9.795   10.248
            0.280000 -0.020000  0.000000
   -5.447    4.317    4.998    5.023    7.852    9.765    9.794   10.219
            0.280000 -0.020000  0.020000
   -5.445    4.297    5.007    5.024    7.862    9.732    9.795   10.248
            0.280000 -0.020000  0.040000
   -5.440    4.242    4.990    5.065    7.891    9.661    9.788   10.318
            0.280000 -0.020000  0.060000
   -5.432    4.162    4.955    5.128    7.939    9.572    9.774   10.409
            0.280000 -0.020000  0.080000
   -5.420    4.066    4.908    5.199    8.004    9.476    9.753   10.510
            0.280000 -0.020000  0.100000
   -5.405    3.961    4.849    5.272    8.084    9.380    9.727   10.614
            0.280000 -0.020000  0.120000
   -5.387    3.850    4.782    5.342    8.178    9.287    9.695   10.720
            0.280000 -0.020000  0.140000
   -5.365    3.734    4.708    5.406    8.284    9.201    9.659   10.826
            0.280000 -0.020000  0.160000
   -5.340    3.616    4.628    5.463    8.400    9.122    9.619   10.931
            0.280000 -0.020000  0.180000
   -5.312    3.496    4.544    5.509    8.524    9.053    9.575   11.035
            0.280000 -0.020000  0.200000
   -5.281    3.375    4.456    5.544    8.654    8.997    9.530   11.137
            0.280000 -0.020000  0.220000
   -5.246    3.253    4.366    5.566    8.784    8.960    9.483   11.234
            0.280000 -0.020000  0.240000
   -5.208    3.130    4.275    5.573    8.875    8.975    9.439   11.324
            0.280000 -0.020000  0.260000
   -5.167    3.008    4.183    5.565    8.883    9.081    9.407   11.397
            0.280000 -0.020000  0.280000
   -5.122    2.885    4.091    5.543    8.885    9.166    9.419   11.441
            0.280000 -0.020000  0.300000
   -5.075    2.762    3.999    5.505    8.897    9.176    9.514   11.438
            0.280000 -0.020000  0.320000
   -5.024    2.640    3.908    5.454    8.921    9.142    9.658   11.384
            0.280000 -0.020000  0.340000
   -4.970    2.517    3.819    5.391    8.952    9.100    9.818   11.291
            0.280000 -0.020000  0.360000
   -4.913    2.396    3.731    5.316    8.971    9.077    9.987   11.174
            0.280000 -0.020000  0.380000
   -4.852    2.274    3.644    5.231    8.946    9.106   10.161   11.044
            0.280000 -0.020000  0.400000
   -4.789    2.153    3.560    5.138    8.896    9.168   10.339   10.909
            0.280000 -0.020000  0.420000
   -4.722    2.031    3.478    5.038    8.842    9.243   10.518   10.772
            0.280000 -0.020000  0.440000
   -4.653    1.911    3.398    4.932    8.786    9.327   10.619   10.716
            0.280000 -0.020000  0.460000
   -4.580    1.790    3.320    4.823    8.731    9.418   10.490   10.894
            0.280000 -0.020000  0.480000
   -4.504    1.669    3.246    4.709    8.676    9.513   10.357   11.081
            0.280000 -0.020000  0.500000
   -4.426    1.548    3.174    4.594    8.623    9.611   10.229   11.270
            0.280000 -0.020000  0.520000
   -4.344    1.427    3.105    4.477    8.571    9.707   10.111   11.461
            0.280000 -0.020000  0.540000
   -4.260    1.306    3.039    4.360    8.521    9.780   10.023   11.654
            0.280000 -0.020000  0.560000
   -4.172    1.185    2.976    4.243    8.473    9.765   10.030   11.848
            0.280000 -0.020000  0.580000
   -4.082    1.063    2.916    4.127    8.427    9.676   10.120   12.043
            0.280000 -0.020000  0.600000
   -3.989    0.940    2.859    4.013    8.383    9.572   10.233   12.239
            0.280000 -0.020000  0.620000
   -3.894    0.817    2.806    3.901    8.342    9.466   10.354   12.436
            0.280000 -0.020000  0.640000
   -3.796    0.693    2.756    3.791    8.303    9.363   10.481   12.633
            0.280000 -0.020000  0.660000
   -3.695    0.568    2.709    3.685    8.267    9.263   10.612   12.832
            0.280000 -0.020000  0.680000
   -3.592    0.442    2.666    3.582    8.234    9.168   10.746   13.030
            0.280000 -0.020000  0.700000
   -3.486    0.316    2.626    3.482    8.203    9.077   10.883   13.230
            0.280000 -0.020000  0.720000
   -3.377    0.188    2.590    3.387    8.175    8.990   11.023   13.429
            0.280000 -0.020000  0.740000
   -3.267    0.060    2.558    3.297    8.150    8.908   11.166   13.628
            0.280000 -0.020000  0.760000
   -3.154   -0.069    2.529    3.210    8.128    8.831   11.312   13.826
            0.280000 -0.020000  0.780000
   -3.039   -0.200    2.504    3.129    8.109    8.759   11.460   14.022
            0.280000 -0.020000  0.800000
   -2.922   -0.331    2.483    3.053    8.093    8.691   11.611   14.214
            0.280000 -0.020000  0.820000
   -2.803   -0.462    2.466    2.982    8.080    8.629   11.765   14.390
            0.280000 -0.020000  0.840000
   -2.682   -0.595    2.452    2.916    8.069    8.571   11.921   14.507
            0.280000 -0.020000  0.860000
   -2.560   -0.727    2.442    2.856    8.061    8.519   12.080   14.465
            0.280000 -0.020000  0.880000
   -2.436   -0.860    2.435    2.801    8.056    8.472   12.242   14.321
            0.280000 -0.020000  0.900000
   -2.310   -0.994    2.432    2.753    8.053    8.431   12.405   14.150
            0.280000 -0.020000  0.920000
   -2.183   -1.127    2.431    2.711    8.052    8.396   12.572   13.973
            0.280000 -0.020000  0.940000
   -2.055   -1.260    2.433    2.676    8.053    8.368   12.740   13.794
            0.280000 -0.020000  0.960000
   -1.926   -1.392    2.436    2.649    8.053    8.347   12.911   13.615
            0.280000 -0.020000  0.980000
   -1.799   -1.522    2.439    2.632    8.054    8.334   13.083   13.438
            0.280000 -0.020000  1.000000
   -1.703   -1.619    2.440    2.626    8.055    8.330   13.235   13.284
