 &plot nbnd=   8, nks=    81 /
            0.650000  0.550000 -1.000000
   -4.879    0.671    2.381    4.104    7.775    8.353    9.506    9.908
            0.650000  0.550000 -0.975000
   -4.878    0.657    2.398    4.103    7.762    8.350    9.483    9.940
            0.650000  0.550000 -0.950000
   -4.872    0.614    2.447    4.100    7.724    8.343    9.425   10.023
            0.650000  0.550000 -0.925000
   -4.862    0.547    2.524    4.094    7.662    8.333    9.350   10.139
            0.650000  0.550000 -0.900000
   -4.849    0.463    2.623    4.086    7.580    8.323    9.270   10.276
            0.650000  0.550000 -0.875000
   -4.832    0.366    2.738    4.076    7.482    8.313    9.188   10.431
            0.650000  0.550000 -0.850000
   -4.811    0.261    2.864    4.064    7.372    8.304    9.107   10.599
            0.650000  0.550000 -0.825000
   -4.786    0.151    2.997    4.049    7.254    8.296    9.029   10.778
            0.650000  0.550000 -0.800000
   -4.758    0.038    3.134    4.031    7.131    8.289    8.956   10.967
            0.650000  0.550000 -0.775000
   -4.727   -0.075    3.271    4.010    7.007    8.283    8.888   11.162
            0.650000  0.550000 -0.750000
   -4.692   -0.188    3.407    3.986    6.884    8.279    8.826   11.363
            0.650000  0.550000 -0.725000
   -4.654   -0.299    3.536    3.959    6.768    8.277    8.769   11.566
            0.650000  0.550000 -0.700000
   -4.613   -0.407    3.656    3.928    6.660    8.279    8.715   11.770
            0.650000  0.550000 -0.675000
   -4.569   -0.512    3.763    3.894    6.565    8.286    8.665   11.968
            0.650000  0.550000 -0.650000
   -4.523   -0.613    3.844    3.863    6.488    8.299    8.616   12.155
            0.650000  0.550000 -0.625000
   -4.474   -0.709    3.811    3.922    6.433    8.318    8.569   12.319
            0.650000  0.550000 -0.600000
   -4.424   -0.800    3.764    3.965    6.403    8.346    8.523   12.445
            0.650000  0.550000 -0.575000
   -4.371   -0.886    3.710    3.982    6.402    8.382    8.476   12.525
            0.650000  0.550000 -0.550000
   -4.318   -0.966    3.649    3.975    6.428    8.424    8.433   12.562
            0.650000  0.550000 -0.525000
   -4.263   -1.039    3.580    3.947    6.480    8.385    8.482   12.570
            0.650000  0.550000 -0.500000
   -4.208   -1.105    3.500    3.903    6.552    8.342    8.547   12.560
            0.650000  0.550000 -0.475000
   -4.152   -1.165    3.408    3.850    6.639    8.303    8.621   12.538
            0.650000  0.550000 -0.450000
   -4.098   -1.216    3.303    3.794    6.736    8.270    8.704   12.509
            0.650000  0.550000 -0.425000
   -4.044   -1.259    3.185    3.738    6.836    8.246    8.798   12.475
            0.650000  0.550000 -0.400000
   -3.992   -1.294    3.057    3.685    6.933    8.234    8.901   12.438
            0.650000  0.550000 -0.375000
   -3.942   -1.320    2.921    3.634    7.021    8.239    9.012   12.398
            0.650000  0.550000 -0.350000
   -3.895   -1.337    2.778    3.587    7.095    8.266    9.133   12.357
            0.650000  0.550000 -0.325000
   -3.851   -1.345    2.632    3.543    7.151    8.317    9.262   12.316
            0.650000  0.550000 -0.300000
   -3.811   -1.343    2.483    3.503    7.188    8.393    9.398   12.276
            0.650000  0.550000 -0.275000
   -3.774   -1.333    2.335    3.465    7.207    8.491    9.541   12.238
            0.650000  0.550000 -0.250000
   -3.742   -1.315    2.189    3.431    7.213    8.609    9.691   12.201
            0.650000  0.550000 -0.225000
   -3.714   -1.290    2.047    3.400    7.209    8.741    9.845   12.167
            0.650000  0.550000 -0.200000
   -3.689   -1.258    1.911    3.372    7.199    8.885   10.003   12.136
            0.650000  0.550000 -0.175000
   -3.669   -1.222    1.782    3.347    7.186    9.036   10.163   11.988
            0.650000  0.550000 -0.150000
   -3.652   -1.183    1.663    3.326    7.171    9.193   10.322   11.786
            0.650000  0.550000 -0.125000
   -3.639   -1.144    1.556    3.307    7.157    9.353   10.476   11.592
            0.650000  0.550000 -0.100000
   -3.628   -1.106    1.463    3.292    7.144    9.512   10.616   11.414
            0.650000  0.550000 -0.075000
   -3.620   -1.074    1.388    3.281    7.134    9.666   10.723   11.270
            0.650000  0.550000 -0.050000
   -3.615   -1.048    1.331    3.272    7.126    9.805   10.766   11.191
            0.650000  0.550000 -0.025000
   -3.612   -1.031    1.296    3.267    7.121    9.911   10.740   11.184
            0.650000  0.550000  0.000000
   -3.611   -1.026    1.285    3.265    7.119    9.953   10.718   11.192
            0.650000  0.550000  0.025000
   -3.612   -1.031    1.296    3.267    7.121    9.911   10.740   11.184
            0.650000  0.550000  0.050000
   -3.615   -1.048    1.331    3.272    7.126    9.805   10.766   11.191
            0.650000  0.550000  0.075000
   -3.620   -1.074    1.388    3.281    7.134    9.666   10.723   11.270
            0.650000  0.550000  0.100000
   -3.628   -1.106    1.463    3.292    7.144    9.512   10.616   11.414
            0.650000  0.550000  0.125000
   -3.639   -1.144    1.556    3.307    7.157    9.353   10.476   11.592
            0.650000  0.550000  0.150000
   -3.652   -1.183    1.663    3.326    7.171    9.193   10.322   11.786
            0.650000  0.550000  0.175000
   -3.669   -1.222    1.782    3.347    7.186    9.036   10.163   11.988
            0.650000  0.550000  0.200000
   -3.689   -1.258    1.911    3.372    7.199    8.885   10.003   12.136
            0.650000  0.550000  0.225000
   -3.714   -1.290    2.047    3.400    7.209    8.741    9.845   12.167
            0.650000  0.550000  0.250000
   -3.742   -1.315    2.189    3.431    7.213    8.609    9.691   12.201
            0.650000  0.550000  0.275000
   -3.774   -1.333    2.335    3.465    7.207    8.491    9.541   12.238
            0.650000  0.550000  0.300000
   -3.811   -1.343    2.483    3.503    7.188    8.393    9.398   12.276
            0.650000  0.550000  0.325000
   -3.851   -1.345    2.632    3.543    7.151    8.317    9.262   12.316
            0.650000  0.550000  0.350000
   -3.895   -1.337    2.778    3.587    7.095    8.266    9.133   12.357
            0.650000  0.550000  0.375000
   -3.942   -1.320    2.921    3.634    7.021    8.239    9.012   12.398
            0.650000  0.550000  0.400000
   -3.992   -1.294    3.057    3.685    6.933    8.234    8.901   12.438
            0.650000  0.550000  0.425000
   -4.044   -1.259    3.185    3.738    6.836    8.246    8.798   12.475
            0.650000  0.550000  0.450000
   -4.098   -1.216    3.303    3.794    6.736    8.270    8.704   12.509
            0.650000  0.550000  0.475000
   -4.152   -1.165    3.408    3.850    6.639    8.303    8.621   12.538
            0.650000  0.550000  0.500000
   -4.208   -1.105    3.500    3.903    6.552    8.342    8.547   12.560
            0.650000  0.550000  0.525000
   -4.263   -1.039    3.580    3.947    6.480    8.385    8.482   12.570
            0.650000  0.550000  0.550000
   -4.318   -0.966    3.649    3.975    6.428    8.424    8.433   12.562
            0.650000  0.550000  0.575000
   -4.371   -0.886    3.710    3.982    6.402    8.382    8.476   12.525
            0.650000  0.550000  0.600000
   -4.424   -0.800    3.764    3.965    6.403    8.346    8.523   12.445
            0.650000  0.550000  0.625000
   -4.474   -0.709    3.811    3.922    6.433    8.318    8.569   12.319
            0.650000  0.550000  0.650000
   -4.523   -0.613    3.844    3.863    6.488    8.299    8.616   12.155
            0.650000  0.550000  0.675000
   -4.569   -0.512    3.763    3.894    6.565    8.286    8.665   11.968
            0.650000  0.550000  0.700000
   -4.613   -0.407    3.656    3.928    6.660    8.279    8.715   11.770
            0.650000  0.550000  0.725000
   -4.654   -0.299    3.536    3.959    6.768    8.277    8.769   11.566
            0.650000  0.550000  0.750000
   -4.692   -0.188    3.407    3.986    6.884    8.279    8.826   11.363
            0.650000  0.550000  0.775000
   -4.727   -0.075    3.271    4.010    7.007    8.283    8.888   11.162
            0.650000  0.550000  0.800000
   -4.758    0.038    3.134    4.031    7.131    8.289    8.956   10.967
            0.650000  0.550000  0.825000
   -4.786    0.151    2.997    4.049    7.254    8.296    9.029   10.778
            0.650000  0.550000  0.850000
   -4.811    0.261    2.864    4.064    7.372    8.304    9.107   10.599
            0.650000  0.550000  0.875000
   -4.832    0.366    2.738    4.076    7.482    8.313    9.188   10.431
            0.650000  0.550000  0.900000
   -4.849    0.463    2.623    4.086    7.580    8.323    9.270   10.276
            0.650000  0.550000  0.925000
   -4.862    0.547    2.524    4.094    7.662    8.333    9.350   10.139
            0.650000  0.550000  0.950000
   -4.872    0.614    2.447    4.100    7.724    8.343    9.425   10.023
            0.650000  0.550000  0.975000
   -4.878    0.657    2.398    4.103    7.762    8.350    9.483    9.940
            0.650000  0.550000  1.000000
   -4.879    0.671    2.381    4.104    7.775    8.353    9.506    9.908
