 &plot nbnd=   8, nks=   101 /
            0.860000 -0.100000 -1.000000
   -2.430   -0.972    2.939    3.021    7.034    7.352   14.121   15.138
            0.860000 -0.100000 -0.980000
   -2.430   -0.973    2.897    3.060    7.016    7.383   14.121   15.111
            0.860000 -0.100000 -0.960000
   -2.428   -0.973    2.827    3.118    6.977    7.460   14.121   15.032
            0.860000 -0.100000 -0.940000
   -2.425   -0.973    2.753    3.174    6.937    7.564   14.122   14.908
            0.860000 -0.100000 -0.920000
   -2.421   -0.973    2.678    3.223    6.906    7.685   14.123   14.748
            0.860000 -0.100000 -0.900000
   -2.416   -0.974    2.603    3.265    6.888    7.818   14.123   14.562
            0.860000 -0.100000 -0.880000
   -2.410   -0.974    2.529    3.298    6.887    7.961   14.121   14.359
            0.860000 -0.100000 -0.860000
   -2.403   -0.975    2.458    3.321    6.902    8.113   14.085   14.176
            0.860000 -0.100000 -0.840000
   -2.395   -0.976    2.389    3.335    6.935    8.272   13.891   14.141
            0.860000 -0.100000 -0.820000
   -2.387   -0.977    2.323    3.340    6.986    8.439   13.658   14.138
            0.860000 -0.100000 -0.800000
   -2.378   -0.978    2.261    3.335    7.054    8.611   13.419   14.135
            0.860000 -0.100000 -0.780000
   -2.369   -0.979    2.204    3.323    7.138    8.790   13.176   14.130
            0.860000 -0.100000 -0.760000
   -2.361   -0.980    2.151    3.304    7.238    8.973   12.931   14.118
            0.860000 -0.100000 -0.740000
   -2.352   -0.981    2.103    3.279    7.352    9.162   12.686   14.092
            0.860000 -0.100000 -0.720000
   -2.344   -0.981    2.060    3.250    7.479    9.355   12.441   14.026
            0.860000 -0.100000 -0.700000
   -2.337   -0.981    2.023    3.218    7.619    9.552   12.197   13.888
            0.860000 -0.100000 -0.680000
   -2.331   -0.981    1.991    3.183    7.769    9.751   11.955   13.687
            0.860000 -0.100000 -0.660000
   -2.326   -0.979    1.964    3.148    7.929    9.953   11.717   13.456
            0.860000 -0.100000 -0.640000
   -2.323   -0.977    1.942    3.113    8.097   10.153   11.486   13.215
            0.860000 -0.100000 -0.620000
   -2.321   -0.974    1.925    3.078    8.274   10.346   11.267   12.972
            0.860000 -0.100000 -0.600000
   -2.322   -0.969    1.914    3.046    8.458   10.506   11.087   12.729
            0.860000 -0.100000 -0.580000
   -2.324   -0.963    1.907    3.017    8.648   10.542   11.034   12.489
            0.860000 -0.100000 -0.560000
   -2.329   -0.955    1.904    2.991    8.843   10.409   11.154   12.256
            0.860000 -0.100000 -0.540000
   -2.336   -0.945    1.906    2.969    9.042   10.214   11.329   12.038
            0.860000 -0.100000 -0.520000
   -2.345   -0.934    1.911    2.952    9.242   10.008   11.468   11.880
            0.860000 -0.100000 -0.500000
   -2.356   -0.922    1.920    2.940    9.431    9.815   11.418   11.926
            0.860000 -0.100000 -0.480000
   -2.370   -0.908    1.933    2.933    9.489    9.754   11.235   12.116
            0.860000 -0.100000 -0.460000
   -2.385   -0.893    1.949    2.932    9.325    9.917   11.032   12.339
            0.860000 -0.100000 -0.440000
   -2.402   -0.877    1.968    2.936    9.126   10.104   10.840   12.574
            0.860000 -0.100000 -0.420000
   -2.420   -0.860    1.991    2.946    8.927   10.241   10.709   12.814
            0.860000 -0.100000 -0.400000
   -2.439   -0.843    2.016    2.961    8.730   10.208   10.754   13.058
            0.860000 -0.100000 -0.380000
   -2.459   -0.826    2.045    2.981    8.538   10.048   10.934   13.303
            0.860000 -0.100000 -0.360000
   -2.479   -0.809    2.077    3.006    8.352    9.856   11.151   13.545
            0.860000 -0.100000 -0.340000
   -2.500   -0.792    2.112    3.034    8.173    9.658   11.381   13.780
            0.860000 -0.100000 -0.320000
   -2.521   -0.776    2.151    3.065    8.000    9.460   11.617   13.987
            0.860000 -0.100000 -0.300000
   -2.542   -0.760    2.194    3.098    7.836    9.264   11.857   14.121
            0.860000 -0.100000 -0.280000
   -2.562   -0.746    2.240    3.132    7.680    9.073   12.099   14.178
            0.860000 -0.100000 -0.260000
   -2.582   -0.732    2.290    3.166    7.534    8.885   12.343   14.199
            0.860000 -0.100000 -0.240000
   -2.601   -0.720    2.344    3.199    7.399    8.703   12.587   14.209
            0.860000 -0.100000 -0.220000
   -2.619   -0.709    2.401    3.230    7.276    8.527   12.831   14.213
            0.860000 -0.100000 -0.200000
   -2.636   -0.699    2.461    3.257    7.165    8.357   13.073   14.215
            0.860000 -0.100000 -0.180000
   -2.652   -0.690    2.524    3.279    7.068    8.194   13.313   14.215
            0.860000 -0.100000 -0.160000
   -2.666   -0.682    2.589    3.294    6.986    8.039   13.549   14.215
            0.860000 -0.100000 -0.140000
   -2.679   -0.676    2.657    3.302    6.919    7.892   13.780   14.214
            0.860000 -0.100000 -0.120000
   -2.691   -0.670    2.725    3.302    6.868    7.756   14.001   14.214
            0.860000 -0.100000 -0.100000
   -2.700   -0.666    2.794    3.294    6.833    7.631   14.200   14.224
            0.860000 -0.100000 -0.080000
   -2.708   -0.662    2.862    3.276    6.812    7.519   14.210   14.404
            0.860000 -0.100000 -0.060000
   -2.715   -0.659    2.929    3.249    6.803    7.423   14.210   14.571
            0.860000 -0.100000 -0.040000
   -2.719   -0.657    2.992    3.214    6.803    7.348   14.209   14.703
            0.860000 -0.100000 -0.020000
   -2.722   -0.656    3.050    3.175    6.807    7.299   14.209   14.789
            0.860000 -0.100000  0.000000
   -2.723   -0.656    3.083    3.147    6.810    7.282   14.209   14.819
            0.860000 -0.100000  0.020000
   -2.722   -0.656    3.050    3.175    6.807    7.299   14.209   14.789
            0.860000 -0.100000  0.040000
   -2.719   -0.657    2.992    3.214    6.803    7.348   14.209   14.703
            0.860000 -0.100000  0.060000
   -2.715   -0.659    2.929    3.249    6.803    7.423   14.210   14.571
            0.860000 -0.100000  0.080000
   -2.708   -0.662    2.862    3.276    6.812    7.519   14.210   14.404
            0.860000 -0.100000  0.100000
   -2.700   -0.666    2.794    3.294    6.833    7.631   14.200   14.224
            0.860000 -0.100000  0.120000
   -2.691   -0.670    2.725    3.302    6.868    7.756   14.001   14.214
            0.860000 -0.100000  0.140000
   -2.679   -0.676    2.657    3.302    6.919    7.892   13.780   14.214
            0.860000 -0.100000  0.160000
   -2.666   -0.682    2.589    3.294    6.986    8.039   13.549   14.215
            0.860000 -0.100000  0.180000
   -2.652   -0.690    2.524    3.279    7.068    8.194   13.313   14.215
            0.860000 -0.100000  0.200000
   -2.636   -0.699    2.461    3.257    7.165    8.357   13.073   14.215
            0.860000 -0.100000  0.220000
   -2.619   -0.709    2.401    3.230    7.276    8.527   12.831   14.213
            0.860000 -0.100000  0.240000
   -2.601   -0.720    2.344    3.199    7.399    8.703   12.587   14.209
            0.860000 -0.100000  0.260000
   -2.582   -0.732    2.290    3.166    7.534    8.885   12.343   14.199
            0.860000 -0.100000  0.280000
   -2.562   -0.746    2.240    3.132    7.680    9.073   12.099   14.178
            0.860000 -0.100000  0.300000
   -2.542   -0.760    2.194    3.098    7.836    9.264   11.857   14.121
            0.860000 -0.100000  0.320000
   -2.521   -0.776    2.151    3.065    8.000    9.460   11.617   13.987
            0.860000 -0.100000  0.340000
   -2.500   -0.792    2.112    3.034    8.173    9.658   11.381   13.780
            0.860000 -0.100000  0.360000
   -2.479   -0.809    2.077    3.006    8.352    9.856   11.151   13.545
            0.860000 -0.100000  0.380000
   -2.459   -0.826    2.045    2.981    8.538   10.048   10.934   13.303
            0.860000 -0.100000  0.400000
   -2.439   -0.843    2.016    2.961    8.730   10.208   10.754   13.058
            0.860000 -0.100000  0.420000
   -2.420   -0.860    1.991    2.946    8.927   10.241   10.709   12.814
            0.860000 -0.100000  0.440000
   -2.402   -0.877    1.968    2.936    9.126   10.104   10.840   12.574
            0.860000 -0.100000  0.460000
   -2.385   -0.893    1.949    2.932    9.325    9.917   11.032   12.339
            0.860000 -0.100000  0.480000
   -2.370   -0.908    1.933    2.933    9.489    9.754   11.235   12.116
            0.860000 -0.100000  0.500000
   -2.356   -0.922    1.920    2.940    9.431    9.815   11.418   11.926
            0.860000 -0.100000  0.520000
   -2.345   -0.934    1.911    2.952    9.242   10.008   11.468   11.880
            0.860000 -0.100000  0.540000
   -2.336   -0.945    1.906    2.969    9.042   10.214   11.329   12.038
            0.860000 -0.100000  0.560000
   -2.329   -0.955    1.904    2.991    8.843   10.409   11.154   12.256
            0.860000 -0.100000  0.580000
   -2.324   -0.963    1.907    3.017    8.648   10.542   11.034   12.489
            0.860000 -0.100000  0.600000
   -2.322   -0.969    1.914    3.046    8.458   10.506   11.087   12.729
            0.860000 -0.100000  0.620000
   -2.321   -0.974    1.925    3.078    8.274   10.346   11.267   12.972
            0.860000 -0.100000  0.640000
   -2.323   -0.977    1.942    3.113    8.097   10.153   11.486   13.215
            0.860000 -0.100000  0.660000
   -2.326   -0.979    1.964    3.148    7.929    9.953   11.717   13.456
            0.860000 -0.100000  0.680000
   -2.331   -0.981    1.991    3.183    7.769    9.751   11.955   13.687
            0.860000 -0.100000  0.700000
   -2.337   -0.981    2.023    3.218    7.619    9.552   12.197   13.888
            0.860000 -0.100000  0.720000
   -2.344   -0.981    2.060    3.250    7.479    9.355   12.441   14.026
            0.860000 -0.100000  0.740000
   -2.352   -0.981    2.103    3.279    7.352    9.162   12.686   14.092
            0.860000 -0.100000  0.760000
   -2.361   -0.980    2.151    3.304    7.238    8.973   12.931   14.118
            0.860000 -0.100000  0.780000
   -2.369   -0.979    2.204    3.323    7.138    8.790   13.176   14.130
            0.860000 -0.100000  0.800000
   -2.378   -0.978    2.261    3.335    7.054    8.611   13.419   14.135
            0.860000 -0.100000  0.820000
   -2.387   -0.977    2.323    3.340    6.986    8.439   13.658   14.138
            0.860000 -0.100000  0.840000
   -2.395   -0.976    2.389    3.335    6.935    8.272   13.891   14.141
            0.860000 -0.100000  0.860000
   -2.403   -0.975    2.458    3.321    6.902    8.113   14.085   14.176
            0.860000 -0.100000  0.880000
   -2.410   -0.974    2.529    3.298    6.887    7.961   14.121   14.359
            0.860000 -0.100000  0.900000
   -2.416   -0.974    2.603    3.265    6.888    7.818   14.123   14.562
            0.860000 -0.100000  0.920000
   -2.421   -0.973    2.678    3.223    6.906    7.685   14.123   14.748
            0.860000 -0.100000  0.940000
   -2.425   -0.973    2.753    3.174    6.937    7.564   14.122   14.908
            0.860000 -0.100000  0.960000
   -2.428   -0.973    2.827    3.118    6.977    7.460   14.121   15.032
            0.860000 -0.100000  0.980000
   -2.430   -0.973    2.897    3.060    7.016    7.383   14.121   15.111
            0.860000 -0.100000  1.000000
   -2.430   -0.972    2.939    3.021    7.034    7.352   14.121   15.138
