 &plot nbnd=   8, nks=   101 /
            0.040000  0.790000  0.000000
   -3.200   -0.074    3.294    3.311    6.619    7.380   14.069   14.180
            0.040000  0.790000  0.010000
   -3.199   -0.074    3.288    3.315    6.622    7.382   14.069   14.173
            0.040000  0.790000  0.020000
   -3.198   -0.075    3.275    3.322    6.628    7.388   14.069   14.151
            0.040000  0.790000  0.030000
   -3.197   -0.076    3.259    3.327    6.639    7.400   14.068   14.116
            0.040000  0.790000  0.040000
   -3.195   -0.078    3.241    3.331    6.654    7.415   14.063   14.074
            0.040000  0.790000  0.050000
   -3.192   -0.080    3.222    3.333    6.674    7.435   14.009   14.069
            0.040000  0.790000  0.060000
   -3.189   -0.082    3.200    3.333    6.697    7.459   13.941   14.068
            0.040000  0.790000  0.070000
   -3.185   -0.085    3.177    3.331    6.725    7.487   13.864   14.068
            0.040000  0.790000  0.080000
   -3.181   -0.089    3.152    3.327    6.756    7.519   13.780   14.067
            0.040000  0.790000  0.090000
   -3.176   -0.093    3.125    3.322    6.792    7.555   13.689   14.067
            0.040000  0.790000  0.100000
   -3.170   -0.097    3.097    3.315    6.831    7.595   13.594   14.066
            0.040000  0.790000  0.110000
   -3.164   -0.102    3.068    3.307    6.874    7.638   13.494   14.065
            0.040000  0.790000  0.120000
   -3.158   -0.108    3.037    3.298    6.920    7.685   13.390   14.065
            0.040000  0.790000  0.130000
   -3.150   -0.114    3.006    3.288    6.970    7.736   13.284   14.064
            0.040000  0.790000  0.140000
   -3.143   -0.121    2.974    3.278    7.022    7.789   13.175   14.063
            0.040000  0.790000  0.150000
   -3.134   -0.128    2.940    3.266    7.078    7.846   13.063   14.062
            0.040000  0.790000  0.160000
   -3.125   -0.135    2.907    3.254    7.137    7.906   12.951   14.061
            0.040000  0.790000  0.170000
   -3.116   -0.144    2.872    3.242    7.199    7.968   12.836   14.060
            0.040000  0.790000  0.180000
   -3.106   -0.152    2.837    3.229    7.263    8.034   12.721   14.058
            0.040000  0.790000  0.190000
   -3.096   -0.162    2.801    3.217    7.330    8.102   12.604   14.057
            0.040000  0.790000  0.200000
   -3.085   -0.172    2.766    3.204    7.400    8.172   12.487   14.056
            0.040000  0.790000  0.210000
   -3.073   -0.182    2.730    3.192    7.472    8.245   12.369   14.054
            0.040000  0.790000  0.220000
   -3.061   -0.193    2.693    3.180    7.546    8.320   12.250   14.052
            0.040000  0.790000  0.230000
   -3.049   -0.205    2.657    3.168    7.622    8.397   12.132   14.050
            0.040000  0.790000  0.240000
   -3.036   -0.217    2.621    3.157    7.701    8.477   12.013   14.049
            0.040000  0.790000  0.250000
   -3.022   -0.230    2.584    3.147    7.781    8.558   11.894   14.046
            0.040000  0.790000  0.260000
   -3.009   -0.244    2.548    3.137    7.863    8.641   11.775   14.044
            0.040000  0.790000  0.270000
   -2.994   -0.258    2.512    3.128    7.948    8.726   11.656   14.042
            0.040000  0.790000  0.280000
   -2.979   -0.272    2.476    3.120    8.034    8.813   11.538   14.040
            0.040000  0.790000  0.290000
   -2.964   -0.288    2.441    3.113    8.121    8.901   11.419   14.037
            0.040000  0.790000  0.300000
   -2.949   -0.303    2.405    3.107    8.210    8.990   11.302   14.034
            0.040000  0.790000  0.310000
   -2.933   -0.319    2.371    3.102    8.301    9.081   11.185   14.031
            0.040000  0.790000  0.320000
   -2.916   -0.336    2.336    3.097    8.393    9.173   11.068   14.028
            0.040000  0.790000  0.330000
   -2.900   -0.353    2.303    3.094    8.487    9.266   10.953   14.024
            0.040000  0.790000  0.340000
   -2.883   -0.371    2.269    3.092    8.582    9.360   10.839   14.019
            0.040000  0.790000  0.350000
   -2.865   -0.389    2.237    3.091    8.678    9.454   10.727   14.013
            0.040000  0.790000  0.360000
   -2.847   -0.408    2.205    3.092    8.776    9.548   10.617   14.004
            0.040000  0.790000  0.370000
   -2.829   -0.427    2.174    3.093    8.874    9.639   10.511   13.983
            0.040000  0.790000  0.380000
   -2.811   -0.447    2.143    3.095    8.974    9.726   10.412   13.920
            0.040000  0.790000  0.390000
   -2.793   -0.466    2.114    3.099    9.074    9.802   10.326   13.813
            0.040000  0.790000  0.400000
   -2.774   -0.487    2.085    3.103    9.176    9.852   10.269   13.694
            0.040000  0.790000  0.410000
   -2.755   -0.507    2.057    3.109    9.277    9.853   10.262   13.572
            0.040000  0.790000  0.420000
   -2.735   -0.528    2.030    3.116    9.378    9.805   10.309   13.450
            0.040000  0.790000  0.430000
   -2.716   -0.549    2.004    3.123    9.475    9.733   10.387   13.327
            0.040000  0.790000  0.440000
   -2.696   -0.570    1.979    3.132    9.540    9.681   10.479   13.205
            0.040000  0.790000  0.450000
   -2.677   -0.592    1.955    3.142    9.497    9.732   10.579   13.083
            0.040000  0.790000  0.460000
   -2.657   -0.613    1.932    3.152    9.407    9.828   10.683   12.962
            0.040000  0.790000  0.470000
   -2.637   -0.635    1.910    3.163    9.309    9.932   10.790   12.843
            0.040000  0.790000  0.480000
   -2.617   -0.657    1.890    3.176    9.209   10.039   10.899   12.724
            0.040000  0.790000  0.490000
   -2.597   -0.679    1.870    3.188    9.109   10.147   11.009   12.607
            0.040000  0.790000  0.500000
   -2.577   -0.701    1.852    3.202    9.009   10.256   11.121   12.491
            0.040000  0.790000  0.510000
   -2.557   -0.723    1.835    3.216    8.909   10.365   11.233   12.377
            0.040000  0.790000  0.520000
   -2.537   -0.745    1.819    3.231    8.811   10.474   11.344   12.266
            0.040000  0.790000  0.530000
   -2.517   -0.768    1.805    3.246    8.714   10.583   11.455   12.160
            0.040000  0.790000  0.540000
   -2.497   -0.790    1.792    3.262    8.618   10.690   11.561   12.062
            0.040000  0.790000  0.550000
   -2.477   -0.811    1.780    3.277    8.524   10.794   11.654   11.983
            0.040000  0.790000  0.560000
   -2.457   -0.833    1.770    3.294    8.431   10.892   11.701   11.957
            0.040000  0.790000  0.570000
   -2.438   -0.855    1.761    3.310    8.341   10.981   11.679   12.012
            0.040000  0.790000  0.580000
   -2.419   -0.877    1.754    3.326    8.252   11.049   11.636   12.110
            0.040000  0.790000  0.590000
   -2.400   -0.898    1.748    3.342    8.165   11.083   11.617   12.220
            0.040000  0.790000  0.600000
   -2.381   -0.919    1.743    3.358    8.080   11.071   11.641   12.336
            0.040000  0.790000  0.610000
   -2.362   -0.940    1.740    3.374    7.997   11.019   11.704   12.455
            0.040000  0.790000  0.620000
   -2.344   -0.961    1.739    3.389    7.917   10.943   11.791   12.575
            0.040000  0.790000  0.630000
   -2.326   -0.981    1.739    3.404    7.839   10.854   11.891   12.695
            0.040000  0.790000  0.640000
   -2.308   -1.001    1.740    3.418    7.764   10.759   11.998   12.816
            0.040000  0.790000  0.650000
   -2.290   -1.021    1.744    3.431    7.692   10.660   12.110   12.937
            0.040000  0.790000  0.660000
   -2.273   -1.041    1.748    3.444    7.623   10.560   12.224   13.057
            0.040000  0.790000  0.670000
   -2.257   -1.060    1.755    3.455    7.557   10.459   12.340   13.176
            0.040000  0.790000  0.680000
   -2.240   -1.079    1.763    3.465    7.494   10.357   12.458   13.293
            0.040000  0.790000  0.690000
   -2.224   -1.097    1.772    3.473    7.434   10.255   12.576   13.406
            0.040000  0.790000  0.700000
   -2.209   -1.115    1.784    3.480    7.379   10.154   12.694   13.513
            0.040000  0.790000  0.710000
   -2.194   -1.133    1.796    3.486    7.326   10.053   12.812   13.608
            0.040000  0.790000  0.720000
   -2.179   -1.150    1.811    3.489    7.278    9.953   12.930   13.687
            0.040000  0.790000  0.730000
   -2.165   -1.167    1.827    3.491    7.234    9.853   13.048   13.745
            0.040000  0.790000  0.740000
   -2.151   -1.184    1.844    3.490    7.193    9.754   13.163   13.786
            0.040000  0.790000  0.750000
   -2.138   -1.199    1.863    3.487    7.157    9.656   13.276   13.816
            0.040000  0.790000  0.760000
   -2.125   -1.215    1.884    3.482    7.126    9.559   13.385   13.841
            0.040000  0.790000  0.770000
   -2.113   -1.230    1.906    3.475    7.098    9.463   13.487   13.868
            0.040000  0.790000  0.780000
   -2.101   -1.244    1.930    3.465    7.076    9.368   13.576   13.902
            0.040000  0.790000  0.790000
   -2.090   -1.258    1.955    3.452    7.058    9.274   13.648   13.951
            0.040000  0.790000  0.800000
   -2.079   -1.272    1.981    3.437    7.044    9.181   13.697   14.017
            0.040000  0.790000  0.810000
   -2.069   -1.285    2.009    3.420    7.035    9.089   13.729   14.097
            0.040000  0.790000  0.820000
   -2.059   -1.297    2.039    3.400    7.030    8.999   13.748   14.182
            0.040000  0.790000  0.830000
   -2.050   -1.309    2.069    3.377    7.030    8.909   13.761   14.264
            0.040000  0.790000  0.840000
   -2.041   -1.320    2.101    3.353    7.035    8.821   13.769   14.338
            0.040000  0.790000  0.850000
   -2.033   -1.331    2.134    3.326    7.044    8.734   13.775   14.397
            0.040000  0.790000  0.860000
   -2.025   -1.341    2.169    3.296    7.057    8.649   13.779   14.440
            0.040000  0.790000  0.870000
   -2.018   -1.350    2.204    3.265    7.074    8.565   13.782   14.468
            0.040000  0.790000  0.880000
   -2.011   -1.359    2.241    3.232    7.095    8.482   13.785   14.485
            0.040000  0.790000  0.890000
   -2.005   -1.367    2.279    3.198    7.120    8.401   13.787   14.494
            0.040000  0.790000  0.900000
   -1.999   -1.374    2.317    3.161    7.149    8.321   13.788   14.499
            0.040000  0.790000  0.910000
   -1.994   -1.381    2.357    3.124    7.181    8.243   13.789   14.500
            0.040000  0.790000  0.920000
   -1.990   -1.387    2.397    3.085    7.217    8.167   13.790   14.499
            0.040000  0.790000  0.930000
   -1.985   -1.393    2.438    3.045    7.255    8.092   13.791   14.498
            0.040000  0.790000  0.940000
   -1.982   -1.397    2.479    3.004    7.297    8.020   13.792   14.496
            0.040000  0.790000  0.950000
   -1.979   -1.401    2.522    2.962    7.342    7.949   13.792   14.494
            0.040000  0.790000  0.960000
   -1.976   -1.405    2.564    2.920    7.389    7.881   13.793   14.492
            0.040000  0.790000  0.970000
   -1.975   -1.407    2.606    2.878    7.438    7.815   13.793   14.491
            0.040000  0.790000  0.980000
   -1.973   -1.409    2.648    2.836    7.488    7.754   13.793   14.490
            0.040000  0.790000  0.990000
   -1.972   -1.410    2.687    2.797    7.535    7.700   13.793   14.489
            0.040000  0.790000  1.000000
   -1.972   -1.410    2.709    2.775    7.559    7.673   13.793   14.489
