 &plot nbnd=   8, nks=   101 /
            0.750000  0.220000  0.000000
   -3.301    0.102    2.791    3.266    7.643    8.378   11.935   13.776
            0.750000  0.220000  0.010000
   -3.301    0.102    2.789    3.268    7.639    8.384   11.935   13.770
            0.750000  0.220000  0.020000
   -3.300    0.100    2.784    3.275    7.629    8.401   11.936   13.750
            0.750000  0.220000  0.030000
   -3.299    0.096    2.775    3.287    7.613    8.429   11.936   13.717
            0.750000  0.220000  0.040000
   -3.297    0.091    2.764    3.302    7.592    8.465   11.936   13.673
            0.750000  0.220000  0.050000
   -3.295    0.085    2.750    3.321    7.568    8.510   11.937   13.619
            0.750000  0.220000  0.060000
   -3.292    0.077    2.735    3.341    7.542    8.560   11.938   13.555
            0.750000  0.220000  0.070000
   -3.289    0.068    2.719    3.364    7.516    8.616   11.939   13.484
            0.750000  0.220000  0.080000
   -3.286    0.058    2.702    3.388    7.489    8.677   11.940   13.406
            0.750000  0.220000  0.090000
   -3.282    0.046    2.685    3.413    7.464    8.742   11.941   13.323
            0.750000  0.220000  0.100000
   -3.277    0.033    2.668    3.439    7.440    8.810   11.942   13.234
            0.750000  0.220000  0.110000
   -3.272    0.019    2.651    3.465    7.418    8.880   11.944   13.142
            0.750000  0.220000  0.120000
   -3.267    0.004    2.635    3.491    7.399    8.954   11.945   13.047
            0.750000  0.220000  0.130000
   -3.261   -0.012    2.620    3.516    7.382    9.030   11.946   12.949
            0.750000  0.220000  0.140000
   -3.255   -0.029    2.605    3.540    7.368    9.108   11.947   12.849
            0.750000  0.220000  0.150000
   -3.248   -0.048    2.591    3.564    7.357    9.188   11.948   12.747
            0.750000  0.220000  0.160000
   -3.241   -0.067    2.578    3.587    7.349    9.270   11.948   12.645
            0.750000  0.220000  0.170000
   -3.234   -0.087    2.565    3.609    7.345    9.353   11.947   12.541
            0.750000  0.220000  0.180000
   -3.226   -0.107    2.554    3.629    7.345    9.439   11.945   12.438
            0.750000  0.220000  0.190000
   -3.218   -0.129    2.544    3.648    7.349    9.525   11.941   12.337
            0.750000  0.220000  0.200000
   -3.210   -0.151    2.534    3.665    7.356    9.614   11.931   12.240
            0.750000  0.220000  0.210000
   -3.201   -0.173    2.525    3.681    7.368    9.703   11.911   12.154
            0.750000  0.220000  0.220000
   -3.192   -0.196    2.518    3.695    7.383    9.794   11.869   12.088
            0.750000  0.220000  0.230000
   -3.183   -0.219    2.511    3.708    7.403    9.886   11.800   12.050
            0.750000  0.220000  0.240000
   -3.173   -0.243    2.505    3.719    7.426    9.979   11.710   12.032
            0.750000  0.220000  0.250000
   -3.164   -0.267    2.499    3.728    7.454   10.073   11.612   12.023
            0.750000  0.220000  0.260000
   -3.154   -0.291    2.495    3.736    7.485   10.168   11.508   12.019
            0.750000  0.220000  0.270000
   -3.144   -0.315    2.491    3.742    7.521   10.263   11.404   12.018
            0.750000  0.220000  0.280000
   -3.133   -0.339    2.487    3.747    7.560   10.358   11.299   12.017
            0.750000  0.220000  0.290000
   -3.123   -0.363    2.485    3.750    7.603   10.452   11.195   12.018
            0.750000  0.220000  0.300000
   -3.113   -0.386    2.482    3.753    7.650   10.542   11.096   12.019
            0.750000  0.220000  0.310000
   -3.102   -0.410    2.480    3.754    7.700   10.622   11.008   12.020
            0.750000  0.220000  0.320000
   -3.091   -0.433    2.479    3.754    7.754   10.670   10.953   12.021
            0.750000  0.220000  0.330000
   -3.081   -0.455    2.478    3.754    7.811   10.648   10.969   12.023
            0.750000  0.220000  0.340000
   -3.070   -0.478    2.477    3.753    7.872   10.573   11.040   12.024
            0.750000  0.220000  0.350000
   -3.060   -0.499    2.476    3.751    7.935   10.479   11.131   12.025
            0.750000  0.220000  0.360000
   -3.050   -0.520    2.475    3.749    8.001   10.379   11.229   12.027
            0.750000  0.220000  0.370000
   -3.040   -0.540    2.474    3.746    8.070   10.276   11.332   12.028
            0.750000  0.220000  0.380000
   -3.030   -0.560    2.473    3.744    8.142   10.171   11.437   12.029
            0.750000  0.220000  0.390000
   -3.020   -0.578    2.472    3.741    8.217   10.067   11.544   12.030
            0.750000  0.220000  0.400000
   -3.010   -0.596    2.471    3.739    8.293    9.963   11.652   12.031
            0.750000  0.220000  0.410000
   -3.001   -0.613    2.470    3.736    8.373    9.860   11.761   12.032
            0.750000  0.220000  0.420000
   -2.992   -0.628    2.468    3.735    8.454    9.757   11.869   12.034
            0.750000  0.220000  0.430000
   -2.984   -0.643    2.467    3.733    8.537    9.655   11.971   12.042
            0.750000  0.220000  0.440000
   -2.976   -0.656    2.464    3.732    8.623    9.554   12.018   12.107
            0.750000  0.220000  0.450000
   -2.968   -0.668    2.462    3.731    8.710    9.454   12.023   12.213
            0.750000  0.220000  0.460000
   -2.961   -0.679    2.459    3.731    8.798    9.355   12.024   12.324
            0.750000  0.220000  0.470000
   -2.955   -0.689    2.455    3.732    8.888    9.258   12.023   12.435
            0.750000  0.220000  0.480000
   -2.949   -0.697    2.451    3.733    8.977    9.165   12.022   12.545
            0.750000  0.220000  0.490000
   -2.943   -0.704    2.447    3.735    9.034    9.107   12.020   12.651
            0.750000  0.220000  0.500000
   -2.938   -0.710    2.443    3.737    8.963    9.180   12.018   12.743
            0.750000  0.220000  0.510000
   -2.934   -0.714    2.438    3.740    8.873    9.274   12.016   12.786
            0.750000  0.220000  0.520000
   -2.930   -0.717    2.432    3.744    8.784    9.371   12.014   12.739
            0.750000  0.220000  0.530000
   -2.927   -0.719    2.427    3.748    8.695    9.470   12.011   12.647
            0.750000  0.220000  0.540000
   -2.925   -0.719    2.421    3.752    8.609    9.571   12.008   12.542
            0.750000  0.220000  0.550000
   -2.923   -0.718    2.415    3.757    8.524    9.672   12.004   12.433
            0.750000  0.220000  0.560000
   -2.922   -0.715    2.409    3.762    8.441    9.774   12.000   12.323
            0.750000  0.220000  0.570000
   -2.921   -0.711    2.402    3.767    8.360    9.878   11.996   12.213
            0.750000  0.220000  0.580000
   -2.922   -0.706    2.396    3.772    8.282    9.982   11.990   12.104
            0.750000  0.220000  0.590000
   -2.922   -0.699    2.390    3.777    8.206   10.087   11.969   12.011
            0.750000  0.220000  0.600000
   -2.923   -0.691    2.383    3.781    8.132   10.192   11.877   11.990
            0.750000  0.220000  0.610000
   -2.925   -0.682    2.377    3.786    8.062   10.297   11.771   11.983
            0.750000  0.220000  0.620000
   -2.927   -0.672    2.371    3.789    7.994   10.403   11.665   11.978
            0.750000  0.220000  0.630000
   -2.930   -0.660    2.366    3.793    7.929   10.508   11.560   11.973
            0.750000  0.220000  0.640000
   -2.934   -0.648    2.360    3.795    7.867   10.612   11.458   11.968
            0.750000  0.220000  0.650000
   -2.937   -0.635    2.355    3.796    7.808   10.712   11.360   11.963
            0.750000  0.220000  0.660000
   -2.941   -0.620    2.351    3.797    7.753   10.804   11.273   11.958
            0.750000  0.220000  0.670000
   -2.946   -0.605    2.347    3.796    7.701   10.872   11.209   11.953
            0.750000  0.220000  0.680000
   -2.950   -0.589    2.343    3.793    7.652   10.885   11.202   11.948
            0.750000  0.220000  0.690000
   -2.955   -0.573    2.341    3.790    7.608   10.835   11.259   11.944
            0.750000  0.220000  0.700000
   -2.961   -0.555    2.339    3.785    7.567   10.755   11.347   11.940
            0.750000  0.220000  0.710000
   -2.966   -0.538    2.337    3.778    7.530   10.664   11.446   11.937
            0.750000  0.220000  0.720000
   -2.972   -0.519    2.337    3.769    7.498   10.570   11.548   11.936
            0.750000  0.220000  0.730000
   -2.978   -0.501    2.337    3.759    7.469   10.474   11.649   11.938
            0.750000  0.220000  0.740000
   -2.984   -0.482    2.338    3.746    7.444   10.377   11.742   11.949
            0.750000  0.220000  0.750000
   -2.989   -0.463    2.341    3.732    7.424   10.282   11.814   11.982
            0.750000  0.220000  0.760000
   -2.995   -0.444    2.344    3.716    7.408   10.186   11.849   12.053
            0.750000  0.220000  0.770000
   -3.001   -0.425    2.348    3.698    7.396   10.092   11.861   12.147
            0.750000  0.220000  0.780000
   -3.007   -0.406    2.353    3.678    7.388    9.998   11.864   12.250
            0.750000  0.220000  0.790000
   -3.013   -0.387    2.360    3.657    7.384    9.905   11.863   12.357
            0.750000  0.220000  0.800000
   -3.019   -0.368    2.367    3.633    7.384    9.813   11.861   12.465
            0.750000  0.220000  0.810000
   -3.025   -0.350    2.376    3.609    7.388    9.723   11.858   12.574
            0.750000  0.220000  0.820000
   -3.030   -0.332    2.385    3.582    7.396    9.634   11.855   12.682
            0.750000  0.220000  0.830000
   -3.035   -0.315    2.396    3.555    7.408    9.546   11.851   12.790
            0.750000  0.220000  0.840000
   -3.041   -0.298    2.408    3.526    7.423    9.459   11.847   12.897
            0.750000  0.220000  0.850000
   -3.046   -0.282    2.421    3.496    7.441    9.374   11.844   13.003
            0.750000  0.220000  0.860000
   -3.050   -0.266    2.435    3.466    7.463    9.291   11.840   13.107
            0.750000  0.220000  0.870000
   -3.055   -0.251    2.450    3.435    7.488    9.209   11.837   13.209
            0.750000  0.220000  0.880000
   -3.059   -0.237    2.466    3.403    7.516    9.129   11.834   13.310
            0.750000  0.220000  0.890000
   -3.063   -0.224    2.482    3.372    7.546    9.051   11.831   13.407
            0.750000  0.220000  0.900000
   -3.066   -0.212    2.499    3.341    7.578    8.975   11.828   13.501
            0.750000  0.220000  0.910000
   -3.070   -0.201    2.517    3.310    7.612    8.902   11.826   13.591
            0.750000  0.220000  0.920000
   -3.073   -0.191    2.535    3.280    7.648    8.831   11.823   13.677
            0.750000  0.220000  0.930000
   -3.075   -0.182    2.552    3.252    7.685    8.764   11.821   13.757
            0.750000  0.220000  0.940000
   -3.078   -0.174    2.569    3.225    7.722    8.701   11.819   13.830
            0.750000  0.220000  0.950000
   -3.080   -0.168    2.585    3.201    7.758    8.643   11.818   13.895
            0.750000  0.220000  0.960000
   -3.081   -0.162    2.599    3.179    7.792    8.591   11.817   13.951
            0.750000  0.220000  0.970000
   -3.083   -0.158    2.612    3.162    7.822    8.547   11.816   13.997
            0.750000  0.220000  0.980000
   -3.084   -0.155    2.621    3.148    7.847    8.512   11.815   14.030
            0.750000  0.220000  0.990000
   -3.084   -0.153    2.627    3.140    7.863    8.490   11.814   14.051
            0.750000  0.220000  1.000000
   -3.084   -0.152    2.629    3.137    7.868    8.483   11.814   14.058
