 &plot nbnd=   8, nks=   101 /
            0.910000  0.910000  0.000000
   -1.782   -1.673    2.767    3.206    6.773    7.329   15.196   15.413
            0.910000  0.910000  0.010000
   -1.819   -1.636    2.767    3.207    6.773    7.330   15.186   15.397
            0.910000  0.910000  0.020000
   -1.883   -1.570    2.768    3.208    6.774    7.333   15.160   15.354
            0.910000  0.910000  0.030000
   -1.952   -1.499    2.771    3.210    6.774    7.338   15.119   15.291
            0.910000  0.910000  0.040000
   -2.022   -1.426    2.774    3.212    6.775    7.345   15.066   15.217
            0.910000  0.910000  0.050000
   -2.093   -1.351    2.779    3.216    6.776    7.354   15.005   15.137
            0.910000  0.910000  0.060000
   -2.163   -1.276    2.784    3.220    6.778    7.365   14.937   15.052
            0.910000  0.910000  0.070000
   -2.233   -1.201    2.790    3.225    6.779    7.378   14.864   14.964
            0.910000  0.910000  0.080000
   -2.302   -1.125    2.798    3.231    6.782    7.392   14.788   14.874
            0.910000  0.910000  0.090000
   -2.371   -1.049    2.806    3.237    6.784    7.409   14.710   14.784
            0.910000  0.910000  0.100000
   -2.440   -0.972    2.815    3.244    6.787    7.427   14.630   14.692
            0.910000  0.910000  0.110000
   -2.508   -0.895    2.825    3.252    6.790    7.447   14.548   14.600
            0.910000  0.910000  0.120000
   -2.575   -0.818    2.836    3.261    6.794    7.469   14.466   14.507
            0.910000  0.910000  0.130000
   -2.642   -0.740    2.849    3.271    6.799    7.492   14.383   14.414
            0.910000  0.910000  0.140000
   -2.709   -0.662    2.862    3.281    6.804    7.517   14.299   14.321
            0.910000  0.910000  0.150000
   -2.775   -0.584    2.876    3.292    6.809    7.544   14.215   14.228
            0.910000  0.910000  0.160000
   -2.840   -0.506    2.891    3.304    6.816    7.572   14.131   14.135
            0.910000  0.910000  0.170000
   -2.905   -0.427    2.907    3.316    6.823    7.602   14.041   14.047
            0.910000  0.910000  0.180000
   -2.969   -0.348    2.924    3.329    6.830    7.634   13.948   13.962
            0.910000  0.910000  0.190000
   -3.032   -0.269    2.942    3.343    6.838    7.667   13.855   13.878
            0.910000  0.910000  0.200000
   -3.095   -0.190    2.961    3.358    6.847    7.701   13.762   13.794
            0.910000  0.910000  0.210000
   -3.158   -0.111    2.981    3.374    6.857    7.737   13.669   13.710
            0.910000  0.910000  0.220000
   -3.219   -0.031    3.002    3.390    6.867    7.774   13.576   13.626
            0.910000  0.910000  0.230000
   -3.280    0.048    3.024    3.407    6.878    7.813   13.483   13.543
            0.910000  0.910000  0.240000
   -3.341    0.128    3.047    3.425    6.890    7.853   13.390   13.459
            0.910000  0.910000  0.250000
   -3.400    0.207    3.071    3.443    6.903    7.895   13.298   13.376
            0.910000  0.910000  0.260000
   -3.459    0.287    3.096    3.462    6.916    7.938   13.205   13.293
            0.910000  0.910000  0.270000
   -3.518    0.367    3.122    3.482    6.930    7.983   13.113   13.210
            0.910000  0.910000  0.280000
   -3.576    0.447    3.149    3.503    6.945    8.028   13.021   13.128
            0.910000  0.910000  0.290000
   -3.633    0.526    3.177    3.524    6.960    8.075   12.930   13.045
            0.910000  0.910000  0.300000
   -3.689    0.606    3.206    3.546    6.976    8.124   12.838   12.963
            0.910000  0.910000  0.310000
   -3.745    0.686    3.236    3.569    6.993    8.173   12.747   12.882
            0.910000  0.910000  0.320000
   -3.800    0.765    3.267    3.593    7.011    8.224   12.656   12.800
            0.910000  0.910000  0.330000
   -3.854    0.845    3.299    3.617    7.030    8.277   12.565   12.719
            0.910000  0.910000  0.340000
   -3.908    0.924    3.332    3.642    7.049    8.330   12.474   12.638
            0.910000  0.910000  0.350000
   -3.961    1.004    3.367    3.667    7.069    8.385   12.384   12.557
            0.910000  0.910000  0.360000
   -4.013    1.083    3.402    3.694    7.089    8.441   12.294   12.476
            0.910000  0.910000  0.370000
   -4.064    1.162    3.438    3.720    7.111    8.498   12.204   12.396
            0.910000  0.910000  0.380000
   -4.115    1.240    3.475    3.748    7.133    8.556   12.115   12.316
            0.910000  0.910000  0.390000
   -4.165    1.319    3.513    3.776    7.156    8.615   12.026   12.236
            0.910000  0.910000  0.400000
   -4.214    1.397    3.552    3.806    7.179    8.675   11.937   12.156
            0.910000  0.910000  0.410000
   -4.263    1.476    3.592    3.835    7.203    8.736   11.849   12.077
            0.910000  0.910000  0.420000
   -4.310    1.554    3.633    3.866    7.228    8.798   11.761   11.997
            0.910000  0.910000  0.430000
   -4.357    1.631    3.675    3.896    7.253    8.861   11.674   11.918
            0.910000  0.910000  0.440000
   -4.404    1.709    3.718    3.928    7.279    8.925   11.587   11.840
            0.910000  0.910000  0.450000
   -4.449    1.786    3.762    3.960    7.306    8.990   11.501   11.761
            0.910000  0.910000  0.460000
   -4.494    1.863    3.807    3.993    7.333    9.055   11.416   11.683
            0.910000  0.910000  0.470000
   -4.538    1.939    3.852    4.027    7.361    9.120   11.331   11.605
            0.910000  0.910000  0.480000
   -4.581    2.015    3.899    4.061    7.390    9.186   11.247   11.527
            0.910000  0.910000  0.490000
   -4.624    2.091    3.947    4.096    7.419    9.252   11.165   11.449
            0.910000  0.910000  0.500000
   -4.665    2.167    3.995    4.131    7.448    9.318   11.083   11.372
            0.910000  0.910000  0.510000
   -4.706    2.242    4.044    4.167    7.478    9.383   11.003   11.295
            0.910000  0.910000  0.520000
   -4.746    2.317    4.094    4.203    7.509    9.448   10.925   11.218
            0.910000  0.910000  0.530000
   -4.786    2.392    4.145    4.240    7.540    9.511   10.849   11.141
            0.910000  0.910000  0.540000
   -4.824    2.466    4.197    4.278    7.572    9.572   10.776   11.065
            0.910000  0.910000  0.550000
   -4.862    2.540    4.249    4.316    7.603    9.630   10.708   10.989
            0.910000  0.910000  0.560000
   -4.899    2.613    4.302    4.354    7.636    9.683   10.644   10.913
            0.910000  0.910000  0.570000
   -4.935    2.687    4.356    4.393    7.668    9.729   10.587   10.837
            0.910000  0.910000  0.580000
   -4.971    2.759    4.410    4.433    7.701    9.766   10.540   10.762
            0.910000  0.910000  0.590000
   -5.005    2.832    4.465    4.473    7.735    9.791   10.506   10.687
            0.910000  0.910000  0.600000
   -5.039    2.904    4.514    4.520    7.768    9.800   10.486   10.613
            0.910000  0.910000  0.610000
   -5.072    2.976    4.554    4.575    7.802    9.792   10.483   10.539
            0.910000  0.910000  0.620000
   -5.104    3.047    4.596    4.631    7.836    9.769   10.465   10.495
            0.910000  0.910000  0.630000
   -5.136    3.119    4.637    4.688    7.870    9.732   10.391   10.519
            0.910000  0.910000  0.640000
   -5.166    3.189    4.679    4.744    7.904    9.686   10.318   10.551
            0.910000  0.910000  0.650000
   -5.196    3.260    4.722    4.800    7.938    9.632   10.246   10.587
            0.910000  0.910000  0.660000
   -5.225    3.330    4.764    4.857    7.973    9.574   10.174   10.624
            0.910000  0.910000  0.670000
   -5.253    3.400    4.807    4.913    8.007    9.514   10.103   10.660
            0.910000  0.910000  0.680000
   -5.280    3.470    4.850    4.969    8.041    9.452   10.032   10.693
            0.910000  0.910000  0.690000
   -5.307    3.539    4.894    5.025    8.075    9.389    9.961   10.721
            0.910000  0.910000  0.700000
   -5.332    3.608    4.937    5.080    8.108    9.326    9.892   10.743
            0.910000  0.910000  0.710000
   -5.357    3.677    4.981    5.134    8.141    9.264    9.823   10.757
            0.910000  0.910000  0.720000
   -5.381    3.745    5.024    5.188    8.174    9.202    9.755   10.762
            0.910000  0.910000  0.730000
   -5.404    3.814    5.068    5.241    8.206    9.142    9.687   10.757
            0.910000  0.910000  0.740000
   -5.427    3.881    5.111    5.292    8.238    9.084    9.621   10.744
            0.910000  0.910000  0.750000
   -5.448    3.949    5.155    5.342    8.269    9.028    9.555   10.721
            0.910000  0.910000  0.760000
   -5.469    4.016    5.198    5.391    8.298    8.974    9.491   10.690
            0.910000  0.910000  0.770000
   -5.489    4.083    5.241    5.438    8.327    8.923    9.427   10.652
            0.910000  0.910000  0.780000
   -5.508    4.150    5.284    5.482    8.353    8.875    9.365   10.607
            0.910000  0.910000  0.790000
   -5.526    4.216    5.326    5.525    8.378    8.832    9.304   10.557
            0.910000  0.910000  0.800000
   -5.543    4.282    5.368    5.565    8.401    8.793    9.244   10.503
            0.910000  0.910000  0.810000
   -5.560    4.347    5.409    5.601    8.421    8.759    9.186   10.445
            0.910000  0.910000  0.820000
   -5.575    4.412    5.449    5.635    8.437    8.731    9.129   10.385
            0.910000  0.910000  0.830000
   -5.590    4.476    5.489    5.665    8.449    8.710    9.074   10.323
            0.910000  0.910000  0.840000
   -5.604    4.540    5.528    5.692    8.456    8.696    9.021   10.260
            0.910000  0.910000  0.850000
   -5.617    4.603    5.565    5.714    8.460    8.689    8.969   10.197
            0.910000  0.910000  0.860000
   -5.629    4.665    5.602    5.733    8.460    8.688    8.920   10.133
            0.910000  0.910000  0.870000
   -5.641    4.727    5.637    5.747    8.460    8.691    8.873   10.071
            0.910000  0.910000  0.880000
   -5.651    4.788    5.670    5.756    8.459    8.696    8.829   10.010
            0.910000  0.910000  0.890000
   -5.661    4.847    5.702    5.762    8.460    8.702    8.787    9.950
            0.910000  0.910000  0.900000
   -5.670    4.905    5.731    5.762    8.464    8.707    8.748    9.893
            0.910000  0.910000  0.910000
   -5.678    4.962    5.759    5.759    8.470    8.712    8.712    9.839
            0.910000  0.910000  0.920000
   -5.685    5.017    5.751    5.784    8.480    8.679    8.714    9.788
            0.910000  0.910000  0.930000
   -5.692    5.070    5.740    5.807    8.492    8.649    8.714    9.742
            0.910000  0.910000  0.940000
   -5.697    5.120    5.726    5.828    8.507    8.623    8.712    9.700
            0.910000  0.910000  0.950000
   -5.702    5.167    5.709    5.845    8.524    8.600    8.707    9.663
            0.910000  0.910000  0.960000
   -5.706    5.210    5.691    5.860    8.543    8.582    8.699    9.632
            0.910000  0.910000  0.970000
   -5.709    5.247    5.673    5.871    8.563    8.567    8.688    9.608
            0.910000  0.910000  0.980000
   -5.711    5.277    5.657    5.879    8.557    8.582    8.676    9.590
            0.910000  0.910000  0.990000
   -5.712    5.296    5.645    5.884    8.550    8.599    8.663    9.579
            0.910000  0.910000  1.000000
   -5.713    5.303    5.641    5.886    8.548    8.606    8.657    9.575
