 &plot nbnd=   8, nks=   101 /
            0.110000  0.040000  0.000000
   -5.723    5.453    5.689    5.798    8.393    8.716    8.725    9.446
            0.110000  0.040000  0.010000
   -5.723    5.445    5.693    5.797    8.395    8.707    8.732    9.450
            0.110000  0.040000  0.020000
   -5.721    5.422    5.702    5.796    8.401    8.693    8.740    9.464
            0.110000  0.040000  0.030000
   -5.719    5.390    5.712    5.796    8.411    8.678    8.746    9.486
            0.110000  0.040000  0.040000
   -5.716    5.350    5.715    5.801    8.425    8.663    8.750    9.515
            0.110000  0.040000  0.050000
   -5.713    5.305    5.710    5.809    8.442    8.648    8.751    9.552
            0.110000  0.040000  0.060000
   -5.708    5.257    5.697    5.820    8.462    8.636    8.751    9.594
            0.110000  0.040000  0.070000
   -5.702    5.205    5.679    5.831    8.485    8.625    8.750    9.641
            0.110000  0.040000  0.080000
   -5.696    5.151    5.657    5.839    8.509    8.617    8.749    9.693
            0.110000  0.040000  0.090000
   -5.689    5.095    5.631    5.845    8.532    8.611    8.751    9.748
            0.110000  0.040000  0.100000
   -5.681    5.038    5.603    5.847    8.551    8.610    8.758    9.806
            0.110000  0.040000  0.110000
   -5.672    4.979    5.572    5.844    8.562    8.615    8.771    9.867
            0.110000  0.040000  0.120000
   -5.662    4.919    5.538    5.838    8.562    8.628    8.794    9.929
            0.110000  0.040000  0.130000
   -5.651    4.857    5.503    5.827    8.554    8.646    8.825    9.993
            0.110000  0.040000  0.140000
   -5.640    4.795    5.467    5.813    8.540    8.667    8.864   10.057
            0.110000  0.040000  0.150000
   -5.628    4.732    5.428    5.794    8.523    8.691    8.909   10.122
            0.110000  0.040000  0.160000
   -5.615    4.668    5.389    5.772    8.502    8.719    8.958   10.186
            0.110000  0.040000  0.170000
   -5.601    4.603    5.348    5.746    8.480    8.750    9.011   10.250
            0.110000  0.040000  0.180000
   -5.586    4.538    5.306    5.716    8.455    8.786    9.066   10.312
            0.110000  0.040000  0.190000
   -5.570    4.472    5.263    5.683    8.429    8.824    9.124   10.373
            0.110000  0.040000  0.200000
   -5.554    4.405    5.220    5.648    8.401    8.866    9.185   10.431
            0.110000  0.040000  0.210000
   -5.536    4.338    5.176    5.610    8.372    8.911    9.247   10.485
            0.110000  0.040000  0.220000
   -5.518    4.270    5.131    5.569    8.342    8.959    9.311   10.536
            0.110000  0.040000  0.230000
   -5.499    4.202    5.086    5.527    8.311    9.009    9.377   10.581
            0.110000  0.040000  0.240000
   -5.479    4.134    5.041    5.483    8.279    9.062    9.444   10.620
            0.110000  0.040000  0.250000
   -5.458    4.065    4.995    5.437    8.247    9.117    9.512   10.652
            0.110000  0.040000  0.260000
   -5.437    3.996    4.950    5.389    8.214    9.173    9.582   10.676
            0.110000  0.040000  0.270000
   -5.415    3.926    4.904    5.341    8.181    9.231    9.653   10.691
            0.110000  0.040000  0.280000
   -5.391    3.856    4.858    5.292    8.147    9.290    9.724   10.697
            0.110000  0.040000  0.290000
   -5.367    3.785    4.812    5.241    8.113    9.350    9.797   10.695
            0.110000  0.040000  0.300000
   -5.343    3.714    4.766    5.190    8.079    9.410    9.871   10.683
            0.110000  0.040000  0.310000
   -5.317    3.643    4.720    5.139    8.045    9.470    9.945   10.665
            0.110000  0.040000  0.320000
   -5.290    3.571    4.674    5.087    8.010    9.530   10.021   10.640
            0.110000  0.040000  0.330000
   -5.263    3.499    4.629    5.035    7.976    9.588   10.097   10.610
            0.110000  0.040000  0.340000
   -5.235    3.427    4.584    4.983    7.941    9.643   10.174   10.577
            0.110000  0.040000  0.350000
   -5.206    3.354    4.538    4.931    7.907    9.695   10.251   10.545
            0.110000  0.040000  0.360000
   -5.176    3.281    4.494    4.879    7.872    9.741   10.330   10.514
            0.110000  0.040000  0.370000
   -5.146    3.208    4.449    4.827    7.838    9.777   10.408   10.490
            0.110000  0.040000  0.380000
   -5.114    3.134    4.405    4.776    7.804    9.802   10.473   10.490
            0.110000  0.040000  0.390000
   -5.082    3.060    4.361    4.725    7.770    9.812   10.473   10.568
            0.110000  0.040000  0.400000
   -5.049    2.986    4.318    4.674    7.736    9.805   10.487   10.649
            0.110000  0.040000  0.410000
   -5.015    2.911    4.274    4.624    7.703    9.783   10.516   10.730
            0.110000  0.040000  0.420000
   -4.981    2.836    4.232    4.574    7.670    9.748   10.557   10.811
            0.110000  0.040000  0.430000
   -4.945    2.760    4.189    4.524    7.637    9.703   10.608   10.893
            0.110000  0.040000  0.440000
   -4.909    2.684    4.148    4.476    7.605    9.651   10.665   10.976
            0.110000  0.040000  0.450000
   -4.872    2.608    4.106    4.428    7.573    9.593   10.729   11.059
            0.110000  0.040000  0.460000
   -4.834    2.532    4.065    4.381    7.541    9.532   10.796   11.142
            0.110000  0.040000  0.470000
   -4.795    2.455    4.025    4.334    7.510    9.468   10.866   11.226
            0.110000  0.040000  0.480000
   -4.756    2.378    3.985    4.288    7.480    9.403   10.938   11.310
            0.110000  0.040000  0.490000
   -4.716    2.300    3.946    4.243    7.450    9.337   11.013   11.395
            0.110000  0.040000  0.500000
   -4.675    2.223    3.907    4.199    7.420    9.270   11.088   11.480
            0.110000  0.040000  0.510000
   -4.633    2.145    3.869    4.156    7.392    9.202   11.165   11.565
            0.110000  0.040000  0.520000
   -4.591    2.066    3.831    4.113    7.363    9.135   11.243   11.651
            0.110000  0.040000  0.530000
   -4.547    1.988    3.794    4.072    7.336    9.068   11.321   11.737
            0.110000  0.040000  0.540000
   -4.503    1.909    3.757    4.031    7.309    9.001   11.400   11.823
            0.110000  0.040000  0.550000
   -4.458    1.830    3.721    3.991    7.282    8.935   11.480   11.910
            0.110000  0.040000  0.560000
   -4.413    1.751    3.686    3.952    7.256    8.869   11.561   11.997
            0.110000  0.040000  0.570000
   -4.367    1.671    3.651    3.914    7.231    8.804   11.641   12.084
            0.110000  0.040000  0.580000
   -4.319    1.591    3.617    3.877    7.207    8.739   11.723   12.171
            0.110000  0.040000  0.590000
   -4.272    1.511    3.584    3.841    7.183    8.676   11.804   12.259
            0.110000  0.040000  0.600000
   -4.223    1.431    3.551    3.806    7.160    8.613   11.886   12.347
            0.110000  0.040000  0.610000
   -4.174    1.351    3.519    3.771    7.138    8.552   11.969   12.436
            0.110000  0.040000  0.620000
   -4.124    1.271    3.488    3.738    7.117    8.491   12.051   12.525
            0.110000  0.040000  0.630000
   -4.073    1.190    3.457    3.705    7.096    8.432   12.134   12.614
            0.110000  0.040000  0.640000
   -4.021    1.109    3.427    3.674    7.076    8.373   12.217   12.703
            0.110000  0.040000  0.650000
   -3.969    1.029    3.398    3.643    7.057    8.316   12.301   12.792
            0.110000  0.040000  0.660000
   -3.916    0.948    3.369    3.613    7.038    8.259   12.384   12.882
            0.110000  0.040000  0.670000
   -3.862    0.867    3.341    3.584    7.021    8.204   12.468   12.972
            0.110000  0.040000  0.680000
   -3.808    0.786    3.314    3.556    7.004    8.150   12.552   13.062
            0.110000  0.040000  0.690000
   -3.753    0.705    3.288    3.529    6.988    8.098   12.637   13.153
            0.110000  0.040000  0.700000
   -3.697    0.624    3.262    3.503    6.973    8.046   12.722   13.243
            0.110000  0.040000  0.710000
   -3.640    0.543    3.237    3.478    6.958    7.996   12.806   13.334
            0.110000  0.040000  0.720000
   -3.583    0.462    3.213    3.453    6.945    7.947   12.892   13.425
            0.110000  0.040000  0.730000
   -3.525    0.381    3.190    3.430    6.932    7.899   12.977   13.516
            0.110000  0.040000  0.740000
   -3.467    0.300    3.168    3.407    6.920    7.852   13.063   13.607
            0.110000  0.040000  0.750000
   -3.408    0.220    3.146    3.386    6.909    7.807   13.148   13.699
            0.110000  0.040000  0.760000
   -3.348    0.139    3.125    3.365    6.899    7.763   13.234   13.790
            0.110000  0.040000  0.770000
   -3.287    0.058    3.105    3.345    6.890    7.720   13.321   13.882
            0.110000  0.040000  0.780000
   -3.226   -0.022    3.086    3.326    6.881    7.679   13.407   13.974
            0.110000  0.040000  0.790000
   -3.164   -0.102    3.068    3.307    6.874    7.638   13.494   14.065
            0.110000  0.040000  0.800000
   -3.102   -0.182    3.050    3.290    6.867    7.600   13.581   14.157
            0.110000  0.040000  0.810000
   -3.039   -0.262    3.034    3.274    6.861    7.562   13.668   14.249
            0.110000  0.040000  0.820000
   -2.975   -0.342    3.018    3.258    6.856    7.526   13.755   14.340
            0.110000  0.040000  0.830000
   -2.911   -0.422    3.003    3.243    6.852    7.491   13.842   14.432
            0.110000  0.040000  0.840000
   -2.846   -0.501    2.989    3.229    6.848    7.458   13.930   14.523
            0.110000  0.040000  0.850000
   -2.780   -0.580    2.975    3.216    6.845    7.426   14.018   14.613
            0.110000  0.040000  0.860000
   -2.714   -0.659    2.963    3.204    6.843    7.396   14.105   14.703
            0.110000  0.040000  0.870000
   -2.647   -0.738    2.951    3.192    6.842    7.367   14.193   14.792
            0.110000  0.040000  0.880000
   -2.580   -0.816    2.940    3.182    6.842    7.340   14.281   14.879
            0.110000  0.040000  0.890000
   -2.512   -0.894    2.930    3.172    6.842    7.314   14.368   14.965
            0.110000  0.040000  0.900000
   -2.444   -0.972    2.921    3.163    6.842    7.290   14.456   15.048
            0.110000  0.040000  0.910000
   -2.375   -1.049    2.913    3.155    6.843    7.267   14.543   15.128
            0.110000  0.040000  0.920000
   -2.305   -1.126    2.906    3.148    6.845    7.247   14.630   15.203
            0.110000  0.040000  0.930000
   -2.235   -1.203    2.899    3.142    6.847    7.228   14.716   15.271
            0.110000  0.040000  0.940000
   -2.165   -1.279    2.894    3.136    6.849    7.212   14.801   15.328
            0.110000  0.040000  0.950000
   -2.094   -1.355    2.889    3.132    6.851    7.197   14.885   15.371
            0.110000  0.040000  0.960000
   -2.023   -1.430    2.885    3.128    6.853    7.185   14.966   15.395
            0.110000  0.040000  0.970000
   -1.951   -1.505    2.882    3.125    6.854    7.176   15.045   15.396
            0.110000  0.040000  0.980000
   -1.880   -1.579    2.880    3.123    6.856    7.169   15.119   15.378
            0.110000  0.040000  0.990000
   -1.809   -1.651    2.878    3.122    6.857    7.164   15.182   15.346
            0.110000  0.040000  1.000000
   -1.759   -1.701    2.878    3.121    6.857    7.163   15.214   15.324
