 &plot nbnd=   8, nks=   100 /
            0.025600  0.692300 -1.000000
   -2.765   -2.465    1.559    1.633    7.194    7.258   11.074   11.487
            0.025600  0.692300 -0.979800
   -2.772   -2.458    1.507    1.688    7.092    7.367   11.074   11.489
            0.025600  0.692300 -0.959600
   -2.791   -2.439    1.434    1.771    6.970    7.508   11.074   11.494
            0.025600  0.692300 -0.939400
   -2.819   -2.412    1.362    1.858    6.854    7.655   11.075   11.503
            0.025600  0.692300 -0.919200
   -2.853   -2.379    1.293    1.946    6.745    7.808   11.075   11.514
            0.025600  0.692300 -0.899000
   -2.891   -2.341    1.229    2.036    6.644    7.966   11.075   11.529
            0.025600  0.692300 -0.878800
   -2.932   -2.302    1.169    2.125    6.552    8.128   11.076   11.546
            0.025600  0.692300 -0.858600
   -2.975   -2.260    1.115    2.212    6.470    8.295   11.077   11.563
            0.025600  0.692300 -0.838400
   -3.020   -2.216    1.066    2.297    6.398    8.467   11.078   11.580
            0.025600  0.692300 -0.818200
   -3.067   -2.172    1.022    2.379    6.337    8.642   11.080   11.594
            0.025600  0.692300 -0.798000
   -3.115   -2.126    0.984    2.457    6.289    8.821   11.082   11.604
            0.025600  0.692300 -0.777800
   -3.164   -2.079    0.951    2.529    6.255    9.005   11.083   11.603
            0.025600  0.692300 -0.757600
   -3.214   -2.031    0.925    2.595    6.234    9.191   11.084   11.577
            0.025600  0.692300 -0.737400
   -3.264   -1.982    0.904    2.653    6.229    9.381   11.081   11.506
            0.025600  0.692300 -0.717200
   -3.315   -1.931    0.889    2.703    6.240    9.574   11.069   11.381
            0.025600  0.692300 -0.697000
   -3.367   -1.880    0.880    2.744    6.266    9.770   11.023   11.243
            0.025600  0.692300 -0.676800
   -3.419   -1.828    0.876    2.777    6.308    9.969   10.896   11.161
            0.025600  0.692300 -0.656600
   -3.472   -1.775    0.878    2.801    6.367   10.167   10.711   11.115
            0.025600  0.692300 -0.636400
   -3.524   -1.721    0.885    2.816    6.441   10.347   10.530   11.048
            0.025600  0.692300 -0.616200
   -3.577   -1.666    0.898    2.824    6.530   10.267   10.606   10.929
            0.025600  0.692300 -0.596000
   -3.629   -1.610    0.916    2.825    6.633   10.060   10.754   10.819
            0.025600  0.692300 -0.575800
   -3.681   -1.554    0.939    2.819    6.748    9.847   10.577   11.021
            0.025600  0.692300 -0.555600
   -3.733   -1.497    0.968    2.808    6.875    9.634   10.383   11.231
            0.025600  0.692300 -0.535400
   -3.785   -1.440    1.001    2.793    7.013    9.422   10.184   11.304
            0.025600  0.692300 -0.515200
   -3.835   -1.383    1.038    2.775    7.160    9.211    9.984   11.317
            0.025600  0.692300 -0.494900
   -3.885   -1.324    1.080    2.754    7.317    9.001    9.783   11.330
            0.025600  0.692300 -0.474700
   -3.934   -1.267    1.127    2.732    7.481    8.795    9.585   11.345
            0.025600  0.692300 -0.454500
   -3.981   -1.209    1.177    2.709    7.651    8.590    9.389   11.360
            0.025600  0.692300 -0.434300
   -4.028   -1.152    1.231    2.686    7.826    8.391    9.198   11.376
            0.025600  0.692300 -0.414100
   -4.072   -1.095    1.289    2.663    8.001    8.199    9.011   11.392
            0.025600  0.692300 -0.393900
   -4.115   -1.038    1.350    2.641    7.988    8.200    8.832   11.409
            0.025600  0.692300 -0.373700
   -4.157   -0.983    1.414    2.620    7.802    8.366    8.674   11.424
            0.025600  0.692300 -0.353500
   -4.197   -0.928    1.481    2.601    7.616    8.405    8.654   11.440
            0.025600  0.692300 -0.333300
   -4.235   -0.876    1.551    2.583    7.434    8.269    8.819   11.454
            0.025600  0.692300 -0.313100
   -4.271   -0.824    1.622    2.568    7.257    8.112    9.012   11.468
            0.025600  0.692300 -0.292900
   -4.306   -0.775    1.696    2.555    7.084    7.958    9.212   11.483
            0.025600  0.692300 -0.272700
   -4.338   -0.728    1.770    2.544    6.917    7.809    9.415   11.496
            0.025600  0.692300 -0.252500
   -4.369   -0.682    1.846    2.535    6.755    7.666    9.621   11.508
            0.025600  0.692300 -0.232300
   -4.397   -0.640    1.921    2.529    6.600    7.531    9.826   11.520
            0.025600  0.692300 -0.212100
   -4.423   -0.601    1.996    2.524    6.452    7.404   10.031   11.530
            0.025600  0.692300 -0.191900
   -4.446   -0.564    2.070    2.522    6.313    7.286   10.234   11.540
            0.025600  0.692300 -0.171700
   -4.468   -0.531    2.142    2.521    6.182    7.178   10.436   11.549
            0.025600  0.692300 -0.151500
   -4.487   -0.501    2.211    2.521    6.060    7.079   10.633   11.556
            0.025600  0.692300 -0.131300
   -4.504   -0.474    2.276    2.523    5.950    6.991   10.824   11.563
            0.025600  0.692300 -0.111100
   -4.519   -0.451    2.335    2.525    5.852    6.915   11.007   11.569
            0.025600  0.692300 -0.090900
   -4.531   -0.432    2.387    2.527    5.767    6.850   11.178   11.575
            0.025600  0.692300 -0.070700
   -4.540   -0.416    2.432    2.529    5.697    6.798   11.332   11.579
            0.025600  0.692300 -0.050500
   -4.548   -0.405    2.468    2.529    5.643    6.758   11.459   11.582
            0.025600  0.692300 -0.030300
   -4.552   -0.397    2.494    2.528    5.606    6.731   11.550   11.589
            0.025600  0.692300 -0.010100
   -4.555   -0.393    2.511    2.525    5.588    6.718   11.577   11.613
            0.025600  0.692300  0.010100
   -4.555   -0.393    2.511    2.525    5.588    6.718   11.577   11.613
            0.025600  0.692300  0.030300
   -4.552   -0.397    2.494    2.528    5.606    6.731   11.550   11.589
            0.025600  0.692300  0.050500
   -4.548   -0.405    2.468    2.529    5.643    6.758   11.459   11.582
            0.025600  0.692300  0.070700
   -4.540   -0.416    2.432    2.529    5.697    6.798   11.332   11.579
            0.025600  0.692300  0.090900
   -4.531   -0.432    2.387    2.527    5.767    6.850   11.178   11.575
            0.025600  0.692300  0.111100
   -4.519   -0.451    2.335    2.525    5.852    6.915   11.007   11.569
            0.025600  0.692300  0.131300
   -4.504   -0.474    2.276    2.523    5.950    6.991   10.824   11.563
            0.025600  0.692300  0.151500
   -4.487   -0.501    2.211    2.521    6.060    7.079   10.633   11.556
            0.025600  0.692300  0.171700
   -4.468   -0.531    2.142    2.521    6.182    7.178   10.436   11.549
            0.025600  0.692300  0.191900
   -4.446   -0.564    2.070    2.522    6.313    7.286   10.234   11.540
            0.025600  0.692300  0.212100
   -4.423   -0.601    1.996    2.524    6.452    7.404   10.031   11.530
            0.025600  0.692300  0.232300
   -4.397   -0.640    1.921    2.529    6.600    7.531    9.826   11.520
            0.025600  0.692300  0.252500
   -4.369   -0.682    1.846    2.535    6.755    7.666    9.621   11.508
            0.025600  0.692300  0.272700
   -4.338   -0.728    1.770    2.544    6.917    7.809    9.415   11.496
            0.025600  0.692300  0.292900
   -4.306   -0.775    1.696    2.555    7.084    7.958    9.212   11.483
            0.025600  0.692300  0.313100
   -4.271   -0.824    1.622    2.568    7.257    8.112    9.012   11.468
            0.025600  0.692300  0.333300
   -4.235   -0.876    1.551    2.583    7.434    8.269    8.819   11.454
            0.025600  0.692300  0.353500
   -4.197   -0.928    1.481    2.601    7.616    8.405    8.654   11.440
            0.025600  0.692300  0.373700
   -4.157   -0.983    1.414    2.620    7.802    8.366    8.674   11.424
            0.025600  0.692300  0.393900
   -4.115   -1.038    1.350    2.641    7.988    8.200    8.832   11.409
            0.025600  0.692300  0.414100
   -4.072   -1.095    1.289    2.663    8.001    8.199    9.011   11.392
            0.025600  0.692300  0.434300
   -4.028   -1.152    1.231    2.686    7.826    8.391    9.198   11.376
            0.025600  0.692300  0.454500
   -3.981   -1.209    1.177    2.709    7.651    8.590    9.389   11.360
            0.025600  0.692300  0.474700
   -3.934   -1.267    1.127    2.732    7.481    8.795    9.585   11.345
            0.025600  0.692300  0.494900
   -3.885   -1.324    1.080    2.754    7.317    9.001    9.783   11.330
            0.025600  0.692300  0.515200
   -3.835   -1.383    1.038    2.775    7.160    9.211    9.984   11.317
            0.025600  0.692300  0.535400
   -3.785   -1.440    1.001    2.793    7.013    9.422   10.184   11.304
            0.025600  0.692300  0.555600
   -3.733   -1.497    0.968    2.808    6.875    9.634   10.383   11.230
            0.025600  0.692300  0.575800
   -3.681   -1.554    0.939    2.819    6.748    9.847   10.577   11.022
            0.025600  0.692300  0.596000
   -3.629   -1.610    0.916    2.825    6.633   10.060   10.754   10.820
            0.025600  0.692300  0.616200
   -3.577   -1.666    0.898    2.824    6.530   10.267   10.606   10.929
            0.025600  0.692300  0.636400
   -3.524   -1.721    0.885    2.816    6.441   10.347   10.530   11.048
            0.025600  0.692300  0.656600
   -3.472   -1.775    0.878    2.801    6.367   10.167   10.711   11.115
            0.025600  0.692300  0.676800
   -3.419   -1.828    0.876    2.777    6.308    9.969   10.896   11.161
            0.025600  0.692300  0.697000
   -3.367   -1.880    0.880    2.744    6.266    9.770   11.023   11.243
            0.025600  0.692300  0.717200
   -3.315   -1.931    0.889    2.703    6.240    9.574   11.069   11.382
            0.025600  0.692300  0.737400
   -3.264   -1.982    0.904    2.653    6.229    9.381   11.081   11.506
            0.025600  0.692300  0.757600
   -3.214   -2.031    0.925    2.595    6.234    9.191   11.084   11.577
            0.025600  0.692300  0.777800
   -3.164   -2.079    0.951    2.529    6.255    9.005   11.083   11.603
            0.025600  0.692300  0.798000
   -3.115   -2.126    0.984    2.457    6.289    8.821   11.082   11.604
            0.025600  0.692300  0.818200
   -3.067   -2.172    1.022    2.379    6.337    8.642   11.080   11.594
            0.025600  0.692300  0.838400
   -3.020   -2.216    1.066    2.297    6.398    8.467   11.078   11.580
            0.025600  0.692300  0.858600
   -2.975   -2.260    1.115    2.212    6.470    8.295   11.077   11.563
            0.025600  0.692300  0.878800
   -2.932   -2.302    1.169    2.125    6.552    8.128   11.076   11.546
            0.025600  0.692300  0.899000
   -2.891   -2.341    1.229    2.036    6.644    7.966   11.075   11.529
            0.025600  0.692300  0.919200
   -2.853   -2.379    1.293    1.946    6.745    7.808   11.075   11.514
            0.025600  0.692300  0.939400
   -2.819   -2.412    1.362    1.858    6.854    7.655   11.075   11.503
            0.025600  0.692300  0.959600
   -2.791   -2.439    1.434    1.771    6.970    7.508   11.074   11.494
            0.025600  0.692300  0.979800
   -2.772   -2.458    1.507    1.688    7.092    7.367   11.074   11.489
            0.025600  0.692300  1.000000
   -2.765   -2.465    1.559    1.633    7.194    7.258   11.074   11.487
