 &plot nbnd=   8, nks=   101 /
            0.290000  0.330000  0.000000
   -4.976    2.535    3.802    5.424    8.942    9.186    9.715   11.374
            0.290000  0.330000  0.010000
   -4.975    2.531    3.806    5.423    8.937    9.187    9.715   11.377
            0.290000  0.330000  0.020000
   -4.974    2.520    3.818    5.421    8.923    9.192    9.716   11.387
            0.290000  0.330000  0.030000
   -4.972    2.501    3.837    5.419    8.901    9.199    9.716   11.403
            0.290000  0.330000  0.040000
   -4.969    2.476    3.863    5.415    8.872    9.206    9.717   11.425
            0.290000  0.330000  0.050000
   -4.966    2.445    3.894    5.410    8.838    9.214    9.717   11.452
            0.290000  0.330000  0.060000
   -4.962    2.409    3.931    5.404    8.799    9.221    9.718   11.485
            0.290000  0.330000  0.070000
   -4.957    2.369    3.973    5.397    8.757    9.228    9.718   11.524
            0.290000  0.330000  0.080000
   -4.951    2.325    4.018    5.389    8.711    9.234    9.717   11.567
            0.290000  0.330000  0.090000
   -4.944    2.279    4.065    5.380    8.663    9.239    9.716   11.614
            0.290000  0.330000  0.100000
   -4.937    2.230    4.115    5.369    8.613    9.244    9.715   11.666
            0.290000  0.330000  0.110000
   -4.928    2.179    4.167    5.358    8.562    9.248    9.712   11.721
            0.290000  0.330000  0.120000
   -4.920    2.126    4.220    5.346    8.509    9.252    9.709   11.780
            0.290000  0.330000  0.130000
   -4.910    2.073    4.274    5.333    8.455    9.256    9.705   11.842
            0.290000  0.330000  0.140000
   -4.899    2.018    4.329    5.319    8.401    9.260    9.700   11.906
            0.290000  0.330000  0.150000
   -4.888    1.962    4.384    5.304    8.347    9.263    9.695   11.973
            0.290000  0.330000  0.160000
   -4.876    1.906    4.438    5.288    8.293    9.267    9.688   12.042
            0.290000  0.330000  0.170000
   -4.863    1.850    4.492    5.271    8.240    9.271    9.681   12.113
            0.290000  0.330000  0.180000
   -4.850    1.793    4.545    5.254    8.187    9.276    9.673   12.187
            0.290000  0.330000  0.190000
   -4.836    1.737    4.597    5.236    8.135    9.281    9.664   12.261
            0.290000  0.330000  0.200000
   -4.820    1.680    4.647    5.217    8.085    9.287    9.653   12.338
            0.290000  0.330000  0.210000
   -4.805    1.623    4.695    5.197    8.036    9.293    9.642   12.416
            0.290000  0.330000  0.220000
   -4.788    1.566    4.741    5.177    7.990    9.300    9.631   12.495
            0.290000  0.330000  0.230000
   -4.771    1.510    4.784    5.156    7.946    9.307    9.618   12.575
            0.290000  0.330000  0.240000
   -4.753    1.454    4.825    5.135    7.905    9.316    9.605   12.657
            0.290000  0.330000  0.250000
   -4.734    1.398    4.861    5.114    7.867    9.325    9.591   12.739
            0.290000  0.330000  0.260000
   -4.715    1.342    4.893    5.093    7.832    9.335    9.576   12.822
            0.290000  0.330000  0.270000
   -4.694    1.287    4.919    5.073    7.802    9.345    9.561   12.907
            0.290000  0.330000  0.280000
   -4.673    1.232    4.938    5.056    7.775    9.355    9.546   12.992
            0.290000  0.330000  0.290000
   -4.652    1.177    4.946    5.044    7.753    9.366    9.531   13.077
            0.290000  0.330000  0.300000
   -4.629    1.124    4.942    5.040    7.736    9.376    9.517   13.163
            0.290000  0.330000  0.310000
   -4.606    1.070    4.927    5.041    7.723    9.384    9.505   13.248
            0.290000  0.330000  0.320000
   -4.583    1.017    4.906    5.042    7.716    9.389    9.498   13.330
            0.290000  0.330000  0.330000
   -4.558    0.965    4.882    5.040    7.713    9.387    9.498   13.384
            0.290000  0.330000  0.340000
   -4.533    0.913    4.856    5.034    7.716    9.378    9.505   13.350
            0.290000  0.330000  0.350000
   -4.507    0.862    4.828    5.025    7.723    9.365    9.518   13.292
            0.290000  0.330000  0.360000
   -4.481    0.811    4.800    5.010    7.735    9.349    9.535   13.230
            0.290000  0.330000  0.370000
   -4.453    0.761    4.770    4.992    7.752    9.331    9.555   13.168
            0.290000  0.330000  0.380000
   -4.426    0.712    4.740    4.969    7.772    9.313    9.577   13.106
            0.290000  0.330000  0.390000
   -4.397    0.663    4.708    4.942    7.796    9.294    9.601   13.045
            0.290000  0.330000  0.400000
   -4.368    0.615    4.675    4.912    7.823    9.276    9.626   12.985
            0.290000  0.330000  0.410000
   -4.338    0.567    4.641    4.880    7.852    9.258    9.653   12.926
            0.290000  0.330000  0.420000
   -4.308    0.521    4.606    4.845    7.883    9.242    9.682   12.868
            0.290000  0.330000  0.430000
   -4.277    0.475    4.568    4.808    7.916    9.228    9.712   12.812
            0.290000  0.330000  0.440000
   -4.245    0.429    4.529    4.770    7.949    9.216    9.743   12.756
            0.290000  0.330000  0.450000
   -4.213    0.384    4.487    4.732    7.981    9.206    9.775   12.701
            0.290000  0.330000  0.460000
   -4.180    0.340    4.443    4.694    8.013    9.200    9.809   12.648
            0.290000  0.330000  0.470000
   -4.147    0.297    4.396    4.656    8.043    9.198    9.844   12.596
            0.290000  0.330000  0.480000
   -4.113    0.255    4.346    4.620    8.070    9.200    9.880   12.545
            0.290000  0.330000  0.490000
   -4.079    0.213    4.293    4.584    8.094    9.208    9.918   12.495
            0.290000  0.330000  0.500000
   -4.044    0.172    4.238    4.550    8.113    9.221    9.957   12.446
            0.290000  0.330000  0.510000
   -4.008    0.131    4.180    4.517    8.129    9.240    9.996   12.398
            0.290000  0.330000  0.520000
   -3.972    0.092    4.119    4.485    8.140    9.265   10.038   12.352
            0.290000  0.330000  0.530000
   -3.936    0.053    4.057    4.455    8.146    9.296   10.080   12.307
            0.290000  0.330000  0.540000
   -3.899    0.015    3.993    4.425    8.148    9.333   10.123   12.262
            0.290000  0.330000  0.550000
   -3.862   -0.023    3.928    4.396    8.145    9.376   10.168   12.219
            0.290000  0.330000  0.560000
   -3.824   -0.059    3.862    4.368    8.139    9.423   10.214   12.177
            0.290000  0.330000  0.570000
   -3.786   -0.095    3.795    4.341    8.129    9.475   10.261   12.137
            0.290000  0.330000  0.580000
   -3.747   -0.130    3.727    4.315    8.116    9.531   10.310   12.097
            0.290000  0.330000  0.590000
   -3.709   -0.164    3.658    4.289    8.101    9.590   10.359   12.058
            0.290000  0.330000  0.600000
   -3.669   -0.198    3.589    4.264    8.084    9.652   10.410   12.021
            0.290000  0.330000  0.610000
   -3.630   -0.230    3.519    4.239    8.065    9.717   10.462   11.985
            0.290000  0.330000  0.620000
   -3.590   -0.262    3.449    4.215    8.045    9.784   10.515   11.949
            0.290000  0.330000  0.630000
   -3.551   -0.293    3.379    4.192    8.023    9.852   10.570   11.915
            0.290000  0.330000  0.640000
   -3.511   -0.324    3.310    4.169    8.001    9.923   10.625   11.882
            0.290000  0.330000  0.650000
   -3.470   -0.353    3.240    4.147    7.978    9.994   10.682   11.850
            0.290000  0.330000  0.660000
   -3.430   -0.382    3.170    4.126    7.955   10.067   10.740   11.820
            0.290000  0.330000  0.670000
   -3.390   -0.410    3.101    4.105    7.931   10.141   10.799   11.790
            0.290000  0.330000  0.680000
   -3.349   -0.437    3.033    4.085    7.908   10.215   10.859   11.762
            0.290000  0.330000  0.690000
   -3.309   -0.463    2.964    4.065    7.884   10.290   10.921   11.735
            0.290000  0.330000  0.700000
   -3.269   -0.488    2.897    4.046    7.861   10.366   10.984   11.709
            0.290000  0.330000  0.710000
   -3.228   -0.513    2.830    4.027    7.837   10.441   11.047   11.684
            0.290000  0.330000  0.720000
   -3.188   -0.537    2.764    4.009    7.815   10.517   11.112   11.661
            0.290000  0.330000  0.730000
   -3.148   -0.560    2.699    3.991    7.792   10.592   11.177   11.640
            0.290000  0.330000  0.740000
   -3.109   -0.582    2.634    3.975    7.770   10.667   11.243   11.622
            0.290000  0.330000  0.750000
   -3.070   -0.603    2.571    3.958    7.748   10.742   11.309   11.606
            0.290000  0.330000  0.760000
   -3.031   -0.624    2.509    3.943    7.728   10.815   11.373   11.595
            0.290000  0.330000  0.770000
   -2.993   -0.643    2.449    3.928    7.707   10.887   11.432   11.592
            0.290000  0.330000  0.780000
   -2.955   -0.662    2.389    3.913    7.687   10.958   11.476   11.609
            0.290000  0.330000  0.790000
   -2.918   -0.680    2.332    3.899    7.668   11.025   11.499   11.651
            0.290000  0.330000  0.800000
   -2.882   -0.697    2.275    3.886    7.650   11.088   11.510   11.712
            0.290000  0.330000  0.810000
   -2.847   -0.713    2.221    3.873    7.633   11.145   11.520   11.781
            0.290000  0.330000  0.820000
   -2.812   -0.729    2.168    3.861    7.616   11.192   11.538   11.854
            0.290000  0.330000  0.830000
   -2.779   -0.744    2.117    3.850    7.600   11.228   11.567   11.929
            0.290000  0.330000  0.840000
   -2.747   -0.757    2.068    3.839    7.585   11.252   11.607   12.006
            0.290000  0.330000  0.850000
   -2.716   -0.770    2.022    3.829    7.570   11.265   11.658   12.084
            0.290000  0.330000  0.860000
   -2.686   -0.782    1.977    3.820    7.557   11.272   11.717   12.162
            0.290000  0.330000  0.870000
   -2.658   -0.794    1.935    3.811    7.544   11.273   11.780   12.241
            0.290000  0.330000  0.880000
   -2.631   -0.804    1.896    3.803    7.533   11.272   11.847   12.321
            0.290000  0.330000  0.890000
   -2.606   -0.814    1.859    3.795    7.522   11.269   11.915   12.400
            0.290000  0.330000  0.900000
   -2.582   -0.823    1.825    3.788    7.512   11.265   11.983   12.480
            0.290000  0.330000  0.910000
   -2.561   -0.830    1.794    3.782    7.503   11.261   12.052   12.559
            0.290000  0.330000  0.920000
   -2.541   -0.838    1.765    3.777    7.495   11.257   12.120   12.638
            0.290000  0.330000  0.930000
   -2.524   -0.844    1.740    3.772    7.488   11.252   12.185   12.715
            0.290000  0.330000  0.940000
   -2.508   -0.849    1.718    3.767    7.482   11.249   12.248   12.791
            0.290000  0.330000  0.950000
   -2.495   -0.854    1.699    3.764    7.476   11.245   12.307   12.865
            0.290000  0.330000  0.960000
   -2.484   -0.858    1.684    3.761    7.472   11.243   12.360   12.937
            0.290000  0.330000  0.970000
   -2.476   -0.860    1.671    3.759    7.469   11.240   12.406   13.006
            0.290000  0.330000  0.980000
   -2.470   -0.863    1.663    3.757    7.466   11.239   12.441   13.072
            0.290000  0.330000  0.990000
   -2.466   -0.864    1.657    3.756    7.465   11.238   12.463   13.134
            0.290000  0.330000  1.000000
   -2.465   -0.864    1.656    3.756    7.464   11.238   12.471   13.183
