 &plot nbnd=   8, nks=   101 /
            0.860000  0.150000  0.000000
   -2.692   -0.666    2.931    3.063    7.083    7.525   13.658   14.812
            0.860000  0.150000  0.010000
   -2.691   -0.666    2.922    3.072    7.080    7.532   13.658   14.805
            0.860000  0.150000  0.020000
   -2.691   -0.667    2.899    3.093    7.070    7.551   13.658   14.783
            0.860000  0.150000  0.030000
   -2.690   -0.667    2.869    3.119    7.055    7.581   13.659   14.747
            0.860000  0.150000  0.040000
   -2.689   -0.668    2.836    3.147    7.037    7.620   13.659   14.699
            0.860000  0.150000  0.050000
   -2.687   -0.669    2.802    3.175    7.019    7.666   13.660   14.639
            0.860000  0.150000  0.060000
   -2.685   -0.671    2.766    3.202    7.001    7.717   13.661   14.569
            0.860000  0.150000  0.070000
   -2.682   -0.672    2.730    3.229    6.985    7.774   13.662   14.490
            0.860000  0.150000  0.080000
   -2.680   -0.674    2.694    3.254    6.970    7.834   13.663   14.404
            0.860000  0.150000  0.090000
   -2.676   -0.677    2.658    3.278    6.959    7.898   13.664   14.312
            0.860000  0.150000  0.100000
   -2.673   -0.679    2.623    3.299    6.951    7.964   13.665   14.215
            0.860000  0.150000  0.110000
   -2.669   -0.682    2.588    3.319    6.946    8.034   13.667   14.113
            0.860000  0.150000  0.120000
   -2.665   -0.685    2.553    3.337    6.945    8.106   13.668   14.008
            0.860000  0.150000  0.130000
   -2.660   -0.688    2.519    3.352    6.948    8.180   13.670   13.899
            0.860000  0.150000  0.140000
   -2.656   -0.692    2.485    3.365    6.956    8.257   13.671   13.789
            0.860000  0.150000  0.150000
   -2.651   -0.696    2.452    3.376    6.967    8.335   13.661   13.688
            0.860000  0.150000  0.160000
   -2.645   -0.700    2.421    3.385    6.983    8.415   13.558   13.678
            0.860000  0.150000  0.170000
   -2.640   -0.704    2.390    3.391    7.003    8.498   13.443   13.679
            0.860000  0.150000  0.180000
   -2.634   -0.709    2.360    3.396    7.027    8.581   13.325   13.681
            0.860000  0.150000  0.190000
   -2.628   -0.713    2.331    3.398    7.056    8.667   13.207   13.683
            0.860000  0.150000  0.200000
   -2.622   -0.718    2.303    3.398    7.089    8.754   13.088   13.685
            0.860000  0.150000  0.210000
   -2.615   -0.724    2.276    3.396    7.126    8.842   12.968   13.687
            0.860000  0.150000  0.220000
   -2.609   -0.729    2.250    3.392    7.167    8.932   12.848   13.689
            0.860000  0.150000  0.230000
   -2.602   -0.735    2.225    3.387    7.211    9.023   12.727   13.691
            0.860000  0.150000  0.240000
   -2.595   -0.741    2.202    3.379    7.260    9.115   12.606   13.693
            0.860000  0.150000  0.250000
   -2.588   -0.747    2.180    3.371    7.312    9.209   12.486   13.694
            0.860000  0.150000  0.260000
   -2.582   -0.753    2.159    3.361    7.368    9.303   12.365   13.695
            0.860000  0.150000  0.270000
   -2.575   -0.759    2.139    3.350    7.427    9.399   12.244   13.696
            0.860000  0.150000  0.280000
   -2.568   -0.766    2.120    3.338    7.490    9.496   12.124   13.696
            0.860000  0.150000  0.290000
   -2.561   -0.772    2.103    3.325    7.555    9.593   12.004   13.696
            0.860000  0.150000  0.300000
   -2.554   -0.778    2.087    3.312    7.624    9.692   11.884   13.693
            0.860000  0.150000  0.310000
   -2.548   -0.785    2.072    3.298    7.695    9.791   11.765   13.689
            0.860000  0.150000  0.320000
   -2.541   -0.791    2.058    3.283    7.769    9.890   11.648   13.681
            0.860000  0.150000  0.330000
   -2.535   -0.797    2.045    3.269    7.845    9.990   11.531   13.667
            0.860000  0.150000  0.340000
   -2.529   -0.803    2.034    3.254    7.924   10.089   11.416   13.642
            0.860000  0.150000  0.350000
   -2.523   -0.809    2.023    3.239    8.006   10.187   11.304   13.597
            0.860000  0.150000  0.360000
   -2.517   -0.815    2.014    3.225    8.089   10.282   11.196   13.526
            0.860000  0.150000  0.370000
   -2.512   -0.820    2.005    3.211    8.175   10.371   11.096   13.433
            0.860000  0.150000  0.380000
   -2.507   -0.825    1.998    3.197    8.262   10.447   11.009   13.327
            0.860000  0.150000  0.390000
   -2.503   -0.830    1.991    3.184    8.352   10.496   10.952   13.214
            0.860000  0.150000  0.400000
   -2.499   -0.834    1.985    3.171    8.443   10.495   10.946   13.097
            0.860000  0.150000  0.410000
   -2.495   -0.838    1.981    3.159    8.536   10.443   10.992   12.979
            0.860000  0.150000  0.420000
   -2.492   -0.841    1.977    3.148    8.630   10.361   11.069   12.861
            0.860000  0.150000  0.430000
   -2.489   -0.844    1.973    3.138    8.726   10.266   11.160   12.743
            0.860000  0.150000  0.440000
   -2.487   -0.846    1.971    3.129    8.823   10.165   11.259   12.626
            0.860000  0.150000  0.450000
   -2.485   -0.848    1.969    3.121    8.921   10.061   11.361   12.510
            0.860000  0.150000  0.460000
   -2.484   -0.849    1.968    3.115    9.020    9.956   11.463   12.398
            0.860000  0.150000  0.470000
   -2.484   -0.849    1.967    3.109    9.118    9.851   11.562   12.292
            0.860000  0.150000  0.480000
   -2.484   -0.849    1.967    3.105    9.216    9.749   11.651   12.197
            0.860000  0.150000  0.490000
   -2.485   -0.849    1.968    3.102    9.309    9.654   11.716   12.130
            0.860000  0.150000  0.500000
   -2.486   -0.847    1.969    3.100    9.378    9.584   11.726   12.120
            0.860000  0.150000  0.510000
   -2.488   -0.845    1.971    3.099    9.363    9.598   11.674   12.172
            0.860000  0.150000  0.520000
   -2.490   -0.843    1.973    3.100    9.283    9.680   11.589   12.261
            0.860000  0.150000  0.530000
   -2.493   -0.839    1.976    3.102    9.188    9.778   11.491   12.364
            0.860000  0.150000  0.540000
   -2.497   -0.836    1.979    3.105    9.090    9.881   11.388   12.474
            0.860000  0.150000  0.550000
   -2.501   -0.831    1.983    3.110    8.991    9.984   11.284   12.589
            0.860000  0.150000  0.560000
   -2.505   -0.826    1.987    3.116    8.892   10.088   11.181   12.705
            0.860000  0.150000  0.570000
   -2.510   -0.821    1.993    3.123    8.795   10.189   11.082   12.823
            0.860000  0.150000  0.580000
   -2.516   -0.815    1.998    3.131    8.698   10.284   10.989   12.942
            0.860000  0.150000  0.590000
   -2.522   -0.809    2.005    3.140    8.603   10.366   10.911   13.061
            0.860000  0.150000  0.600000
   -2.528   -0.802    2.012    3.151    8.509   10.419   10.864   13.179
            0.860000  0.150000  0.610000
   -2.535   -0.795    2.020    3.162    8.417   10.421   10.870   13.295
            0.860000  0.150000  0.620000
   -2.542   -0.787    2.029    3.174    8.326   10.373   10.926   13.406
            0.860000  0.150000  0.630000
   -2.549   -0.780    2.038    3.186    8.237   10.297   11.012   13.509
            0.860000  0.150000  0.640000
   -2.557   -0.772    2.048    3.199    8.150   10.207   11.113   13.592
            0.860000  0.150000  0.650000
   -2.564   -0.764    2.060    3.213    8.065   10.113   11.221   13.650
            0.860000  0.150000  0.660000
   -2.572   -0.756    2.072    3.227    7.982   10.015   11.332   13.682
            0.860000  0.150000  0.670000
   -2.581   -0.747    2.085    3.241    7.902    9.916   11.447   13.700
            0.860000  0.150000  0.680000
   -2.589   -0.739    2.099    3.256    7.823    9.817   11.563   13.709
            0.860000  0.150000  0.690000
   -2.597   -0.731    2.114    3.270    7.747    9.718   11.681   13.715
            0.860000  0.150000  0.700000
   -2.606   -0.722    2.131    3.285    7.674    9.620   11.799   13.718
            0.860000  0.150000  0.710000
   -2.614   -0.714    2.148    3.299    7.603    9.522   11.919   13.719
            0.860000  0.150000  0.720000
   -2.622   -0.706    2.166    3.312    7.535    9.425   12.038   13.720
            0.860000  0.150000  0.730000
   -2.631   -0.698    2.186    3.325    7.470    9.329   12.158   13.719
            0.860000  0.150000  0.740000
   -2.639   -0.690    2.207    3.337    7.408    9.233   12.279   13.719
            0.860000  0.150000  0.750000
   -2.647   -0.682    2.228    3.348    7.349    9.139   12.400   13.718
            0.860000  0.150000  0.760000
   -2.655   -0.675    2.251    3.358    7.294    9.047   12.520   13.716
            0.860000  0.150000  0.770000
   -2.663   -0.668    2.275    3.367    7.242    8.955   12.641   13.715
            0.860000  0.150000  0.780000
   -2.671   -0.661    2.300    3.374    7.194    8.865   12.761   13.713
            0.860000  0.150000  0.790000
   -2.679   -0.654    2.326    3.380    7.150    8.776   12.881   13.712
            0.860000  0.150000  0.800000
   -2.686   -0.648    2.354    3.385    7.109    8.689   13.001   13.710
            0.860000  0.150000  0.810000
   -2.693   -0.642    2.382    3.387    7.073    8.603   13.120   13.708
            0.860000  0.150000  0.820000
   -2.700   -0.636    2.411    3.387    7.040    8.519   13.238   13.706
            0.860000  0.150000  0.830000
   -2.707   -0.630    2.441    3.386    7.012    8.436   13.356   13.705
            0.860000  0.150000  0.840000
   -2.713   -0.625    2.472    3.382    6.987    8.355   13.472   13.703
            0.860000  0.150000  0.850000
   -2.719   -0.620    2.504    3.376    6.967    8.276   13.586   13.701
            0.860000  0.150000  0.860000
   -2.725   -0.616    2.537    3.368    6.952    8.199   13.694   13.705
            0.860000  0.150000  0.870000
   -2.730   -0.612    2.570    3.358    6.940    8.125   13.698   13.811
            0.860000  0.150000  0.880000
   -2.735   -0.608    2.604    3.345    6.932    8.052   13.696   13.919
            0.860000  0.150000  0.890000
   -2.740   -0.604    2.638    3.330    6.929    7.982   13.695   14.024
            0.860000  0.150000  0.900000
   -2.744   -0.601    2.673    3.314    6.929    7.915   13.693   14.126
            0.860000  0.150000  0.910000
   -2.748   -0.598    2.708    3.295    6.932    7.850   13.692   14.223
            0.860000  0.150000  0.920000
   -2.751   -0.595    2.743    3.274    6.939    7.789   13.691   14.316
            0.860000  0.150000  0.930000
   -2.754   -0.593    2.778    3.252    6.949    7.732   13.690   14.402
            0.860000  0.150000  0.940000
   -2.757   -0.591    2.813    3.228    6.960    7.678   13.689   14.481
            0.860000  0.150000  0.950000
   -2.759   -0.590    2.848    3.202    6.974    7.630   13.689   14.551
            0.860000  0.150000  0.960000
   -2.761   -0.588    2.881    3.176    6.987    7.587   13.688   14.611
            0.860000  0.150000  0.970000
   -2.763   -0.587    2.913    3.150    7.000    7.552   13.687   14.660
            0.860000  0.150000  0.980000
   -2.764   -0.586    2.942    3.126    7.012    7.525   13.687   14.696
            0.860000  0.150000  0.990000
   -2.764   -0.586    2.964    3.106    7.019    7.508   13.687   14.718
            0.860000  0.150000  1.000000
   -2.765   -0.586    2.973    3.098    7.022    7.502   13.687   14.726
