 &plot nbnd=   8, nks=   101 /
            0.480000  0.890000  0.000000
   -2.124   -1.090    1.948    2.638    9.778   10.138   10.580   11.791
            0.480000  0.890000  0.010000
   -2.126   -1.089    1.948    2.640    9.777   10.128   10.593   11.792
            0.480000  0.890000  0.020000
   -2.130   -1.086    1.947    2.646    9.772   10.100   10.628   11.794
            0.480000  0.890000  0.030000
   -2.137   -1.080    1.945    2.656    9.763   10.064   10.679   11.797
            0.480000  0.890000  0.040000
   -2.148   -1.073    1.942    2.670    9.748   10.025   10.741   11.801
            0.480000  0.890000  0.050000
   -2.160   -1.064    1.940    2.687    9.725    9.990   10.809   11.807
            0.480000  0.890000  0.060000
   -2.176   -1.053    1.937    2.708    9.693    9.963   10.881   11.814
            0.480000  0.890000  0.070000
   -2.193   -1.041    1.934    2.733    9.651    9.944   10.956   11.823
            0.480000  0.890000  0.080000
   -2.213   -1.027    1.931    2.760    9.602    9.933   11.033   11.833
            0.480000  0.890000  0.090000
   -2.235   -1.012    1.928    2.790    9.547    9.927   11.111   11.845
            0.480000  0.890000  0.100000
   -2.259   -0.995    1.925    2.823    9.490    9.925   11.190   11.859
            0.480000  0.890000  0.110000
   -2.285   -0.977    1.924    2.859    9.431    9.926   11.269   11.876
            0.480000  0.890000  0.120000
   -2.312   -0.958    1.922    2.896    9.370    9.930   11.347   11.895
            0.480000  0.890000  0.130000
   -2.341   -0.938    1.922    2.936    9.310    9.935   11.424   11.918
            0.480000  0.890000  0.140000
   -2.371   -0.918    1.922    2.977    9.250    9.941   11.498   11.946
            0.480000  0.890000  0.150000
   -2.402   -0.896    1.923    3.021    9.190    9.948   11.569   11.980
            0.480000  0.890000  0.160000
   -2.435   -0.874    1.925    3.066    9.131    9.957   11.633   12.020
            0.480000  0.890000  0.170000
   -2.468   -0.851    1.928    3.112    9.073    9.966   11.692   12.070
            0.480000  0.890000  0.180000
   -2.502   -0.828    1.932    3.160    9.016    9.977   11.742   12.128
            0.480000  0.890000  0.190000
   -2.537   -0.803    1.936    3.209    8.960    9.988   11.787   12.194
            0.480000  0.890000  0.200000
   -2.573   -0.779    1.942    3.260    8.905   10.000   11.825   12.267
            0.480000  0.890000  0.210000
   -2.609   -0.753    1.949    3.311    8.852   10.012   11.859   12.346
            0.480000  0.890000  0.220000
   -2.646   -0.728    1.957    3.363    8.800   10.025   11.891   12.429
            0.480000  0.890000  0.230000
   -2.683   -0.701    1.966    3.416    8.750   10.039   11.920   12.514
            0.480000  0.890000  0.240000
   -2.721   -0.674    1.976    3.469    8.702   10.054   11.947   12.600
            0.480000  0.890000  0.250000
   -2.759   -0.647    1.987    3.523    8.655   10.069   11.974   12.682
            0.480000  0.890000  0.260000
   -2.797   -0.619    1.999    3.577    8.610   10.084   12.000   12.746
            0.480000  0.890000  0.270000
   -2.836   -0.591    2.012    3.631    8.567   10.101   12.025   12.739
            0.480000  0.890000  0.280000
   -2.875   -0.562    2.026    3.685    8.526   10.117   12.048   12.664
            0.480000  0.890000  0.290000
   -2.913   -0.533    2.041    3.739    8.487   10.135   12.069   12.573
            0.480000  0.890000  0.300000
   -2.952   -0.503    2.057    3.793    8.450   10.152   12.084   12.484
            0.480000  0.890000  0.310000
   -2.991   -0.473    2.074    3.847    8.416   10.171   12.089   12.404
            0.480000  0.890000  0.320000
   -3.030   -0.442    2.092    3.900    8.384   10.189   12.071   12.347
            0.480000  0.890000  0.330000
   -3.069   -0.410    2.111    3.952    8.355   10.209   12.020   12.322
            0.480000  0.890000  0.340000
   -3.108   -0.379    2.131    4.003    8.328   10.228   11.944   12.325
            0.480000  0.890000  0.350000
   -3.147   -0.346    2.152    4.054    8.304   10.248   11.853   12.342
            0.480000  0.890000  0.360000
   -3.186   -0.314    2.173    4.103    8.283   10.269   11.756   12.366
            0.480000  0.890000  0.370000
   -3.224   -0.280    2.196    4.151    8.265   10.289   11.656   12.395
            0.480000  0.890000  0.380000
   -3.262   -0.246    2.219    4.197    8.249   10.310   11.554   12.426
            0.480000  0.890000  0.390000
   -3.301   -0.212    2.243    4.242    8.238   10.332   11.452   12.459
            0.480000  0.890000  0.400000
   -3.338   -0.177    2.268    4.285    8.229   10.354   11.349   12.494
            0.480000  0.890000  0.410000
   -3.376   -0.142    2.294    4.326    8.224   10.376   11.246   12.530
            0.480000  0.890000  0.420000
   -3.413   -0.106    2.321    4.365    8.222   10.398   11.143   12.567
            0.480000  0.890000  0.430000
   -3.450   -0.070    2.348    4.402    8.224   10.420   11.041   12.605
            0.480000  0.890000  0.440000
   -3.487   -0.033    2.376    4.437    8.229   10.443   10.938   12.642
            0.480000  0.890000  0.450000
   -3.523    0.004    2.405    4.469    8.239   10.466   10.837   12.679
            0.480000  0.890000  0.460000
   -3.559    0.042    2.435    4.498    8.252   10.489   10.736   12.714
            0.480000  0.890000  0.470000
   -3.594    0.080    2.465    4.525    8.268   10.512   10.636   12.739
            0.480000  0.890000  0.480000
   -3.629    0.119    2.496    4.549    8.289   10.526   10.545   12.732
            0.480000  0.890000  0.490000
   -3.663    0.159    2.528    4.571    8.313   10.436   10.560   12.669
            0.480000  0.890000  0.500000
   -3.697    0.198    2.560    4.590    8.341   10.338   10.583   12.576
            0.480000  0.890000  0.510000
   -3.731    0.239    2.593    4.606    8.372   10.241   10.606   12.474
            0.480000  0.890000  0.520000
   -3.764    0.279    2.626    4.620    8.407   10.145   10.629   12.369
            0.480000  0.890000  0.530000
   -3.797    0.321    2.661    4.631    8.445   10.050   10.652   12.264
            0.480000  0.890000  0.540000
   -3.829    0.362    2.695    4.639    8.486    9.956   10.675   12.160
            0.480000  0.890000  0.550000
   -3.860    0.404    2.730    4.645    8.531    9.863   10.698   12.056
            0.480000  0.890000  0.560000
   -3.891    0.447    2.766    4.649    8.578    9.773   10.720   11.953
            0.480000  0.890000  0.570000
   -3.922    0.490    2.802    4.650    8.627    9.684   10.742   11.851
            0.480000  0.890000  0.580000
   -3.951    0.533    2.838    4.649    8.678    9.597   10.763   11.751
            0.480000  0.890000  0.590000
   -3.981    0.577    2.875    4.645    8.729    9.513   10.784   11.653
            0.480000  0.890000  0.600000
   -4.009    0.621    2.913    4.640    8.781    9.434   10.803   11.557
            0.480000  0.890000  0.610000
   -4.037    0.665    2.950    4.633    8.829    9.361   10.821   11.463
            0.480000  0.890000  0.620000
   -4.065    0.710    2.988    4.624    8.869    9.300   10.837   11.373
            0.480000  0.890000  0.630000
   -4.092    0.755    3.026    4.613    8.893    9.258   10.848   11.288
            0.480000  0.890000  0.640000
   -4.118    0.801    3.065    4.601    8.888    9.248   10.853   11.211
            0.480000  0.890000  0.650000
   -4.143    0.846    3.103    4.587    8.855    9.271   10.845   11.148
            0.480000  0.890000  0.660000
   -4.168    0.892    3.142    4.571    8.802    9.316   10.820   11.104
            0.480000  0.890000  0.670000
   -4.193    0.938    3.181    4.554    8.739    9.373   10.773   11.082
            0.480000  0.890000  0.680000
   -4.216    0.984    3.219    4.537    8.671    9.438   10.712   11.077
            0.480000  0.890000  0.690000
   -4.239    1.031    3.258    4.517    8.602    9.507   10.642   11.082
            0.480000  0.890000  0.700000
   -4.262    1.077    3.297    4.497    8.532    9.578   10.569   11.092
            0.480000  0.890000  0.710000
   -4.283    1.124    3.336    4.476    8.462    9.650   10.496   11.105
            0.480000  0.890000  0.720000
   -4.304    1.170    3.374    4.454    8.394    9.722   10.425   11.120
            0.480000  0.890000  0.730000
   -4.324    1.217    3.412    4.431    8.327    9.791   10.358   11.136
            0.480000  0.890000  0.740000
   -4.344    1.263    3.450    4.408    8.261    9.854   10.299   11.152
            0.480000  0.890000  0.750000
   -4.363    1.309    3.487    4.384    8.197    9.903   10.257   11.168
            0.480000  0.890000  0.760000
   -4.381    1.355    3.524    4.359    8.134    9.925   10.243   11.185
            0.480000  0.890000  0.770000
   -4.398    1.401    3.560    4.334    8.073    9.913   10.265   11.201
            0.480000  0.890000  0.780000
   -4.415    1.447    3.596    4.309    8.015    9.875   10.315   11.217
            0.480000  0.890000  0.790000
   -4.431    1.492    3.630    4.283    7.958    9.825   10.380   11.233
            0.480000  0.890000  0.800000
   -4.446    1.536    3.664    4.258    7.903    9.770   10.450   11.250
            0.480000  0.890000  0.810000
   -4.461    1.580    3.696    4.233    7.851    9.714   10.523   11.266
            0.480000  0.890000  0.820000
   -4.475    1.623    3.727    4.208    7.801    9.658   10.598   11.282
            0.480000  0.890000  0.830000
   -4.488    1.665    3.757    4.184    7.753    9.604   10.672   11.299
            0.480000  0.890000  0.840000
   -4.500    1.707    3.784    4.161    7.707    9.551   10.744   11.316
            0.480000  0.890000  0.850000
   -4.512    1.747    3.809    4.139    7.664    9.500   10.815   11.334
            0.480000  0.890000  0.860000
   -4.523    1.786    3.831    4.119    7.623    9.452   10.882   11.353
            0.480000  0.890000  0.870000
   -4.533    1.823    3.850    4.103    7.585    9.406   10.945   11.374
            0.480000  0.890000  0.880000
   -4.542    1.859    3.863    4.090    7.549    9.363   11.004   11.397
            0.480000  0.890000  0.890000
   -4.551    1.893    3.872    4.082    7.517    9.323   11.056   11.424
            0.480000  0.890000  0.900000
   -4.559    1.926    3.875    4.079    7.486    9.286   11.102   11.453
            0.480000  0.890000  0.910000
   -4.566    1.956    3.872    4.080    7.459    9.253   11.140   11.485
            0.480000  0.890000  0.920000
   -4.572    1.983    3.866    4.085    7.434    9.222   11.171   11.520
            0.480000  0.890000  0.930000
   -4.578    2.009    3.858    4.091    7.412    9.195   11.196   11.555
            0.480000  0.890000  0.940000
   -4.583    2.031    3.849    4.099    7.393    9.172   11.216   11.590
            0.480000  0.890000  0.950000
   -4.587    2.050    3.839    4.107    7.377    9.151   11.231   11.622
            0.480000  0.890000  0.960000
   -4.591    2.066    3.831    4.113    7.363    9.135   11.243   11.651
            0.480000  0.890000  0.970000
   -4.593    2.079    3.824    4.119    7.353    9.122   11.251   11.674
            0.480000  0.890000  0.980000
   -4.595    2.088    3.819    4.123    7.345    9.113   11.257   11.692
            0.480000  0.890000  0.990000
   -4.596    2.094    3.815    4.126    7.341    9.107   11.260   11.703
            0.480000  0.890000  1.000000
   -4.597    2.096    3.814    4.127    7.339    9.105   11.261   11.706
