 &plot nbnd=   8, nks=   101 /
            0.090000  0.130000  0.000000
   -5.675    5.064    5.510    5.837    8.490    8.728    8.763    9.819
            0.090000  0.130000  0.010000
   -5.675    5.058    5.514    5.835    8.491    8.716    8.775    9.822
            0.090000  0.130000  0.020000
   -5.673    5.040    5.525    5.831    8.493    8.694    8.794    9.832
            0.090000  0.130000  0.030000
   -5.671    5.011    5.543    5.824    8.497    8.674    8.813    9.849
            0.090000  0.130000  0.040000
   -5.668    4.975    5.563    5.814    8.500    8.657    8.829    9.872
            0.090000  0.130000  0.050000
   -5.665    4.933    5.584    5.801    8.500    8.646    8.843    9.902
            0.090000  0.130000  0.060000
   -5.660    4.886    5.604    5.787    8.495    8.645    8.854    9.937
            0.090000  0.130000  0.070000
   -5.654    4.835    5.621    5.772    8.485    8.654    8.863    9.977
            0.090000  0.130000  0.080000
   -5.648    4.782    5.633    5.758    8.473    8.670    8.869   10.022
            0.090000  0.130000  0.090000
   -5.641    4.727    5.637    5.747    8.460    8.691    8.873   10.071
            0.090000  0.130000  0.100000
   -5.633    4.670    5.630    5.740    8.448    8.715    8.878   10.124
            0.090000  0.130000  0.110000
   -5.624    4.612    5.613    5.738    8.438    8.738    8.884   10.180
            0.090000  0.130000  0.120000
   -5.614    4.552    5.589    5.736    8.431    8.758    8.896   10.238
            0.090000  0.130000  0.130000
   -5.604    4.491    5.561    5.734    8.426    8.770    8.916   10.298
            0.090000  0.130000  0.140000
   -5.592    4.430    5.529    5.728    8.425    8.775    8.946   10.360
            0.090000  0.130000  0.150000
   -5.580    4.368    5.495    5.719    8.427    8.775    8.983   10.422
            0.090000  0.130000  0.160000
   -5.567    4.305    5.459    5.706    8.430    8.772    9.026   10.484
            0.090000  0.130000  0.170000
   -5.553    4.242    5.421    5.689    8.435    8.769    9.073   10.547
            0.090000  0.130000  0.180000
   -5.538    4.178    5.382    5.669    8.440    8.767    9.123   10.607
            0.090000  0.130000  0.190000
   -5.523    4.114    5.342    5.644    8.443    8.769    9.176   10.666
            0.090000  0.130000  0.200000
   -5.506    4.050    5.301    5.616    8.444    8.776    9.230   10.723
            0.090000  0.130000  0.210000
   -5.489    3.985    5.260    5.584    8.440    8.790    9.287   10.775
            0.090000  0.130000  0.220000
   -5.471    3.920    5.217    5.549    8.431    8.812    9.345   10.823
            0.090000  0.130000  0.230000
   -5.452    3.855    5.174    5.511    8.418    8.840    9.405   10.864
            0.090000  0.130000  0.240000
   -5.432    3.790    5.130    5.471    8.401    8.874    9.465   10.899
            0.090000  0.130000  0.250000
   -5.411    3.724    5.086    5.428    8.381    8.914    9.527   10.925
            0.090000  0.130000  0.260000
   -5.390    3.659    5.042    5.383    8.357    8.959    9.591   10.942
            0.090000  0.130000  0.270000
   -5.368    3.593    4.997    5.336    8.332    9.008    9.655   10.949
            0.090000  0.130000  0.280000
   -5.345    3.527    4.952    5.288    8.304    9.060    9.720   10.946
            0.090000  0.130000  0.290000
   -5.321    3.461    4.907    5.238    8.275    9.115    9.786   10.933
            0.090000  0.130000  0.300000
   -5.296    3.394    4.862    5.187    8.246    9.172    9.852   10.911
            0.090000  0.130000  0.310000
   -5.270    3.328    4.816    5.135    8.215    9.231    9.920   10.881
            0.090000  0.130000  0.320000
   -5.244    3.261    4.770    5.083    8.183    9.292    9.988   10.844
            0.090000  0.130000  0.330000
   -5.217    3.195    4.724    5.030    8.151    9.353   10.056   10.802
            0.090000  0.130000  0.340000
   -5.189    3.128    4.678    4.976    8.119    9.415   10.126   10.756
            0.090000  0.130000  0.350000
   -5.160    3.061    4.632    4.923    8.086    9.476   10.196   10.707
            0.090000  0.130000  0.360000
   -5.130    2.994    4.586    4.869    8.053    9.536   10.266   10.657
            0.090000  0.130000  0.370000
   -5.100    2.926    4.540    4.816    8.020    9.595   10.337   10.608
            0.090000  0.130000  0.380000
   -5.069    2.859    4.493    4.763    7.986    9.649   10.408   10.561
            0.090000  0.130000  0.390000
   -5.037    2.791    4.447    4.710    7.953    9.697   10.477   10.522
            0.090000  0.130000  0.400000
   -5.004    2.723    4.400    4.658    7.920    9.737   10.483   10.555
            0.090000  0.130000  0.410000
   -4.970    2.655    4.353    4.607    7.887    9.765   10.462   10.627
            0.090000  0.130000  0.420000
   -4.936    2.587    4.305    4.557    7.854    9.778   10.456   10.699
            0.090000  0.130000  0.430000
   -4.900    2.518    4.258    4.508    7.821    9.774   10.467   10.773
            0.090000  0.130000  0.440000
   -4.864    2.449    4.210    4.459    7.788    9.754   10.495   10.847
            0.090000  0.130000  0.450000
   -4.828    2.380    4.162    4.412    7.756    9.721   10.536   10.921
            0.090000  0.130000  0.460000
   -4.790    2.311    4.114    4.366    7.724    9.678   10.588   10.996
            0.090000  0.130000  0.470000
   -4.752    2.241    4.066    4.321    7.692    9.628   10.648   11.071
            0.090000  0.130000  0.480000
   -4.712    2.171    4.018    4.277    7.661    9.573   10.714   11.146
            0.090000  0.130000  0.490000
   -4.672    2.101    3.971    4.235    7.630    9.515   10.783   11.222
            0.090000  0.130000  0.500000
   -4.632    2.030    3.923    4.193    7.599    9.455   10.856   11.298
            0.090000  0.130000  0.510000
   -4.590    1.959    3.875    4.153    7.569    9.393   10.932   11.375
            0.090000  0.130000  0.520000
   -4.548    1.888    3.828    4.114    7.539    9.331   11.009   11.452
            0.090000  0.130000  0.530000
   -4.505    1.817    3.781    4.075    7.510    9.269   11.088   11.529
            0.090000  0.130000  0.540000
   -4.461    1.745    3.735    4.038    7.482    9.206   11.168   11.607
            0.090000  0.130000  0.550000
   -4.417    1.673    3.689    4.002    7.453    9.144   11.248   11.685
            0.090000  0.130000  0.560000
   -4.371    1.600    3.644    3.966    7.426    9.082   11.330   11.764
            0.090000  0.130000  0.570000
   -4.325    1.527    3.599    3.932    7.399    9.021   11.412   11.843
            0.090000  0.130000  0.580000
   -4.278    1.454    3.556    3.898    7.372    8.960   11.495   11.922
            0.090000  0.130000  0.590000
   -4.231    1.381    3.513    3.866    7.346    8.901   11.578   12.002
            0.090000  0.130000  0.600000
   -4.183    1.307    3.471    3.834    7.321    8.842   11.662   12.082
            0.090000  0.130000  0.610000
   -4.134    1.233    3.429    3.803    7.296    8.785   11.746   12.163
            0.090000  0.130000  0.620000
   -4.084    1.158    3.389    3.773    7.272    8.728   11.830   12.244
            0.090000  0.130000  0.630000
   -4.033    1.084    3.349    3.743    7.249    8.672   11.914   12.326
            0.090000  0.130000  0.640000
   -3.982    1.009    3.311    3.715    7.226    8.618   11.999   12.408
            0.090000  0.130000  0.650000
   -3.930    0.934    3.273    3.687    7.204    8.565   12.084   12.490
            0.090000  0.130000  0.660000
   -3.878    0.858    3.237    3.660    7.182    8.513   12.169   12.573
            0.090000  0.130000  0.670000
   -3.825    0.783    3.201    3.634    7.161    8.462   12.254   12.657
            0.090000  0.130000  0.680000
   -3.771    0.707    3.167    3.609    7.141    8.412   12.339   12.741
            0.090000  0.130000  0.690000
   -3.716    0.631    3.133    3.585    7.121    8.364   12.425   12.825
            0.090000  0.130000  0.700000
   -3.661    0.555    3.101    3.561    7.102    8.317   12.510   12.910
            0.090000  0.130000  0.710000
   -3.605    0.478    3.069    3.538    7.084    8.272   12.596   12.995
            0.090000  0.130000  0.720000
   -3.548    0.402    3.039    3.516    7.067    8.228   12.682   13.081
            0.090000  0.130000  0.730000
   -3.491    0.325    3.010    3.494    7.050    8.185   12.767   13.167
            0.090000  0.130000  0.740000
   -3.433    0.249    2.981    3.474    7.034    8.143   12.853   13.253
            0.090000  0.130000  0.750000
   -3.374    0.172    2.954    3.454    7.018    8.103   12.939   13.340
            0.090000  0.130000  0.760000
   -3.315    0.095    2.928    3.435    7.003    8.065   13.025   13.427
            0.090000  0.130000  0.770000
   -3.255    0.018    2.903    3.417    6.989    8.027   13.112   13.515
            0.090000  0.130000  0.780000
   -3.194   -0.058    2.879    3.399    6.976    7.992   13.198   13.603
            0.090000  0.130000  0.790000
   -3.133   -0.135    2.856    3.382    6.963    7.957   13.284   13.691
            0.090000  0.130000  0.800000
   -3.071   -0.212    2.834    3.366    6.951    7.925   13.371   13.779
            0.090000  0.130000  0.810000
   -3.009   -0.289    2.814    3.351    6.939    7.893   13.457   13.868
            0.090000  0.130000  0.820000
   -2.946   -0.365    2.794    3.337    6.929    7.863   13.544   13.957
            0.090000  0.130000  0.830000
   -2.883   -0.442    2.775    3.323    6.919    7.835   13.631   14.045
            0.090000  0.130000  0.840000
   -2.819   -0.518    2.758    3.310    6.909    7.808   13.717   14.134
            0.090000  0.130000  0.850000
   -2.754   -0.595    2.742    3.298    6.900    7.783   13.804   14.223
            0.090000  0.130000  0.860000
   -2.689   -0.671    2.726    3.287    6.892    7.759   13.891   14.312
            0.090000  0.130000  0.870000
   -2.623   -0.747    2.712    3.277    6.884    7.737   13.978   14.400
            0.090000  0.130000  0.880000
   -2.557   -0.822    2.699    3.267    6.877    7.717   14.064   14.488
            0.090000  0.130000  0.890000
   -2.490   -0.898    2.687    3.258    6.871    7.698   14.150   14.575
            0.090000  0.130000  0.900000
   -2.423   -0.973    2.675    3.250    6.865    7.680   14.236   14.660
            0.090000  0.130000  0.910000
   -2.356   -1.048    2.665    3.242    6.860    7.664   14.321   14.745
            0.090000  0.130000  0.920000
   -2.288   -1.122    2.656    3.236    6.856    7.650   14.406   14.826
            0.090000  0.130000  0.930000
   -2.220   -1.196    2.648    3.230    6.851    7.638   14.489   14.904
            0.090000  0.130000  0.940000
   -2.151   -1.270    2.642    3.225    6.848    7.627   14.570   14.977
            0.090000  0.130000  0.950000
   -2.083   -1.343    2.636    3.220    6.845    7.618   14.649   15.043
            0.090000  0.130000  0.960000
   -2.014   -1.415    2.631    3.217    6.843    7.610   14.724   15.097
            0.090000  0.130000  0.970000
   -1.947   -1.485    2.627    3.214    6.841    7.604   14.793   15.136
            0.090000  0.130000  0.980000
   -1.882   -1.552    2.625    3.212    6.839    7.600   14.851   15.157
            0.090000  0.130000  0.990000
   -1.825   -1.610    2.623    3.211    6.839    7.597   14.892   15.164
            0.090000  0.130000  1.000000
   -1.797   -1.638    2.623    3.211    6.838    7.597   14.908   15.164
