 &plot nbnd=   8, nks=   101 /
            0.660000  0.000000 -1.000000
   -1.633   -1.633    2.384    2.384    8.751    8.751   12.501   12.501
            0.660000  0.000000 -0.980000
   -1.687   -1.580    2.296    2.476    8.607    8.901   12.480   12.525
            0.660000  0.000000 -0.960000
   -1.742   -1.526    2.212    2.573    8.469    9.056   12.461   12.552
            0.660000  0.000000 -0.940000
   -1.797   -1.473    2.133    2.672    8.337    9.216   12.445   12.581
            0.660000  0.000000 -0.920000
   -1.853   -1.420    2.059    2.773    8.212    9.381   12.431   12.613
            0.660000  0.000000 -0.900000
   -1.910   -1.367    1.991    2.877    8.095    9.551   12.420   12.648
            0.660000  0.000000 -0.880000
   -1.967   -1.314    1.929    2.981    7.986    9.725   12.411   12.686
            0.660000  0.000000 -0.860000
   -2.026   -1.260    1.873    3.085    7.885    9.903   12.404   12.726
            0.660000  0.000000 -0.840000
   -2.086   -1.206    1.824    3.189    7.795   10.084   12.399   12.769
            0.660000  0.000000 -0.820000
   -2.146   -1.151    1.780    3.290    7.714   10.269   12.396   12.815
            0.660000  0.000000 -0.800000
   -2.207   -1.096    1.743    3.389    7.645   10.458   12.395   12.863
            0.660000  0.000000 -0.780000
   -2.270   -1.040    1.712    3.483    7.589   10.649   12.394   12.913
            0.660000  0.000000 -0.760000
   -2.333   -0.983    1.688    3.572    7.546   10.843   12.393   12.965
            0.660000  0.000000 -0.740000
   -2.396   -0.925    1.671    3.654    7.518   11.039   12.391   13.018
            0.660000  0.000000 -0.720000
   -2.460   -0.866    1.659    3.729    7.505   11.236   12.383   13.071
            0.660000  0.000000 -0.700000
   -2.525   -0.806    1.654    3.794    7.509   11.433   12.364   13.075
            0.660000  0.000000 -0.680000
   -2.590   -0.746    1.655    3.851    7.530   11.627   12.317   12.910
            0.660000  0.000000 -0.660000
   -2.655   -0.684    1.662    3.897    7.568   11.809   12.227   12.805
            0.660000  0.000000 -0.640000
   -2.719   -0.621    1.676    3.933    7.623   11.930   12.135   12.770
            0.660000  0.000000 -0.620000
   -2.784   -0.558    1.694    3.958    7.696   11.824   12.215   12.763
            0.660000  0.000000 -0.600000
   -2.848   -0.493    1.719    3.975    7.785   11.628   12.334   12.537
            0.660000  0.000000 -0.580000
   -2.911   -0.427    1.748    3.983    7.890   11.415   12.305   12.424
            0.660000  0.000000 -0.560000
   -2.974   -0.361    1.783    3.982    8.010   11.195   12.074   12.485
            0.660000  0.000000 -0.540000
   -3.036   -0.294    1.823    3.976    8.142   10.974   11.844   12.529
            0.660000  0.000000 -0.520000
   -3.097   -0.226    1.868    3.963    8.287   10.752   11.616   12.564
            0.660000  0.000000 -0.500000
   -3.156   -0.158    1.917    3.946    8.443   10.531   11.392   12.595
            0.660000  0.000000 -0.480000
   -3.214   -0.089    1.971    3.925    8.609   10.311   11.172   12.623
            0.660000  0.000000 -0.460000
   -3.271   -0.020    2.030    3.902    8.783   10.093   10.956   12.650
            0.660000  0.000000 -0.440000
   -3.326    0.049    2.092    3.877    8.965    9.878   10.744   12.676
            0.660000  0.000000 -0.420000
   -3.379    0.117    2.158    3.851    9.153    9.665   10.538   12.701
            0.660000  0.000000 -0.400000
   -3.431    0.186    2.228    3.824    9.346    9.456   10.337   12.725
            0.660000  0.000000 -0.380000
   -3.480    0.254    2.301    3.798    9.250    9.543   10.144   12.748
            0.660000  0.000000 -0.360000
   -3.528    0.321    2.377    3.772    9.047    9.732    9.969   12.771
            0.660000  0.000000 -0.340000
   -3.573    0.386    2.455    3.747    8.849    9.736    9.988   12.793
            0.660000  0.000000 -0.320000
   -3.617    0.451    2.537    3.724    8.655    9.572   10.186   12.814
            0.660000  0.000000 -0.300000
   -3.657    0.514    2.620    3.702    8.465    9.404   10.397   12.835
            0.660000  0.000000 -0.280000
   -3.696    0.574    2.705    3.682    8.281    9.242   10.612   12.854
            0.660000  0.000000 -0.260000
   -3.732    0.632    2.791    3.665    8.103    9.087   10.828   12.873
            0.660000  0.000000 -0.240000
   -3.766    0.688    2.877    3.649    7.931    8.939   11.045   12.890
            0.660000  0.000000 -0.220000
   -3.797    0.741    2.964    3.636    7.765    8.801   11.262   12.906
            0.660000  0.000000 -0.200000
   -3.825    0.790    3.049    3.624    7.608    8.671   11.478   12.921
            0.660000  0.000000 -0.180000
   -3.851    0.835    3.133    3.615    7.459    8.552   11.691   12.934
            0.660000  0.000000 -0.160000
   -3.875    0.877    3.214    3.608    7.320    8.443   11.900   12.947
            0.660000  0.000000 -0.140000
   -3.895    0.914    3.291    3.603    7.191    8.345   12.103   12.958
            0.660000  0.000000 -0.120000
   -3.913    0.947    3.363    3.599    7.075    8.258   12.297   12.967
            0.660000  0.000000 -0.100000
   -3.929    0.975    3.428    3.596    6.972    8.184   12.479   12.975
            0.660000  0.000000 -0.080000
   -3.941    0.998    3.484    3.594    6.886    8.122   12.644   12.982
            0.660000  0.000000 -0.060000
   -3.951    1.016    3.530    3.593    6.816    8.074   12.787   12.987
            0.660000  0.000000 -0.040000
   -3.958    1.029    3.564    3.592    6.764    8.039   12.897   12.991
            0.660000  0.000000 -0.020000
   -3.962    1.037    3.585    3.592    6.733    8.018   12.969   12.993
            0.660000  0.000000  0.000000
   -3.963    1.040    3.592    3.592    6.722    8.011   12.994   12.994
            0.660000  0.000000  0.020000
   -3.962    1.037    3.585    3.592    6.733    8.018   12.969   12.993
            0.660000  0.000000  0.040000
   -3.958    1.029    3.564    3.592    6.764    8.039   12.897   12.991
            0.660000  0.000000  0.060000
   -3.951    1.016    3.530    3.593    6.816    8.074   12.787   12.987
            0.660000  0.000000  0.080000
   -3.941    0.998    3.484    3.594    6.886    8.122   12.644   12.982
            0.660000  0.000000  0.100000
   -3.929    0.975    3.428    3.596    6.972    8.184   12.479   12.975
            0.660000  0.000000  0.120000
   -3.913    0.947    3.363    3.599    7.075    8.258   12.297   12.967
            0.660000  0.000000  0.140000
   -3.895    0.914    3.291    3.603    7.191    8.345   12.103   12.958
            0.660000  0.000000  0.160000
   -3.875    0.877    3.214    3.608    7.320    8.443   11.900   12.947
            0.660000  0.000000  0.180000
   -3.851    0.835    3.133    3.615    7.459    8.552   11.691   12.934
            0.660000  0.000000  0.200000
   -3.825    0.790    3.049    3.624    7.608    8.671   11.478   12.921
            0.660000  0.000000  0.220000
   -3.797    0.741    2.964    3.636    7.765    8.801   11.262   12.906
            0.660000  0.000000  0.240000
   -3.766    0.688    2.877    3.649    7.931    8.939   11.045   12.890
            0.660000  0.000000  0.260000
   -3.732    0.632    2.791    3.665    8.103    9.087   10.828   12.873
            0.660000  0.000000  0.280000
   -3.696    0.574    2.705    3.682    8.281    9.242   10.612   12.854
            0.660000  0.000000  0.300000
   -3.657    0.514    2.620    3.702    8.465    9.404   10.397   12.835
            0.660000  0.000000  0.320000
   -3.617    0.451    2.537    3.724    8.655    9.572   10.186   12.814
            0.660000  0.000000  0.340000
   -3.573    0.386    2.455    3.747    8.849    9.736    9.988   12.793
            0.660000  0.000000  0.360000
   -3.528    0.321    2.377    3.772    9.047    9.732    9.969   12.771
            0.660000  0.000000  0.380000
   -3.480    0.254    2.301    3.798    9.250    9.543   10.144   12.748
            0.660000  0.000000  0.400000
   -3.431    0.186    2.228    3.824    9.346    9.456   10.337   12.725
            0.660000  0.000000  0.420000
   -3.379    0.117    2.158    3.851    9.153    9.665   10.538   12.701
            0.660000  0.000000  0.440000
   -3.326    0.049    2.092    3.877    8.965    9.878   10.744   12.676
            0.660000  0.000000  0.460000
   -3.271   -0.020    2.030    3.902    8.783   10.093   10.956   12.650
            0.660000  0.000000  0.480000
   -3.214   -0.089    1.971    3.925    8.609   10.311   11.172   12.623
            0.660000  0.000000  0.500000
   -3.156   -0.158    1.917    3.946    8.443   10.531   11.392   12.595
            0.660000  0.000000  0.520000
   -3.097   -0.226    1.868    3.963    8.287   10.752   11.616   12.564
            0.660000  0.000000  0.540000
   -3.036   -0.294    1.823    3.976    8.142   10.974   11.844   12.529
            0.660000  0.000000  0.560000
   -2.974   -0.361    1.783    3.982    8.010   11.195   12.074   12.485
            0.660000  0.000000  0.580000
   -2.911   -0.427    1.748    3.983    7.890   11.415   12.305   12.424
            0.660000  0.000000  0.600000
   -2.848   -0.493    1.719    3.975    7.785   11.628   12.334   12.537
            0.660000  0.000000  0.620000
   -2.784   -0.558    1.694    3.958    7.696   11.824   12.215   12.763
            0.660000  0.000000  0.640000
   -2.719   -0.621    1.676    3.933    7.623   11.930   12.135   12.770
            0.660000  0.000000  0.660000
   -2.655   -0.684    1.662    3.897    7.568   11.809   12.227   12.805
            0.660000  0.000000  0.680000
   -2.590   -0.746    1.655    3.851    7.530   11.627   12.317   12.910
            0.660000  0.000000  0.700000
   -2.525   -0.806    1.654    3.794    7.509   11.433   12.364   13.075
            0.660000  0.000000  0.720000
   -2.460   -0.866    1.659    3.729    7.505   11.236   12.383   13.071
            0.660000  0.000000  0.740000
   -2.396   -0.925    1.671    3.654    7.518   11.039   12.391   13.018
            0.660000  0.000000  0.760000
   -2.333   -0.983    1.688    3.572    7.546   10.843   12.393   12.965
            0.660000  0.000000  0.780000
   -2.270   -1.040    1.712    3.483    7.589   10.649   12.394   12.913
            0.660000  0.000000  0.800000
   -2.207   -1.096    1.743    3.389    7.645   10.458   12.395   12.863
            0.660000  0.000000  0.820000
   -2.146   -1.151    1.780    3.290    7.714   10.269   12.396   12.815
            0.660000  0.000000  0.840000
   -2.086   -1.206    1.824    3.189    7.795   10.084   12.399   12.769
            0.660000  0.000000  0.860000
   -2.026   -1.260    1.873    3.085    7.885    9.903   12.404   12.726
            0.660000  0.000000  0.880000
   -1.967   -1.314    1.929    2.981    7.986    9.725   12.411   12.686
            0.660000  0.000000  0.900000
   -1.910   -1.367    1.991    2.877    8.095    9.551   12.420   12.648
            0.660000  0.000000  0.920000
   -1.853   -1.420    2.059    2.773    8.212    9.381   12.431   12.613
            0.660000  0.000000  0.940000
   -1.797   -1.473    2.133    2.672    8.337    9.216   12.445   12.581
            0.660000  0.000000  0.960000
   -1.742   -1.526    2.212    2.573    8.469    9.056   12.461   12.552
            0.660000  0.000000  0.980000
   -1.687   -1.580    2.296    2.476    8.607    8.901   12.480   12.525
            0.660000  0.000000  1.000000
   -1.633   -1.633    2.384    2.384    8.751    8.751   12.501   12.501
