 &plot nbnd=   8, nks=   101 /
            0.200000 -0.260000 -1.000000
   -2.069   -1.263    1.849    3.454    7.191    9.651   13.323   13.857
            0.200000 -0.260000 -0.980000
   -2.086   -1.247    1.854    3.456    7.193    9.653   13.277   13.871
            0.200000 -0.260000 -0.960000
   -2.134   -1.201    1.867    3.460    7.199    9.660   13.167   13.854
            0.200000 -0.260000 -0.940000
   -2.204   -1.134    1.888    3.468    7.208    9.670   13.027   13.759
            0.200000 -0.260000 -0.920000
   -2.288   -1.054    1.919    3.478    7.222    9.685   12.874   13.621
            0.200000 -0.260000 -0.900000
   -2.382   -0.965    1.957    3.492    7.240    9.704   12.716   13.464
            0.200000 -0.260000 -0.880000
   -2.482   -0.872    2.004    3.508    7.261    9.727   12.555   13.300
            0.200000 -0.260000 -0.860000
   -2.585   -0.776    2.060    3.528    7.286    9.755   12.394   13.133
            0.200000 -0.260000 -0.840000
   -2.691   -0.679    2.123    3.551    7.315    9.787   12.232   12.965
            0.200000 -0.260000 -0.820000
   -2.797   -0.581    2.194    3.576    7.348    9.823   12.070   12.798
            0.200000 -0.260000 -0.800000
   -2.903   -0.484    2.272    3.605    7.384    9.863   11.909   12.631
            0.200000 -0.260000 -0.780000
   -3.010   -0.387    2.357    3.636    7.423    9.908   11.748   12.467
            0.200000 -0.260000 -0.760000
   -3.115   -0.291    2.449    3.671    7.466    9.958   11.588   12.305
            0.200000 -0.260000 -0.740000
   -3.220   -0.196    2.547    3.709    7.512   10.012   11.429   12.146
            0.200000 -0.260000 -0.720000
   -3.323   -0.101    2.651    3.749    7.560   10.070   11.269   11.990
            0.200000 -0.260000 -0.700000
   -3.425   -0.007    2.759    3.793    7.612   10.133   11.111   11.838
            0.200000 -0.260000 -0.680000
   -3.525    0.087    2.872    3.840    7.666   10.201   10.952   11.689
            0.200000 -0.260000 -0.660000
   -3.623    0.181    2.989    3.890    7.722   10.273   10.795   11.545
            0.200000 -0.260000 -0.640000
   -3.720    0.275    3.108    3.944    7.781   10.350   10.638   11.404
            0.200000 -0.260000 -0.620000
   -3.814    0.369    3.230    4.001    7.840   10.429   10.484   11.268
            0.200000 -0.260000 -0.600000
   -3.905    0.463    3.353    4.061    7.901   10.327   10.518   11.136
            0.200000 -0.260000 -0.580000
   -3.995    0.558    3.477    4.126    7.962   10.175   10.607   11.011
            0.200000 -0.260000 -0.560000
   -4.082    0.654    3.600    4.194    8.022   10.026   10.693   10.896
            0.200000 -0.260000 -0.540000
   -4.166    0.751    3.722    4.267    8.081    9.882   10.718   10.852
            0.200000 -0.260000 -0.520000
   -4.248    0.848    3.841    4.345    8.137    9.743   10.626   10.933
            0.200000 -0.260000 -0.500000
   -4.327    0.947    3.956    4.427    8.188    9.612   10.518   11.039
            0.200000 -0.260000 -0.480000
   -4.404    1.048    4.066    4.514    8.232    9.492   10.411   11.153
            0.200000 -0.260000 -0.460000
   -4.478    1.149    4.172    4.606    8.265    9.386   10.306   11.272
            0.200000 -0.260000 -0.440000
   -4.548    1.252    4.272    4.701    8.283    9.300   10.205   11.395
            0.200000 -0.260000 -0.420000
   -4.616    1.357    4.368    4.797    8.284    9.236   10.107   11.522
            0.200000 -0.260000 -0.400000
   -4.681    1.464    4.459    4.892    8.266    9.197   10.012   11.652
            0.200000 -0.260000 -0.380000
   -4.744    1.572    4.547    4.983    8.231    9.182    9.921   11.784
            0.200000 -0.260000 -0.360000
   -4.803    1.681    4.631    5.069    8.184    9.186    9.834   11.916
            0.200000 -0.260000 -0.340000
   -4.859    1.792    4.713    5.146    8.133    9.204    9.751   12.046
            0.200000 -0.260000 -0.320000
   -4.912    1.905    4.793    5.211    8.085    9.229    9.673   12.169
            0.200000 -0.260000 -0.300000
   -4.962    2.020    4.870    5.262    8.046    9.256    9.602   12.276
            0.200000 -0.260000 -0.280000
   -5.009    2.135    4.944    5.297    8.020    9.277    9.541   12.341
            0.200000 -0.260000 -0.260000
   -5.052    2.252    5.013    5.315    8.009    9.283    9.500   12.324
            0.200000 -0.260000 -0.240000
   -5.093    2.370    5.077    5.318    8.017    9.263    9.485   12.232
            0.200000 -0.260000 -0.220000
   -5.130    2.489    5.127    5.313    8.043    9.223    9.490   12.105
            0.200000 -0.260000 -0.200000
   -5.164    2.608    5.147    5.317    8.086    9.174    9.503   11.969
            0.200000 -0.260000 -0.180000
   -5.195    2.727    5.123    5.346    8.144    9.124    9.515   11.834
            0.200000 -0.260000 -0.160000
   -5.223    2.846    5.067    5.390    8.215    9.075    9.523   11.704
            0.200000 -0.260000 -0.140000
   -5.247    2.963    4.995    5.436    8.294    9.030    9.524   11.581
            0.200000 -0.260000 -0.120000
   -5.269    3.077    4.912    5.480    8.380    8.991    9.517   11.470
            0.200000 -0.260000 -0.100000
   -5.287    3.187    4.826    5.520    8.468    8.958    9.500   11.372
            0.200000 -0.260000 -0.080000
   -5.301    3.290    4.740    5.554    8.552    8.934    9.475   11.288
            0.200000 -0.260000 -0.060000
   -5.313    3.382    4.660    5.581    8.625    8.922    9.443   11.222
            0.200000 -0.260000 -0.040000
   -5.321    3.456    4.593    5.601    8.680    8.923    9.409   11.174
            0.200000 -0.260000 -0.020000
   -5.326    3.506    4.548    5.613    8.711    8.933    9.381   11.145
            0.200000 -0.260000  0.000000
   -5.328    3.524    4.531    5.617    8.720    8.939    9.370   11.135
            0.200000 -0.260000  0.020000
   -5.326    3.506    4.548    5.613    8.711    8.933    9.381   11.145
            0.200000 -0.260000  0.040000
   -5.321    3.456    4.593    5.601    8.680    8.923    9.409   11.174
            0.200000 -0.260000  0.060000
   -5.313    3.382    4.660    5.581    8.625    8.922    9.443   11.222
            0.200000 -0.260000  0.080000
   -5.301    3.290    4.740    5.554    8.552    8.934    9.475   11.288
            0.200000 -0.260000  0.100000
   -5.287    3.187    4.826    5.520    8.468    8.958    9.500   11.372
            0.200000 -0.260000  0.120000
   -5.269    3.077    4.912    5.480    8.380    8.991    9.517   11.470
            0.200000 -0.260000  0.140000
   -5.247    2.963    4.995    5.436    8.294    9.030    9.524   11.581
            0.200000 -0.260000  0.160000
   -5.223    2.846    5.067    5.390    8.215    9.075    9.523   11.704
            0.200000 -0.260000  0.180000
   -5.195    2.727    5.123    5.346    8.144    9.124    9.515   11.834
            0.200000 -0.260000  0.200000
   -5.164    2.608    5.147    5.317    8.086    9.174    9.503   11.969
            0.200000 -0.260000  0.220000
   -5.130    2.489    5.127    5.313    8.043    9.223    9.490   12.105
            0.200000 -0.260000  0.240000
   -5.093    2.370    5.077    5.318    8.017    9.263    9.485   12.232
            0.200000 -0.260000  0.260000
   -5.052    2.252    5.013    5.315    8.009    9.283    9.500   12.324
            0.200000 -0.260000  0.280000
   -5.009    2.135    4.944    5.297    8.020    9.277    9.541   12.341
            0.200000 -0.260000  0.300000
   -4.962    2.020    4.870    5.262    8.046    9.256    9.602   12.276
            0.200000 -0.260000  0.320000
   -4.912    1.905    4.793    5.211    8.085    9.229    9.673   12.169
            0.200000 -0.260000  0.340000
   -4.859    1.792    4.713    5.146    8.133    9.204    9.751   12.046
            0.200000 -0.260000  0.360000
   -4.803    1.681    4.631    5.069    8.184    9.186    9.834   11.916
            0.200000 -0.260000  0.380000
   -4.744    1.572    4.547    4.983    8.231    9.182    9.921   11.784
            0.200000 -0.260000  0.400000
   -4.681    1.464    4.459    4.892    8.266    9.197   10.012   11.652
            0.200000 -0.260000  0.420000
   -4.616    1.357    4.368    4.797    8.284    9.236   10.107   11.522
            0.200000 -0.260000  0.440000
   -4.548    1.252    4.272    4.701    8.283    9.300   10.205   11.395
            0.200000 -0.260000  0.460000
   -4.478    1.149    4.172    4.606    8.265    9.386   10.306   11.272
            0.200000 -0.260000  0.480000
   -4.404    1.048    4.066    4.514    8.232    9.492   10.411   11.153
            0.200000 -0.260000  0.500000
   -4.327    0.947    3.956    4.427    8.188    9.612   10.518   11.039
            0.200000 -0.260000  0.520000
   -4.248    0.848    3.841    4.345    8.137    9.743   10.626   10.933
            0.200000 -0.260000  0.540000
   -4.166    0.751    3.722    4.267    8.081    9.882   10.718   10.852
            0.200000 -0.260000  0.560000
   -4.082    0.654    3.600    4.194    8.022   10.026   10.693   10.896
            0.200000 -0.260000  0.580000
   -3.995    0.558    3.477    4.126    7.962   10.175   10.607   11.011
            0.200000 -0.260000  0.600000
   -3.905    0.463    3.353    4.061    7.901   10.327   10.518   11.136
            0.200000 -0.260000  0.620000
   -3.814    0.369    3.230    4.001    7.840   10.429   10.484   11.268
            0.200000 -0.260000  0.640000
   -3.720    0.275    3.108    3.944    7.781   10.350   10.638   11.404
            0.200000 -0.260000  0.660000
   -3.623    0.181    2.989    3.890    7.722   10.273   10.795   11.545
            0.200000 -0.260000  0.680000
   -3.525    0.087    2.872    3.840    7.666   10.201   10.952   11.689
            0.200000 -0.260000  0.700000
   -3.425   -0.007    2.759    3.793    7.612   10.133   11.111   11.838
            0.200000 -0.260000  0.720000
   -3.323   -0.101    2.651    3.749    7.560   10.070   11.269   11.990
            0.200000 -0.260000  0.740000
   -3.220   -0.196    2.547    3.709    7.512   10.012   11.429   12.146
            0.200000 -0.260000  0.760000
   -3.115   -0.291    2.449    3.671    7.466    9.958   11.588   12.305
            0.200000 -0.260000  0.780000
   -3.010   -0.387    2.357    3.636    7.423    9.908   11.748   12.467
            0.200000 -0.260000  0.800000
   -2.903   -0.484    2.272    3.605    7.384    9.863   11.909   12.631
            0.200000 -0.260000  0.820000
   -2.797   -0.581    2.194    3.576    7.348    9.823   12.070   12.798
            0.200000 -0.260000  0.840000
   -2.691   -0.679    2.123    3.551    7.315    9.787   12.232   12.965
            0.200000 -0.260000  0.860000
   -2.585   -0.776    2.060    3.528    7.286    9.755   12.394   13.133
            0.200000 -0.260000  0.880000
   -2.482   -0.872    2.004    3.508    7.261    9.727   12.555   13.300
            0.200000 -0.260000  0.900000
   -2.382   -0.965    1.957    3.492    7.240    9.704   12.716   13.464
            0.200000 -0.260000  0.920000
   -2.288   -1.054    1.919    3.478    7.222    9.685   12.874   13.621
            0.200000 -0.260000  0.940000
   -2.204   -1.134    1.888    3.468    7.208    9.670   13.027   13.759
            0.200000 -0.260000  0.960000
   -2.134   -1.201    1.867    3.460    7.199    9.660   13.167   13.854
            0.200000 -0.260000  0.980000
   -2.086   -1.247    1.854    3.456    7.193    9.653   13.277   13.871
            0.200000 -0.260000  1.000000
   -2.069   -1.263    1.849    3.454    7.191    9.651   13.323   13.857
