 &plot nbnd=   8, nks=   101 /
            0.220000  0.930000  0.000000
   -2.169   -1.195    2.667    2.792    7.612    7.809   13.408   14.617
            0.220000  0.930000  0.010000
   -2.169   -1.195    2.653    2.806    7.596    7.828   13.408   14.617
            0.220000  0.930000  0.020000
   -2.169   -1.194    2.622    2.838    7.558    7.872   13.408   14.616
            0.220000  0.930000  0.030000
   -2.170   -1.193    2.584    2.876    7.512    7.929   13.409   14.615
            0.220000  0.930000  0.040000
   -2.171   -1.192    2.545    2.917    7.465    7.992   13.410   14.614
            0.220000  0.930000  0.050000
   -2.172   -1.191    2.504    2.958    7.418    8.059   13.410   14.611
            0.220000  0.930000  0.060000
   -2.173   -1.189    2.464    2.999    7.373    8.129   13.411   14.607
            0.220000  0.930000  0.070000
   -2.174   -1.187    2.424    3.041    7.330    8.201   13.413   14.600
            0.220000  0.930000  0.080000
   -2.176   -1.185    2.384    3.081    7.290    8.276   13.414   14.590
            0.220000  0.930000  0.090000
   -2.178   -1.182    2.345    3.121    7.252    8.352   13.415   14.575
            0.220000  0.930000  0.100000
   -2.180   -1.179    2.307    3.160    7.218    8.431   13.417   14.551
            0.220000  0.930000  0.110000
   -2.182   -1.176    2.270    3.198    7.187    8.510   13.418   14.517
            0.220000  0.930000  0.120000
   -2.185   -1.172    2.234    3.234    7.159    8.592   13.420   14.468
            0.220000  0.930000  0.130000
   -2.188   -1.168    2.199    3.269    7.136    8.675   13.422   14.405
            0.220000  0.930000  0.140000
   -2.192   -1.163    2.165    3.302    7.116    8.759   13.423   14.328
            0.220000  0.930000  0.150000
   -2.195   -1.159    2.132    3.334    7.099    8.845   13.425   14.239
            0.220000  0.930000  0.160000
   -2.200   -1.153    2.100    3.363    7.087    8.932   13.426   14.143
            0.220000  0.930000  0.170000
   -2.204   -1.147    2.070    3.390    7.080    9.020   13.426   14.040
            0.220000  0.930000  0.180000
   -2.210   -1.141    2.041    3.415    7.076    9.110   13.426   13.935
            0.220000  0.930000  0.190000
   -2.215   -1.134    2.014    3.438    7.077    9.201   13.423   13.827
            0.220000  0.930000  0.200000
   -2.221   -1.127    1.987    3.458    7.082    9.293   13.416   13.722
            0.220000  0.930000  0.210000
   -2.228   -1.120    1.963    3.476    7.092    9.386   13.399   13.625
            0.220000  0.930000  0.220000
   -2.235   -1.111    1.939    3.492    7.106    9.480   13.358   13.551
            0.220000  0.930000  0.230000
   -2.243   -1.103    1.918    3.505    7.125    9.576   13.281   13.511
            0.220000  0.930000  0.240000
   -2.251   -1.093    1.897    3.516    7.149    9.672   13.181   13.493
            0.220000  0.930000  0.250000
   -2.260   -1.084    1.879    3.524    7.177    9.769   13.070   13.485
            0.220000  0.930000  0.260000
   -2.269   -1.073    1.862    3.530    7.209    9.867   12.955   13.480
            0.220000  0.930000  0.270000
   -2.279   -1.062    1.846    3.533    7.245    9.966   12.838   13.475
            0.220000  0.930000  0.280000
   -2.289   -1.051    1.832    3.534    7.286   10.065   12.720   13.469
            0.220000  0.930000  0.290000
   -2.300   -1.039    1.819    3.534    7.331   10.166   12.602   13.460
            0.220000  0.930000  0.300000
   -2.312   -1.026    1.809    3.531    7.380   10.266   12.483   13.446
            0.220000  0.930000  0.310000
   -2.324   -1.013    1.799    3.527    7.432   10.367   12.365   13.422
            0.220000  0.930000  0.320000
   -2.337   -1.000    1.791    3.521    7.489   10.469   12.248   13.384
            0.220000  0.930000  0.330000
   -2.350   -0.985    1.785    3.513    7.549   10.569   12.132   13.324
            0.220000  0.930000  0.340000
   -2.364   -0.971    1.780    3.504    7.612   10.669   12.017   13.244
            0.220000  0.930000  0.350000
   -2.378   -0.955    1.777    3.494    7.678   10.768   11.906   13.148
            0.220000  0.930000  0.360000
   -2.393   -0.939    1.776    3.482    7.748   10.862   11.799   13.042
            0.220000  0.930000  0.370000
   -2.408   -0.923    1.775    3.470    7.821   10.949   11.700   12.931
            0.220000  0.930000  0.380000
   -2.424   -0.906    1.777    3.457    7.896   11.022   11.617   12.817
            0.220000  0.930000  0.390000
   -2.440   -0.889    1.779    3.443    7.974   11.065   11.564   12.701
            0.220000  0.930000  0.400000
   -2.457   -0.871    1.783    3.429    8.054   11.060   11.559   12.585
            0.220000  0.930000  0.410000
   -2.474   -0.853    1.789    3.415    8.137   11.008   11.601   12.471
            0.220000  0.930000  0.420000
   -2.491   -0.835    1.796    3.400    8.222   10.928   11.669   12.360
            0.220000  0.930000  0.430000
   -2.509   -0.816    1.804    3.385    8.309   10.832   11.747   12.256
            0.220000  0.930000  0.440000
   -2.527   -0.796    1.813    3.370    8.398   10.729   11.813   12.173
            0.220000  0.930000  0.450000
   -2.545   -0.777    1.824    3.355    8.489   10.623   11.830   12.144
            0.220000  0.930000  0.460000
   -2.564   -0.757    1.836    3.340    8.582   10.515   11.776   12.190
            0.220000  0.930000  0.470000
   -2.582   -0.736    1.849    3.325    8.676   10.406   11.684   12.277
            0.220000  0.930000  0.480000
   -2.601   -0.716    1.864    3.311    8.772   10.297   11.580   12.379
            0.220000  0.930000  0.490000
   -2.620   -0.695    1.879    3.298    8.869   10.187   11.471   12.488
            0.220000  0.930000  0.500000
   -2.639   -0.674    1.896    3.284    8.968   10.079   11.360   12.601
            0.220000  0.930000  0.510000
   -2.658   -0.653    1.913    3.272    9.067    9.971   11.248   12.716
            0.220000  0.930000  0.520000
   -2.678   -0.631    1.932    3.260    9.166    9.865   11.137   12.834
            0.220000  0.930000  0.530000
   -2.697   -0.610    1.951    3.249    9.265    9.760   11.027   12.952
            0.220000  0.930000  0.540000
   -2.716   -0.588    1.972    3.238    9.360    9.662   10.918   13.072
            0.220000  0.930000  0.550000
   -2.735   -0.567    1.993    3.229    9.431    9.588   10.810   13.193
            0.220000  0.930000  0.560000
   -2.754   -0.545    2.016    3.220    9.402    9.615   10.704   13.314
            0.220000  0.930000  0.570000
   -2.773   -0.524    2.039    3.212    9.313    9.701   10.602   13.436
            0.220000  0.930000  0.580000
   -2.792   -0.503    2.063    3.205    9.215    9.793   10.505   13.557
            0.220000  0.930000  0.590000
   -2.811   -0.481    2.087    3.200    9.115    9.880   10.419   13.667
            0.220000  0.930000  0.600000
   -2.830   -0.460    2.113    3.195    9.016    9.946   10.356   13.705
            0.220000  0.930000  0.610000
   -2.848   -0.439    2.138    3.192    8.917    9.967   10.341   13.713
            0.220000  0.930000  0.620000
   -2.866   -0.418    2.165    3.189    8.819    9.930   10.385   13.718
            0.220000  0.930000  0.630000
   -2.884   -0.398    2.192    3.188    8.723    9.859   10.466   13.723
            0.220000  0.930000  0.640000
   -2.902   -0.378    2.220    3.188    8.627    9.773   10.564   13.726
            0.220000  0.930000  0.650000
   -2.920   -0.358    2.248    3.188    8.533    9.681   10.669   13.730
            0.220000  0.930000  0.660000
   -2.937   -0.338    2.277    3.190    8.441    9.587   10.778   13.733
            0.220000  0.930000  0.670000
   -2.954   -0.319    2.306    3.194    8.350    9.492   10.890   13.737
            0.220000  0.930000  0.680000
   -2.970   -0.300    2.336    3.198    8.260    9.398   11.004   13.740
            0.220000  0.930000  0.690000
   -2.986   -0.282    2.366    3.203    8.173    9.304   11.119   13.743
            0.220000  0.930000  0.700000
   -3.002   -0.264    2.396    3.209    8.087    9.211   11.235   13.745
            0.220000  0.930000  0.710000
   -3.018   -0.247    2.427    3.216    8.002    9.119   11.351   13.748
            0.220000  0.930000  0.720000
   -3.033   -0.230    2.458    3.224    7.920    9.028   11.468   13.750
            0.220000  0.930000  0.730000
   -3.047   -0.213    2.489    3.232    7.839    8.939   11.586   13.753
            0.220000  0.930000  0.740000
   -3.062   -0.197    2.520    3.242    7.761    8.851   11.703   13.755
            0.220000  0.930000  0.750000
   -3.075   -0.182    2.552    3.252    7.685    8.764   11.821   13.757
            0.220000  0.930000  0.760000
   -3.089   -0.168    2.584    3.262    7.611    8.680   11.939   13.759
            0.220000  0.930000  0.770000
   -3.102   -0.154    2.616    3.273    7.539    8.597   12.057   13.760
            0.220000  0.930000  0.780000
   -3.114   -0.140    2.648    3.283    7.470    8.516   12.175   13.762
            0.220000  0.930000  0.790000
   -3.126   -0.127    2.681    3.294    7.403    8.437   12.292   13.764
            0.220000  0.930000  0.800000
   -3.137   -0.115    2.713    3.305    7.339    8.360   12.409   13.765
            0.220000  0.930000  0.810000
   -3.148   -0.103    2.746    3.316    7.278    8.285   12.525   13.766
            0.220000  0.930000  0.820000
   -3.159   -0.092    2.778    3.326    7.219    8.213   12.641   13.768
            0.220000  0.930000  0.830000
   -3.169   -0.082    2.811    3.336    7.164    8.143   12.755   13.769
            0.220000  0.930000  0.840000
   -3.178   -0.072    2.843    3.345    7.111    8.075   12.869   13.770
            0.220000  0.930000  0.850000
   -3.187   -0.063    2.876    3.353    7.061    8.011   12.980   13.771
            0.220000  0.930000  0.860000
   -3.195   -0.055    2.908    3.360    7.015    7.949   13.091   13.772
            0.220000  0.930000  0.870000
   -3.203   -0.047    2.939    3.366    6.972    7.890   13.199   13.772
            0.220000  0.930000  0.880000
   -3.210   -0.040    2.971    3.370    6.932    7.835   13.304   13.773
            0.220000  0.930000  0.890000
   -3.217   -0.033    3.001    3.373    6.895    7.782   13.406   13.774
            0.220000  0.930000  0.900000
   -3.223   -0.027    3.032    3.375    6.862    7.734   13.505   13.775
            0.220000  0.930000  0.910000
   -3.228   -0.021    3.061    3.375    6.832    7.689   13.599   13.776
            0.220000  0.930000  0.920000
   -3.233   -0.017    3.090    3.373    6.805    7.648   13.687   13.778
            0.220000  0.930000  0.930000
   -3.238   -0.012    3.118    3.369    6.782    7.612   13.757   13.791
            0.220000  0.930000  0.940000
   -3.242   -0.009    3.145    3.364    6.762    7.579   13.772   13.853
            0.220000  0.930000  0.950000
   -3.245   -0.006    3.170    3.356    6.745    7.552   13.773   13.919
            0.220000  0.930000  0.960000
   -3.247   -0.003    3.195    3.347    6.731    7.529   13.774   13.977
            0.220000  0.930000  0.970000
   -3.249   -0.001    3.217    3.337    6.721    7.511   13.775   14.024
            0.220000  0.930000  0.980000
   -3.251    0.000    3.237    3.326    6.713    7.498   13.775   14.058
            0.220000  0.930000  0.990000
   -3.252    0.001    3.252    3.315    6.709    7.490   13.775   14.079
            0.220000  0.930000  1.000000
   -3.252    0.001    3.259    3.311    6.707    7.487   13.775   14.086
