 &plot nbnd=   8, nks=   101 /
            0.080000  0.450000  0.000000
   -4.901    2.749    4.164    4.376    7.413    9.510   10.921   11.122
            0.080000  0.450000  0.010000
   -4.900    2.747    4.166    4.374    7.415    9.511   10.919   11.120
            0.080000  0.450000  0.020000
   -4.899    2.739    4.172    4.370    7.421    9.515   10.914   11.113
            0.080000  0.450000  0.030000
   -4.897    2.728    4.181    4.362    7.431    9.521   10.904   11.102
            0.080000  0.450000  0.040000
   -4.894    2.711    4.194    4.352    7.445    9.530   10.891   11.089
            0.080000  0.450000  0.050000
   -4.891    2.691    4.209    4.340    7.463    9.542   10.872   11.073
            0.080000  0.450000  0.060000
   -4.886    2.667    4.226    4.326    7.485    9.555   10.848   11.056
            0.080000  0.450000  0.070000
   -4.881    2.639    4.243    4.313    7.511    9.571   10.818   11.039
            0.080000  0.450000  0.080000
   -4.875    2.608    4.250    4.308    7.540    9.589   10.783   11.023
            0.080000  0.450000  0.090000
   -4.869    2.574    4.240    4.320    7.573    9.610   10.743   11.007
            0.080000  0.450000  0.100000
   -4.861    2.538    4.219    4.343    7.609    9.631   10.700   10.992
            0.080000  0.450000  0.110000
   -4.853    2.499    4.193    4.371    7.648    9.654   10.653   10.977
            0.080000  0.450000  0.120000
   -4.844    2.459    4.164    4.400    7.690    9.678   10.605   10.962
            0.080000  0.450000  0.130000
   -4.834    2.417    4.133    4.430    7.735    9.702   10.556   10.947
            0.080000  0.450000  0.140000
   -4.824    2.373    4.100    4.461    7.782    9.725   10.508   10.931
            0.080000  0.450000  0.150000
   -4.812    2.328    4.065    4.493    7.833    9.746   10.463   10.916
            0.080000  0.450000  0.160000
   -4.800    2.282    4.029    4.524    7.885    9.764   10.422   10.900
            0.080000  0.450000  0.170000
   -4.787    2.235    3.992    4.556    7.940    9.775   10.389   10.884
            0.080000  0.450000  0.180000
   -4.773    2.187    3.953    4.587    7.997    9.778   10.367   10.867
            0.080000  0.450000  0.190000
   -4.759    2.138    3.914    4.618    8.056    9.769   10.356   10.850
            0.080000  0.450000  0.200000
   -4.744    2.089    3.874    4.648    8.117    9.750   10.359   10.833
            0.080000  0.450000  0.210000
   -4.728    2.039    3.833    4.678    8.180    9.720   10.374   10.816
            0.080000  0.450000  0.220000
   -4.711    1.989    3.791    4.707    8.244    9.681   10.400   10.799
            0.080000  0.450000  0.230000
   -4.694    1.939    3.750    4.735    8.310    9.636   10.434   10.783
            0.080000  0.450000  0.240000
   -4.675    1.888    3.707    4.761    8.377    9.586   10.474   10.769
            0.080000  0.450000  0.250000
   -4.656    1.837    3.664    4.787    8.445    9.534   10.514   10.759
            0.080000  0.450000  0.260000
   -4.636    1.787    3.622    4.811    8.513    9.481   10.551   10.757
            0.080000  0.450000  0.270000
   -4.616    1.736    3.578    4.833    8.582    9.428   10.577   10.770
            0.080000  0.450000  0.280000
   -4.595    1.684    3.535    4.855    8.651    9.376   10.586   10.802
            0.080000  0.450000  0.290000
   -4.573    1.633    3.492    4.874    8.717    9.328   10.581   10.852
            0.080000  0.450000  0.300000
   -4.550    1.582    3.449    4.891    8.780    9.286   10.568   10.912
            0.080000  0.450000  0.310000
   -4.526    1.532    3.406    4.907    8.834    9.255   10.550   10.979
            0.080000  0.450000  0.320000
   -4.502    1.481    3.363    4.921    8.874    9.241   10.530   11.051
            0.080000  0.450000  0.330000
   -4.477    1.430    3.320    4.932    8.891    9.251   10.508   11.126
            0.080000  0.450000  0.340000
   -4.452    1.380    3.277    4.941    8.886    9.288   10.485   11.204
            0.080000  0.450000  0.350000
   -4.425    1.329    3.235    4.948    8.864    9.344   10.461   11.284
            0.080000  0.450000  0.360000
   -4.398    1.279    3.193    4.952    8.834    9.412   10.437   11.366
            0.080000  0.450000  0.370000
   -4.371    1.230    3.151    4.954    8.801    9.487   10.412   11.450
            0.080000  0.450000  0.380000
   -4.342    1.180    3.110    4.953    8.766    9.566   10.388   11.535
            0.080000  0.450000  0.390000
   -4.313    1.131    3.069    4.949    8.732    9.648   10.363   11.621
            0.080000  0.450000  0.400000
   -4.283    1.082    3.028    4.943    8.700    9.732   10.338   11.708
            0.080000  0.450000  0.410000
   -4.253    1.033    2.988    4.933    8.669    9.818   10.314   11.794
            0.080000  0.450000  0.420000
   -4.221    0.984    2.949    4.921    8.642    9.904   10.291   11.878
            0.080000  0.450000  0.430000
   -4.190    0.936    2.910    4.906    8.617    9.988   10.271   11.957
            0.080000  0.450000  0.440000
   -4.157    0.888    2.871    4.887    8.595   10.066   10.258   12.024
            0.080000  0.450000  0.450000
   -4.124    0.841    2.833    4.866    8.576   10.122   10.268   12.065
            0.080000  0.450000  0.460000
   -4.090    0.794    2.796    4.842    8.561   10.135   10.322   12.072
            0.080000  0.450000  0.470000
   -4.056    0.747    2.759    4.815    8.549   10.123   10.402   12.051
            0.080000  0.450000  0.480000
   -4.021    0.700    2.723    4.785    8.540   10.103   10.491   12.016
            0.080000  0.450000  0.490000
   -3.985    0.654    2.688    4.753    8.535   10.080   10.583   11.975
            0.080000  0.450000  0.500000
   -3.949    0.608    2.653    4.718    8.533   10.056   10.677   11.931
            0.080000  0.450000  0.510000
   -3.912    0.562    2.619    4.680    8.534   10.031   10.772   11.887
            0.080000  0.450000  0.520000
   -3.874    0.517    2.585    4.640    8.538   10.007   10.867   11.842
            0.080000  0.450000  0.530000
   -3.836    0.472    2.553    4.598    8.546    9.982   10.962   11.799
            0.080000  0.450000  0.540000
   -3.797    0.427    2.521    4.554    8.557    9.957   11.057   11.758
            0.080000  0.450000  0.550000
   -3.758    0.383    2.489    4.508    8.570    9.932   11.149   11.721
            0.080000  0.450000  0.560000
   -3.719    0.339    2.459    4.460    8.587    9.908   11.237   11.689
            0.080000  0.450000  0.570000
   -3.678    0.295    2.429    4.410    8.607    9.883   11.315   11.668
            0.080000  0.450000  0.580000
   -3.637    0.252    2.400    4.359    8.629    9.859   11.372   11.670
            0.080000  0.450000  0.590000
   -3.596    0.209    2.372    4.306    8.653    9.836   11.397   11.705
            0.080000  0.450000  0.600000
   -3.554    0.166    2.345    4.253    8.680    9.812   11.393   11.771
            0.080000  0.450000  0.610000
   -3.512    0.123    2.319    4.198    8.710    9.789   11.372   11.855
            0.080000  0.450000  0.620000
   -3.469    0.081    2.293    4.143    8.742    9.767   11.344   11.947
            0.080000  0.450000  0.630000
   -3.426    0.038    2.268    4.086    8.776    9.744   11.312   12.045
            0.080000  0.450000  0.640000
   -3.383   -0.004    2.244    4.029    8.812    9.723   11.280   12.145
            0.080000  0.450000  0.650000
   -3.339   -0.045    2.222    3.972    8.850    9.701   11.247   12.246
            0.080000  0.450000  0.660000
   -3.294   -0.087    2.199    3.915    8.890    9.681   11.214   12.349
            0.080000  0.450000  0.670000
   -3.250   -0.128    2.178    3.857    8.931    9.660   11.182   12.453
            0.080000  0.450000  0.680000
   -3.204   -0.170    2.158    3.799    8.974    9.641   11.150   12.557
            0.080000  0.450000  0.690000
   -3.159   -0.211    2.139    3.741    9.019    9.622   11.119   12.662
            0.080000  0.450000  0.700000
   -3.113   -0.251    2.120    3.684    9.065    9.603   11.089   12.767
            0.080000  0.450000  0.710000
   -3.067   -0.292    2.103    3.626    9.113    9.586   11.060   12.872
            0.080000  0.450000  0.720000
   -3.021   -0.333    2.087    3.570    9.161    9.569   11.032   12.978
            0.080000  0.450000  0.730000
   -2.974   -0.374    2.071    3.513    9.210    9.554   11.005   13.084
            0.080000  0.450000  0.740000
   -2.928   -0.414    2.057    3.458    9.260    9.541   10.979   13.190
            0.080000  0.450000  0.750000
   -2.881   -0.455    2.043    3.403    9.308    9.530   10.955   13.295
            0.080000  0.450000  0.760000
   -2.834   -0.495    2.031    3.349    9.352    9.525   10.931   13.377
            0.080000  0.450000  0.770000
   -2.787   -0.535    2.019    3.295    9.388    9.531   10.909   13.295
            0.080000  0.450000  0.780000
   -2.739   -0.575    2.008    3.243    9.407    9.554   10.888   13.198
            0.080000  0.450000  0.790000
   -2.692   -0.616    1.999    3.192    9.411    9.594   10.868   13.102
            0.080000  0.450000  0.800000
   -2.645   -0.656    1.990    3.142    9.408    9.644   10.849   13.006
            0.080000  0.450000  0.810000
   -2.598   -0.696    1.983    3.094    9.400    9.698   10.833   12.910
            0.080000  0.450000  0.820000
   -2.551   -0.736    1.976    3.047    9.391    9.755   10.817   12.815
            0.080000  0.450000  0.830000
   -2.504   -0.776    1.970    3.001    9.382    9.814   10.803   12.720
            0.080000  0.450000  0.840000
   -2.458   -0.816    1.965    2.957    9.372    9.874   10.792   12.626
            0.080000  0.450000  0.850000
   -2.411   -0.855    1.961    2.915    9.363    9.934   10.782   12.533
            0.080000  0.450000  0.860000
   -2.366   -0.895    1.958    2.874    9.354    9.993   10.774   12.440
            0.080000  0.450000  0.870000
   -2.320   -0.934    1.956    2.835    9.346   10.053   10.770   12.348
            0.080000  0.450000  0.880000
   -2.276   -0.973    1.955    2.799    9.338   10.110   10.769   12.257
            0.080000  0.450000  0.890000
   -2.232   -1.011    1.954    2.764    9.330   10.166   10.772   12.166
            0.080000  0.450000  0.900000
   -2.190   -1.048    1.954    2.732    9.323   10.219   10.780   12.077
            0.080000  0.450000  0.910000
   -2.148   -1.085    1.954    2.702    9.317   10.267   10.794   11.989
            0.080000  0.450000  0.920000
   -2.108   -1.120    1.955    2.675    9.312   10.310   10.816   11.901
            0.080000  0.450000  0.930000
   -2.071   -1.154    1.956    2.650    9.307   10.346   10.845   11.815
            0.080000  0.450000  0.940000
   -2.035   -1.186    1.957    2.629    9.302   10.375   10.883   11.729
            0.080000  0.450000  0.950000
   -2.003   -1.215    1.958    2.610    9.299   10.398   10.929   11.645
            0.080000  0.450000  0.960000
   -1.975   -1.241    1.960    2.594    9.296   10.415   10.982   11.563
            0.080000  0.450000  0.970000
   -1.952   -1.263    1.961    2.582    9.293   10.427   11.042   11.482
            0.080000  0.450000  0.980000
   -1.934   -1.279    1.962    2.573    9.292   10.435   11.106   11.404
            0.080000  0.450000  0.990000
   -1.923   -1.290    1.963    2.568    9.291   10.440   11.173   11.328
            0.080000  0.450000  1.000000
   -1.919   -1.293    1.963    2.566    9.290   10.441   11.224   11.274
