 &plot nbnd=   8, nks=   101 /
            0.400000  0.190000  0.000000
   -4.959    2.647    3.955    4.945    8.202    9.604   10.496   10.540
            0.400000  0.190000  0.010000
   -4.959    2.643    3.959    4.944    8.202    9.603   10.497   10.540
            0.400000  0.190000  0.020000
   -4.957    2.633    3.968    4.941    8.202    9.600   10.498   10.540
            0.400000  0.190000  0.030000
   -4.955    2.617    3.984    4.937    8.203    9.596   10.497   10.542
            0.400000  0.190000  0.040000
   -4.953    2.595    4.006    4.930    8.204    9.589   10.494   10.548
            0.400000  0.190000  0.050000
   -4.949    2.567    4.033    4.922    8.206    9.581   10.487   10.558
            0.400000  0.190000  0.060000
   -4.945    2.535    4.064    4.912    8.208    9.570   10.476   10.574
            0.400000  0.190000  0.070000
   -4.940    2.498    4.099    4.900    8.210    9.558   10.463   10.593
            0.400000  0.190000  0.080000
   -4.934    2.458    4.138    4.886    8.213    9.543   10.448   10.616
            0.400000  0.190000  0.090000
   -4.927    2.415    4.178    4.871    8.216    9.527   10.432   10.643
            0.400000  0.190000  0.100000
   -4.920    2.370    4.221    4.854    8.220    9.509   10.414   10.674
            0.400000  0.190000  0.110000
   -4.912    2.323    4.266    4.836    8.224    9.489   10.395   10.708
            0.400000  0.190000  0.120000
   -4.903    2.273    4.312    4.816    8.229    9.467   10.375   10.746
            0.400000  0.190000  0.130000
   -4.893    2.223    4.358    4.795    8.234    9.444   10.354   10.787
            0.400000  0.190000  0.140000
   -4.882    2.171    4.405    4.772    8.239    9.420   10.333   10.831
            0.400000  0.190000  0.150000
   -4.871    2.119    4.452    4.748    8.245    9.396   10.311   10.879
            0.400000  0.190000  0.160000
   -4.859    2.065    4.499    4.723    8.251    9.371   10.289   10.929
            0.400000  0.190000  0.170000
   -4.846    2.011    4.544    4.697    8.257    9.346   10.266   10.983
            0.400000  0.190000  0.180000
   -4.832    1.957    4.588    4.672    8.263    9.322   10.242   11.039
            0.400000  0.190000  0.190000
   -4.818    1.902    4.617    4.659    8.269    9.298   10.218   11.098
            0.400000  0.190000  0.200000
   -4.803    1.847    4.602    4.688    8.276    9.276   10.194   11.160
            0.400000  0.190000  0.210000
   -4.787    1.792    4.573    4.728    8.281    9.256   10.169   11.224
            0.400000  0.190000  0.220000
   -4.770    1.737    4.542    4.768    8.286    9.239   10.143   11.291
            0.400000  0.190000  0.230000
   -4.753    1.683    4.509    4.807    8.291    9.224   10.117   11.360
            0.400000  0.190000  0.240000
   -4.735    1.628    4.476    4.844    8.294    9.212   10.091   11.431
            0.400000  0.190000  0.250000
   -4.716    1.573    4.442    4.879    8.297    9.205   10.063   11.505
            0.400000  0.190000  0.260000
   -4.696    1.519    4.407    4.912    8.299    9.201   10.036   11.580
            0.400000  0.190000  0.270000
   -4.676    1.464    4.371    4.942    8.300    9.201   10.008   11.657
            0.400000  0.190000  0.280000
   -4.655    1.410    4.335    4.970    8.300    9.206    9.979   11.737
            0.400000  0.190000  0.290000
   -4.633    1.357    4.298    4.994    8.300    9.215    9.950   11.818
            0.400000  0.190000  0.300000
   -4.610    1.303    4.261    5.016    8.299    9.228    9.920   11.900
            0.400000  0.190000  0.310000
   -4.587    1.251    4.223    5.034    8.298    9.247    9.890   11.985
            0.400000  0.190000  0.320000
   -4.563    1.198    4.185    5.049    8.297    9.269    9.860   12.070
            0.400000  0.190000  0.330000
   -4.538    1.146    4.146    5.060    8.296    9.295    9.829   12.157
            0.400000  0.190000  0.340000
   -4.513    1.094    4.108    5.067    8.296    9.325    9.797   12.246
            0.400000  0.190000  0.350000
   -4.487    1.043    4.069    5.071    8.297    9.359    9.766   12.335
            0.400000  0.190000  0.360000
   -4.460    0.993    4.029    5.072    8.300    9.396    9.735   12.426
            0.400000  0.190000  0.370000
   -4.432    0.943    3.990    5.068    8.304    9.436    9.703   12.516
            0.400000  0.190000  0.380000
   -4.404    0.893    3.950    5.061    8.310    9.478    9.673   12.605
            0.400000  0.190000  0.390000
   -4.375    0.844    3.910    5.051    8.317    9.520    9.645   12.688
            0.400000  0.190000  0.400000
   -4.346    0.795    3.870    5.037    8.327    9.551    9.631   12.740
            0.400000  0.190000  0.410000
   -4.316    0.747    3.829    5.019    8.339    9.549    9.653   12.728
            0.400000  0.190000  0.420000
   -4.285    0.700    3.789    4.998    8.353    9.524    9.700   12.684
            0.400000  0.190000  0.430000
   -4.253    0.653    3.749    4.974    8.368    9.494    9.755   12.633
            0.400000  0.190000  0.440000
   -4.221    0.606    3.708    4.947    8.386    9.463    9.813   12.580
            0.400000  0.190000  0.450000
   -4.189    0.561    3.667    4.917    8.406    9.432    9.874   12.526
            0.400000  0.190000  0.460000
   -4.155    0.516    3.627    4.884    8.427    9.401    9.937   12.474
            0.400000  0.190000  0.470000
   -4.121    0.471    3.586    4.849    8.450    9.370   10.002   12.422
            0.400000  0.190000  0.480000
   -4.087    0.427    3.545    4.812    8.475    9.340   10.070   12.371
            0.400000  0.190000  0.490000
   -4.052    0.384    3.504    4.772    8.500    9.311   10.139   12.320
            0.400000  0.190000  0.500000
   -4.016    0.341    3.463    4.731    8.526    9.283   10.210   12.271
            0.400000  0.190000  0.510000
   -3.980    0.299    3.422    4.688    8.553    9.256   10.282   12.223
            0.400000  0.190000  0.520000
   -3.943    0.257    3.381    4.644    8.580    9.232   10.356   12.175
            0.400000  0.190000  0.530000
   -3.906    0.216    3.339    4.599    8.606    9.210   10.431   12.129
            0.400000  0.190000  0.540000
   -3.868    0.176    3.298    4.553    8.631    9.192   10.507   12.084
            0.400000  0.190000  0.550000
   -3.830    0.136    3.256    4.506    8.653    9.178   10.585   12.040
            0.400000  0.190000  0.560000
   -3.792    0.097    3.215    4.458    8.672    9.169   10.664   11.997
            0.400000  0.190000  0.570000
   -3.752    0.058    3.173    4.410    8.687    9.166   10.744   11.955
            0.400000  0.190000  0.580000
   -3.713    0.020    3.131    4.362    8.696    9.170   10.825   11.915
            0.400000  0.190000  0.590000
   -3.673   -0.017    3.089    4.314    8.699    9.182   10.906   11.875
            0.400000  0.190000  0.600000
   -3.632   -0.054    3.047    4.266    8.697    9.202   10.989   11.837
            0.400000  0.190000  0.610000
   -3.592   -0.090    3.004    4.218    8.690    9.228   11.072   11.801
            0.400000  0.190000  0.620000
   -3.551   -0.126    2.961    4.170    8.678    9.259   11.155   11.765
            0.400000  0.190000  0.630000
   -3.509   -0.161    2.919    4.123    8.664    9.296   11.238   11.732
            0.400000  0.190000  0.640000
   -3.467   -0.195    2.876    4.077    8.647    9.337   11.320   11.702
            0.400000  0.190000  0.650000
   -3.425   -0.229    2.832    4.031    8.628    9.381   11.400   11.676
            0.400000  0.190000  0.660000
   -3.383   -0.263    2.789    3.986    8.608    9.428   11.471   11.660
            0.400000  0.190000  0.670000
   -3.341   -0.295    2.745    3.942    8.587    9.478   11.515   11.672
            0.400000  0.190000  0.680000
   -3.298   -0.328    2.702    3.900    8.566    9.529   11.521   11.725
            0.400000  0.190000  0.690000
   -3.256   -0.359    2.658    3.858    8.545    9.583   11.505   11.801
            0.400000  0.190000  0.700000
   -3.213   -0.390    2.615    3.818    8.523    9.638   11.484   11.884
            0.400000  0.190000  0.710000
   -3.170   -0.421    2.571    3.779    8.502    9.694   11.460   11.970
            0.400000  0.190000  0.720000
   -3.127   -0.451    2.527    3.741    8.481    9.751   11.437   12.058
            0.400000  0.190000  0.730000
   -3.084   -0.481    2.484    3.704    8.460    9.810   11.413   12.147
            0.400000  0.190000  0.740000
   -3.042   -0.510    2.441    3.669    8.440    9.870   11.391   12.237
            0.400000  0.190000  0.750000
   -2.999   -0.538    2.398    3.636    8.420    9.931   11.370   12.327
            0.400000  0.190000  0.760000
   -2.957   -0.566    2.356    3.604    8.400    9.992   11.349   12.418
            0.400000  0.190000  0.770000
   -2.915   -0.594    2.314    3.573    8.382   10.054   11.330   12.508
            0.400000  0.190000  0.780000
   -2.873   -0.621    2.272    3.544    8.364   10.117   11.312   12.598
            0.400000  0.190000  0.790000
   -2.832   -0.648    2.232    3.516    8.346   10.180   11.295   12.688
            0.400000  0.190000  0.800000
   -2.792   -0.674    2.192    3.489    8.329   10.244   11.280   12.777
            0.400000  0.190000  0.810000
   -2.751   -0.699    2.153    3.464    8.313   10.308   11.266   12.865
            0.400000  0.190000  0.820000
   -2.712   -0.724    2.116    3.441    8.298   10.371   11.255   12.950
            0.400000  0.190000  0.830000
   -2.674   -0.748    2.079    3.418    8.283   10.435   11.245   13.030
            0.400000  0.190000  0.840000
   -2.636   -0.772    2.044    3.397    8.270   10.497   11.238   13.095
            0.400000  0.190000  0.850000
   -2.599   -0.795    2.010    3.378    8.257   10.558   11.234   13.125
            0.400000  0.190000  0.860000
   -2.564   -0.817    1.978    3.360    8.244   10.617   11.234   13.097
            0.400000  0.190000  0.870000
   -2.530   -0.838    1.948    3.343    8.233   10.673   11.238   13.034
            0.400000  0.190000  0.880000
   -2.497   -0.859    1.919    3.328    8.222   10.725   11.248   12.956
            0.400000  0.190000  0.890000
   -2.466   -0.878    1.892    3.313    8.212   10.772   11.265   12.874
            0.400000  0.190000  0.900000
   -2.437   -0.897    1.867    3.300    8.203   10.812   11.289   12.789
            0.400000  0.190000  0.910000
   -2.410   -0.914    1.844    3.289    8.195   10.845   11.322   12.704
            0.400000  0.190000  0.920000
   -2.385   -0.930    1.824    3.278    8.188   10.871   11.363   12.620
            0.400000  0.190000  0.930000
   -2.362   -0.945    1.805    3.269    8.181   10.891   11.411   12.536
            0.400000  0.190000  0.940000
   -2.342   -0.957    1.789    3.261    8.176   10.905   11.466   12.454
            0.400000  0.190000  0.950000
   -2.325   -0.969    1.775    3.255    8.171   10.915   11.524   12.374
            0.400000  0.190000  0.960000
   -2.310   -0.978    1.764    3.249    8.167   10.922   11.584   12.297
            0.400000  0.190000  0.970000
   -2.299   -0.986    1.755    3.245    8.164   10.926   11.644   12.224
            0.400000  0.190000  0.980000
   -2.290   -0.991    1.749    3.242    8.162   10.929   11.700   12.160
            0.400000  0.190000  0.990000
   -2.285   -0.994    1.745    3.240    8.161   10.931   11.742   12.113
            0.400000  0.190000  1.000000
   -2.284   -0.995    1.743    3.240    8.160   10.931   11.759   12.094
