 &plot nbnd=   8, nks=    50 /
            0.333300  0.555600  0.000000
   -4.769   -0.057    1.885    3.348    7.729    8.005    8.999   10.262
            0.333300  0.555600  0.020400
   -4.768   -0.065    1.893    3.349    7.707    8.016    9.013   10.248
            0.333300  0.555600  0.040800
   -4.765   -0.088    1.919    3.349    7.653    8.043    9.053   10.209
            0.333300  0.555600  0.061200
   -4.759   -0.124    1.961    3.349    7.580    8.071    9.116   10.148
            0.333300  0.555600  0.081600
   -4.751   -0.173    2.017    3.350    7.499    8.096    9.198   10.072
            0.333300  0.555600  0.102000
   -4.741   -0.231    2.084    3.351    7.413    8.115    9.293    9.989
            0.333300  0.555600  0.122400
   -4.729   -0.297    2.160    3.352    7.327    8.129    9.389    9.911
            0.333300  0.555600  0.142900
   -4.715   -0.369    2.243    3.353    7.241    8.139    9.461    9.862
            0.333300  0.555600  0.163300
   -4.699   -0.445    2.331    3.353    7.159    8.144    9.469    9.885
            0.333300  0.555600  0.183700
   -4.681   -0.524    2.421    3.354    7.080    8.145    9.413    9.982
            0.333300  0.555600  0.204100
   -4.661   -0.604    2.512    3.355    7.005    8.143    9.329   10.116
            0.333300  0.555600  0.224500
   -4.639   -0.684    2.603    3.357    6.936    8.138    9.236   10.268
            0.333300  0.555600  0.244900
   -4.615   -0.764    2.690    3.360    6.872    8.130    9.144   10.429
            0.333300  0.555600  0.265300
   -4.590   -0.844    2.772    3.364    6.813    8.117    9.055   10.596
            0.333300  0.555600  0.285700
   -4.564   -0.921    2.845    3.371    6.759    8.102    8.973   10.767
            0.333300  0.555600  0.306100
   -4.536   -0.997    2.908    3.382    6.712    8.085    8.898   10.942
            0.333300  0.555600  0.326500
   -4.508   -1.069    2.957    3.399    6.671    8.068    8.831   11.119
            0.333300  0.555600  0.346900
   -4.478   -1.139    2.991    3.422    6.635    8.051    8.772   11.296
            0.333300  0.555600  0.367300
   -4.448   -1.205    3.009    3.451    6.605    8.036    8.720   11.471
            0.333300  0.555600  0.387800
   -4.417   -1.267    3.013    3.482    6.581    8.026    8.674   11.643
            0.333300  0.555600  0.408200
   -4.386   -1.325    3.006    3.512    6.562    8.022    8.634   11.808
            0.333300  0.555600  0.428600
   -4.355   -1.378    2.989    3.538    6.549    8.026    8.600   11.962
            0.333300  0.555600  0.449000
   -4.324   -1.427    2.964    3.558    6.541    8.037    8.572   12.100
            0.333300  0.555600  0.469400
   -4.294   -1.470    2.934    3.570    6.540    8.056    8.549   12.216
            0.333300  0.555600  0.489800
   -4.264   -1.507    2.897    3.573    6.545    8.080    8.536   12.305
            0.333300  0.555600  0.510200
   -4.236   -1.538    2.856    3.567    6.558    8.105    8.533   12.366
            0.333300  0.555600  0.530600
   -4.210   -1.564    2.809    3.552    6.578    8.127    8.546   12.397
            0.333300  0.555600  0.551000
   -4.184   -1.583    2.758    3.529    6.605    8.139    8.580   12.400
            0.333300  0.555600  0.571400
   -4.161   -1.595    2.702    3.499    6.641    8.141    8.636   12.373
            0.333300  0.555600  0.591800
   -4.140   -1.601    2.641    3.463    6.684    8.133    8.712   12.315
            0.333300  0.555600  0.612200
   -4.121   -1.601    2.576    3.422    6.734    8.117    8.803   12.226
            0.333300  0.555600  0.632700
   -4.104   -1.593    2.506    3.378    6.792    8.097    8.908   12.106
            0.333300  0.555600  0.653100
   -4.090   -1.580    2.432    3.333    6.856    8.075    9.024   11.966
            0.333300  0.555600  0.673500
   -4.078   -1.560    2.354    3.287    6.927    8.052    9.147   11.810
            0.333300  0.555600  0.693900
   -4.068   -1.534    2.272    3.241    7.002    8.029    9.276   11.644
            0.333300  0.555600  0.714300
   -4.061   -1.503    2.187    3.197    7.083    8.007    9.410   11.474
            0.333300  0.555600  0.734700
   -4.055   -1.467    2.099    3.155    7.167    7.988    9.548   11.302
            0.333300  0.555600  0.755100
   -4.051   -1.427    2.009    3.116    7.253    7.972    9.686   11.131
            0.333300  0.555600  0.775500
   -4.048   -1.384    1.919    3.079    7.340    7.962    9.823   10.964
            0.333300  0.555600  0.795900
   -4.046   -1.337    1.830    3.046    7.424    7.962    9.954   10.807
            0.333300  0.555600  0.816300
   -4.045   -1.289    1.742    3.016    7.500    7.975   10.067   10.671
            0.333300  0.555600  0.836700
   -4.045   -1.241    1.657    2.988    7.562    8.005   10.126   10.590
            0.333300  0.555600  0.857100
   -4.046   -1.193    1.577    2.964    7.608    8.059   10.089   10.609
            0.333300  0.555600  0.877600
   -4.047   -1.147    1.502    2.943    7.635    8.134    9.980   10.700
            0.333300  0.555600  0.898000
   -4.048   -1.105    1.435    2.926    7.650    8.224    9.849   10.814
            0.333300  0.555600  0.918400
   -4.049   -1.068    1.378    2.911    7.656    8.322    9.714   10.929
            0.333300  0.555600  0.938800
   -4.050   -1.037    1.331    2.900    7.659    8.420    9.588   11.035
            0.333300  0.555600  0.959200
   -4.051   -1.013    1.296    2.892    7.660    8.509    9.478   11.122
            0.333300  0.555600  0.979600
   -4.052   -0.999    1.275    2.888    7.660    8.576    9.399   11.180
            0.333300  0.555600  1.000000
   -4.052   -0.995    1.267    2.886    7.660    8.600    9.369   11.199
