 &plot nbnd=   8, nks=   101 /
            0.040000  0.040000  0.000000
   -5.768    5.774    5.860    5.912    8.491    8.504    8.539    9.145
            0.040000  0.040000  0.010000
   -5.767    5.766    5.864    5.910    8.493    8.505    8.538    9.148
            0.040000  0.040000  0.020000
   -5.766    5.746    5.872    5.905    8.500    8.508    8.536    9.159
            0.040000  0.040000  0.030000
   -5.764    5.717    5.879    5.896    8.512    8.512    8.532    9.177
            0.040000  0.040000  0.040000
   -5.761    5.683    5.883    5.883    8.517    8.528    8.528    9.202
            0.040000  0.040000  0.050000
   -5.757    5.645    5.868    5.884    8.514    8.532    8.548    9.233
            0.040000  0.040000  0.060000
   -5.753    5.603    5.849    5.881    8.504    8.545    8.572    9.269
            0.040000  0.040000  0.070000
   -5.747    5.557    5.827    5.873    8.492    8.561    8.601    9.311
            0.040000  0.040000  0.080000
   -5.741    5.509    5.803    5.861    8.478    8.581    8.633    9.357
            0.040000  0.040000  0.090000
   -5.733    5.459    5.776    5.845    8.462    8.604    8.668    9.407
            0.040000  0.040000  0.100000
   -5.725    5.405    5.746    5.825    8.444    8.632    8.707    9.460
            0.040000  0.040000  0.110000
   -5.716    5.350    5.715    5.801    8.425    8.663    8.750    9.515
            0.040000  0.040000  0.120000
   -5.707    5.293    5.681    5.773    8.404    8.697    8.795    9.573
            0.040000  0.040000  0.130000
   -5.696    5.233    5.646    5.742    8.381    8.736    8.843    9.633
            0.040000  0.040000  0.140000
   -5.684    5.172    5.609    5.708    8.357    8.777    8.893    9.694
            0.040000  0.040000  0.150000
   -5.672    5.110    5.571    5.672    8.332    8.822    8.946    9.756
            0.040000  0.040000  0.160000
   -5.659    5.046    5.532    5.633    8.305    8.870    9.001    9.818
            0.040000  0.040000  0.170000
   -5.645    4.980    5.491    5.592    8.277    8.920    9.058    9.881
            0.040000  0.040000  0.180000
   -5.630    4.913    5.450    5.549    8.248    8.973    9.118    9.942
            0.040000  0.040000  0.190000
   -5.614    4.845    5.408    5.505    8.218    9.029    9.178   10.003
            0.040000  0.040000  0.200000
   -5.598    4.776    5.365    5.459    8.187    9.086    9.241   10.061
            0.040000  0.040000  0.210000
   -5.580    4.706    5.322    5.413    8.156    9.146    9.305   10.117
            0.040000  0.040000  0.220000
   -5.562    4.634    5.278    5.365    8.124    9.207    9.371   10.170
            0.040000  0.040000  0.230000
   -5.543    4.562    5.234    5.316    8.091    9.269    9.437   10.218
            0.040000  0.040000  0.240000
   -5.523    4.489    5.189    5.267    8.057    9.333    9.505   10.262
            0.040000  0.040000  0.250000
   -5.502    4.415    5.144    5.218    8.023    9.398    9.575   10.301
            0.040000  0.040000  0.260000
   -5.481    4.340    5.100    5.168    7.989    9.464    9.645   10.332
            0.040000  0.040000  0.270000
   -5.458    4.264    5.055    5.118    7.954    9.530    9.716   10.357
            0.040000  0.040000  0.280000
   -5.435    4.188    5.010    5.068    7.919    9.596    9.789   10.375
            0.040000  0.040000  0.290000
   -5.411    4.110    4.965    5.018    7.884    9.662    9.862   10.385
            0.040000  0.040000  0.300000
   -5.386    4.033    4.920    4.968    7.848    9.726    9.936   10.389
            0.040000  0.040000  0.310000
   -5.360    3.954    4.876    4.919    7.813    9.788   10.011   10.387
            0.040000  0.040000  0.320000
   -5.334    3.875    4.831    4.869    7.777    9.845   10.086   10.383
            0.040000  0.040000  0.330000
   -5.306    3.796    4.787    4.820    7.742    9.894   10.163   10.379
            0.040000  0.040000  0.340000
   -5.278    3.716    4.743    4.771    7.706    9.930   10.240   10.382
            0.040000  0.040000  0.350000
   -5.249    3.635    4.699    4.723    7.671    9.949   10.317   10.396
            0.040000  0.040000  0.360000
   -5.219    3.554    4.656    4.675    7.636    9.948   10.395   10.426
            0.040000  0.040000  0.370000
   -5.188    3.473    4.613    4.627    7.601    9.928   10.470   10.474
            0.040000  0.040000  0.380000
   -5.157    3.391    4.571    4.580    7.566    9.894   10.526   10.553
            0.040000  0.040000  0.390000
   -5.124    3.309    4.529    4.534    7.531    9.848   10.589   10.633
            0.040000  0.040000  0.400000
   -5.091    3.226    4.487    4.488    7.497    9.796   10.659   10.713
            0.040000  0.040000  0.410000
   -5.057    3.143    4.442    4.446    7.463    9.737   10.732   10.794
            0.040000  0.040000  0.420000
   -5.023    3.060    4.397    4.405    7.430    9.675   10.808   10.875
            0.040000  0.040000  0.430000
   -4.987    2.976    4.353    4.365    7.397    9.610   10.886   10.957
            0.040000  0.040000  0.440000
   -4.951    2.893    4.310    4.325    7.364    9.543   10.965   11.039
            0.040000  0.040000  0.450000
   -4.913    2.809    4.267    4.285    7.332    9.474   11.046   11.121
            0.040000  0.040000  0.460000
   -4.875    2.725    4.224    4.247    7.300    9.404   11.128   11.204
            0.040000  0.040000  0.470000
   -4.837    2.640    4.183    4.209    7.269    9.334   11.211   11.287
            0.040000  0.040000  0.480000
   -4.797    2.555    4.142    4.171    7.238    9.263   11.295   11.370
            0.040000  0.040000  0.490000
   -4.757    2.471    4.102    4.134    7.208    9.192   11.379   11.454
            0.040000  0.040000  0.500000
   -4.715    2.386    4.062    4.098    7.179    9.121   11.464   11.538
            0.040000  0.040000  0.510000
   -4.674    2.301    4.023    4.062    7.150    9.050   11.549   11.622
            0.040000  0.040000  0.520000
   -4.631    2.215    3.985    4.026    7.122    8.979   11.635   11.707
            0.040000  0.040000  0.530000
   -4.587    2.130    3.948    3.992    7.094    8.909   11.721   11.792
            0.040000  0.040000  0.540000
   -4.543    2.045    3.911    3.958    7.067    8.839   11.808   11.877
            0.040000  0.040000  0.550000
   -4.498    1.959    3.875    3.925    7.041    8.770   11.895   11.962
            0.040000  0.040000  0.560000
   -4.452    1.874    3.840    3.892    7.015    8.702   11.982   12.048
            0.040000  0.040000  0.570000
   -4.406    1.788    3.805    3.860    6.991    8.634   12.070   12.134
            0.040000  0.040000  0.580000
   -4.358    1.703    3.772    3.828    6.967    8.568   12.158   12.220
            0.040000  0.040000  0.590000
   -4.310    1.617    3.739    3.798    6.943    8.502   12.247   12.306
            0.040000  0.040000  0.600000
   -4.261    1.531    3.706    3.768    6.921    8.437   12.336   12.393
            0.040000  0.040000  0.610000
   -4.212    1.446    3.675    3.738    6.899    8.373   12.425   12.479
            0.040000  0.040000  0.620000
   -4.161    1.360    3.644    3.710    6.878    8.310   12.514   12.566
            0.040000  0.040000  0.630000
   -4.110    1.275    3.614    3.682    6.858    8.248   12.603   12.654
            0.040000  0.040000  0.640000
   -4.058    1.189    3.585    3.654    6.839    8.187   12.693   12.741
            0.040000  0.040000  0.650000
   -4.006    1.104    3.557    3.628    6.820    8.128   12.783   12.829
            0.040000  0.040000  0.660000
   -3.952    1.018    3.529    3.602    6.802    8.069   12.873   12.916
            0.040000  0.040000  0.670000
   -3.898    0.933    3.502    3.577    6.786    8.012   12.964   13.004
            0.040000  0.040000  0.680000
   -3.844    0.848    3.476    3.552    6.770    7.955   13.055   13.093
            0.040000  0.040000  0.690000
   -3.788    0.763    3.451    3.528    6.755    7.900   13.145   13.181
            0.040000  0.040000  0.700000
   -3.732    0.678    3.426    3.505    6.740    7.846   13.237   13.270
            0.040000  0.040000  0.710000
   -3.675    0.593    3.403    3.483    6.727    7.793   13.328   13.358
            0.040000  0.040000  0.720000
   -3.617    0.509    3.380    3.461    6.715    7.742   13.419   13.447
            0.040000  0.040000  0.730000
   -3.559    0.424    3.358    3.441    6.703    7.691   13.511   13.536
            0.040000  0.040000  0.740000
   -3.500    0.340    3.336    3.421    6.693    7.642   13.603   13.626
            0.040000  0.040000  0.750000
   -3.440    0.256    3.316    3.401    6.683    7.594   13.695   13.715
            0.040000  0.040000  0.760000
   -3.380    0.172    3.296    3.382    6.674    7.548   13.787   13.805
            0.040000  0.040000  0.770000
   -3.319    0.089    3.277    3.365    6.667    7.502   13.879   13.894
            0.040000  0.040000  0.780000
   -3.257    0.006    3.259    3.347    6.660    7.458   13.971   13.984
            0.040000  0.040000  0.790000
   -3.195   -0.078    3.241    3.331    6.654    7.415   14.063   14.074
            0.040000  0.040000  0.800000
   -3.132   -0.160    3.225    3.315    6.649    7.373   14.156   14.164
            0.040000  0.040000  0.810000
   -3.068   -0.243    3.209    3.300    6.645    7.333   14.248   14.253
            0.040000  0.040000  0.820000
   -3.004   -0.325    3.194    3.286    6.643    7.294   14.341   14.343
            0.040000  0.040000  0.830000
   -2.939   -0.407    3.180    3.273    6.641    7.256   14.433   14.433
            0.040000  0.040000  0.840000
   -2.873   -0.489    3.167    3.260    6.640    7.219   14.523   14.525
            0.040000  0.040000  0.850000
   -2.807   -0.570    3.154    3.248    6.640    7.184   14.612   14.617
            0.040000  0.040000  0.860000
   -2.740   -0.651    3.142    3.237    6.641    7.149   14.701   14.709
            0.040000  0.040000  0.870000
   -2.673   -0.732    3.131    3.227    6.643    7.117   14.790   14.800
            0.040000  0.040000  0.880000
   -2.605   -0.812    3.121    3.217    6.646    7.085   14.878   14.891
            0.040000  0.040000  0.890000
   -2.536   -0.892    3.112    3.209    6.650    7.055   14.965   14.981
            0.040000  0.040000  0.900000
   -2.467   -0.972    3.103    3.200    6.655    7.026   15.051   15.070
            0.040000  0.040000  0.910000
   -2.397   -1.051    3.096    3.193    6.661    6.998   15.135   15.158
            0.040000  0.040000  0.920000
   -2.327   -1.129    3.089    3.187    6.667    6.972   15.218   15.244
            0.040000  0.040000  0.930000
   -2.256   -1.208    3.083    3.181    6.675    6.948   15.298   15.327
            0.040000  0.040000  0.940000
   -2.184   -1.286    3.077    3.176    6.683    6.925   15.374   15.408
            0.040000  0.040000  0.950000
   -2.112   -1.363    3.073    3.172    6.691    6.904   15.445   15.484
            0.040000  0.040000  0.960000
   -2.040   -1.440    3.069    3.168    6.700    6.885   15.510   15.553
            0.040000  0.040000  0.970000
   -1.967   -1.517    3.066    3.165    6.708    6.868   15.565   15.613
            0.040000  0.040000  0.980000
   -1.893   -1.593    3.064    3.164    6.715    6.855   15.608   15.661
            0.040000  0.040000  0.990000
   -1.819   -1.668    3.063    3.162    6.720    6.847   15.636   15.692
            0.040000  0.040000  1.000000
   -1.754   -1.733    3.063    3.162    6.722    6.844   15.646   15.703
