 &plot nbnd=   8, nks=    81 /
            0.425000  0.900000 -1.000000
   -4.792    0.771    2.945    3.142    6.288    7.774   10.506   10.923
            0.425000  0.900000 -0.975000
   -4.790    0.764    2.944    3.141    6.297    7.785   10.500   10.898
            0.425000  0.900000 -0.950000
   -4.784    0.743    2.940    3.138    6.324    7.817   10.477   10.833
            0.425000  0.900000 -0.925000
   -4.774    0.710    2.927    3.138    6.369    7.870   10.428   10.747
            0.425000  0.900000 -0.900000
   -4.760    0.665    2.902    3.146    6.430    7.942   10.335   10.671
            0.425000  0.900000 -0.875000
   -4.741    0.609    2.863    3.163    6.508    8.033   10.195   10.618
            0.425000  0.900000 -0.850000
   -4.719    0.544    2.811    3.189    6.602    8.140   10.024   10.581
            0.425000  0.900000 -0.825000
   -4.692    0.472    2.749    3.221    6.710    8.262    9.836   10.551
            0.425000  0.900000 -0.800000
   -4.662    0.393    2.679    3.258    6.833    8.394    9.643   10.523
            0.425000  0.900000 -0.775000
   -4.627    0.309    2.604    3.297    6.968    8.529    9.456   10.496
            0.425000  0.900000 -0.750000
   -4.589    0.221    2.524    3.338    7.114    8.651    9.293   10.468
            0.425000  0.900000 -0.725000
   -4.547    0.131    2.442    3.379    7.271    8.706    9.209   10.440
            0.425000  0.900000 -0.700000
   -4.502    0.038    2.358    3.419    7.435    8.635    9.266   10.412
            0.425000  0.900000 -0.675000
   -4.453   -0.055    2.274    3.458    7.603    8.494    9.411   10.385
            0.425000  0.900000 -0.650000
   -4.400   -0.149    2.190    3.495    7.760    8.350    9.585   10.364
            0.425000  0.900000 -0.625000
   -4.344   -0.243    2.107    3.528    7.857    8.273    9.764   10.355
            0.425000  0.900000 -0.600000
   -4.285   -0.337    2.026    3.557    7.812    8.350    9.918   10.381
            0.425000  0.900000 -0.575000
   -4.223   -0.429    1.947    3.579    7.688    8.522   10.010   10.477
            0.425000  0.900000 -0.550000
   -4.158   -0.520    1.871    3.593    7.551    8.726   10.033   10.646
            0.425000  0.900000 -0.525000
   -4.090   -0.610    1.799    3.599    7.420    8.944   10.021   10.855
            0.425000  0.900000 -0.500000
   -4.020   -0.697    1.730    3.594    7.302    9.170    9.993   11.079
            0.425000  0.900000 -0.475000
   -3.948   -0.782    1.666    3.576    7.202    9.402    9.960   11.304
            0.425000  0.900000 -0.450000
   -3.874   -0.866    1.606    3.546    7.122    9.637    9.924   11.509
            0.425000  0.900000 -0.425000
   -3.798   -0.946    1.551    3.501    7.063    9.848    9.915   11.653
            0.425000  0.900000 -0.400000
   -3.721   -1.024    1.501    3.443    7.026    9.838   10.129   11.701
            0.425000  0.900000 -0.375000
   -3.643   -1.100    1.457    3.372    7.011    9.801   10.369   11.686
            0.425000  0.900000 -0.350000
   -3.565   -1.173    1.419    3.288    7.018    9.763   10.607   11.645
            0.425000  0.900000 -0.325000
   -3.486   -1.243    1.388    3.194    7.045    9.726   10.833   11.519
            0.425000  0.900000 -0.300000
   -3.408   -1.310    1.363    3.091    7.091    9.691   11.023   11.297
            0.425000  0.900000 -0.275000
   -3.331   -1.374    1.344    2.982    7.155    9.657   11.016   11.201
            0.425000  0.900000 -0.250000
   -3.255   -1.435    1.333    2.868    7.235    9.625   10.797   11.235
            0.425000  0.900000 -0.225000
   -3.181   -1.493    1.329    2.752    7.329    9.595   10.568   11.231
            0.425000  0.900000 -0.200000
   -3.110   -1.548    1.332    2.636    7.436    9.567   10.343   11.210
            0.425000  0.900000 -0.175000
   -3.043   -1.599    1.342    2.521    7.555    9.539   10.123   11.185
            0.425000  0.900000 -0.150000
   -2.981   -1.647    1.359    2.410    7.685    9.510    9.912   11.159
            0.425000  0.900000 -0.125000
   -2.925   -1.689    1.383    2.304    7.824    9.471    9.719   11.136
            0.425000  0.900000 -0.100000
   -2.876   -1.726    1.412    2.206    7.972    9.384    9.583   11.116
            0.425000  0.900000 -0.075000
   -2.836   -1.757    1.443    2.120    8.127    9.225    9.529   11.100
            0.425000  0.900000 -0.050000
   -2.806   -1.779    1.474    2.049    8.287    9.044    9.508   11.088
            0.425000  0.900000 -0.025000
   -2.787   -1.794    1.498    2.002    8.445    8.871    9.499   11.081
            0.425000  0.900000  0.000000
   -2.780   -1.799    1.507    1.984    8.544    8.767    9.496   11.079
            0.425000  0.900000  0.025000
   -2.787   -1.794    1.498    2.002    8.445    8.871    9.499   11.081
            0.425000  0.900000  0.050000
   -2.806   -1.779    1.474    2.049    8.287    9.044    9.508   11.088
            0.425000  0.900000  0.075000
   -2.836   -1.757    1.443    2.120    8.127    9.225    9.529   11.100
            0.425000  0.900000  0.100000
   -2.876   -1.726    1.412    2.206    7.972    9.384    9.583   11.116
            0.425000  0.900000  0.125000
   -2.925   -1.689    1.383    2.304    7.824    9.471    9.719   11.136
            0.425000  0.900000  0.150000
   -2.981   -1.647    1.359    2.410    7.685    9.510    9.912   11.159
            0.425000  0.900000  0.175000
   -3.043   -1.599    1.342    2.521    7.555    9.539   10.123   11.185
            0.425000  0.900000  0.200000
   -3.110   -1.548    1.332    2.636    7.436    9.567   10.343   11.210
            0.425000  0.900000  0.225000
   -3.181   -1.493    1.329    2.752    7.329    9.595   10.568   11.231
            0.425000  0.900000  0.250000
   -3.255   -1.435    1.333    2.868    7.235    9.625   10.797   11.235
            0.425000  0.900000  0.275000
   -3.331   -1.374    1.344    2.982    7.155    9.657   11.016   11.201
            0.425000  0.900000  0.300000
   -3.408   -1.310    1.363    3.091    7.091    9.691   11.023   11.297
            0.425000  0.900000  0.325000
   -3.486   -1.243    1.388    3.194    7.045    9.726   10.833   11.519
            0.425000  0.900000  0.350000
   -3.565   -1.173    1.419    3.288    7.018    9.763   10.607   11.645
            0.425000  0.900000  0.375000
   -3.643   -1.100    1.457    3.372    7.011    9.801   10.369   11.686
            0.425000  0.900000  0.400000
   -3.721   -1.024    1.501    3.443    7.026    9.838   10.129   11.701
            0.425000  0.900000  0.425000
   -3.798   -0.946    1.551    3.501    7.063    9.848    9.915   11.653
            0.425000  0.900000  0.450000
   -3.874   -0.866    1.606    3.546    7.122    9.637    9.924   11.509
            0.425000  0.900000  0.475000
   -3.948   -0.782    1.666    3.576    7.202    9.402    9.960   11.304
            0.425000  0.900000  0.500000
   -4.020   -0.697    1.730    3.594    7.302    9.170    9.993   11.079
            0.425000  0.900000  0.525000
   -4.090   -0.610    1.799    3.599    7.420    8.944   10.021   10.855
            0.425000  0.900000  0.550000
   -4.158   -0.520    1.871    3.593    7.551    8.726   10.033   10.646
            0.425000  0.900000  0.575000
   -4.223   -0.429    1.947    3.579    7.688    8.522   10.010   10.477
            0.425000  0.900000  0.600000
   -4.285   -0.337    2.026    3.557    7.812    8.350    9.918   10.381
            0.425000  0.900000  0.625000
   -4.344   -0.243    2.107    3.528    7.857    8.273    9.764   10.355
            0.425000  0.900000  0.650000
   -4.400   -0.149    2.190    3.495    7.760    8.350    9.585   10.364
            0.425000  0.900000  0.675000
   -4.453   -0.055    2.274    3.458    7.603    8.494    9.411   10.385
            0.425000  0.900000  0.700000
   -4.502    0.038    2.358    3.419    7.435    8.635    9.266   10.412
            0.425000  0.900000  0.725000
   -4.547    0.131    2.442    3.379    7.271    8.706    9.209   10.440
            0.425000  0.900000  0.750000
   -4.589    0.221    2.524    3.338    7.114    8.651    9.293   10.468
            0.425000  0.900000  0.775000
   -4.627    0.309    2.604    3.297    6.968    8.529    9.456   10.496
            0.425000  0.900000  0.800000
   -4.662    0.393    2.679    3.258    6.833    8.394    9.643   10.523
            0.425000  0.900000  0.825000
   -4.692    0.472    2.749    3.221    6.710    8.262    9.836   10.551
            0.425000  0.900000  0.850000
   -4.719    0.544    2.811    3.189    6.602    8.140   10.024   10.581
            0.425000  0.900000  0.875000
   -4.741    0.609    2.863    3.163    6.508    8.033   10.195   10.618
            0.425000  0.900000  0.900000
   -4.760    0.665    2.902    3.146    6.430    7.942   10.335   10.671
            0.425000  0.900000  0.925000
   -4.774    0.710    2.927    3.138    6.369    7.870   10.428   10.747
            0.425000  0.900000  0.950000
   -4.784    0.743    2.940    3.138    6.324    7.817   10.477   10.833
            0.425000  0.900000  0.975000
   -4.790    0.764    2.944    3.141    6.297    7.785   10.500   10.898
            0.425000  0.900000  1.000000
   -4.792    0.771    2.945    3.142    6.288    7.774   10.506   10.923
