 &plot nbnd=   8, nks=    41 /
            0.600000 -0.300000 -1.000000
   -3.777   -0.787    1.593    2.879    8.375    8.476    9.107   11.819
            0.600000 -0.300000 -0.950000
   -3.776   -0.811    1.624    2.894    8.228    8.498    9.264   11.691
            0.600000 -0.300000 -0.900000
   -3.772   -0.880    1.710    2.937    7.972    8.520    9.591   11.385
            0.600000 -0.300000 -0.850000
   -3.768   -0.976    1.836    3.009    7.714    8.549    9.972   11.012
            0.600000 -0.300000 -0.800000
   -3.765   -1.083    1.982    3.108    7.481    8.584   10.321   10.678
            0.600000 -0.300000 -0.750000
   -3.767   -1.185    2.132    3.226    7.289    8.623   10.132   10.903
            0.600000 -0.300000 -0.700000
   -3.776   -1.268    2.277    3.353    7.146    8.658    9.758   11.343
            0.600000 -0.300000 -0.650000
   -3.797   -1.324    2.412    3.472    7.061    8.669    9.417   11.802
            0.600000 -0.300000 -0.600000
   -3.830   -1.346    2.536    3.568    7.037    8.610    9.178   12.249
            0.600000 -0.300000 -0.550000
   -3.877   -1.331    2.645    3.628    7.066    8.447    9.093   12.619
            0.600000 -0.300000 -0.500000
   -3.934   -1.279    2.738    3.647    7.118    8.277    9.098   12.533
            0.600000 -0.300000 -0.450000
   -4.001   -1.192    2.808    3.627    7.141    8.207    9.137   12.099
            0.600000 -0.300000 -0.400000
   -4.071   -1.075    2.849    3.579    7.107    8.278    9.195   11.623
            0.600000 -0.300000 -0.350000
   -4.142   -0.932    2.850    3.515    7.050    8.440    9.281   11.148
            0.600000 -0.300000 -0.300000
   -4.209   -0.769    2.803    3.450    7.017    8.613    9.422   10.689
            0.600000 -0.300000 -0.250000
   -4.271   -0.594    2.705    3.394    7.034    8.736    9.635   10.260
            0.600000 -0.300000 -0.200000
   -4.324   -0.414    2.569    3.352    7.107    8.796    9.750   10.030
            0.600000 -0.300000 -0.150000
   -4.367   -0.241    2.417    3.322    7.229    8.804    9.445   10.302
            0.600000 -0.300000 -0.100000
   -4.398   -0.093    2.275    3.301    7.383    8.747    9.184   10.612
            0.600000 -0.300000 -0.050000
   -4.417    0.012    2.172    3.288    7.533    8.619    9.061   10.860
            0.600000 -0.300000  0.000000
   -4.424    0.049    2.134    3.284    7.603    8.543    9.032   10.960
            0.600000 -0.300000  0.050000
   -4.417    0.012    2.172    3.288    7.533    8.619    9.061   10.860
            0.600000 -0.300000  0.100000
   -4.398   -0.093    2.275    3.301    7.383    8.747    9.184   10.612
            0.600000 -0.300000  0.150000
   -4.367   -0.241    2.417    3.322    7.229    8.804    9.445   10.302
            0.600000 -0.300000  0.200000
   -4.324   -0.414    2.569    3.352    7.107    8.796    9.750   10.030
            0.600000 -0.300000  0.250000
   -4.271   -0.594    2.705    3.394    7.034    8.736    9.635   10.260
            0.600000 -0.300000  0.300000
   -4.209   -0.769    2.803    3.450    7.017    8.613    9.422   10.689
            0.600000 -0.300000  0.350000
   -4.142   -0.932    2.850    3.515    7.050    8.440    9.281   11.148
            0.600000 -0.300000  0.400000
   -4.071   -1.075    2.849    3.579    7.107    8.278    9.195   11.623
            0.600000 -0.300000  0.450000
   -4.001   -1.192    2.808    3.627    7.141    8.207    9.137   12.099
            0.600000 -0.300000  0.500000
   -3.934   -1.279    2.738    3.647    7.118    8.277    9.098   12.533
            0.600000 -0.300000  0.550000
   -3.877   -1.331    2.645    3.628    7.066    8.447    9.093   12.619
            0.600000 -0.300000  0.600000
   -3.830   -1.346    2.536    3.568    7.037    8.610    9.178   12.249
            0.600000 -0.300000  0.650000
   -3.797   -1.324    2.412    3.472    7.061    8.669    9.417   11.802
            0.600000 -0.300000  0.700000
   -3.776   -1.268    2.277    3.353    7.146    8.658    9.758   11.343
            0.600000 -0.300000  0.750000
   -3.767   -1.185    2.132    3.226    7.289    8.623   10.132   10.903
            0.600000 -0.300000  0.800000
   -3.765   -1.083    1.982    3.108    7.481    8.584   10.321   10.678
            0.600000 -0.300000  0.850000
   -3.768   -0.976    1.836    3.009    7.714    8.549    9.972   11.012
            0.600000 -0.300000  0.900000
   -3.772   -0.880    1.710    2.937    7.972    8.520    9.591   11.385
            0.600000 -0.300000  0.950000
   -3.776   -0.811    1.624    2.894    8.228    8.498    9.264   11.691
            0.600000 -0.300000  1.000000
   -3.777   -0.787    1.593    2.879    8.375    8.476    9.107   11.819
