 &plot nbnd=   8, nks=   101 /
            0.850000  0.190000  0.000000
   -2.723   -0.604    2.796    3.010    7.357    7.804   13.098   14.715
            0.850000  0.190000  0.010000
   -2.723   -0.604    2.789    3.017    7.352    7.812   13.098   14.708
            0.850000  0.190000  0.020000
   -2.722   -0.605    2.771    3.036    7.336    7.836   13.099   14.686
            0.850000  0.190000  0.030000
   -2.722   -0.606    2.744    3.061    7.313    7.871   13.099   14.651
            0.850000  0.190000  0.040000
   -2.720   -0.607    2.714    3.091    7.286    7.916   13.100   14.604
            0.850000  0.190000  0.050000
   -2.719   -0.609    2.681    3.123    7.257    7.969   13.101   14.545
            0.850000  0.190000  0.060000
   -2.717   -0.611    2.647    3.155    7.227    8.026   13.102   14.476
            0.850000  0.190000  0.070000
   -2.715   -0.614    2.613    3.187    7.199    8.088   13.104   14.399
            0.850000  0.190000  0.080000
   -2.713   -0.617    2.578    3.219    7.172    8.154   13.105   14.314
            0.850000  0.190000  0.090000
   -2.710   -0.620    2.544    3.251    7.147    8.223   13.107   14.224
            0.850000  0.190000  0.100000
   -2.707   -0.623    2.510    3.281    7.126    8.295   13.110   14.128
            0.850000  0.190000  0.110000
   -2.704   -0.627    2.477    3.310    7.107    8.369   13.112   14.028
            0.850000  0.190000  0.120000
   -2.701   -0.632    2.444    3.337    7.092    8.445   13.114   13.924
            0.850000  0.190000  0.130000
   -2.697   -0.637    2.413    3.363    7.080    8.523   13.117   13.817
            0.850000  0.190000  0.140000
   -2.693   -0.642    2.382    3.387    7.073    8.603   13.120   13.708
            0.850000  0.190000  0.150000
   -2.689   -0.647    2.352    3.409    7.069    8.685   13.123   13.597
            0.850000  0.190000  0.160000
   -2.685   -0.653    2.324    3.429    7.069    8.768   13.126   13.484
            0.850000  0.190000  0.170000
   -2.680   -0.659    2.296    3.447    7.074    8.853   13.129   13.369
            0.850000  0.190000  0.180000
   -2.676   -0.665    2.270    3.462    7.083    8.940   13.133   13.253
            0.850000  0.190000  0.190000
   -2.671   -0.671    2.245    3.476    7.096    9.028   13.135   13.138
            0.850000  0.190000  0.200000
   -2.666   -0.678    2.221    3.487    7.114    9.117   13.019   13.140
            0.850000  0.190000  0.210000
   -2.662   -0.685    2.199    3.496    7.135    9.208   12.901   13.144
            0.850000  0.190000  0.220000
   -2.657   -0.692    2.178    3.502    7.162    9.299   12.782   13.148
            0.850000  0.190000  0.230000
   -2.652   -0.699    2.158    3.507    7.192    9.392   12.664   13.152
            0.850000  0.190000  0.240000
   -2.647   -0.707    2.139    3.510    7.227    9.486   12.545   13.156
            0.850000  0.190000  0.250000
   -2.642   -0.714    2.122    3.510    7.266    9.582   12.426   13.160
            0.850000  0.190000  0.260000
   -2.638   -0.721    2.106    3.509    7.309    9.678   12.307   13.164
            0.850000  0.190000  0.270000
   -2.633   -0.728    2.092    3.506    7.356    9.775   12.188   13.168
            0.850000  0.190000  0.280000
   -2.628   -0.735    2.078    3.502    7.406    9.873   12.069   13.171
            0.850000  0.190000  0.290000
   -2.624   -0.742    2.066    3.496    7.460    9.971   11.951   13.175
            0.850000  0.190000  0.300000
   -2.620   -0.749    2.056    3.488    7.518   10.070   11.834   13.179
            0.850000  0.190000  0.310000
   -2.616   -0.756    2.046    3.480    7.579   10.169   11.718   13.182
            0.850000  0.190000  0.320000
   -2.613   -0.762    2.038    3.471    7.643   10.268   11.604   13.185
            0.850000  0.190000  0.330000
   -2.610   -0.768    2.031    3.460    7.711   10.366   11.491   13.187
            0.850000  0.190000  0.340000
   -2.607   -0.773    2.025    3.450    7.781   10.462   11.382   13.189
            0.850000  0.190000  0.350000
   -2.604   -0.778    2.020    3.438    7.854   10.552   11.280   13.190
            0.850000  0.190000  0.360000
   -2.602   -0.783    2.016    3.426    7.930   10.631   11.190   13.189
            0.850000  0.190000  0.370000
   -2.601   -0.787    2.013    3.414    8.008   10.685   11.128   13.186
            0.850000  0.190000  0.380000
   -2.600   -0.790    2.012    3.402    8.089   10.689   11.115   13.178
            0.850000  0.190000  0.390000
   -2.599   -0.793    2.011    3.390    8.171   10.640   11.158   13.161
            0.850000  0.190000  0.400000
   -2.599   -0.795    2.010    3.378    8.257   10.558   11.234   13.125
            0.850000  0.190000  0.410000
   -2.600   -0.796    2.011    3.366    8.344   10.462   11.326   13.061
            0.850000  0.190000  0.420000
   -2.601   -0.796    2.013    3.355    8.433   10.359   11.426   12.972
            0.850000  0.190000  0.430000
   -2.603   -0.796    2.015    3.344    8.523   10.254   11.529   12.870
            0.850000  0.190000  0.440000
   -2.605   -0.795    2.018    3.334    8.616   10.147   11.633   12.762
            0.850000  0.190000  0.450000
   -2.608   -0.793    2.021    3.324    8.710   10.039   11.737   12.654
            0.850000  0.190000  0.460000
   -2.612   -0.790    2.025    3.316    8.806    9.932   11.838   12.549
            0.850000  0.190000  0.470000
   -2.616   -0.786    2.029    3.308    8.902    9.826   11.930   12.454
            0.850000  0.190000  0.480000
   -2.620   -0.781    2.034    3.301    9.000    9.720   11.995   12.386
            0.850000  0.190000  0.490000
   -2.626   -0.776    2.039    3.295    9.098    9.616   12.003   12.378
            0.850000  0.190000  0.500000
   -2.632   -0.770    2.045    3.290    9.194    9.517   11.946   12.434
            0.850000  0.190000  0.510000
   -2.638   -0.763    2.051    3.286    9.275    9.434   11.857   12.525
            0.850000  0.190000  0.520000
   -2.645   -0.755    2.057    3.283    9.265    9.444   11.756   12.630
            0.850000  0.190000  0.530000
   -2.652   -0.746    2.064    3.282    9.179    9.532   11.649   12.741
            0.850000  0.190000  0.540000
   -2.660   -0.737    2.070    3.281    9.083    9.632   11.541   12.854
            0.850000  0.190000  0.550000
   -2.669   -0.727    2.078    3.282    8.985    9.736   11.432   12.968
            0.850000  0.190000  0.560000
   -2.677   -0.716    2.085    3.284    8.888    9.841   11.324   13.079
            0.850000  0.190000  0.570000
   -2.686   -0.705    2.093    3.287    8.791    9.946   11.217   13.177
            0.850000  0.190000  0.580000
   -2.696   -0.693    2.101    3.291    8.696   10.050   11.112   13.237
            0.850000  0.190000  0.590000
   -2.706   -0.680    2.109    3.296    8.602   10.152   11.012   13.258
            0.850000  0.190000  0.600000
   -2.716   -0.667    2.118    3.302    8.510   10.249   10.917   13.267
            0.850000  0.190000  0.610000
   -2.726   -0.654    2.127    3.309    8.420   10.333   10.837   13.271
            0.850000  0.190000  0.620000
   -2.737   -0.640    2.136    3.317    8.331   10.388   10.789   13.273
            0.850000  0.190000  0.630000
   -2.747   -0.626    2.146    3.326    8.244   10.388   10.796   13.274
            0.850000  0.190000  0.640000
   -2.758   -0.612    2.157    3.335    8.159   10.336   10.856   13.274
            0.850000  0.190000  0.650000
   -2.769   -0.598    2.168    3.345    8.076   10.257   10.946   13.274
            0.850000  0.190000  0.660000
   -2.780   -0.583    2.180    3.355    7.995   10.167   11.048   13.274
            0.850000  0.190000  0.670000
   -2.791   -0.569    2.192    3.365    7.917   10.072   11.156   13.273
            0.850000  0.190000  0.680000
   -2.802   -0.554    2.205    3.376    7.841    9.975   11.267   13.273
            0.850000  0.190000  0.690000
   -2.813   -0.539    2.219    3.387    7.767    9.878   11.381   13.272
            0.850000  0.190000  0.700000
   -2.824   -0.525    2.233    3.397    7.697    9.781   11.496   13.270
            0.850000  0.190000  0.710000
   -2.834   -0.510    2.248    3.407    7.629    9.683   11.612   13.269
            0.850000  0.190000  0.720000
   -2.845   -0.496    2.265    3.417    7.563    9.587   11.729   13.268
            0.850000  0.190000  0.730000
   -2.855   -0.482    2.282    3.426    7.501    9.491   11.846   13.266
            0.850000  0.190000  0.740000
   -2.866   -0.468    2.300    3.435    7.442    9.397   11.964   13.265
            0.850000  0.190000  0.750000
   -2.876   -0.455    2.319    3.442    7.387    9.303   12.082   13.263
            0.850000  0.190000  0.760000
   -2.886   -0.442    2.339    3.449    7.334    9.211   12.200   13.262
            0.850000  0.190000  0.770000
   -2.895   -0.429    2.360    3.454    7.286    9.120   12.318   13.260
            0.850000  0.190000  0.780000
   -2.905   -0.417    2.382    3.458    7.241    9.030   12.436   13.258
            0.850000  0.190000  0.790000
   -2.914   -0.405    2.405    3.461    7.200    8.941   12.553   13.257
            0.850000  0.190000  0.800000
   -2.923   -0.393    2.429    3.461    7.162    8.854   12.670   13.255
            0.850000  0.190000  0.810000
   -2.931   -0.382    2.454    3.460    7.129    8.769   12.786   13.254
            0.850000  0.190000  0.820000
   -2.939   -0.372    2.480    3.458    7.099    8.685   12.901   13.252
            0.850000  0.190000  0.830000
   -2.947   -0.362    2.507    3.453    7.074    8.603   13.015   13.252
            0.850000  0.190000  0.840000
   -2.954   -0.352    2.535    3.446    7.052    8.523   13.126   13.253
            0.850000  0.190000  0.850000
   -2.961   -0.343    2.563    3.437    7.035    8.445   13.218   13.271
            0.850000  0.190000  0.860000
   -2.968   -0.335    2.593    3.427    7.022    8.369   13.238   13.361
            0.850000  0.190000  0.870000
   -2.974   -0.327    2.623    3.414    7.013    8.295   13.239   13.466
            0.850000  0.190000  0.880000
   -2.980   -0.320    2.654    3.399    7.007    8.223   13.239   13.571
            0.850000  0.190000  0.890000
   -2.985   -0.313    2.685    3.383    7.005    8.154   13.238   13.674
            0.850000  0.190000  0.900000
   -2.990   -0.307    2.717    3.364    7.006    8.088   13.237   13.773
            0.850000  0.190000  0.910000
   -2.994   -0.302    2.749    3.344    7.011    8.025   13.236   13.868
            0.850000  0.190000  0.920000
   -2.998   -0.297    2.781    3.323    7.018    7.966   13.235   13.958
            0.850000  0.190000  0.930000
   -3.002   -0.292    2.814    3.300    7.028    7.910   13.234   14.042
            0.850000  0.190000  0.940000
   -3.005   -0.288    2.846    3.276    7.039    7.860   13.233   14.119
            0.850000  0.190000  0.950000
   -3.008   -0.285    2.877    3.251    7.051    7.814   13.233   14.188
            0.850000  0.190000  0.960000
   -3.010   -0.283    2.907    3.227    7.063    7.774   13.232   14.247
            0.850000  0.190000  0.970000
   -3.012   -0.281    2.934    3.204    7.074    7.742   13.232   14.294
            0.850000  0.190000  0.980000
   -3.013   -0.279    2.958    3.183    7.083    7.718   13.231   14.330
            0.850000  0.190000  0.990000
   -3.013   -0.278    2.974    3.168    7.089    7.702   13.231   14.351
            0.850000  0.190000  1.000000
   -3.014   -0.278    2.980    3.163    7.091    7.697   13.231   14.359
