 &plot nbnd=   8, nks=   101 /
            0.710000  0.920000  0.000000
   -1.833   -1.480    2.162    2.893    7.781    8.886   13.052   13.248
            0.710000  0.920000  0.010000
   -1.844   -1.469    2.162    2.893    7.781    8.887   13.018   13.281
            0.710000  0.920000  0.020000
   -1.874   -1.439    2.164    2.896    7.782    8.889   12.950   13.351
            0.710000  0.920000  0.030000
   -1.917   -1.396    2.167    2.899    7.784    8.892   12.871   13.432
            0.710000  0.920000  0.040000
   -1.966   -1.346    2.171    2.904    7.787    8.896   12.789   13.516
            0.710000  0.920000  0.050000
   -2.020   -1.291    2.176    2.910    7.790    8.902   12.707   13.603
            0.710000  0.920000  0.060000
   -2.076   -1.234    2.182    2.918    7.794    8.909   12.624   13.690
            0.710000  0.920000  0.070000
   -2.134   -1.175    2.189    2.928    7.799    8.917   12.540   13.777
            0.710000  0.920000  0.080000
   -2.193   -1.115    2.197    2.938    7.805    8.926   12.458   13.864
            0.710000  0.920000  0.090000
   -2.252   -1.054    2.207    2.950    7.811    8.937   12.375   13.950
            0.710000  0.920000  0.100000
   -2.312   -0.993    2.217    2.964    7.818    8.949   12.293   14.034
            0.710000  0.920000  0.110000
   -2.371   -0.932    2.228    2.979    7.826    8.962   12.212   14.115
            0.710000  0.920000  0.120000
   -2.431   -0.870    2.241    2.995    7.834    8.976   12.131   14.188
            0.710000  0.920000  0.130000
   -2.491   -0.808    2.254    3.013    7.843    8.992   12.050   14.245
            0.710000  0.920000  0.140000
   -2.550   -0.746    2.268    3.033    7.853    9.009   11.971   14.270
            0.710000  0.920000  0.150000
   -2.609   -0.685    2.284    3.054    7.864    9.027   11.891   14.251
            0.710000  0.920000  0.160000
   -2.668   -0.623    2.300    3.076    7.875    9.046   11.813   14.195
            0.710000  0.920000  0.170000
   -2.727   -0.561    2.317    3.100    7.887    9.067   11.735   14.120
            0.710000  0.920000  0.180000
   -2.786   -0.500    2.335    3.126    7.900    9.089   11.657   14.036
            0.710000  0.920000  0.190000
   -2.844   -0.439    2.354    3.153    7.913    9.112   11.580   13.947
            0.710000  0.920000  0.200000
   -2.902   -0.378    2.374    3.181    7.927    9.137   11.504   13.856
            0.710000  0.920000  0.210000
   -2.959   -0.317    2.395    3.212    7.942    9.163   11.429   13.763
            0.710000  0.920000  0.220000
   -3.016   -0.257    2.416    3.243    7.957    9.190   11.354   13.669
            0.710000  0.920000  0.230000
   -3.072   -0.196    2.439    3.276    7.973    9.218   11.280   13.574
            0.710000  0.920000  0.240000
   -3.128   -0.136    2.462    3.311    7.990    9.248   11.206   13.479
            0.710000  0.920000  0.250000
   -3.184   -0.076    2.486    3.347    8.007    9.279   11.133   13.384
            0.710000  0.920000  0.260000
   -3.239   -0.017    2.510    3.384    8.025    9.311   11.061   13.289
            0.710000  0.920000  0.270000
   -3.294    0.042    2.535    3.423    8.044    9.344   10.989   13.193
            0.710000  0.920000  0.280000
   -3.348    0.101    2.561    3.463    8.063    9.379   10.919   13.098
            0.710000  0.920000  0.290000
   -3.401    0.160    2.588    3.505    8.083    9.415   10.848   13.003
            0.710000  0.920000  0.300000
   -3.454    0.218    2.615    3.548    8.103    9.453   10.779   12.908
            0.710000  0.920000  0.310000
   -3.507    0.277    2.643    3.592    8.124    9.491   10.710   12.813
            0.710000  0.920000  0.320000
   -3.558    0.335    2.672    3.637    8.145    9.531   10.642   12.718
            0.710000  0.920000  0.330000
   -3.610    0.392    2.701    3.684    8.167    9.572   10.575   12.624
            0.710000  0.920000  0.340000
   -3.660    0.450    2.731    3.732    8.190    9.615   10.508   12.529
            0.710000  0.920000  0.350000
   -3.710    0.507    2.762    3.781    8.213    9.658   10.442   12.435
            0.710000  0.920000  0.360000
   -3.760    0.564    2.793    3.831    8.236    9.703   10.377   12.341
            0.710000  0.920000  0.370000
   -3.809    0.621    2.825    3.882    8.260    9.749   10.313   12.248
            0.710000  0.920000  0.380000
   -3.857    0.678    2.857    3.934    8.284    9.795   10.251   12.155
            0.710000  0.920000  0.390000
   -3.904    0.734    2.890    3.987    8.309    9.843   10.189   12.062
            0.710000  0.920000  0.400000
   -3.951    0.791    2.924    4.040    8.334    9.890   10.130   11.970
            0.710000  0.920000  0.410000
   -3.998    0.847    2.958    4.094    8.360    9.934   10.076   11.878
            0.710000  0.920000  0.420000
   -4.043    0.903    2.993    4.149    8.386    9.955   10.047   11.787
            0.710000  0.920000  0.430000
   -4.088    0.959    3.028    4.205    8.412    9.923   10.072   11.696
            0.710000  0.920000  0.440000
   -4.132    1.015    3.064    4.260    8.438    9.872   10.120   11.605
            0.710000  0.920000  0.450000
   -4.176    1.071    3.100    4.316    8.464    9.817   10.173   11.516
            0.710000  0.920000  0.460000
   -4.219    1.127    3.137    4.373    8.491    9.762   10.228   11.427
            0.710000  0.920000  0.470000
   -4.261    1.183    3.174    4.429    8.518    9.708   10.285   11.338
            0.710000  0.920000  0.480000
   -4.302    1.239    3.212    4.486    8.544    9.654   10.342   11.251
            0.710000  0.920000  0.490000
   -4.343    1.295    3.251    4.543    8.571    9.602   10.400   11.165
            0.710000  0.920000  0.500000
   -4.383    1.352    3.290    4.599    8.597    9.551   10.458   11.081
            0.710000  0.920000  0.510000
   -4.423    1.408    3.329    4.655    8.623    9.502   10.515   11.000
            0.710000  0.920000  0.520000
   -4.461    1.464    3.369    4.711    8.648    9.455   10.568   10.924
            0.710000  0.920000  0.530000
   -4.499    1.520    3.410    4.766    8.672    9.410   10.609   10.862
            0.710000  0.920000  0.540000
   -4.536    1.577    3.451    4.820    8.696    9.368   10.618   10.833
            0.710000  0.920000  0.550000
   -4.573    1.633    3.492    4.874    8.717    9.328   10.581   10.852
            0.710000  0.920000  0.560000
   -4.608    1.690    3.534    4.926    8.737    9.292   10.517   10.899
            0.710000  0.920000  0.570000
   -4.643    1.747    3.576    4.978    8.753    9.261   10.444   10.957
            0.710000  0.920000  0.580000
   -4.677    1.804    3.619    5.028    8.767    9.234   10.368   11.019
            0.710000  0.920000  0.590000
   -4.711    1.861    3.662    5.077    8.776    9.213   10.291   11.083
            0.710000  0.920000  0.600000
   -4.744    1.919    3.705    5.123    8.780    9.199   10.214   11.148
            0.710000  0.920000  0.610000
   -4.775    1.976    3.749    5.169    8.780    9.191   10.138   11.213
            0.710000  0.920000  0.620000
   -4.807    2.034    3.793    5.212    8.775    9.189   10.062   11.278
            0.710000  0.920000  0.630000
   -4.837    2.092    3.837    5.252    8.765    9.193    9.989   11.342
            0.710000  0.920000  0.640000
   -4.867    2.150    3.882    5.291    8.754    9.200    9.916   11.404
            0.710000  0.920000  0.650000
   -4.895    2.208    3.927    5.326    8.740    9.211    9.847   11.463
            0.710000  0.920000  0.660000
   -4.923    2.267    3.972    5.359    8.726    9.223    9.780   11.518
            0.710000  0.920000  0.670000
   -4.951    2.325    4.018    5.389    8.711    9.234    9.717   11.567
            0.710000  0.920000  0.680000
   -4.977    2.384    4.063    5.415    8.698    9.243    9.660   11.606
            0.710000  0.920000  0.690000
   -5.003    2.443    4.109    5.438    8.685    9.247    9.611   11.634
            0.710000  0.920000  0.700000
   -5.028    2.503    4.154    5.458    8.674    9.242    9.573   11.646
            0.710000  0.920000  0.710000
   -5.052    2.562    4.200    5.474    8.665    9.226    9.548   11.642
            0.710000  0.920000  0.720000
   -5.075    2.621    4.246    5.486    8.656    9.200    9.538   11.623
            0.710000  0.920000  0.730000
   -5.098    2.681    4.291    5.495    8.649    9.165    9.539   11.593
            0.710000  0.920000  0.740000
   -5.119    2.741    4.337    5.499    8.642    9.126    9.548   11.554
            0.710000  0.920000  0.750000
   -5.140    2.801    4.382    5.500    8.635    9.087    9.562   11.509
            0.710000  0.920000  0.760000
   -5.160    2.860    4.427    5.497    8.626    9.051    9.579   11.461
            0.710000  0.920000  0.770000
   -5.180    2.920    4.471    5.490    8.613    9.021    9.598   11.410
            0.710000  0.920000  0.780000
   -5.198    2.980    4.516    5.480    8.595    8.999    9.618   11.359
            0.710000  0.920000  0.790000
   -5.216    3.040    4.559    5.466    8.571    8.987    9.638   11.306
            0.710000  0.920000  0.800000
   -5.233    3.100    4.602    5.449    8.542    8.984    9.659   11.254
            0.710000  0.920000  0.810000
   -5.249    3.159    4.644    5.428    8.507    8.990    9.679   11.201
            0.710000  0.920000  0.820000
   -5.264    3.219    4.685    5.405    8.468    9.004    9.699   11.149
            0.710000  0.920000  0.830000
   -5.278    3.278    4.726    5.379    8.427    9.024    9.718   11.097
            0.710000  0.920000  0.840000
   -5.292    3.337    4.765    5.351    8.385    9.049    9.736   11.046
            0.710000  0.920000  0.850000
   -5.305    3.395    4.802    5.320    8.343    9.078    9.754   10.996
            0.710000  0.920000  0.860000
   -5.317    3.453    4.838    5.288    8.301    9.111    9.770   10.946
            0.710000  0.920000  0.870000
   -5.328    3.510    4.872    5.255    8.260    9.146    9.785   10.898
            0.710000  0.920000  0.880000
   -5.338    3.566    4.903    5.221    8.220    9.183    9.798   10.850
            0.710000  0.920000  0.890000
   -5.348    3.621    4.931    5.188    8.182    9.222    9.809   10.805
            0.710000  0.920000  0.900000
   -5.356    3.675    4.955    5.157    8.146    9.262    9.819   10.760
            0.710000  0.920000  0.910000
   -5.364    3.727    4.971    5.130    8.113    9.302    9.827   10.718
            0.710000  0.920000  0.920000
   -5.371    3.776    4.977    5.113    8.083    9.342    9.833   10.678
            0.710000  0.920000  0.930000
   -5.377    3.823    4.968    5.109    8.055    9.382    9.837   10.641
            0.710000  0.920000  0.940000
   -5.383    3.867    4.948    5.114    8.031    9.420    9.838   10.607
            0.710000  0.920000  0.950000
   -5.387    3.907    4.924    5.123    8.010    9.456    9.838   10.577
            0.710000  0.920000  0.960000
   -5.391    3.942    4.900    5.133    7.992    9.488    9.835   10.551
            0.710000  0.920000  0.970000
   -5.394    3.970    4.879    5.142    7.979    9.516    9.832   10.531
            0.710000  0.920000  0.980000
   -5.396    3.992    4.862    5.148    7.969    9.538    9.828   10.516
            0.710000  0.920000  0.990000
   -5.397    4.005    4.851    5.152    7.963    9.552    9.824   10.506
            0.710000  0.920000  1.000000
   -5.398    4.010    4.848    5.154    7.961    9.557    9.823   10.503
