 &plot nbnd=   8, nks=   101 /
            0.170000  0.720000  0.000000
   -3.534    0.399    3.045    3.394    7.299    8.191   12.267   13.507
            0.170000  0.720000  0.010000
   -3.534    0.399    3.043    3.396    7.297    8.195   12.267   13.501
            0.170000  0.720000  0.020000
   -3.533    0.396    3.037    3.403    7.294    8.207   12.267   13.481
            0.170000  0.720000  0.030000
   -3.531    0.393    3.026    3.413    7.288    8.227   12.267   13.450
            0.170000  0.720000  0.040000
   -3.529    0.388    3.013    3.426    7.280    8.255   12.266   13.408
            0.170000  0.720000  0.050000
   -3.527    0.381    2.997    3.441    7.271    8.288   12.266   13.355
            0.170000  0.720000  0.060000
   -3.524    0.374    2.980    3.458    7.262    8.328   12.265   13.294
            0.170000  0.720000  0.070000
   -3.520    0.364    2.962    3.476    7.253    8.374   12.265   13.225
            0.170000  0.720000  0.080000
   -3.515    0.354    2.943    3.494    7.245    8.424   12.264   13.149
            0.170000  0.720000  0.090000
   -3.511    0.342    2.923    3.512    7.239    8.478   12.263   13.068
            0.170000  0.720000  0.100000
   -3.505    0.329    2.903    3.531    7.234    8.537   12.261   12.983
            0.170000  0.720000  0.110000
   -3.499    0.314    2.884    3.548    7.232    8.599   12.258   12.894
            0.170000  0.720000  0.120000
   -3.492    0.298    2.864    3.565    7.232    8.664   12.255   12.802
            0.170000  0.720000  0.130000
   -3.485    0.282    2.846    3.581    7.235    8.732   12.250   12.710
            0.170000  0.720000  0.140000
   -3.478    0.264    2.827    3.595    7.241    8.803   12.242   12.617
            0.170000  0.720000  0.150000
   -3.469    0.245    2.809    3.609    7.250    8.876   12.228   12.529
            0.170000  0.720000  0.160000
   -3.461    0.224    2.792    3.621    7.263    8.952   12.203   12.449
            0.170000  0.720000  0.170000
   -3.451    0.203    2.775    3.633    7.279    9.030   12.159   12.388
            0.170000  0.720000  0.180000
   -3.442    0.181    2.758    3.642    7.299    9.109   12.091   12.349
            0.170000  0.720000  0.190000
   -3.431    0.159    2.743    3.651    7.323    9.191   12.004   12.327
            0.170000  0.720000  0.200000
   -3.421    0.135    2.727    3.658    7.350    9.275   11.907   12.315
            0.170000  0.720000  0.210000
   -3.409    0.111    2.713    3.664    7.381    9.360   11.806   12.307
            0.170000  0.720000  0.220000
   -3.398    0.086    2.699    3.669    7.416    9.447   11.701   12.302
            0.170000  0.720000  0.230000
   -3.386    0.060    2.685    3.673    7.454    9.535   11.594   12.298
            0.170000  0.720000  0.240000
   -3.373    0.034    2.671    3.675    7.496    9.624   11.486   12.294
            0.170000  0.720000  0.250000
   -3.360    0.007    2.658    3.677    7.542    9.715   11.378   12.292
            0.170000  0.720000  0.260000
   -3.347   -0.020    2.646    3.679    7.590    9.807   11.270   12.289
            0.170000  0.720000  0.270000
   -3.333   -0.047    2.633    3.679    7.643    9.900   11.162   12.287
            0.170000  0.720000  0.280000
   -3.319   -0.074    2.621    3.680    7.698    9.993   11.054   12.284
            0.170000  0.720000  0.290000
   -3.304   -0.102    2.608    3.679    7.757   10.087   10.947   12.282
            0.170000  0.720000  0.300000
   -3.289   -0.130    2.596    3.679    7.818   10.179   10.843   12.279
            0.170000  0.720000  0.310000
   -3.274   -0.158    2.584    3.679    7.883   10.268   10.744   12.277
            0.170000  0.720000  0.320000
   -3.259   -0.186    2.572    3.678    7.950   10.343   10.660   12.274
            0.170000  0.720000  0.330000
   -3.243   -0.213    2.559    3.678    8.020   10.372   10.623   12.271
            0.170000  0.720000  0.340000
   -3.227   -0.241    2.546    3.678    8.092   10.326   10.664   12.268
            0.170000  0.720000  0.350000
   -3.211   -0.268    2.533    3.678    8.167   10.240   10.745   12.264
            0.170000  0.720000  0.360000
   -3.194   -0.296    2.520    3.679    8.244   10.143   10.840   12.261
            0.170000  0.720000  0.370000
   -3.178   -0.322    2.507    3.680    8.324   10.041   10.940   12.257
            0.170000  0.720000  0.380000
   -3.161   -0.349    2.493    3.682    8.406    9.939   11.043   12.254
            0.170000  0.720000  0.390000
   -3.144   -0.375    2.479    3.685    8.489    9.836   11.148   12.250
            0.170000  0.720000  0.400000
   -3.127   -0.400    2.465    3.688    8.575    9.733   11.254   12.246
            0.170000  0.720000  0.410000
   -3.110   -0.425    2.451    3.692    8.662    9.631   11.362   12.242
            0.170000  0.720000  0.420000
   -3.093   -0.450    2.436    3.696    8.751    9.530   11.470   12.238
            0.170000  0.720000  0.430000
   -3.076   -0.473    2.421    3.701    8.842    9.430   11.578   12.234
            0.170000  0.720000  0.440000
   -3.059   -0.496    2.406    3.707    8.934    9.331   11.686   12.231
            0.170000  0.720000  0.450000
   -3.043   -0.518    2.390    3.713    9.027    9.234   11.794   12.229
            0.170000  0.720000  0.460000
   -3.026   -0.540    2.375    3.720    9.108    9.151   11.899   12.231
            0.170000  0.720000  0.470000
   -3.009   -0.560    2.359    3.727    9.037    9.224   11.996   12.239
            0.170000  0.720000  0.480000
   -2.993   -0.580    2.344    3.735    8.944    9.321   12.075   12.267
            0.170000  0.720000  0.490000
   -2.977   -0.598    2.328    3.743    8.852    9.420   12.119   12.328
            0.170000  0.720000  0.500000
   -2.961   -0.616    2.313    3.751    8.761    9.520   12.135   12.416
            0.170000  0.720000  0.510000
   -2.946   -0.633    2.297    3.760    8.673    9.622   12.138   12.514
            0.170000  0.720000  0.520000
   -2.931   -0.648    2.282    3.768    8.586    9.724   12.136   12.609
            0.170000  0.720000  0.530000
   -2.916   -0.663    2.267    3.777    8.501    9.828   12.130   12.680
            0.170000  0.720000  0.540000
   -2.902   -0.676    2.252    3.785    8.418    9.933   12.123   12.686
            0.170000  0.720000  0.550000
   -2.888   -0.688    2.238    3.793    8.337   10.038   12.115   12.622
            0.170000  0.720000  0.560000
   -2.875   -0.699    2.224    3.801    8.259   10.144   12.105   12.530
            0.170000  0.720000  0.570000
   -2.862   -0.709    2.210    3.808    8.184   10.251   12.094   12.431
            0.170000  0.720000  0.580000
   -2.850   -0.718    2.197    3.815    8.111   10.358   12.079   12.332
            0.170000  0.720000  0.590000
   -2.838   -0.725    2.184    3.820    8.040   10.466   12.057   12.238
            0.170000  0.720000  0.600000
   -2.827   -0.731    2.172    3.825    7.973   10.574   12.017   12.163
            0.170000  0.720000  0.610000
   -2.817   -0.736    2.161    3.829    7.909   10.681   11.947   12.118
            0.170000  0.720000  0.620000
   -2.807   -0.740    2.151    3.832    7.848   10.788   11.858   12.094
            0.170000  0.720000  0.630000
   -2.798   -0.743    2.141    3.833    7.791   10.893   11.764   12.077
            0.170000  0.720000  0.640000
   -2.790   -0.744    2.132    3.832    7.737   10.994   11.672   12.064
            0.170000  0.720000  0.650000
   -2.782   -0.745    2.124    3.830    7.686   11.086   11.588   12.053
            0.170000  0.720000  0.660000
   -2.775   -0.744    2.117    3.827    7.640   11.154   11.529   12.042
            0.170000  0.720000  0.670000
   -2.768   -0.742    2.110    3.821    7.597   11.169   11.522   12.032
            0.170000  0.720000  0.680000
   -2.763   -0.739    2.105    3.814    7.558   11.124   11.577   12.022
            0.170000  0.720000  0.690000
   -2.757   -0.736    2.101    3.804    7.524   11.047   11.664   12.013
            0.170000  0.720000  0.700000
   -2.753   -0.731    2.098    3.793    7.493   10.958   11.764   12.004
            0.170000  0.720000  0.710000
   -2.749   -0.726    2.096    3.779    7.467   10.863   11.869   11.997
            0.170000  0.720000  0.720000
   -2.745   -0.719    2.095    3.763    7.445   10.767   11.958   12.009
            0.170000  0.720000  0.730000
   -2.742   -0.712    2.096    3.745    7.427   10.669   11.969   12.101
            0.170000  0.720000  0.740000
   -2.739   -0.705    2.097    3.725    7.414   10.572   11.963   12.211
            0.170000  0.720000  0.750000
   -2.737   -0.697    2.100    3.702    7.405   10.475   11.955   12.324
            0.170000  0.720000  0.760000
   -2.736   -0.688    2.104    3.678    7.400   10.378   11.947   12.437
            0.170000  0.720000  0.770000
   -2.734   -0.679    2.110    3.651    7.399   10.282   11.940   12.550
            0.170000  0.720000  0.780000
   -2.733   -0.670    2.117    3.623    7.403   10.187   11.932   12.664
            0.170000  0.720000  0.790000
   -2.733   -0.661    2.125    3.593    7.410   10.092   11.925   12.777
            0.170000  0.720000  0.800000
   -2.733   -0.651    2.134    3.561    7.421    9.999   11.917   12.890
            0.170000  0.720000  0.810000
   -2.733   -0.642    2.145    3.528    7.436    9.906   11.910   13.002
            0.170000  0.720000  0.820000
   -2.733   -0.632    2.158    3.493    7.455    9.815   11.904   13.114
            0.170000  0.720000  0.830000
   -2.733   -0.622    2.171    3.457    7.477    9.724   11.897   13.225
            0.170000  0.720000  0.840000
   -2.734   -0.613    2.186    3.420    7.503    9.635   11.891   13.334
            0.170000  0.720000  0.850000
   -2.734   -0.604    2.202    3.383    7.531    9.547   11.886   13.442
            0.170000  0.720000  0.860000
   -2.735   -0.595    2.220    3.344    7.563    9.460   11.880   13.549
            0.170000  0.720000  0.870000
   -2.736   -0.586    2.238    3.306    7.598    9.375   11.875   13.653
            0.170000  0.720000  0.880000
   -2.737   -0.578    2.258    3.267    7.635    9.291   11.870   13.755
            0.170000  0.720000  0.890000
   -2.737   -0.570    2.279    3.228    7.675    9.209   11.866   13.854
            0.170000  0.720000  0.900000
   -2.738   -0.563    2.300    3.189    7.717    9.129   11.862   13.949
            0.170000  0.720000  0.910000
   -2.739   -0.557    2.322    3.152    7.761    9.050   11.858   14.040
            0.170000  0.720000  0.920000
   -2.740   -0.551    2.344    3.115    7.807    8.974   11.855   14.125
            0.170000  0.720000  0.930000
   -2.741   -0.545    2.367    3.080    7.854    8.900   11.852   14.204
            0.170000  0.720000  0.940000
   -2.741   -0.540    2.389    3.046    7.901    8.829   11.849   14.275
            0.170000  0.720000  0.950000
   -2.742   -0.536    2.410    3.016    7.949    8.762   11.847   14.338
            0.170000  0.720000  0.960000
   -2.742   -0.533    2.429    2.989    7.995    8.700   11.845   14.391
            0.170000  0.720000  0.970000
   -2.743   -0.530    2.445    2.966    8.038    8.644   11.844   14.432
            0.170000  0.720000  0.980000
   -2.743   -0.528    2.458    2.948    8.074    8.599   11.843   14.462
            0.170000  0.720000  0.990000
   -2.743   -0.527    2.466    2.937    8.099    8.569   11.842   14.480
            0.170000  0.720000  1.000000
   -2.743   -0.527    2.469    2.934    8.108    8.558   11.842   14.486
