 &plot nbnd=   8, nks=   101 /
            0.950000  0.200000  0.000000
   -2.047   -1.341    2.738    2.814    7.474    7.619   13.831   14.690
            0.950000  0.200000  0.010000
   -2.048   -1.341    2.719    2.834    7.455    7.641   13.831   14.690
            0.950000  0.200000  0.020000
   -2.048   -1.340    2.682    2.870    7.414    7.688   13.831   14.690
            0.950000  0.200000  0.030000
   -2.049   -1.339    2.641    2.910    7.368    7.746   13.831   14.689
            0.950000  0.200000  0.040000
   -2.050   -1.337    2.600    2.951    7.322    7.809   13.831   14.689
            0.950000  0.200000  0.050000
   -2.051   -1.335    2.558    2.991    7.278    7.876   13.831   14.688
            0.950000  0.200000  0.060000
   -2.053   -1.332    2.516    3.031    7.236    7.944   13.831   14.686
            0.950000  0.200000  0.070000
   -2.055   -1.329    2.475    3.070    7.197    8.016   13.831   14.682
            0.950000  0.200000  0.080000
   -2.057   -1.325    2.434    3.108    7.161    8.089   13.830   14.676
            0.950000  0.200000  0.090000
   -2.059   -1.321    2.394    3.145    7.129    8.164   13.830   14.666
            0.950000  0.200000  0.100000
   -2.062   -1.316    2.355    3.181    7.099    8.241   13.830   14.650
            0.950000  0.200000  0.110000
   -2.066   -1.311    2.316    3.215    7.074    8.320   13.829   14.626
            0.950000  0.200000  0.120000
   -2.069   -1.305    2.279    3.247    7.052    8.400   13.828   14.590
            0.950000  0.200000  0.130000
   -2.073   -1.299    2.242    3.277    7.034    8.482   13.826   14.540
            0.950000  0.200000  0.140000
   -2.078   -1.292    2.206    3.306    7.021    8.565   13.824   14.475
            0.950000  0.200000  0.150000
   -2.083   -1.285    2.172    3.332    7.011    8.650   13.820   14.397
            0.950000  0.200000  0.160000
   -2.088   -1.277    2.138    3.356    7.006    8.736   13.814   14.310
            0.950000  0.200000  0.170000
   -2.094   -1.268    2.106    3.378    7.006    8.824   13.805   14.218
            0.950000  0.200000  0.180000
   -2.100   -1.260    2.075    3.397    7.009    8.912   13.790   14.125
            0.950000  0.200000  0.190000
   -2.106   -1.250    2.045    3.414    7.018    9.002   13.764   14.039
            0.950000  0.200000  0.200000
   -2.113   -1.240    2.017    3.428    7.031    9.094   13.716   13.970
            0.950000  0.200000  0.210000
   -2.121   -1.230    1.990    3.440    7.048    9.186   13.643   13.925
            0.950000  0.200000  0.220000
   -2.129   -1.219    1.964    3.450    7.070    9.280   13.550   13.896
            0.950000  0.200000  0.230000
   -2.138   -1.207    1.940    3.457    7.097    9.374   13.444   13.876
            0.950000  0.200000  0.240000
   -2.147   -1.195    1.917    3.461    7.128    9.470   13.332   13.859
            0.950000  0.200000  0.250000
   -2.156   -1.183    1.896    3.464    7.163    9.567   13.217   13.840
            0.950000  0.200000  0.260000
   -2.166   -1.170    1.876    3.464    7.203    9.664   13.099   13.815
            0.950000  0.200000  0.270000
   -2.177   -1.156    1.858    3.462    7.247    9.763   12.980   13.778
            0.950000  0.200000  0.280000
   -2.188   -1.142    1.842    3.458    7.295    9.862   12.861   13.725
            0.950000  0.200000  0.290000
   -2.200   -1.128    1.827    3.452    7.346    9.962   12.741   13.651
            0.950000  0.200000  0.300000
   -2.212   -1.113    1.813    3.444    7.401   10.063   12.622   13.560
            0.950000  0.200000  0.310000
   -2.225   -1.097    1.801    3.435    7.460   10.164   12.502   13.457
            0.950000  0.200000  0.320000
   -2.238   -1.082    1.791    3.425    7.523   10.266   12.383   13.346
            0.950000  0.200000  0.330000
   -2.251   -1.065    1.782    3.413    7.588   10.367   12.265   13.230
            0.950000  0.200000  0.340000
   -2.265   -1.049    1.775    3.400    7.657   10.469   12.148   13.112
            0.950000  0.200000  0.350000
   -2.280   -1.032    1.769    3.387    7.729   10.569   12.033   12.992
            0.950000  0.200000  0.360000
   -2.295   -1.014    1.765    3.372    7.803   10.668   11.920   12.872
            0.950000  0.200000  0.370000
   -2.310   -0.996    1.763    3.357    7.880   10.764   11.812   12.751
            0.950000  0.200000  0.380000
   -2.326   -0.978    1.762    3.341    7.960   10.854   11.710   12.631
            0.950000  0.200000  0.390000
   -2.342   -0.960    1.763    3.325    8.042   10.932   11.621   12.511
            0.950000  0.200000  0.400000
   -2.359   -0.941    1.765    3.309    8.126   10.988   11.554   12.392
            0.950000  0.200000  0.410000
   -2.375   -0.922    1.768    3.293    8.213   11.005   11.526   12.276
            0.950000  0.200000  0.420000
   -2.392   -0.903    1.773    3.276    8.301   10.975   11.543   12.163
            0.950000  0.200000  0.430000
   -2.410   -0.883    1.780    3.260    8.392   10.907   11.591   12.058
            0.950000  0.200000  0.440000
   -2.427   -0.863    1.788    3.243    8.484   10.820   11.641   11.975
            0.950000  0.200000  0.450000
   -2.445   -0.843    1.797    3.227    8.578   10.721   11.646   11.947
            0.950000  0.200000  0.460000
   -2.463   -0.823    1.808    3.211    8.673   10.617   11.586   11.994
            0.950000  0.200000  0.470000
   -2.482   -0.803    1.820    3.196    8.770   10.511   11.491   12.080
            0.950000  0.200000  0.480000
   -2.500   -0.783    1.833    3.181    8.868   10.403   11.386   12.181
            0.950000  0.200000  0.490000
   -2.518   -0.762    1.848    3.167    8.967   10.294   11.276   12.289
            0.950000  0.200000  0.500000
   -2.537   -0.742    1.863    3.154    9.067   10.186   11.166   12.401
            0.950000  0.200000  0.510000
   -2.556   -0.722    1.880    3.141    9.167   10.078   11.055   12.516
            0.950000  0.200000  0.520000
   -2.574   -0.701    1.899    3.129    9.267    9.971   10.945   12.632
            0.950000  0.200000  0.530000
   -2.593   -0.681    1.918    3.118    9.366    9.867   10.836   12.751
            0.950000  0.200000  0.540000
   -2.612   -0.661    1.938    3.108    9.459    9.769   10.729   12.870
            0.950000  0.200000  0.550000
   -2.630   -0.640    1.960    3.098    9.524    9.697   10.625   12.990
            0.950000  0.200000  0.560000
   -2.649   -0.620    1.982    3.090    9.495    9.719   10.526   13.112
            0.950000  0.200000  0.570000
   -2.668   -0.601    2.006    3.083    9.407    9.794   10.435   13.233
            0.950000  0.200000  0.580000
   -2.686   -0.581    2.030    3.076    9.309    9.866   10.359   13.356
            0.950000  0.200000  0.590000
   -2.704   -0.562    2.056    3.071    9.208    9.909   10.319   13.478
            0.950000  0.200000  0.600000
   -2.722   -0.542    2.082    3.067    9.107    9.900   10.332   13.601
            0.950000  0.200000  0.610000
   -2.740   -0.523    2.109    3.064    9.007    9.845   10.395   13.722
            0.950000  0.200000  0.620000
   -2.758   -0.505    2.137    3.062    8.907    9.767   10.483   13.838
            0.950000  0.200000  0.630000
   -2.776   -0.487    2.165    3.062    8.809    9.679   10.583   13.941
            0.950000  0.200000  0.640000
   -2.793   -0.469    2.195    3.062    8.711    9.586   10.690   14.009
            0.950000  0.200000  0.650000
   -2.810   -0.451    2.225    3.064    8.615    9.491   10.800   14.038
            0.950000  0.200000  0.660000
   -2.826   -0.434    2.255    3.067    8.520    9.396   10.913   14.051
            0.950000  0.200000  0.670000
   -2.843   -0.418    2.286    3.071    8.426    9.301   11.028   14.059
            0.950000  0.200000  0.680000
   -2.859   -0.402    2.318    3.076    8.334    9.207   11.144   14.064
            0.950000  0.200000  0.690000
   -2.875   -0.386    2.350    3.083    8.243    9.114   11.261   14.068
            0.950000  0.200000  0.700000
   -2.890   -0.371    2.383    3.090    8.154    9.021   11.378   14.072
            0.950000  0.200000  0.710000
   -2.905   -0.356    2.416    3.098    8.067    8.930   11.496   14.075
            0.950000  0.200000  0.720000
   -2.920   -0.342    2.450    3.107    7.981    8.841   11.615   14.077
            0.950000  0.200000  0.730000
   -2.934   -0.329    2.483    3.118    7.897    8.752   11.734   14.080
            0.950000  0.200000  0.740000
   -2.948   -0.316    2.517    3.128    7.814    8.666   11.854   14.082
            0.950000  0.200000  0.750000
   -2.961   -0.303    2.552    3.140    7.734    8.581   11.973   14.084
            0.950000  0.200000  0.760000
   -2.974   -0.291    2.586    3.152    7.656    8.498   12.093   14.085
            0.950000  0.200000  0.770000
   -2.987   -0.280    2.621    3.165    7.580    8.417   12.212   14.087
            0.950000  0.200000  0.780000
   -2.999   -0.269    2.655    3.178    7.506    8.338   12.331   14.089
            0.950000  0.200000  0.790000
   -3.011   -0.259    2.690    3.192    7.435    8.260   12.450   14.090
            0.950000  0.200000  0.800000
   -3.022   -0.249    2.725    3.205    7.365    8.186   12.569   14.091
            0.950000  0.200000  0.810000
   -3.033   -0.240    2.759    3.219    7.299    8.113   12.686   14.092
            0.950000  0.200000  0.820000
   -3.043   -0.231    2.793    3.232    7.235    8.043   12.804   14.093
            0.950000  0.200000  0.830000
   -3.052   -0.223    2.827    3.245    7.173    7.975   12.920   14.094
            0.950000  0.200000  0.840000
   -3.062   -0.215    2.861    3.258    7.115    7.910   13.035   14.095
            0.950000  0.200000  0.850000
   -3.070   -0.208    2.894    3.270    7.059    7.848   13.148   14.096
            0.950000  0.200000  0.860000
   -3.078   -0.202    2.927    3.281    7.007    7.789   13.260   14.097
            0.950000  0.200000  0.870000
   -3.086   -0.196    2.959    3.291    6.957    7.733   13.370   14.097
            0.950000  0.200000  0.880000
   -3.093   -0.190    2.991    3.300    6.911    7.680   13.477   14.098
            0.950000  0.200000  0.890000
   -3.099   -0.185    3.022    3.308    6.868    7.630   13.581   14.098
            0.950000  0.200000  0.900000
   -3.105   -0.180    3.052    3.314    6.829    7.585   13.681   14.099
            0.950000  0.200000  0.910000
   -3.111   -0.176    3.080    3.319    6.793    7.542   13.777   14.099
            0.950000  0.200000  0.920000
   -3.116   -0.172    3.108    3.323    6.761    7.504   13.868   14.100
            0.950000  0.200000  0.930000
   -3.120   -0.169    3.134    3.324    6.732    7.470   13.953   14.100
            0.950000  0.200000  0.940000
   -3.124   -0.166    3.159    3.324    6.707    7.440   14.030   14.101
            0.950000  0.200000  0.950000
   -3.127   -0.164    3.183    3.321    6.686    7.414   14.094   14.106
            0.950000  0.200000  0.960000
   -3.129   -0.162    3.205    3.317    6.669    7.393   14.100   14.160
            0.950000  0.200000  0.970000
   -3.131   -0.161    3.225    3.311    6.655    7.377   14.100   14.208
            0.950000  0.200000  0.980000
   -3.133   -0.160    3.243    3.303    6.645    7.365   14.101   14.243
            0.950000  0.200000  0.990000
   -3.134   -0.159    3.257    3.294    6.639    7.358   14.101   14.265
            0.950000  0.200000  1.000000
   -3.134   -0.159    3.265    3.289    6.638    7.355   14.101   14.272
