 &plot nbnd=   8, nks=   101 /
            0.040000  0.750000  0.000000
   -3.445    0.262    3.364    3.384    6.647    7.561   13.706   13.812
            0.040000  0.750000  0.010000
   -3.445    0.261    3.359    3.387    6.649    7.563   13.706   13.805
            0.040000  0.750000  0.020000
   -3.444    0.260    3.347    3.393    6.656    7.569   13.705   13.785
            0.040000  0.750000  0.030000
   -3.443    0.259    3.333    3.398    6.667    7.580   13.704   13.752
            0.040000  0.750000  0.040000
   -3.440    0.256    3.316    3.401    6.683    7.594   13.695   13.715
            0.040000  0.750000  0.050000
   -3.438    0.253    3.297    3.403    6.703    7.613   13.646   13.707
            0.040000  0.750000  0.060000
   -3.434    0.249    3.276    3.403    6.728    7.636   13.580   13.705
            0.040000  0.750000  0.070000
   -3.430    0.245    3.253    3.402    6.756    7.662   13.506   13.704
            0.040000  0.750000  0.080000
   -3.425    0.240    3.229    3.400    6.789    7.693   13.425   13.703
            0.040000  0.750000  0.090000
   -3.420    0.234    3.203    3.396    6.825    7.727   13.338   13.702
            0.040000  0.750000  0.100000
   -3.414    0.227    3.175    3.391    6.865    7.765   13.245   13.700
            0.040000  0.750000  0.110000
   -3.408    0.220    3.146    3.386    6.909    7.807   13.148   13.699
            0.040000  0.750000  0.120000
   -3.401    0.212    3.116    3.379    6.957    7.852   13.048   13.697
            0.040000  0.750000  0.130000
   -3.393    0.203    3.084    3.372    7.007    7.900   12.944   13.695
            0.040000  0.750000  0.140000
   -3.385    0.193    3.052    3.365    7.061    7.951   12.838   13.694
            0.040000  0.750000  0.150000
   -3.376    0.183    3.018    3.357    7.118    8.006   12.730   13.692
            0.040000  0.750000  0.160000
   -3.366    0.172    2.983    3.349    7.178    8.064   12.620   13.689
            0.040000  0.750000  0.170000
   -3.356    0.160    2.948    3.340    7.241    8.124   12.508   13.687
            0.040000  0.750000  0.180000
   -3.345    0.148    2.912    3.332    7.306    8.187   12.396   13.685
            0.040000  0.750000  0.190000
   -3.334    0.135    2.876    3.324    7.374    8.253   12.282   13.682
            0.040000  0.750000  0.200000
   -3.322    0.121    2.839    3.316    7.444    8.321   12.167   13.679
            0.040000  0.750000  0.210000
   -3.310    0.106    2.801    3.309    7.517    8.392   12.052   13.676
            0.040000  0.750000  0.220000
   -3.297    0.091    2.764    3.302    7.592    8.465   11.936   13.673
            0.040000  0.750000  0.230000
   -3.284    0.075    2.726    3.296    7.669    8.541   11.821   13.670
            0.040000  0.750000  0.240000
   -3.270    0.058    2.688    3.290    7.748    8.618   11.704   13.666
            0.040000  0.750000  0.250000
   -3.255    0.041    2.650    3.285    7.829    8.697   11.588   13.663
            0.040000  0.750000  0.260000
   -3.240    0.023    2.612    3.280    7.911    8.779   11.472   13.659
            0.040000  0.750000  0.270000
   -3.225    0.004    2.574    3.277    7.996    8.862   11.356   13.655
            0.040000  0.750000  0.280000
   -3.209   -0.015    2.537    3.274    8.082    8.947   11.240   13.651
            0.040000  0.750000  0.290000
   -3.192   -0.035    2.499    3.272    8.170    9.033   11.125   13.647
            0.040000  0.750000  0.300000
   -3.175   -0.055    2.462    3.271    8.259    9.121   11.010   13.643
            0.040000  0.750000  0.310000
   -3.158   -0.076    2.425    3.271    8.350    9.211   10.896   13.638
            0.040000  0.750000  0.320000
   -3.140   -0.098    2.389    3.272    8.443    9.301   10.783   13.633
            0.040000  0.750000  0.330000
   -3.121   -0.120    2.353    3.274    8.536    9.392   10.671   13.629
            0.040000  0.750000  0.340000
   -3.103   -0.143    2.318    3.277    8.631    9.483   10.561   13.624
            0.040000  0.750000  0.350000
   -3.084   -0.166    2.283    3.280    8.728    9.574   10.454   13.618
            0.040000  0.750000  0.360000
   -3.064   -0.189    2.249    3.285    8.825    9.662   10.351   13.613
            0.040000  0.750000  0.370000
   -3.044   -0.213    2.216    3.291    8.924    9.743   10.258   13.608
            0.040000  0.750000  0.380000
   -3.024   -0.237    2.183    3.297    9.024    9.805   10.186   13.602
            0.040000  0.750000  0.390000
   -3.003   -0.261    2.151    3.304    9.124    9.821   10.162   13.596
            0.040000  0.750000  0.400000
   -2.982   -0.286    2.120    3.313    9.225    9.778   10.200   13.590
            0.040000  0.750000  0.410000
   -2.961   -0.311    2.090    3.322    9.327    9.701   10.275   13.584
            0.040000  0.750000  0.420000
   -2.939   -0.336    2.061    3.331    9.424    9.614   10.366   13.576
            0.040000  0.750000  0.430000
   -2.917   -0.362    2.032    3.342    9.471    9.573   10.464   13.567
            0.040000  0.750000  0.440000
   -2.895   -0.388    2.005    3.353    9.393    9.657   10.567   13.542
            0.040000  0.750000  0.450000
   -2.873   -0.413    1.978    3.365    9.296    9.760   10.672   13.455
            0.040000  0.750000  0.460000
   -2.850   -0.439    1.953    3.377    9.197    9.866   10.780   13.340
            0.040000  0.750000  0.470000
   -2.828   -0.465    1.928    3.390    9.097    9.973   10.889   13.222
            0.040000  0.750000  0.480000
   -2.805   -0.491    1.905    3.404    8.998   10.082   10.999   13.103
            0.040000  0.750000  0.490000
   -2.782   -0.517    1.882    3.418    8.900   10.191   11.110   12.985
            0.040000  0.750000  0.500000
   -2.758   -0.543    1.861    3.432    8.804   10.301   11.223   12.868
            0.040000  0.750000  0.510000
   -2.735   -0.569    1.841    3.446    8.708   10.411   11.336   12.753
            0.040000  0.750000  0.520000
   -2.712   -0.595    1.823    3.461    8.614   10.521   11.449   12.639
            0.040000  0.750000  0.530000
   -2.688   -0.621    1.805    3.475    8.522   10.631   11.563   12.526
            0.040000  0.750000  0.540000
   -2.665   -0.647    1.789    3.490    8.432   10.741   11.676   12.418
            0.040000  0.750000  0.550000
   -2.641   -0.672    1.774    3.504    8.344   10.850   11.787   12.314
            0.040000  0.750000  0.560000
   -2.618   -0.698    1.761    3.519    8.257   10.957   11.889   12.223
            0.040000  0.750000  0.570000
   -2.594   -0.723    1.748    3.532    8.173   11.060   11.956   12.172
            0.040000  0.750000  0.580000
   -2.571   -0.748    1.738    3.546    8.091   11.157   11.938   12.215
            0.040000  0.750000  0.590000
   -2.548   -0.773    1.728    3.559    8.012   11.241   11.879   12.312
            0.040000  0.750000  0.600000
   -2.525   -0.798    1.720    3.571    7.935   11.300   11.833   12.423
            0.040000  0.750000  0.610000
   -2.502   -0.822    1.714    3.582    7.861   11.317   11.827   12.538
            0.040000  0.750000  0.620000
   -2.479   -0.846    1.709    3.592    7.790   11.285   11.868   12.655
            0.040000  0.750000  0.630000
   -2.456   -0.870    1.705    3.601    7.722   11.220   11.943   12.771
            0.040000  0.750000  0.640000
   -2.434   -0.893    1.703    3.609    7.657   11.136   12.036   12.885
            0.040000  0.750000  0.650000
   -2.411   -0.917    1.703    3.615    7.596   11.044   12.139   12.996
            0.040000  0.750000  0.660000
   -2.390   -0.939    1.704    3.620    7.538   10.947   12.247   13.100
            0.040000  0.750000  0.670000
   -2.368   -0.962    1.706    3.623    7.483   10.847   12.358   13.191
            0.040000  0.750000  0.680000
   -2.347   -0.984    1.711    3.624    7.433   10.746   12.471   13.263
            0.040000  0.750000  0.690000
   -2.326   -1.006    1.717    3.624    7.386   10.645   12.583   13.313
            0.040000  0.750000  0.700000
   -2.305   -1.027    1.724    3.621    7.344   10.544   12.695   13.346
            0.040000  0.750000  0.710000
   -2.285   -1.048    1.733    3.616    7.305   10.443   12.805   13.369
            0.040000  0.750000  0.720000
   -2.265   -1.069    1.744    3.608    7.271   10.342   12.912   13.389
            0.040000  0.750000  0.730000
   -2.245   -1.089    1.756    3.598    7.241   10.242   13.011   13.412
            0.040000  0.750000  0.740000
   -2.226   -1.108    1.770    3.586    7.216   10.142   13.099   13.443
            0.040000  0.750000  0.750000
   -2.208   -1.128    1.785    3.571    7.195   10.043   13.169   13.491
            0.040000  0.750000  0.760000
   -2.189   -1.146    1.802    3.554    7.179    9.945   13.217   13.557
            0.040000  0.750000  0.770000
   -2.172   -1.164    1.821    3.534    7.167    9.848   13.247   13.639
            0.040000  0.750000  0.780000
   -2.155   -1.182    1.841    3.512    7.160    9.752   13.265   13.728
            0.040000  0.750000  0.790000
   -2.138   -1.199    1.863    3.487    7.157    9.656   13.276   13.816
            0.040000  0.750000  0.800000
   -2.122   -1.216    1.887    3.460    7.159    9.562   13.283   13.897
            0.040000  0.750000  0.810000
   -2.106   -1.232    1.911    3.431    7.165    9.469   13.287   13.963
            0.040000  0.750000  0.820000
   -2.091   -1.248    1.938    3.399    7.175    9.376   13.290   14.009
            0.040000  0.750000  0.830000
   -2.077   -1.263    1.966    3.366    7.189    9.285   13.291   14.036
            0.040000  0.750000  0.840000
   -2.063   -1.277    1.995    3.331    7.208    9.195   13.292   14.049
            0.040000  0.750000  0.850000
   -2.050   -1.291    2.026    3.294    7.230    9.106   13.293   14.053
            0.040000  0.750000  0.860000
   -2.037   -1.304    2.058    3.255    7.256    9.019   13.293   14.052
            0.040000  0.750000  0.870000
   -2.025   -1.317    2.091    3.215    7.285    8.932   13.293   14.049
            0.040000  0.750000  0.880000
   -2.014   -1.328    2.126    3.173    7.318    8.847   13.293   14.043
            0.040000  0.750000  0.890000
   -2.004   -1.339    2.162    3.131    7.354    8.763   13.292   14.037
            0.040000  0.750000  0.900000
   -1.994   -1.350    2.199    3.087    7.393    8.681   13.292   14.031
            0.040000  0.750000  0.910000
   -1.985   -1.359    2.237    3.043    7.435    8.600   13.292   14.024
            0.040000  0.750000  0.920000
   -1.977   -1.368    2.276    2.998    7.480    8.520   13.291   14.018
            0.040000  0.750000  0.930000
   -1.970   -1.375    2.316    2.953    7.528    8.442   13.291   14.013
            0.040000  0.750000  0.940000
   -1.963   -1.382    2.357    2.907    7.578    8.366   13.290   14.008
            0.040000  0.750000  0.950000
   -1.958   -1.388    2.398    2.861    7.631    8.292   13.290   14.003
            0.040000  0.750000  0.960000
   -1.953   -1.393    2.441    2.816    7.686    8.219   13.290   14.000
            0.040000  0.750000  0.970000
   -1.950   -1.396    2.483    2.771    7.742    8.149   13.290   13.997
            0.040000  0.750000  0.980000
   -1.947   -1.399    2.524    2.727    7.799    8.082   13.290   13.995
            0.040000  0.750000  0.990000
   -1.946   -1.401    2.562    2.689    7.853    8.022   13.290   13.993
            0.040000  0.750000  1.000000
   -1.945   -1.401    2.581    2.669    7.883    7.990   13.290   13.993
