 &plot nbnd=   8, nks=   101 /
            0.650000  0.380000  0.000000
   -3.529    0.306    2.320    3.858    9.266    9.495   10.185   12.642
            0.650000  0.380000  0.010000
   -3.528    0.304    2.322    3.858    9.260    9.496   10.191   12.637
            0.650000  0.380000  0.020000
   -3.528    0.299    2.329    3.859    9.244    9.496   10.211   12.620
            0.650000  0.380000  0.030000
   -3.527    0.290    2.339    3.862    9.218    9.497   10.243   12.592
            0.650000  0.380000  0.040000
   -3.526    0.277    2.353    3.864    9.185    9.499   10.284   12.555
            0.650000  0.380000  0.050000
   -3.524    0.261    2.371    3.868    9.146    9.501   10.334   12.510
            0.650000  0.380000  0.060000
   -3.522    0.243    2.393    3.873    9.103    9.503   10.391   12.457
            0.650000  0.380000  0.070000
   -3.519    0.221    2.418    3.878    9.056    9.506   10.453   12.398
            0.650000  0.380000  0.080000
   -3.517    0.197    2.446    3.885    9.007    9.509   10.520   12.334
            0.650000  0.380000  0.090000
   -3.513    0.171    2.476    3.892    8.957    9.512   10.590   12.266
            0.650000  0.380000  0.100000
   -3.510    0.143    2.509    3.900    8.907    9.516   10.664   12.194
            0.650000  0.380000  0.110000
   -3.506    0.113    2.544    3.909    8.856    9.520   10.740   12.119
            0.650000  0.380000  0.120000
   -3.502    0.081    2.581    3.919    8.805    9.524   10.818   12.042
            0.650000  0.380000  0.130000
   -3.498    0.048    2.620    3.930    8.755    9.529   10.899   11.963
            0.650000  0.380000  0.140000
   -3.493    0.014    2.660    3.941    8.706    9.534   10.980   11.883
            0.650000  0.380000  0.150000
   -3.488   -0.020    2.701    3.953    8.658    9.539   11.063   11.802
            0.650000  0.380000  0.160000
   -3.483   -0.056    2.742    3.967    8.610    9.544   11.147   11.722
            0.650000  0.380000  0.170000
   -3.478   -0.091    2.785    3.981    8.565    9.550   11.229   11.642
            0.650000  0.380000  0.180000
   -3.472   -0.127    2.827    3.995    8.520    9.556   11.307   11.569
            0.650000  0.380000  0.190000
   -3.466   -0.163    2.870    4.011    8.478    9.561   11.359   11.522
            0.650000  0.380000  0.200000
   -3.460   -0.200    2.913    4.027    8.437    9.567   11.336   11.550
            0.650000  0.380000  0.210000
   -3.454   -0.236    2.956    4.045    8.398    9.573   11.268   11.625
            0.650000  0.380000  0.220000
   -3.448   -0.271    2.998    4.062    8.360    9.579   11.190   11.711
            0.650000  0.380000  0.230000
   -3.442   -0.307    3.040    4.081    8.325    9.585   11.109   11.802
            0.650000  0.380000  0.240000
   -3.435   -0.341    3.081    4.100    8.292    9.590   11.027   11.894
            0.650000  0.380000  0.250000
   -3.429   -0.376    3.121    4.119    8.262    9.596   10.945   11.988
            0.650000  0.380000  0.260000
   -3.423   -0.409    3.161    4.139    8.233    9.600   10.864   12.083
            0.650000  0.380000  0.270000
   -3.417   -0.442    3.199    4.160    8.207    9.604   10.784   12.178
            0.650000  0.380000  0.280000
   -3.411   -0.473    3.237    4.180    8.184    9.608   10.705   12.274
            0.650000  0.380000  0.290000
   -3.405   -0.504    3.273    4.201    8.163    9.610   10.627   12.371
            0.650000  0.380000  0.300000
   -3.399   -0.534    3.308    4.222    8.145    9.611   10.552   12.468
            0.650000  0.380000  0.310000
   -3.393   -0.562    3.342    4.243    8.129    9.611   10.478   12.565
            0.650000  0.380000  0.320000
   -3.388   -0.589    3.375    4.263    8.117    9.608   10.408   12.663
            0.650000  0.380000  0.330000
   -3.383   -0.615    3.406    4.284    8.107    9.603   10.342   12.760
            0.650000  0.380000  0.340000
   -3.378   -0.639    3.436    4.303    8.099    9.595   10.279   12.857
            0.650000  0.380000  0.350000
   -3.373   -0.663    3.465    4.322    8.095    9.583   10.222   12.954
            0.650000  0.380000  0.360000
   -3.369   -0.684    3.493    4.341    8.093    9.566   10.171   13.050
            0.650000  0.380000  0.370000
   -3.366   -0.704    3.519    4.358    8.094    9.545   10.126   13.146
            0.650000  0.380000  0.380000
   -3.363   -0.722    3.543    4.375    8.098    9.518   10.088   13.240
            0.650000  0.380000  0.390000
   -3.360   -0.739    3.566    4.390    8.104    9.486   10.056   13.333
            0.650000  0.380000  0.400000
   -3.358   -0.754    3.588    4.404    8.112    9.450   10.032   13.424
            0.650000  0.380000  0.410000
   -3.357   -0.767    3.609    4.417    8.123    9.411   10.013   13.513
            0.650000  0.380000  0.420000
   -3.356   -0.778    3.628    4.429    8.135    9.370    9.999   13.598
            0.650000  0.380000  0.430000
   -3.355   -0.788    3.645    4.439    8.149    9.328    9.988   13.680
            0.650000  0.380000  0.440000
   -3.356   -0.795    3.662    4.448    8.163    9.286    9.981   13.755
            0.650000  0.380000  0.450000
   -3.357   -0.801    3.677    4.455    8.178    9.247    9.977   13.824
            0.650000  0.380000  0.460000
   -3.358   -0.805    3.690    4.461    8.193    9.210    9.974   13.883
            0.650000  0.380000  0.470000
   -3.361   -0.807    3.702    4.466    8.207    9.177    9.973   13.929
            0.650000  0.380000  0.480000
   -3.363   -0.807    3.712    4.469    8.219    9.149    9.973   13.959
            0.650000  0.380000  0.490000
   -3.367   -0.805    3.721    4.470    8.229    9.127    9.974   13.969
            0.650000  0.380000  0.500000
   -3.371   -0.801    3.728    4.471    8.235    9.113    9.976   13.958
            0.650000  0.380000  0.510000
   -3.376   -0.795    3.734    4.469    8.238    9.106    9.979   13.927
            0.650000  0.380000  0.520000
   -3.382   -0.787    3.738    4.467    8.237    9.107    9.982   13.879
            0.650000  0.380000  0.530000
   -3.388   -0.778    3.740    4.463    8.232    9.115    9.987   13.819
            0.650000  0.380000  0.540000
   -3.394   -0.766    3.740    4.458    8.224    9.131    9.991   13.748
            0.650000  0.380000  0.550000
   -3.401   -0.753    3.739    4.451    8.213    9.154    9.997   13.671
            0.650000  0.380000  0.560000
   -3.409   -0.738    3.736    4.444    8.199    9.182   10.004   13.588
            0.650000  0.380000  0.570000
   -3.417   -0.721    3.731    4.435    8.184    9.216   10.012   13.501
            0.650000  0.380000  0.580000
   -3.426   -0.703    3.725    4.425    8.168    9.253   10.021   13.411
            0.650000  0.380000  0.590000
   -3.435   -0.682    3.716    4.415    8.153    9.293   10.032   13.319
            0.650000  0.380000  0.600000
   -3.444   -0.661    3.706    4.403    8.138    9.334   10.045   13.225
            0.650000  0.380000  0.610000
   -3.454   -0.637    3.693    4.391    8.124    9.376   10.062   13.129
            0.650000  0.380000  0.620000
   -3.464   -0.613    3.679    4.378    8.111    9.417   10.081   13.033
            0.650000  0.380000  0.630000
   -3.474   -0.586    3.663    4.364    8.100    9.457   10.105   12.935
            0.650000  0.380000  0.640000
   -3.484   -0.559    3.644    4.350    8.092    9.495   10.133   12.838
            0.650000  0.380000  0.650000
   -3.495   -0.530    3.624    4.335    8.085    9.529   10.167   12.740
            0.650000  0.380000  0.660000
   -3.506   -0.500    3.602    4.320    8.082    9.559   10.206   12.641
            0.650000  0.380000  0.670000
   -3.516   -0.468    3.578    4.305    8.080    9.585   10.251   12.543
            0.650000  0.380000  0.680000
   -3.527   -0.436    3.551    4.289    8.082    9.607   10.301   12.445
            0.650000  0.380000  0.690000
   -3.538   -0.402    3.523    4.274    8.086    9.626   10.356   12.348
            0.650000  0.380000  0.700000
   -3.549   -0.368    3.493    4.258    8.093    9.640   10.415   12.250
            0.650000  0.380000  0.710000
   -3.560   -0.332    3.462    4.243    8.102    9.652   10.479   12.153
            0.650000  0.380000  0.720000
   -3.570   -0.296    3.428    4.227    8.115    9.661   10.545   12.057
            0.650000  0.380000  0.730000
   -3.581   -0.259    3.393    4.212    8.130    9.667   10.615   11.962
            0.650000  0.380000  0.740000
   -3.591   -0.221    3.357    4.197    8.147    9.672   10.687   11.867
            0.650000  0.380000  0.750000
   -3.602   -0.182    3.319    4.183    8.168    9.675   10.761   11.773
            0.650000  0.380000  0.760000
   -3.612   -0.143    3.280    4.169    8.190    9.677   10.836   11.681
            0.650000  0.380000  0.770000
   -3.622   -0.104    3.239    4.155    8.216    9.678   10.911   11.590
            0.650000  0.380000  0.780000
   -3.631   -0.064    3.198    4.142    8.243    9.679   10.986   11.501
            0.650000  0.380000  0.790000
   -3.640   -0.024    3.156    4.130    8.273    9.678   11.059   11.417
            0.650000  0.380000  0.800000
   -3.649    0.016    3.113    4.118    8.305    9.677   11.121   11.345
            0.650000  0.380000  0.810000
   -3.658    0.057    3.070    4.106    8.339    9.676   11.142   11.315
            0.650000  0.380000  0.820000
   -3.666    0.097    3.027    4.095    8.375    9.674   11.095   11.354
            0.650000  0.380000  0.830000
   -3.674    0.137    2.984    4.085    8.412    9.672   11.022   11.421
            0.650000  0.380000  0.840000
   -3.682    0.176    2.941    4.075    8.451    9.670   10.943   11.496
            0.650000  0.380000  0.850000
   -3.689    0.215    2.899    4.065    8.492    9.667   10.862   11.572
            0.650000  0.380000  0.860000
   -3.696    0.253    2.857    4.057    8.534    9.665   10.782   11.649
            0.650000  0.380000  0.870000
   -3.702    0.290    2.816    4.049    8.577    9.663   10.703   11.725
            0.650000  0.380000  0.880000
   -3.708    0.326    2.776    4.041    8.621    9.660   10.626   11.800
            0.650000  0.380000  0.890000
   -3.714    0.361    2.738    4.034    8.665    9.658   10.552   11.874
            0.650000  0.380000  0.900000
   -3.719    0.394    2.702    4.028    8.710    9.656   10.479   11.945
            0.650000  0.380000  0.910000
   -3.724    0.425    2.667    4.022    8.754    9.654   10.410   12.013
            0.650000  0.380000  0.920000
   -3.728    0.454    2.635    4.017    8.797    9.652   10.343   12.078
            0.650000  0.380000  0.930000
   -3.731    0.480    2.606    4.012    8.840    9.650   10.281   12.139
            0.650000  0.380000  0.940000
   -3.735    0.504    2.580    4.008    8.880    9.649   10.224   12.194
            0.650000  0.380000  0.950000
   -3.737    0.525    2.558    4.005    8.917    9.647   10.172   12.244
            0.650000  0.380000  0.960000
   -3.740    0.542    2.539    4.002    8.950    9.646   10.127   12.286
            0.650000  0.380000  0.970000
   -3.741    0.556    2.524    4.000    8.978    9.645   10.090   12.321
            0.650000  0.380000  0.980000
   -3.743    0.566    2.513    3.998    8.999    9.645   10.063   12.346
            0.650000  0.380000  0.990000
   -3.743    0.572    2.506    3.997    9.012    9.644   10.046   12.362
            0.650000  0.380000  1.000000
   -3.744    0.574    2.504    3.997    9.016    9.644   10.040   12.367
