 &plot nbnd=   8, nks=   101 /
            0.620000 -0.640000 -1.000000
   -4.650    1.846    3.271    5.216    8.856    9.632   10.011   11.477
            0.620000 -0.640000 -0.980000
   -4.648    1.832    3.287    5.215    8.849    9.628   10.001   11.496
            0.620000 -0.640000 -0.960000
   -4.644    1.792    3.330    5.212    8.828    9.617    9.975   11.548
            0.620000 -0.640000 -0.940000
   -4.637    1.731    3.398    5.206    8.792    9.599    9.936   11.631
            0.620000 -0.640000 -0.920000
   -4.627    1.653    3.484    5.199    8.742    9.577    9.890   11.736
            0.620000 -0.640000 -0.900000
   -4.614    1.563    3.584    5.189    8.678    9.551    9.842   11.860
            0.620000 -0.640000 -0.880000
   -4.598    1.465    3.694    5.178    8.601    9.523    9.796   11.997
            0.620000 -0.640000 -0.860000
   -4.579    1.362    3.810    5.164    8.513    9.496    9.752   12.144
            0.620000 -0.640000 -0.840000
   -4.557    1.256    3.930    5.148    8.416    9.469    9.713   12.298
            0.620000 -0.640000 -0.820000
   -4.533    1.148    4.052    5.129    8.313    9.443    9.677   12.457
            0.620000 -0.640000 -0.800000
   -4.506    1.039    4.173    5.109    8.207    9.419    9.645   12.620
            0.620000 -0.640000 -0.780000
   -4.476    0.931    4.292    5.087    8.100    9.397    9.615   12.786
            0.620000 -0.640000 -0.760000
   -4.443    0.824    4.406    5.062    7.994    9.379    9.587   12.953
            0.620000 -0.640000 -0.740000
   -4.408    0.718    4.514    5.036    7.894    9.365    9.560   13.120
            0.620000 -0.640000 -0.720000
   -4.371    0.614    4.612    5.007    7.800    9.355    9.532   13.283
            0.620000 -0.640000 -0.700000
   -4.330    0.513    4.699    4.977    7.717    9.350    9.504   13.437
            0.620000 -0.640000 -0.680000
   -4.288    0.413    4.771    4.946    7.648    9.350    9.476   13.572
            0.620000 -0.640000 -0.660000
   -4.243    0.317    4.824    4.914    7.594    9.354    9.446   13.674
            0.620000 -0.640000 -0.640000
   -4.196    0.223    4.849    4.888    7.560    9.361    9.417   13.730
            0.620000 -0.640000 -0.620000
   -4.147    0.133    4.829    4.883    7.546    9.360    9.402   13.741
            0.620000 -0.640000 -0.600000
   -4.096    0.045    4.792    4.872    7.553    9.335    9.415   13.719
            0.620000 -0.640000 -0.580000
   -4.043   -0.038    4.751    4.841    7.580    9.302    9.441   13.678
            0.620000 -0.640000 -0.560000
   -3.988   -0.118    4.704    4.795    7.624    9.269    9.475   13.628
            0.620000 -0.640000 -0.540000
   -3.932   -0.194    4.647    4.739    7.683    9.238    9.515   13.573
            0.620000 -0.640000 -0.520000
   -3.874   -0.266    4.572    4.684    7.752    9.211    9.561   13.516
            0.620000 -0.640000 -0.500000
   -3.816   -0.334    4.478    4.635    7.825    9.191    9.612   13.458
            0.620000 -0.640000 -0.480000
   -3.756   -0.397    4.369    4.590    7.899    9.181    9.670   13.400
            0.620000 -0.640000 -0.460000
   -3.696   -0.456    4.249    4.548    7.967    9.185    9.732   13.343
            0.620000 -0.640000 -0.440000
   -3.636   -0.509    4.121    4.508    8.025    9.208    9.800   13.286
            0.620000 -0.640000 -0.420000
   -3.576   -0.558    3.987    4.469    8.067    9.251    9.874   13.231
            0.620000 -0.640000 -0.400000
   -3.516   -0.601    3.849    4.430    8.093    9.316    9.952   13.177
            0.620000 -0.640000 -0.380000
   -3.456   -0.639    3.708    4.394    8.103    9.403   10.036   13.125
            0.620000 -0.640000 -0.360000
   -3.398   -0.670    3.564    4.358    8.099    9.508   10.124   13.075
            0.620000 -0.640000 -0.340000
   -3.341   -0.696    3.420    4.324    8.085    9.628   10.218   13.027
            0.620000 -0.640000 -0.320000
   -3.286   -0.716    3.276    4.291    8.063    9.759   10.316   12.981
            0.620000 -0.640000 -0.300000
   -3.234   -0.729    3.133    4.259    8.036    9.900   10.419   12.937
            0.620000 -0.640000 -0.280000
   -3.184   -0.736    2.991    4.230    8.006   10.046   10.526   12.896
            0.620000 -0.640000 -0.260000
   -3.137   -0.737    2.852    4.202    7.974   10.198   10.638   12.858
            0.620000 -0.640000 -0.240000
   -3.094   -0.732    2.716    4.175    7.942   10.353   10.754   12.822
            0.620000 -0.640000 -0.220000
   -3.054   -0.721    2.583    4.151    7.910   10.510   10.875   12.789
            0.620000 -0.640000 -0.200000
   -3.017   -0.704    2.455    4.128    7.880   10.668   11.000   12.760
            0.620000 -0.640000 -0.180000
   -2.985   -0.683    2.333    4.108    7.852   10.826   11.129   12.733
            0.620000 -0.640000 -0.160000
   -2.956   -0.658    2.218    4.089    7.825   10.981   11.262   12.710
            0.620000 -0.640000 -0.140000
   -2.932   -0.631    2.111    4.072    7.802   11.134   11.398   12.691
            0.620000 -0.640000 -0.120000
   -2.911   -0.602    2.014    4.058    7.781   11.281   11.537   12.676
            0.620000 -0.640000 -0.100000
   -2.893   -0.573    1.927    4.046    7.763   11.422   11.676   12.667
            0.620000 -0.640000 -0.080000
   -2.879   -0.546    1.853    4.036    7.748   11.552   11.811   12.665
            0.620000 -0.640000 -0.060000
   -2.868   -0.523    1.793    4.028    7.736   11.668   11.937   12.672
            0.620000 -0.640000 -0.040000
   -2.861   -0.505    1.749    4.022    7.727   11.762   12.044   12.696
            0.620000 -0.640000 -0.020000
   -2.856   -0.494    1.722    4.019    7.722   11.825   12.118   12.742
            0.620000 -0.640000  0.000000
   -2.855   -0.490    1.713    4.018    7.721   11.847   12.145   12.800
            0.620000 -0.640000  0.020000
   -2.856   -0.494    1.722    4.019    7.722   11.825   12.118   12.742
            0.620000 -0.640000  0.040000
   -2.861   -0.505    1.749    4.022    7.727   11.762   12.044   12.696
            0.620000 -0.640000  0.060000
   -2.868   -0.523    1.793    4.028    7.736   11.668   11.937   12.672
            0.620000 -0.640000  0.080000
   -2.879   -0.546    1.853    4.036    7.748   11.552   11.811   12.665
            0.620000 -0.640000  0.100000
   -2.893   -0.573    1.927    4.046    7.763   11.422   11.676   12.667
            0.620000 -0.640000  0.120000
   -2.911   -0.602    2.014    4.058    7.781   11.281   11.537   12.676
            0.620000 -0.640000  0.140000
   -2.932   -0.631    2.111    4.072    7.802   11.134   11.398   12.691
            0.620000 -0.640000  0.160000
   -2.956   -0.658    2.218    4.089    7.825   10.981   11.262   12.710
            0.620000 -0.640000  0.180000
   -2.985   -0.683    2.333    4.108    7.852   10.826   11.129   12.733
            0.620000 -0.640000  0.200000
   -3.017   -0.704    2.455    4.128    7.880   10.668   11.000   12.760
            0.620000 -0.640000  0.220000
   -3.054   -0.721    2.583    4.151    7.910   10.510   10.875   12.789
            0.620000 -0.640000  0.240000
   -3.094   -0.732    2.716    4.175    7.942   10.353   10.754   12.822
            0.620000 -0.640000  0.260000
   -3.137   -0.737    2.852    4.202    7.974   10.198   10.638   12.858
            0.620000 -0.640000  0.280000
   -3.184   -0.736    2.991    4.230    8.006   10.046   10.526   12.896
            0.620000 -0.640000  0.300000
   -3.234   -0.729    3.133    4.259    8.036    9.900   10.419   12.937
            0.620000 -0.640000  0.320000
   -3.286   -0.716    3.276    4.291    8.063    9.759   10.316   12.981
            0.620000 -0.640000  0.340000
   -3.341   -0.696    3.420    4.324    8.085    9.628   10.218   13.027
            0.620000 -0.640000  0.360000
   -3.398   -0.670    3.564    4.358    8.099    9.508   10.124   13.075
            0.620000 -0.640000  0.380000
   -3.456   -0.639    3.708    4.394    8.103    9.403   10.036   13.125
            0.620000 -0.640000  0.400000
   -3.516   -0.601    3.849    4.430    8.093    9.316    9.952   13.177
            0.620000 -0.640000  0.420000
   -3.576   -0.558    3.987    4.469    8.067    9.251    9.874   13.231
            0.620000 -0.640000  0.440000
   -3.636   -0.509    4.121    4.508    8.025    9.208    9.800   13.286
            0.620000 -0.640000  0.460000
   -3.696   -0.456    4.249    4.548    7.967    9.185    9.732   13.343
            0.620000 -0.640000  0.480000
   -3.756   -0.397    4.369    4.590    7.899    9.181    9.670   13.400
            0.620000 -0.640000  0.500000
   -3.816   -0.334    4.478    4.635    7.825    9.191    9.612   13.458
            0.620000 -0.640000  0.520000
   -3.874   -0.266    4.572    4.684    7.752    9.211    9.561   13.516
            0.620000 -0.640000  0.540000
   -3.932   -0.194    4.647    4.739    7.683    9.238    9.515   13.573
            0.620000 -0.640000  0.560000
   -3.988   -0.118    4.704    4.795    7.624    9.269    9.475   13.628
            0.620000 -0.640000  0.580000
   -4.043   -0.038    4.751    4.841    7.580    9.302    9.441   13.678
            0.620000 -0.640000  0.600000
   -4.096    0.045    4.792    4.872    7.553    9.335    9.415   13.719
            0.620000 -0.640000  0.620000
   -4.147    0.133    4.829    4.883    7.546    9.360    9.402   13.741
            0.620000 -0.640000  0.640000
   -4.196    0.223    4.849    4.888    7.560    9.361    9.417   13.730
            0.620000 -0.640000  0.660000
   -4.243    0.317    4.824    4.914    7.594    9.354    9.446   13.674
            0.620000 -0.640000  0.680000
   -4.288    0.413    4.771    4.946    7.648    9.350    9.476   13.572
            0.620000 -0.640000  0.700000
   -4.330    0.513    4.699    4.977    7.717    9.350    9.504   13.437
            0.620000 -0.640000  0.720000
   -4.371    0.614    4.612    5.007    7.800    9.355    9.532   13.283
            0.620000 -0.640000  0.740000
   -4.408    0.718    4.514    5.036    7.894    9.365    9.560   13.120
            0.620000 -0.640000  0.760000
   -4.443    0.824    4.406    5.062    7.994    9.379    9.587   12.953
            0.620000 -0.640000  0.780000
   -4.476    0.931    4.292    5.087    8.100    9.397    9.615   12.786
            0.620000 -0.640000  0.800000
   -4.506    1.039    4.173    5.109    8.207    9.419    9.645   12.620
            0.620000 -0.640000  0.820000
   -4.533    1.148    4.052    5.129    8.313    9.443    9.677   12.457
            0.620000 -0.640000  0.840000
   -4.557    1.256    3.930    5.148    8.416    9.469    9.713   12.298
            0.620000 -0.640000  0.860000
   -4.579    1.362    3.810    5.164    8.513    9.496    9.752   12.144
            0.620000 -0.640000  0.880000
   -4.598    1.465    3.694    5.178    8.601    9.523    9.796   11.997
            0.620000 -0.640000  0.900000
   -4.614    1.563    3.584    5.189    8.678    9.551    9.842   11.860
            0.620000 -0.640000  0.920000
   -4.627    1.653    3.484    5.199    8.742    9.577    9.890   11.736
            0.620000 -0.640000  0.940000
   -4.637    1.731    3.398    5.206    8.792    9.599    9.936   11.631
            0.620000 -0.640000  0.960000
   -4.644    1.792    3.330    5.212    8.828    9.617    9.975   11.548
            0.620000 -0.640000  0.980000
   -4.648    1.832    3.287    5.215    8.849    9.628   10.001   11.496
            0.620000 -0.640000  1.000000
   -4.650    1.846    3.271    5.216    8.856    9.632   10.011   11.477
