 &plot nbnd=   8, nks=   101 /
            0.900000  0.380000  0.000000
   -2.194   -1.045    2.156    2.595    9.082    9.307   11.191   12.897
            0.900000  0.380000  0.010000
   -2.195   -1.044    2.153    2.599    9.060    9.330   11.191   12.897
            0.900000  0.380000  0.020000
   -2.197   -1.043    2.144    2.612    9.009    9.385   11.192   12.898
            0.900000  0.380000  0.030000
   -2.200   -1.041    2.132    2.631    8.948    9.452   11.194   12.900
            0.900000  0.380000  0.040000
   -2.205   -1.039    2.115    2.657    8.883    9.525   11.197   12.903
            0.900000  0.380000  0.050000
   -2.211   -1.036    2.097    2.687    8.818    9.601   11.200   12.907
            0.900000  0.380000  0.060000
   -2.218   -1.032    2.077    2.722    8.753    9.679   11.204   12.911
            0.900000  0.380000  0.070000
   -2.227   -1.027    2.056    2.760    8.688    9.759   11.209   12.916
            0.900000  0.380000  0.080000
   -2.237   -1.022    2.036    2.801    8.624    9.841   11.214   12.922
            0.900000  0.380000  0.090000
   -2.248   -1.015    2.015    2.843    8.562    9.923   11.220   12.929
            0.900000  0.380000  0.100000
   -2.260   -1.008    1.995    2.888    8.501   10.006   11.228   12.936
            0.900000  0.380000  0.110000
   -2.274   -1.001    1.976    2.934    8.442   10.091   11.236   12.944
            0.900000  0.380000  0.120000
   -2.288   -0.993    1.958    2.981    8.384   10.175   11.245   12.953
            0.900000  0.380000  0.130000
   -2.304   -0.983    1.941    3.029    8.328   10.260   11.256   12.962
            0.900000  0.380000  0.140000
   -2.321   -0.974    1.925    3.078    8.274   10.346   11.267   12.972
            0.900000  0.380000  0.150000
   -2.339   -0.963    1.911    3.128    8.222   10.431   11.280   12.982
            0.900000  0.380000  0.160000
   -2.359   -0.952    1.898    3.179    8.172   10.517   11.295   12.993
            0.900000  0.380000  0.170000
   -2.379   -0.940    1.886    3.229    8.124   10.601   11.312   13.003
            0.900000  0.380000  0.180000
   -2.400   -0.927    1.876    3.280    8.078   10.684   11.331   13.013
            0.900000  0.380000  0.190000
   -2.422   -0.913    1.867    3.331    8.034   10.766   11.354   13.021
            0.900000  0.380000  0.200000
   -2.445   -0.899    1.859    3.381    7.993   10.844   11.380   13.028
            0.900000  0.380000  0.210000
   -2.468   -0.884    1.853    3.432    7.954   10.918   11.412   13.029
            0.900000  0.380000  0.220000
   -2.493   -0.868    1.848    3.482    7.919   10.987   11.451   13.022
            0.900000  0.380000  0.230000
   -2.518   -0.852    1.845    3.531    7.885   11.049   11.498   13.000
            0.900000  0.380000  0.240000
   -2.544   -0.835    1.844    3.579    7.855   11.103   11.553   12.956
            0.900000  0.380000  0.250000
   -2.571   -0.817    1.843    3.627    7.828   11.149   11.616   12.888
            0.900000  0.380000  0.260000
   -2.598   -0.798    1.844    3.674    7.804   11.189   11.687   12.804
            0.900000  0.380000  0.270000
   -2.626   -0.779    1.847    3.719    7.783   11.223   11.763   12.710
            0.900000  0.380000  0.280000
   -2.654   -0.759    1.850    3.763    7.766   11.252   11.843   12.611
            0.900000  0.380000  0.290000
   -2.683   -0.738    1.856    3.805    7.752   11.278   11.923   12.514
            0.900000  0.380000  0.300000
   -2.712   -0.716    1.862    3.845    7.742   11.302   11.998   12.423
            0.900000  0.380000  0.310000
   -2.741   -0.694    1.870    3.884    7.735   11.324   12.049   12.356
            0.900000  0.380000  0.320000
   -2.771   -0.671    1.879    3.921    7.733   11.345   12.043   12.347
            0.900000  0.380000  0.330000
   -2.801   -0.648    1.889    3.956    7.734   11.365   11.977   12.401
            0.900000  0.380000  0.340000
   -2.832   -0.623    1.901    3.988    7.739   11.385   11.884   12.481
            0.900000  0.380000  0.350000
   -2.862   -0.599    1.913    4.018    7.749   11.403   11.782   12.572
            0.900000  0.380000  0.360000
   -2.893   -0.573    1.927    4.046    7.763   11.422   11.676   12.667
            0.900000  0.380000  0.370000
   -2.924   -0.547    1.942    4.071    7.780   11.439   11.568   12.764
            0.900000  0.380000  0.380000
   -2.955   -0.520    1.958    4.094    7.803   11.446   11.470   12.859
            0.900000  0.380000  0.390000
   -2.986   -0.492    1.975    4.114    7.829   11.347   11.477   12.950
            0.900000  0.380000  0.400000
   -3.017   -0.464    1.993    4.132    7.859   11.238   11.494   13.025
            0.900000  0.380000  0.410000
   -3.048   -0.436    2.013    4.147    7.894   11.128   11.511   13.048
            0.900000  0.380000  0.420000
   -3.079   -0.406    2.033    4.160    7.933   11.019   11.528   12.993
            0.900000  0.380000  0.430000
   -3.110   -0.376    2.054    4.171    7.975   10.910   11.545   12.899
            0.900000  0.380000  0.440000
   -3.141   -0.346    2.076    4.179    8.022   10.802   11.561   12.793
            0.900000  0.380000  0.450000
   -3.172   -0.315    2.099    4.186    8.072   10.694   11.577   12.682
            0.900000  0.380000  0.460000
   -3.202   -0.283    2.123    4.190    8.126   10.587   11.592   12.571
            0.900000  0.380000  0.470000
   -3.232   -0.251    2.148    4.192    8.183   10.480   11.607   12.460
            0.900000  0.380000  0.480000
   -3.262   -0.219    2.173    4.192    8.244   10.374   11.620   12.350
            0.900000  0.380000  0.490000
   -3.292   -0.186    2.200    4.191    8.307   10.269   11.630   12.243
            0.900000  0.380000  0.500000
   -3.322   -0.152    2.227    4.187    8.374   10.164   11.638   12.140
            0.900000  0.380000  0.510000
   -3.351   -0.118    2.255    4.183    8.444   10.061   11.639   12.043
            0.900000  0.380000  0.520000
   -3.380   -0.083    2.283    4.177    8.516    9.958   11.628   11.959
            0.900000  0.380000  0.530000
   -3.409   -0.049    2.313    4.170    8.591    9.856   11.597   11.895
            0.900000  0.380000  0.540000
   -3.437   -0.013    2.342    4.162    8.668    9.756   11.540   11.859
            0.900000  0.380000  0.550000
   -3.465    0.022    2.373    4.152    8.747    9.656   11.462   11.844
            0.900000  0.380000  0.560000
   -3.492    0.059    2.404    4.142    8.828    9.558   11.371   11.843
            0.900000  0.380000  0.570000
   -3.519    0.095    2.435    4.131    8.911    9.462   11.275   11.848
            0.900000  0.380000  0.580000
   -3.546    0.132    2.467    4.120    8.993    9.369   11.175   11.857
            0.900000  0.380000  0.590000
   -3.572    0.168    2.500    4.108    9.070    9.284   11.075   11.868
            0.900000  0.380000  0.600000
   -3.598    0.206    2.533    4.095    9.108    9.241   10.974   11.880
            0.900000  0.380000  0.610000
   -3.623    0.243    2.566    4.082    9.054    9.293   10.874   11.892
            0.900000  0.380000  0.620000
   -3.648    0.281    2.599    4.069    8.971    9.377   10.774   11.905
            0.900000  0.380000  0.630000
   -3.672    0.318    2.633    4.055    8.883    9.467   10.674   11.919
            0.900000  0.380000  0.640000
   -3.696    0.356    2.667    4.041    8.796    9.561   10.576   11.932
            0.900000  0.380000  0.650000
   -3.719    0.394    2.702    4.028    8.710    9.656   10.479   11.945
            0.900000  0.380000  0.660000
   -3.742    0.432    2.736    4.014    8.624    9.752   10.383   11.958
            0.900000  0.380000  0.670000
   -3.764    0.470    2.770    4.000    8.540    9.849   10.289   11.971
            0.900000  0.380000  0.680000
   -3.785    0.508    2.805    3.986    8.458    9.947   10.196   11.983
            0.900000  0.380000  0.690000
   -3.806    0.546    2.839    3.972    8.377   10.042   10.108   11.996
            0.900000  0.380000  0.700000
   -3.827    0.583    2.874    3.959    8.298   10.009   10.151   12.008
            0.900000  0.380000  0.710000
   -3.846    0.621    2.908    3.945    8.221    9.921   10.250   12.019
            0.900000  0.380000  0.720000
   -3.866    0.658    2.942    3.932    8.145    9.834   10.350   12.031
            0.900000  0.380000  0.730000
   -3.884    0.694    2.975    3.919    8.072    9.748   10.451   12.042
            0.900000  0.380000  0.740000
   -3.902    0.731    3.009    3.907    8.000    9.664   10.553   12.053
            0.900000  0.380000  0.750000
   -3.920    0.767    3.042    3.895    7.931    9.582   10.654   12.063
            0.900000  0.380000  0.760000
   -3.936    0.802    3.074    3.883    7.864    9.502   10.756   12.074
            0.900000  0.380000  0.770000
   -3.952    0.837    3.106    3.871    7.799    9.424   10.857   12.084
            0.900000  0.380000  0.780000
   -3.968    0.871    3.137    3.860    7.736    9.347   10.958   12.093
            0.900000  0.380000  0.790000
   -3.983    0.905    3.168    3.849    7.676    9.273   11.059   12.103
            0.900000  0.380000  0.800000
   -3.997    0.938    3.197    3.839    7.619    9.202   11.159   12.112
            0.900000  0.380000  0.810000
   -4.010    0.970    3.226    3.829    7.563    9.132   11.258   12.121
            0.900000  0.380000  0.820000
   -4.023    1.001    3.254    3.820    7.511    9.065   11.356   12.130
            0.900000  0.380000  0.830000
   -4.035    1.030    3.282    3.811    7.461    9.001   11.452   12.139
            0.900000  0.380000  0.840000
   -4.047    1.059    3.308    3.802    7.414    8.939   11.546   12.149
            0.900000  0.380000  0.850000
   -4.058    1.087    3.333    3.794    7.370    8.880   11.638   12.159
            0.900000  0.380000  0.860000
   -4.068    1.113    3.356    3.786    7.328    8.824   11.727   12.169
            0.900000  0.380000  0.870000
   -4.077    1.138    3.379    3.779    7.289    8.772   11.811   12.182
            0.900000  0.380000  0.880000
   -4.086    1.161    3.400    3.772    7.253    8.722   11.890   12.198
            0.900000  0.380000  0.890000
   -4.094    1.183    3.420    3.765    7.220    8.676   11.959   12.219
            0.900000  0.380000  0.900000
   -4.101    1.204    3.438    3.759    7.190    8.633   12.016   12.249
            0.900000  0.380000  0.910000
   -4.108    1.222    3.456    3.754    7.163    8.594   12.059   12.288
            0.900000  0.380000  0.920000
   -4.114    1.239    3.471    3.748    7.139    8.558   12.088   12.336
            0.900000  0.380000  0.930000
   -4.119    1.254    3.485    3.744    7.117    8.526   12.108   12.388
            0.900000  0.380000  0.940000
   -4.124    1.268    3.497    3.739    7.099    8.499   12.121   12.440
            0.900000  0.380000  0.950000
   -4.128    1.279    3.508    3.736    7.083    8.475   12.129   12.488
            0.900000  0.380000  0.960000
   -4.131    1.288    3.517    3.732    7.071    8.455   12.136   12.530
            0.900000  0.380000  0.970000
   -4.134    1.295    3.524    3.730    7.061    8.440   12.140   12.564
            0.900000  0.380000  0.980000
   -4.135    1.301    3.529    3.728    7.054    8.429   12.143   12.589
            0.900000  0.380000  0.990000
   -4.136    1.304    3.532    3.727    7.049    8.423   12.145   12.605
            0.900000  0.380000  1.000000
   -4.137    1.305    3.533    3.726    7.048    8.420   12.145   12.610
