 &plot nbnd=   8, nks=   101 /
            0.960000  0.150000  0.000000
   -2.006   -1.425    2.897    2.934    7.143    7.268   14.526   15.151
            0.960000  0.150000  0.010000
   -2.006   -1.424    2.873    2.957    7.128    7.286   14.525   15.150
            0.960000  0.150000  0.020000
   -2.007   -1.424    2.836    2.992    7.096    7.327   14.525   15.148
            0.960000  0.150000  0.030000
   -2.007   -1.423    2.798    3.026    7.061    7.378   14.524   15.143
            0.960000  0.150000  0.040000
   -2.007   -1.421    2.759    3.060    7.027    7.433   14.522   15.135
            0.960000  0.150000  0.050000
   -2.007   -1.419    2.719    3.092    6.995    7.492   14.521   15.124
            0.960000  0.150000  0.060000
   -2.008   -1.417    2.679    3.123    6.966    7.555   14.518   15.108
            0.960000  0.150000  0.070000
   -2.008   -1.414    2.639    3.152    6.941    7.620   14.515   15.086
            0.960000  0.150000  0.080000
   -2.009   -1.411    2.599    3.180    6.920    7.687   14.511   15.056
            0.960000  0.150000  0.090000
   -2.009   -1.408    2.560    3.205    6.903    7.757   14.506   15.016
            0.960000  0.150000  0.100000
   -2.010   -1.403    2.520    3.228    6.890    7.829   14.499   14.965
            0.960000  0.150000  0.110000
   -2.011   -1.399    2.482    3.249    6.881    7.902   14.489   14.904
            0.960000  0.150000  0.120000
   -2.012   -1.394    2.443    3.268    6.877    7.978   14.476   14.834
            0.960000  0.150000  0.130000
   -2.014   -1.389    2.406    3.284    6.877    8.056   14.456   14.760
            0.960000  0.150000  0.140000
   -2.015   -1.383    2.368    3.298    6.882    8.135   14.425   14.688
            0.960000  0.150000  0.150000
   -2.017   -1.377    2.332    3.309    6.892    8.216   14.376   14.627
            0.960000  0.150000  0.160000
   -2.019   -1.370    2.297    3.318    6.906    8.299   14.305   14.580
            0.960000  0.150000  0.170000
   -2.021   -1.363    2.262    3.324    6.924    8.383   14.215   14.545
            0.960000  0.150000  0.180000
   -2.024   -1.356    2.229    3.328    6.947    8.469   14.114   14.515
            0.960000  0.150000  0.190000
   -2.026   -1.348    2.196    3.330    6.975    8.556   14.005   14.484
            0.960000  0.150000  0.200000
   -2.029   -1.339    2.165    3.329    7.007    8.644   13.892   14.446
            0.960000  0.150000  0.210000
   -2.033   -1.331    2.134    3.326    7.044    8.734   13.775   14.397
            0.960000  0.150000  0.220000
   -2.037   -1.321    2.105    3.320    7.084    8.826   13.656   14.333
            0.960000  0.150000  0.230000
   -2.041   -1.312    2.077    3.313    7.129    8.918   13.536   14.253
            0.960000  0.150000  0.240000
   -2.045   -1.302    2.051    3.304    7.177    9.012   13.415   14.158
            0.960000  0.150000  0.250000
   -2.050   -1.291    2.026    3.294    7.230    9.106   13.293   14.053
            0.960000  0.150000  0.260000
   -2.055   -1.280    2.002    3.281    7.286    9.202   13.170   13.942
            0.960000  0.150000  0.270000
   -2.061   -1.269    1.979    3.268    7.345    9.299   13.047   13.825
            0.960000  0.150000  0.280000
   -2.067   -1.257    1.958    3.253    7.408    9.397   12.925   13.705
            0.960000  0.150000  0.290000
   -2.073   -1.245    1.939    3.237    7.474    9.496   12.802   13.584
            0.960000  0.150000  0.300000
   -2.080   -1.233    1.921    3.220    7.543    9.596   12.679   13.461
            0.960000  0.150000  0.310000
   -2.088   -1.220    1.904    3.203    7.614    9.696   12.557   13.337
            0.960000  0.150000  0.320000
   -2.095   -1.207    1.889    3.184    7.689    9.797   12.435   13.213
            0.960000  0.150000  0.330000
   -2.104   -1.194    1.875    3.166    7.766    9.899   12.313   13.088
            0.960000  0.150000  0.340000
   -2.112   -1.180    1.863    3.147    7.846   10.001   12.193   12.964
            0.960000  0.150000  0.350000
   -2.122   -1.166    1.853    3.127    7.928   10.103   12.074   12.840
            0.960000  0.150000  0.360000
   -2.131   -1.152    1.844    3.108    8.012   10.205   11.956   12.716
            0.960000  0.150000  0.370000
   -2.141   -1.137    1.837    3.088    8.098   10.306   11.840   12.592
            0.960000  0.150000  0.380000
   -2.152   -1.123    1.831    3.069    8.186   10.405   11.726   12.470
            0.960000  0.150000  0.390000
   -2.162   -1.108    1.827    3.050    8.276   10.502   11.617   12.348
            0.960000  0.150000  0.400000
   -2.174   -1.093    1.824    3.031    8.368   10.593   11.514   12.228
            0.960000  0.150000  0.410000
   -2.185   -1.077    1.823    3.013    8.462   10.673   11.421   12.109
            0.960000  0.150000  0.420000
   -2.197   -1.062    1.823    2.995    8.557   10.735   11.348   11.992
            0.960000  0.150000  0.430000
   -2.210   -1.047    1.825    2.977    8.653   10.762   11.307   11.879
            0.960000  0.150000  0.440000
   -2.222   -1.031    1.828    2.961    8.751   10.745   11.306   11.773
            0.960000  0.150000  0.450000
   -2.236   -1.015    1.833    2.945    8.850   10.689   11.329   11.685
            0.960000  0.150000  0.460000
   -2.249   -1.000    1.839    2.929    8.950   10.608   11.336   11.641
            0.960000  0.150000  0.470000
   -2.262   -0.984    1.847    2.915    9.050   10.515   11.288   11.667
            0.960000  0.150000  0.480000
   -2.276   -0.968    1.856    2.901    9.152   10.414   11.202   11.740
            0.960000  0.150000  0.490000
   -2.290   -0.953    1.867    2.889    9.253   10.311   11.101   11.834
            0.960000  0.150000  0.500000
   -2.305   -0.937    1.879    2.877    9.354   10.207   10.996   11.938
            0.960000  0.150000  0.510000
   -2.319   -0.922    1.892    2.867    9.453   10.103   10.890   12.047
            0.960000  0.150000  0.520000
   -2.334   -0.907    1.906    2.858    9.547   10.003   10.786   12.160
            0.960000  0.150000  0.530000
   -2.348   -0.892    1.922    2.849    9.628    9.914   10.684   12.276
            0.960000  0.150000  0.540000
   -2.363   -0.877    1.939    2.842    9.661    9.868   10.589   12.393
            0.960000  0.150000  0.550000
   -2.378   -0.862    1.957    2.837    9.611    9.897   10.505   12.512
            0.960000  0.150000  0.560000
   -2.393   -0.848    1.976    2.832    9.522    9.944   10.443   12.632
            0.960000  0.150000  0.570000
   -2.408   -0.833    1.997    2.829    9.423    9.962   10.422   12.753
            0.960000  0.150000  0.580000
   -2.423   -0.820    2.018    2.827    9.322    9.934   10.453   12.875
            0.960000  0.150000  0.590000
   -2.438   -0.806    2.041    2.826    9.220    9.870   10.523   12.998
            0.960000  0.150000  0.600000
   -2.453   -0.793    2.064    2.827    9.118    9.788   10.613   13.121
            0.960000  0.150000  0.610000
   -2.468   -0.780    2.089    2.829    9.017    9.697   10.715   13.245
            0.960000  0.150000  0.620000
   -2.483   -0.767    2.114    2.832    8.916    9.602   10.822   13.369
            0.960000  0.150000  0.630000
   -2.498   -0.755    2.140    2.837    8.817    9.505   10.934   13.493
            0.960000  0.150000  0.640000
   -2.512   -0.743    2.167    2.842    8.718    9.408   11.048   13.617
            0.960000  0.150000  0.650000
   -2.527   -0.732    2.195    2.850    8.621    9.310   11.164   13.741
            0.960000  0.150000  0.660000
   -2.541   -0.721    2.224    2.858    8.525    9.213   11.281   13.863
            0.960000  0.150000  0.670000
   -2.555   -0.710    2.254    2.867    8.430    9.117   11.400   13.984
            0.960000  0.150000  0.680000
   -2.569   -0.700    2.284    2.878    8.337    9.021   11.519   14.102
            0.960000  0.150000  0.690000
   -2.582   -0.691    2.314    2.890    8.245    8.927   11.639   14.214
            0.960000  0.150000  0.700000
   -2.595   -0.681    2.346    2.903    8.155    8.834   11.760   14.317
            0.960000  0.150000  0.710000
   -2.609   -0.672    2.377    2.917    8.066    8.742   11.881   14.405
            0.960000  0.150000  0.720000
   -2.621   -0.664    2.410    2.932    7.979    8.651   12.003   14.471
            0.960000  0.150000  0.730000
   -2.634   -0.656    2.443    2.948    7.894    8.562   12.125   14.517
            0.960000  0.150000  0.740000
   -2.646   -0.649    2.476    2.964    7.811    8.475   12.247   14.546
            0.960000  0.150000  0.750000
   -2.658   -0.641    2.509    2.981    7.729    8.389   12.369   14.564
            0.960000  0.150000  0.760000
   -2.669   -0.635    2.543    2.999    7.650    8.306   12.492   14.577
            0.960000  0.150000  0.770000
   -2.680   -0.628    2.577    3.017    7.572    8.224   12.614   14.586
            0.960000  0.150000  0.780000
   -2.691   -0.623    2.611    3.035    7.497    8.144   12.736   14.592
            0.960000  0.150000  0.790000
   -2.701   -0.617    2.645    3.054    7.424    8.066   12.858   14.597
            0.960000  0.150000  0.800000
   -2.711   -0.612    2.680    3.072    7.354    7.990   12.979   14.601
            0.960000  0.150000  0.810000
   -2.720   -0.607    2.714    3.091    7.286    7.916   13.100   14.604
            0.960000  0.150000  0.820000
   -2.729   -0.603    2.748    3.109    7.221    7.845   13.220   14.606
            0.960000  0.150000  0.830000
   -2.738   -0.599    2.782    3.127    7.158    7.777   13.339   14.608
            0.960000  0.150000  0.840000
   -2.746   -0.595    2.815    3.144    7.098    7.711   13.457   14.609
            0.960000  0.150000  0.850000
   -2.754   -0.591    2.849    3.161    7.041    7.648   13.573   14.610
            0.960000  0.150000  0.860000
   -2.761   -0.588    2.881    3.176    6.987    7.587   13.688   14.611
            0.960000  0.150000  0.870000
   -2.768   -0.585    2.913    3.191    6.937    7.530   13.800   14.612
            0.960000  0.150000  0.880000
   -2.774   -0.583    2.945    3.204    6.889    7.477   13.911   14.612
            0.960000  0.150000  0.890000
   -2.780   -0.580    2.975    3.216    6.845    7.426   14.018   14.613
            0.960000  0.150000  0.900000
   -2.786   -0.578    3.005    3.226    6.805    7.379   14.121   14.613
            0.960000  0.150000  0.910000
   -2.790   -0.576    3.033    3.235    6.768    7.336   14.220   14.614
            0.960000  0.150000  0.920000
   -2.795   -0.575    3.060    3.242    6.735    7.297   14.314   14.614
            0.960000  0.150000  0.930000
   -2.799   -0.573    3.086    3.247    6.705    7.262   14.401   14.614
            0.960000  0.150000  0.940000
   -2.802   -0.572    3.110    3.249    6.680    7.232   14.481   14.614
            0.960000  0.150000  0.950000
   -2.805   -0.571    3.133    3.250    6.658    7.205   14.553   14.615
            0.960000  0.150000  0.960000
   -2.807   -0.570    3.154    3.248    6.640    7.184   14.612   14.617
            0.960000  0.150000  0.970000
   -2.809   -0.569    3.173    3.245    6.626    7.167   14.614   14.664
            0.960000  0.150000  0.980000
   -2.810   -0.569    3.190    3.239    6.616    7.154   14.615   14.701
            0.960000  0.150000  0.990000
   -2.811   -0.569    3.204    3.231    6.610    7.147   14.615   14.724
            0.960000  0.150000  1.000000
   -2.811   -0.569    3.213    3.225    6.608    7.144   14.615   14.731
