 &plot nbnd=   8, nks=   101 /
            0.300000  0.390000  0.000000
   -4.776    2.118    3.496    5.205    9.044    9.109   10.210   11.081
            0.300000  0.390000  0.010000
   -4.776    2.114    3.499    5.205    9.034    9.117   10.208   11.085
            0.300000  0.390000  0.020000
   -4.775    2.104    3.511    5.203    9.011    9.133   10.203   11.095
            0.300000  0.390000  0.030000
   -4.773    2.086    3.529    5.201    8.982    9.150   10.194   11.112
            0.300000  0.390000  0.040000
   -4.770    2.063    3.554    5.198    8.950    9.166   10.181   11.135
            0.300000  0.390000  0.050000
   -4.767    2.034    3.584    5.194    8.915    9.180   10.167   11.164
            0.300000  0.390000  0.060000
   -4.763    2.001    3.620    5.190    8.878    9.192   10.150   11.198
            0.300000  0.390000  0.070000
   -4.758    1.963    3.660    5.184    8.839    9.203   10.131   11.237
            0.300000  0.390000  0.080000
   -4.752    1.922    3.705    5.178    8.797    9.212   10.111   11.280
            0.300000  0.390000  0.090000
   -4.746    1.877    3.752    5.171    8.754    9.219   10.090   11.328
            0.300000  0.390000  0.100000
   -4.739    1.831    3.802    5.163    8.710    9.225   10.069   11.379
            0.300000  0.390000  0.110000
   -4.731    1.782    3.854    5.154    8.664    9.229   10.047   11.433
            0.300000  0.390000  0.120000
   -4.722    1.732    3.908    5.145    8.618    9.233   10.025   11.491
            0.300000  0.390000  0.130000
   -4.713    1.680    3.963    5.135    8.570    9.235   10.002   11.551
            0.300000  0.390000  0.140000
   -4.703    1.628    4.019    5.123    8.521    9.236    9.981   11.615
            0.300000  0.390000  0.150000
   -4.692    1.574    4.076    5.111    8.472    9.237    9.959   11.680
            0.300000  0.390000  0.160000
   -4.680    1.520    4.134    5.099    8.423    9.237    9.937   11.748
            0.300000  0.390000  0.170000
   -4.668    1.466    4.191    5.085    8.374    9.237    9.916   11.818
            0.300000  0.390000  0.180000
   -4.655    1.411    4.248    5.071    8.324    9.236    9.895   11.890
            0.300000  0.390000  0.190000
   -4.641    1.356    4.305    5.056    8.275    9.236    9.874   11.964
            0.300000  0.390000  0.200000
   -4.627    1.301    4.361    5.040    8.226    9.235    9.853   12.040
            0.300000  0.390000  0.210000
   -4.612    1.246    4.416    5.023    8.178    9.235    9.833   12.117
            0.300000  0.390000  0.220000
   -4.596    1.191    4.469    5.006    8.132    9.236    9.813   12.196
            0.300000  0.390000  0.230000
   -4.579    1.137    4.521    4.988    8.086    9.237    9.792   12.276
            0.300000  0.390000  0.240000
   -4.562    1.082    4.572    4.970    8.042    9.238    9.772   12.358
            0.300000  0.390000  0.250000
   -4.544    1.028    4.619    4.951    8.000    9.241    9.752   12.440
            0.300000  0.390000  0.260000
   -4.525    0.975    4.664    4.932    7.959    9.244    9.731   12.524
            0.300000  0.390000  0.270000
   -4.506    0.921    4.706    4.913    7.921    9.248    9.711   12.609
            0.300000  0.390000  0.280000
   -4.486    0.868    4.742    4.896    7.886    9.254    9.690   12.694
            0.300000  0.390000  0.290000
   -4.465    0.816    4.771    4.883    7.854    9.260    9.669   12.781
            0.300000  0.390000  0.300000
   -4.444    0.764    4.785    4.880    7.825    9.267    9.647   12.868
            0.300000  0.390000  0.310000
   -4.422    0.713    4.781    4.890    7.799    9.276    9.626   12.955
            0.300000  0.390000  0.320000
   -4.400    0.662    4.766    4.908    7.778    9.286    9.604   13.042
            0.300000  0.390000  0.330000
   -4.376    0.612    4.745    4.926    7.760    9.297    9.583   13.130
            0.300000  0.390000  0.340000
   -4.352    0.562    4.721    4.941    7.747    9.309    9.561   13.216
            0.300000  0.390000  0.350000
   -4.328    0.514    4.696    4.953    7.738    9.322    9.540   13.301
            0.300000  0.390000  0.360000
   -4.303    0.465    4.669    4.961    7.734    9.335    9.519   13.383
            0.300000  0.390000  0.370000
   -4.277    0.418    4.641    4.965    7.734    9.348    9.501   13.459
            0.300000  0.390000  0.380000
   -4.251    0.371    4.612    4.964    7.738    9.358    9.486   13.519
            0.300000  0.390000  0.390000
   -4.224    0.325    4.582    4.959    7.747    9.364    9.477   13.548
            0.300000  0.390000  0.400000
   -4.197    0.280    4.551    4.950    7.760    9.361    9.479   13.538
            0.300000  0.390000  0.410000
   -4.169    0.235    4.520    4.936    7.778    9.351    9.490   13.505
            0.300000  0.390000  0.420000
   -4.140    0.191    4.487    4.919    7.798    9.335    9.508   13.464
            0.300000  0.390000  0.430000
   -4.111    0.148    4.452    4.898    7.822    9.316    9.531   13.419
            0.300000  0.390000  0.440000
   -4.082    0.106    4.417    4.874    7.849    9.296    9.558   13.373
            0.300000  0.390000  0.450000
   -4.052    0.065    4.381    4.848    7.879    9.277    9.587   13.327
            0.300000  0.390000  0.460000
   -4.021    0.025    4.343    4.819    7.910    9.257    9.618   13.281
            0.300000  0.390000  0.470000
   -3.990   -0.015    4.303    4.788    7.943    9.239    9.652   13.236
            0.300000  0.390000  0.480000
   -3.959   -0.054    4.262    4.756    7.976    9.222    9.687   13.191
            0.300000  0.390000  0.490000
   -3.927   -0.091    4.220    4.723    8.010    9.207    9.724   13.148
            0.300000  0.390000  0.500000
   -3.895   -0.128    4.175    4.689    8.044    9.195    9.763   13.105
            0.300000  0.390000  0.510000
   -3.863   -0.164    4.129    4.655    8.076    9.185    9.804   13.063
            0.300000  0.390000  0.520000
   -3.830   -0.199    4.081    4.620    8.107    9.179    9.846   13.022
            0.300000  0.390000  0.530000
   -3.797   -0.233    4.031    4.586    8.135    9.177    9.890   12.982
            0.300000  0.390000  0.540000
   -3.763   -0.266    3.979    4.552    8.161    9.180    9.936   12.943
            0.300000  0.390000  0.550000
   -3.730   -0.298    3.925    4.519    8.182    9.187    9.984   12.905
            0.300000  0.390000  0.560000
   -3.696   -0.329    3.870    4.487    8.200    9.200   10.033   12.868
            0.300000  0.390000  0.570000
   -3.662   -0.359    3.813    4.455    8.214    9.218   10.083   12.832
            0.300000  0.390000  0.580000
   -3.627   -0.388    3.754    4.424    8.223    9.242   10.136   12.796
            0.300000  0.390000  0.590000
   -3.593   -0.416    3.695    4.394    8.228    9.271   10.190   12.762
            0.300000  0.390000  0.600000
   -3.559   -0.443    3.633    4.364    8.228    9.305   10.245   12.728
            0.300000  0.390000  0.610000
   -3.524   -0.468    3.571    4.336    8.226    9.344   10.302   12.695
            0.300000  0.390000  0.620000
   -3.490   -0.493    3.508    4.309    8.219    9.387   10.361   12.663
            0.300000  0.390000  0.630000
   -3.455   -0.516    3.444    4.282    8.211    9.434   10.420   12.633
            0.300000  0.390000  0.640000
   -3.421   -0.538    3.379    4.256    8.199    9.484   10.482   12.602
            0.300000  0.390000  0.650000
   -3.387   -0.559    3.314    4.231    8.186    9.536   10.544   12.573
            0.300000  0.390000  0.660000
   -3.353   -0.579    3.248    4.207    8.171    9.592   10.608   12.545
            0.300000  0.390000  0.670000
   -3.319   -0.598    3.182    4.184    8.155    9.649   10.674   12.518
            0.300000  0.390000  0.680000
   -3.285   -0.615    3.116    4.161    8.138    9.708   10.740   12.491
            0.300000  0.390000  0.690000
   -3.252   -0.631    3.050    4.140    8.120    9.769   10.808   12.466
            0.300000  0.390000  0.700000
   -3.220   -0.646    2.984    4.119    8.102    9.831   10.877   12.441
            0.300000  0.390000  0.710000
   -3.187   -0.660    2.918    4.098    8.084    9.895   10.947   12.417
            0.300000  0.390000  0.720000
   -3.156   -0.672    2.853    4.079    8.065    9.959   11.017   12.394
            0.300000  0.390000  0.730000
   -3.124   -0.683    2.788    4.060    8.046   10.025   11.089   12.372
            0.300000  0.390000  0.740000
   -3.094   -0.692    2.723    4.042    8.028   10.091   11.162   12.351
            0.300000  0.390000  0.750000
   -3.064   -0.701    2.660    4.024    8.009   10.158   11.235   12.331
            0.300000  0.390000  0.760000
   -3.035   -0.708    2.597    4.008    7.991   10.226   11.309   12.313
            0.300000  0.390000  0.770000
   -3.007   -0.714    2.535    3.992    7.973   10.294   11.384   12.295
            0.300000  0.390000  0.780000
   -2.979   -0.718    2.474    3.976    7.956   10.363   11.459   12.278
            0.300000  0.390000  0.790000
   -2.953   -0.722    2.414    3.962    7.939   10.432   11.534   12.263
            0.300000  0.390000  0.800000
   -2.927   -0.724    2.356    3.948    7.923   10.502   11.609   12.249
            0.300000  0.390000  0.810000
   -2.903   -0.725    2.299    3.934    7.907   10.572   11.684   12.237
            0.300000  0.390000  0.820000
   -2.879   -0.725    2.243    3.922    7.892   10.642   11.757   12.227
            0.300000  0.390000  0.830000
   -2.857   -0.724    2.189    3.910    7.878   10.713   11.829   12.220
            0.300000  0.390000  0.840000
   -2.836   -0.722    2.137    3.899    7.864   10.784   11.898   12.217
            0.300000  0.390000  0.850000
   -2.816   -0.719    2.087    3.888    7.851   10.854   11.961   12.222
            0.300000  0.390000  0.860000
   -2.797   -0.715    2.040    3.878    7.839   10.925   12.012   12.237
            0.300000  0.390000  0.870000
   -2.779   -0.711    1.994    3.869    7.827   10.995   12.049   12.269
            0.300000  0.390000  0.880000
   -2.763   -0.706    1.951    3.860    7.817   11.064   12.070   12.316
            0.300000  0.390000  0.890000
   -2.748   -0.701    1.911    3.852    7.807   11.133   12.081   12.372
            0.300000  0.390000  0.900000
   -2.734   -0.696    1.873    3.845    7.798   11.200   12.086   12.433
            0.300000  0.390000  0.910000
   -2.722   -0.691    1.838    3.839    7.789   11.266   12.090   12.493
            0.300000  0.390000  0.920000
   -2.711   -0.686    1.807    3.833    7.782   11.330   12.093   12.548
            0.300000  0.390000  0.930000
   -2.701   -0.681    1.778    3.828    7.775   11.390   12.098   12.593
            0.300000  0.390000  0.940000
   -2.693   -0.676    1.753    3.823    7.770   11.447   12.104   12.621
            0.300000  0.390000  0.950000
   -2.686   -0.671    1.732    3.820    7.765   11.498   12.112   12.627
            0.300000  0.390000  0.960000
   -2.680   -0.668    1.714    3.817    7.761   11.543   12.122   12.612
            0.300000  0.390000  0.970000
   -2.675   -0.665    1.701    3.814    7.758   11.579   12.134   12.585
            0.300000  0.390000  0.980000
   -2.672   -0.663    1.691    3.812    7.755   11.606   12.146   12.557
            0.300000  0.390000  0.990000
   -2.670   -0.661    1.685    3.811    7.754   11.623   12.155   12.536
            0.300000  0.390000  1.000000
   -2.669   -0.661    1.683    3.811    7.754   11.629   12.159   12.529
