 &plot nbnd=   8, nks=   101 /
            0.720000  0.940000  0.000000
   -1.787   -1.534    2.267    2.820    7.810    8.631   13.194   13.343
            0.720000  0.940000  0.010000
   -1.803   -1.519    2.267    2.820    7.810    8.632   13.154   13.384
            0.720000  0.940000  0.020000
   -1.842   -1.479    2.269    2.823    7.811    8.634   13.078   13.460
            0.720000  0.940000  0.030000
   -1.893   -1.427    2.271    2.827    7.813    8.637   12.997   13.544
            0.720000  0.940000  0.040000
   -1.949   -1.370    2.274    2.832    7.815    8.642   12.913   13.630
            0.720000  0.940000  0.050000
   -2.009   -1.309    2.278    2.839    7.818    8.648   12.829   13.717
            0.720000  0.940000  0.060000
   -2.069   -1.247    2.282    2.848    7.821    8.656   12.745   13.805
            0.720000  0.940000  0.070000
   -2.130   -1.184    2.288    2.858    7.826    8.665   12.661   13.893
            0.720000  0.940000  0.080000
   -2.192   -1.121    2.294    2.870    7.830    8.675   12.577   13.981
            0.720000  0.940000  0.090000
   -2.254   -1.057    2.301    2.883    7.836    8.687   12.494   14.068
            0.720000  0.940000  0.100000
   -2.315   -0.992    2.309    2.898    7.842    8.700   12.411   14.153
            0.720000  0.940000  0.110000
   -2.377   -0.928    2.318    2.915    7.848    8.714   12.329   14.234
            0.720000  0.940000  0.120000
   -2.438   -0.863    2.328    2.933    7.856    8.730   12.248   14.309
            0.720000  0.940000  0.130000
   -2.500   -0.798    2.338    2.952    7.863    8.747   12.167   14.370
            0.720000  0.940000  0.140000
   -2.560   -0.734    2.350    2.974    7.872    8.765   12.087   14.404
            0.720000  0.940000  0.150000
   -2.621   -0.669    2.362    2.996    7.881    8.785   12.007   14.395
            0.720000  0.940000  0.160000
   -2.681   -0.605    2.375    3.021    7.891    8.806   11.928   14.347
            0.720000  0.940000  0.170000
   -2.741   -0.540    2.389    3.046    7.901    8.829   11.849   14.275
            0.720000  0.940000  0.180000
   -2.801   -0.476    2.403    3.074    7.912    8.853   11.771   14.192
            0.720000  0.940000  0.190000
   -2.860   -0.412    2.419    3.103    7.924    8.878   11.694   14.104
            0.720000  0.940000  0.200000
   -2.919   -0.348    2.435    3.133    7.936    8.905   11.617   14.012
            0.720000  0.940000  0.210000
   -2.977   -0.285    2.452    3.165    7.949    8.932   11.541   13.918
            0.720000  0.940000  0.220000
   -3.035   -0.221    2.469    3.199    7.963    8.962   11.466   13.823
            0.720000  0.940000  0.230000
   -3.092   -0.158    2.488    3.233    7.977    8.992   11.391   13.727
            0.720000  0.940000  0.240000
   -3.149   -0.095    2.507    3.270    7.992    9.024   11.317   13.631
            0.720000  0.940000  0.250000
   -3.205   -0.032    2.527    3.307    8.007    9.057   11.243   13.535
            0.720000  0.940000  0.260000
   -3.261    0.030    2.548    3.347    8.023    9.092   11.171   13.438
            0.720000  0.940000  0.270000
   -3.316    0.093    2.569    3.387    8.040    9.128   11.099   13.341
            0.720000  0.940000  0.280000
   -3.371    0.155    2.592    3.429    8.057    9.165   11.027   13.245
            0.720000  0.940000  0.290000
   -3.425    0.216    2.615    3.472    8.075    9.203   10.956   13.148
            0.720000  0.940000  0.300000
   -3.478    0.278    2.638    3.516    8.093    9.243   10.886   13.051
            0.720000  0.940000  0.310000
   -3.531    0.339    2.663    3.562    8.112    9.284   10.817   12.955
            0.720000  0.940000  0.320000
   -3.583    0.400    2.688    3.609    8.132    9.326   10.748   12.858
            0.720000  0.940000  0.330000
   -3.635    0.460    2.714    3.657    8.152    9.370   10.680   12.762
            0.720000  0.940000  0.340000
   -3.686    0.521    2.741    3.706    8.173    9.414   10.613   12.666
            0.720000  0.940000  0.350000
   -3.737    0.581    2.768    3.756    8.194    9.460   10.547   12.570
            0.720000  0.940000  0.360000
   -3.787    0.641    2.796    3.807    8.216    9.507   10.481   12.475
            0.720000  0.940000  0.370000
   -3.836    0.701    2.825    3.859    8.238    9.555   10.417   12.379
            0.720000  0.940000  0.380000
   -3.884    0.760    2.855    3.911    8.261    9.604   10.353   12.284
            0.720000  0.940000  0.390000
   -3.932    0.820    2.885    3.965    8.284    9.653   10.291   12.189
            0.720000  0.940000  0.400000
   -3.980    0.879    2.916    4.019    8.308    9.703   10.231   12.095
            0.720000  0.940000  0.410000
   -4.026    0.938    2.948    4.074    8.332    9.753   10.172   12.001
            0.720000  0.940000  0.420000
   -4.072    0.997    2.980    4.130    8.357    9.801   10.118   11.907
            0.720000  0.940000  0.430000
   -4.117    1.056    3.013    4.186    8.382    9.842   10.072   11.813
            0.720000  0.940000  0.440000
   -4.162    1.114    3.047    4.242    8.407    9.865   10.046   11.720
            0.720000  0.940000  0.450000
   -4.206    1.173    3.081    4.299    8.433    9.855   10.055   11.628
            0.720000  0.940000  0.460000
   -4.249    1.231    3.116    4.356    8.459    9.819   10.093   11.535
            0.720000  0.940000  0.470000
   -4.291    1.290    3.151    4.414    8.485    9.772   10.143   11.444
            0.720000  0.940000  0.480000
   -4.333    1.348    3.188    4.471    8.512    9.721   10.199   11.353
            0.720000  0.940000  0.490000
   -4.374    1.407    3.224    4.528    8.538    9.670   10.258   11.262
            0.720000  0.940000  0.500000
   -4.414    1.465    3.262    4.586    8.565    9.618   10.318   11.173
            0.720000  0.940000  0.510000
   -4.454    1.523    3.300    4.643    8.592    9.567   10.380   11.084
            0.720000  0.940000  0.520000
   -4.493    1.582    3.338    4.699    8.619    9.517   10.441   10.997
            0.720000  0.940000  0.530000
   -4.531    1.640    3.378    4.755    8.645    9.469   10.502   10.913
            0.720000  0.940000  0.540000
   -4.568    1.699    3.417    4.811    8.672    9.422   10.558   10.835
            0.720000  0.940000  0.550000
   -4.605    1.757    3.458    4.865    8.697    9.377   10.597   10.776
            0.720000  0.940000  0.560000
   -4.641    1.816    3.499    4.919    8.722    9.334   10.582   10.771
            0.720000  0.940000  0.570000
   -4.676    1.874    3.540    4.972    8.746    9.293   10.520   10.816
            0.720000  0.940000  0.580000
   -4.710    1.933    3.582    5.024    8.768    9.256   10.443   10.875
            0.720000  0.940000  0.590000
   -4.744    1.992    3.624    5.074    8.789    9.223   10.363   10.940
            0.720000  0.940000  0.600000
   -4.777    2.051    3.667    5.123    8.806    9.194   10.281   11.006
            0.720000  0.940000  0.610000
   -4.809    2.110    3.710    5.170    8.819    9.172   10.200   11.072
            0.720000  0.940000  0.620000
   -4.840    2.169    3.754    5.215    8.827    9.155   10.120   11.138
            0.720000  0.940000  0.630000
   -4.870    2.229    3.798    5.258    8.830    9.146   10.040   11.203
            0.720000  0.940000  0.640000
   -4.900    2.288    3.842    5.299    8.827    9.144    9.962   11.266
            0.720000  0.940000  0.650000
   -4.929    2.348    3.887    5.337    8.820    9.148    9.885   11.327
            0.720000  0.940000  0.660000
   -4.957    2.407    3.932    5.373    8.810    9.157    9.811   11.384
            0.720000  0.940000  0.670000
   -4.985    2.467    3.977    5.406    8.798    9.168    9.739   11.435
            0.720000  0.940000  0.680000
   -5.011    2.527    4.023    5.435    8.785    9.180    9.671   11.479
            0.720000  0.940000  0.690000
   -5.037    2.587    4.068    5.462    8.773    9.190    9.608   11.513
            0.720000  0.940000  0.700000
   -5.062    2.648    4.114    5.485    8.762    9.195    9.553   11.535
            0.720000  0.940000  0.710000
   -5.086    2.708    4.160    5.505    8.752    9.191    9.510   11.542
            0.720000  0.940000  0.720000
   -5.110    2.768    4.206    5.521    8.744    9.176    9.482   11.536
            0.720000  0.940000  0.730000
   -5.132    2.829    4.252    5.533    8.737    9.148    9.469   11.517
            0.720000  0.940000  0.740000
   -5.154    2.890    4.298    5.541    8.730    9.110    9.470   11.487
            0.720000  0.940000  0.750000
   -5.175    2.950    4.344    5.546    8.722    9.069    9.479   11.450
            0.720000  0.940000  0.760000
   -5.195    3.011    4.389    5.547    8.712    9.030    9.494   11.408
            0.720000  0.940000  0.770000
   -5.215    3.072    4.434    5.544    8.697    8.997    9.511   11.362
            0.720000  0.940000  0.780000
   -5.233    3.132    4.479    5.537    8.673    8.975    9.531   11.313
            0.720000  0.940000  0.790000
   -5.251    3.193    4.524    5.527    8.641    8.964    9.552   11.263
            0.720000  0.940000  0.800000
   -5.268    3.253    4.568    5.513    8.602    8.966    9.573   11.212
            0.720000  0.940000  0.810000
   -5.284    3.314    4.611    5.496    8.557    8.976    9.594   11.160
            0.720000  0.940000  0.820000
   -5.299    3.374    4.654    5.475    8.508    8.994    9.614   11.108
            0.720000  0.940000  0.830000
   -5.314    3.433    4.695    5.452    8.459    9.018    9.635   11.055
            0.720000  0.940000  0.840000
   -5.327    3.493    4.735    5.426    8.409    9.046    9.654   11.003
            0.720000  0.940000  0.850000
   -5.340    3.552    4.775    5.398    8.359    9.078    9.673   10.950
            0.720000  0.940000  0.860000
   -5.352    3.610    4.813    5.368    8.311    9.112    9.691   10.898
            0.720000  0.940000  0.870000
   -5.363    3.668    4.849    5.336    8.264    9.150    9.707   10.847
            0.720000  0.940000  0.880000
   -5.374    3.725    4.883    5.302    8.219    9.189    9.722   10.796
            0.720000  0.940000  0.890000
   -5.383    3.781    4.915    5.267    8.176    9.230    9.736   10.746
            0.720000  0.940000  0.900000
   -5.392    3.835    4.945    5.233    8.136    9.272    9.748   10.698
            0.720000  0.940000  0.910000
   -5.400    3.888    4.971    5.198    8.099    9.314    9.759   10.650
            0.720000  0.940000  0.920000
   -5.407    3.939    4.993    5.166    8.065    9.357    9.767   10.605
            0.720000  0.940000  0.930000
   -5.413    3.987    5.009    5.138    8.034    9.399    9.774   10.562
            0.720000  0.940000  0.940000
   -5.418    4.032    5.014    5.119    8.007    9.440    9.778   10.522
            0.720000  0.940000  0.950000
   -5.423    4.073    5.006    5.113    7.984    9.479    9.780   10.486
            0.720000  0.940000  0.960000
   -5.427    4.109    4.989    5.116    7.965    9.515    9.780   10.455
            0.720000  0.940000  0.970000
   -5.430    4.139    4.971    5.122    7.950    9.546    9.777   10.429
            0.720000  0.940000  0.980000
   -5.432    4.162    4.955    5.128    7.939    9.572    9.774   10.409
            0.720000  0.940000  0.990000
   -5.433    4.176    4.945    5.131    7.932    9.588    9.770   10.397
            0.720000  0.940000  1.000000
   -5.433    4.181    4.941    5.133    7.930    9.594    9.769   10.393
