 &plot nbnd=   8, nks=   101 /
            0.060000  1.000000  0.000000
   -1.743   -1.743    3.107    3.107    6.793    6.793   15.644   15.644
            0.060000  1.000000  0.010000
   -1.747   -1.739    3.087    3.124    6.773    6.818   15.631   15.652
            0.060000  1.000000  0.020000
   -1.751   -1.735    3.066    3.139    6.757    6.847   15.614   15.655
            0.060000  1.000000  0.030000
   -1.754   -1.730    3.042    3.152    6.745    6.880   15.592   15.653
            0.060000  1.000000  0.040000
   -1.757   -1.725    3.017    3.162    6.738    6.917   15.565   15.646
            0.060000  1.000000  0.050000
   -1.760   -1.720    2.990    3.170    6.736    6.958   15.532   15.631
            0.060000  1.000000  0.060000
   -1.762   -1.715    2.962    3.176    6.738    7.002   15.492   15.608
            0.060000  1.000000  0.070000
   -1.765   -1.709    2.933    3.178    6.745    7.050   15.444   15.575
            0.060000  1.000000  0.080000
   -1.767   -1.703    2.902    3.179    6.757    7.101   15.388   15.532
            0.060000  1.000000  0.090000
   -1.769   -1.697    2.871    3.177    6.773    7.155   15.323   15.477
            0.060000  1.000000  0.100000
   -1.770   -1.690    2.839    3.172    6.794    7.213   15.250   15.411
            0.060000  1.000000  0.110000
   -1.772   -1.684    2.806    3.165    6.819    7.273   15.168   15.334
            0.060000  1.000000  0.120000
   -1.773   -1.677    2.773    3.156    6.849    7.336   15.078   15.247
            0.060000  1.000000  0.130000
   -1.775   -1.669    2.739    3.145    6.883    7.401   14.982   15.152
            0.060000  1.000000  0.140000
   -1.776   -1.662    2.705    3.131    6.922    7.469   14.879   15.050
            0.060000  1.000000  0.150000
   -1.777   -1.654    2.671    3.116    6.964    7.540   14.772   14.942
            0.060000  1.000000  0.160000
   -1.778   -1.646    2.637    3.099    7.010    7.613   14.661   14.830
            0.060000  1.000000  0.170000
   -1.779   -1.638    2.604    3.081    7.060    7.687   14.547   14.715
            0.060000  1.000000  0.180000
   -1.779   -1.629    2.570    3.061    7.113    7.764   14.430   14.597
            0.060000  1.000000  0.190000
   -1.780   -1.620    2.537    3.040    7.170    7.843   14.311   14.476
            0.060000  1.000000  0.200000
   -1.781   -1.612    2.504    3.018    7.230    7.924   14.190   14.353
            0.060000  1.000000  0.210000
   -1.781   -1.602    2.472    2.995    7.293    8.007   14.068   14.229
            0.060000  1.000000  0.220000
   -1.782   -1.593    2.440    2.971    7.359    8.091   13.945   14.104
            0.060000  1.000000  0.230000
   -1.783   -1.584    2.409    2.947    7.428    8.178   13.821   13.978
            0.060000  1.000000  0.240000
   -1.783   -1.574    2.379    2.922    7.500    8.265   13.696   13.852
            0.060000  1.000000  0.250000
   -1.784   -1.564    2.349    2.896    7.574    8.355   13.571   13.725
            0.060000  1.000000  0.260000
   -1.785   -1.554    2.321    2.871    7.650    8.445   13.445   13.598
            0.060000  1.000000  0.270000
   -1.786   -1.545    2.293    2.845    7.729    8.537   13.320   13.470
            0.060000  1.000000  0.280000
   -1.787   -1.534    2.267    2.820    7.810    8.631   13.194   13.343
            0.060000  1.000000  0.290000
   -1.788   -1.524    2.242    2.794    7.893    8.726   13.068   13.215
            0.060000  1.000000  0.300000
   -1.790   -1.514    2.217    2.769    7.978    8.822   12.943   13.088
            0.060000  1.000000  0.310000
   -1.791   -1.504    2.194    2.744    8.065    8.919   12.818   12.961
            0.060000  1.000000  0.320000
   -1.793   -1.494    2.172    2.719    8.154    9.017   12.693   12.834
            0.060000  1.000000  0.330000
   -1.795   -1.483    2.152    2.695    8.245    9.116   12.569   12.707
            0.060000  1.000000  0.340000
   -1.797   -1.473    2.133    2.672    8.337    9.216   12.445   12.581
            0.060000  1.000000  0.350000
   -1.799   -1.463    2.115    2.649    8.431    9.317   12.322   12.456
            0.060000  1.000000  0.360000
   -1.802   -1.453    2.099    2.627    8.526    9.419   12.200   12.331
            0.060000  1.000000  0.370000
   -1.805   -1.443    2.084    2.606    8.622    9.521   12.078   12.207
            0.060000  1.000000  0.380000
   -1.808   -1.433    2.070    2.585    8.720    9.624   11.958   12.083
            0.060000  1.000000  0.390000
   -1.811   -1.423    2.058    2.566    8.819    9.727   11.839   11.960
            0.060000  1.000000  0.400000
   -1.815   -1.414    2.047    2.547    8.919    9.829   11.722   11.838
            0.060000  1.000000  0.410000
   -1.819   -1.404    2.038    2.530    9.019    9.931   11.608   11.717
            0.060000  1.000000  0.420000
   -1.823   -1.395    2.031    2.514    9.121   10.031   11.496   11.597
            0.060000  1.000000  0.430000
   -1.828   -1.386    2.025    2.499    9.223   10.128   11.389   11.479
            0.060000  1.000000  0.440000
   -1.832   -1.377    2.021    2.485    9.326   10.220   11.289   11.362
            0.060000  1.000000  0.450000
   -1.838   -1.368    2.018    2.472    9.428   10.303   11.200   11.247
            0.060000  1.000000  0.460000
   -1.843   -1.360    2.016    2.460    9.530   10.369   11.128   11.134
            0.060000  1.000000  0.470000
   -1.849   -1.352    2.017    2.450    9.631   10.409   11.025   11.085
            0.060000  1.000000  0.480000
   -1.855   -1.344    2.019    2.441    9.729   10.411   10.920   11.080
            0.060000  1.000000  0.490000
   -1.861   -1.337    2.022    2.434    9.822   10.375   10.822   11.116
            0.060000  1.000000  0.500000
   -1.868   -1.330    2.027    2.427    9.906   10.310   10.735   11.182
            0.060000  1.000000  0.510000
   -1.875   -1.323    2.033    2.423    9.972   10.227   10.666   11.268
            0.060000  1.000000  0.520000
   -1.882   -1.316    2.041    2.419   10.011   10.134   10.628   11.365
            0.060000  1.000000  0.530000
   -1.889   -1.310    2.051    2.417   10.009   10.036   10.632   11.470
            0.060000  1.000000  0.540000
   -1.897   -1.305    2.062    2.417    9.934    9.969   10.676   11.580
            0.060000  1.000000  0.550000
   -1.905   -1.299    2.074    2.417    9.830    9.901   10.749   11.693
            0.060000  1.000000  0.560000
   -1.913   -1.294    2.088    2.420    9.725    9.818   10.840   11.808
            0.060000  1.000000  0.570000
   -1.921   -1.290    2.103    2.423    9.620    9.727   10.940   11.926
            0.060000  1.000000  0.580000
   -1.929   -1.285    2.120    2.428    9.515    9.631   11.047   12.045
            0.060000  1.000000  0.590000
   -1.938   -1.282    2.138    2.435    9.410    9.533   11.159   12.165
            0.060000  1.000000  0.600000
   -1.947   -1.278    2.157    2.443    9.305    9.433   11.273   12.287
            0.060000  1.000000  0.610000
   -1.955   -1.275    2.178    2.452    9.202    9.333   11.389   12.410
            0.060000  1.000000  0.620000
   -1.964   -1.272    2.199    2.463    9.099    9.233   11.508   12.533
            0.060000  1.000000  0.630000
   -1.973   -1.270    2.222    2.474    8.997    9.134   11.627   12.657
            0.060000  1.000000  0.640000
   -1.982   -1.268    2.246    2.488    8.895    9.035   11.748   12.782
            0.060000  1.000000  0.650000
   -1.991   -1.266    2.272    2.502    8.795    8.937   11.870   12.907
            0.060000  1.000000  0.660000
   -2.000   -1.264    2.298    2.518    8.696    8.840   11.992   13.033
            0.060000  1.000000  0.670000
   -2.009   -1.263    2.325    2.534    8.598    8.744   12.115   13.159
            0.060000  1.000000  0.680000
   -2.018   -1.262    2.353    2.552    8.502    8.649   12.239   13.286
            0.060000  1.000000  0.690000
   -2.027   -1.262    2.382    2.571    8.406    8.556   12.364   13.412
            0.060000  1.000000  0.700000
   -2.036   -1.261    2.412    2.591    8.313    8.464   12.489   13.539
            0.060000  1.000000  0.710000
   -2.045   -1.261    2.442    2.612    8.220    8.373   12.614   13.666
            0.060000  1.000000  0.720000
   -2.053   -1.262    2.473    2.633    8.129    8.284   12.740   13.793
            0.060000  1.000000  0.730000
   -2.062   -1.262    2.505    2.656    8.040    8.197   12.865   13.919
            0.060000  1.000000  0.740000
   -2.070   -1.262    2.537    2.679    7.952    8.112   12.991   14.045
            0.060000  1.000000  0.750000
   -2.078   -1.263    2.570    2.702    7.866    8.028   13.117   14.169
            0.060000  1.000000  0.760000
   -2.086   -1.264    2.603    2.727    7.782    7.946   13.243   14.293
            0.060000  1.000000  0.770000
   -2.094   -1.265    2.636    2.751    7.700    7.866   13.369   14.416
            0.060000  1.000000  0.780000
   -2.102   -1.266    2.669    2.777    7.619    7.788   13.494   14.536
            0.060000  1.000000  0.790000
   -2.109   -1.267    2.703    2.802    7.541    7.712   13.619   14.653
            0.060000  1.000000  0.800000
   -2.116   -1.268    2.736    2.827    7.465    7.639   13.744   14.767
            0.060000  1.000000  0.810000
   -2.123   -1.270    2.769    2.853    7.392    7.568   13.868   14.876
            0.060000  1.000000  0.820000
   -2.130   -1.271    2.802    2.878    7.321    7.500   13.991   14.979
            0.060000  1.000000  0.830000
   -2.136   -1.273    2.834    2.903    7.252    7.434   14.113   15.074
            0.060000  1.000000  0.840000
   -2.142   -1.274    2.866    2.928    7.186    7.370   14.233   15.158
            0.060000  1.000000  0.850000
   -2.147   -1.275    2.897    2.953    7.123    7.310   14.352   15.232
            0.060000  1.000000  0.860000
   -2.153   -1.277    2.927    2.976    7.063    7.253   14.469   15.293
            0.060000  1.000000  0.870000
   -2.158   -1.278    2.956    2.999    7.006    7.199   14.584   15.343
            0.060000  1.000000  0.880000
   -2.163   -1.279    2.984    3.021    6.952    7.148   14.696   15.382
            0.060000  1.000000  0.890000
   -2.167   -1.281    3.010    3.042    6.902    7.100   14.804   15.413
            0.060000  1.000000  0.900000
   -2.171   -1.282    3.035    3.062    6.856    7.056   14.908   15.437
            0.060000  1.000000  0.910000
   -2.175   -1.283    3.058    3.080    6.813    7.016   15.008   15.455
            0.060000  1.000000  0.920000
   -2.178   -1.284    3.080    3.097    6.774    6.979   15.101   15.469
            0.060000  1.000000  0.930000
   -2.181   -1.285    3.099    3.112    6.740    6.947   15.188   15.480
            0.060000  1.000000  0.940000
   -2.183   -1.285    3.116    3.126    6.709    6.918   15.267   15.489
            0.060000  1.000000  0.950000
   -2.185   -1.286    3.131    3.138    6.683    6.894   15.337   15.496
            0.060000  1.000000  0.960000
   -2.187   -1.287    3.143    3.147    6.662    6.874   15.397   15.501
            0.060000  1.000000  0.970000
   -2.189   -1.287    3.152    3.155    6.645    6.858   15.445   15.504
            0.060000  1.000000  0.980000
   -2.190   -1.288    3.159    3.161    6.633    6.847   15.480   15.507
            0.060000  1.000000  0.990000
   -2.190   -1.288    3.164    3.164    6.626    6.840   15.501   15.508
            0.060000  1.000000  1.000000
   -2.190   -1.288    3.165    3.165    6.623    6.838   15.509   15.509
