 &plot nbnd=   8, nks=    50 /
            0.666700  0.444400  0.000000
   -4.000   -0.939    1.304    2.933    7.693    8.636    9.401   11.245
            0.666700  0.444400  0.020400
   -4.000   -0.943    1.311    2.935    7.694    8.611    9.431   11.225
            0.666700  0.444400  0.040800
   -3.999   -0.958    1.333    2.939    7.694    8.544    9.510   11.167
            0.666700  0.444400  0.061200
   -3.998   -0.982    1.368    2.948    7.693    8.454    9.621   11.080
            0.666700  0.444400  0.081600
   -3.997   -1.014    1.416    2.959    7.691    8.354    9.748   10.972
            0.666700  0.444400  0.102000
   -3.995   -1.052    1.474    2.973    7.686    8.256    9.884   10.856
            0.666700  0.444400  0.122400
   -3.994   -1.095    1.542    2.991    7.673    8.164   10.016   10.741
            0.666700  0.444400  0.142900
   -3.993   -1.141    1.617    3.012    7.646    8.088   10.126   10.648
            0.666700  0.444400  0.163300
   -3.993   -1.190    1.699    3.036    7.602    8.033   10.166   10.626
            0.666700  0.444400  0.183700
   -3.992   -1.239    1.784    3.064    7.540    8.002   10.108   10.705
            0.666700  0.444400  0.204100
   -3.993   -1.288    1.873    3.095    7.464    7.989    9.995   10.841
            0.666700  0.444400  0.224500
   -3.995   -1.335    1.963    3.128    7.380    7.990    9.862   10.999
            0.666700  0.444400  0.244900
   -3.997   -1.379    2.054    3.165    7.293    8.000    9.725   11.166
            0.666700  0.444400  0.265300
   -4.001   -1.420    2.144    3.205    7.207    8.016    9.586   11.337
            0.666700  0.444400  0.285700
   -4.007   -1.456    2.232    3.248    7.123    8.035    9.447   11.509
            0.666700  0.444400  0.306100
   -4.015   -1.488    2.318    3.292    7.042    8.057    9.313   11.679
            0.666700  0.444400  0.326500
   -4.024   -1.514    2.400    3.338    6.967    8.081    9.183   11.844
            0.666700  0.444400  0.346900
   -4.036   -1.534    2.479    3.385    6.896    8.104    9.058   11.998
            0.666700  0.444400  0.367300
   -4.051   -1.548    2.553    3.431    6.833    8.127    8.942   12.137
            0.666700  0.444400  0.387800
   -4.067   -1.556    2.624    3.475    6.775    8.147    8.836   12.254
            0.666700  0.444400  0.408200
   -4.086   -1.557    2.689    3.516    6.725    8.163    8.743   12.341
            0.666700  0.444400  0.428600
   -4.108   -1.551    2.750    3.552    6.683    8.171    8.667   12.397
            0.666700  0.444400  0.449000
   -4.131   -1.538    2.806    3.583    6.648    8.169    8.611   12.421
            0.666700  0.444400  0.469400
   -4.156   -1.519    2.858    3.606    6.621    8.155    8.577   12.417
            0.666700  0.444400  0.489800
   -4.183   -1.494    2.905    3.621    6.602    8.133    8.564   12.386
            0.666700  0.444400  0.510200
   -4.211   -1.462    2.947    3.627    6.590    8.108    8.567   12.327
            0.666700  0.444400  0.530600
   -4.241   -1.425    2.983    3.624    6.584    8.083    8.581   12.240
            0.666700  0.444400  0.551000
   -4.271   -1.382    3.014    3.612    6.586    8.064    8.604   12.126
            0.666700  0.444400  0.571400
   -4.302   -1.333    3.039    3.592    6.593    8.053    8.632   11.991
            0.666700  0.444400  0.591800
   -4.333   -1.280    3.056    3.566    6.606    8.050    8.667   11.838
            0.666700  0.444400  0.612200
   -4.365   -1.221    3.063    3.535    6.624    8.055    8.706   11.674
            0.666700  0.444400  0.632700
   -4.396   -1.159    3.059    3.504    6.648    8.066    8.752   11.503
            0.666700  0.444400  0.653100
   -4.426   -1.092    3.041    3.475    6.677    8.081    8.805   11.328
            0.666700  0.444400  0.673500
   -4.456   -1.022    3.007    3.451    6.712    8.099    8.864   11.151
            0.666700  0.444400  0.693900
   -4.485   -0.949    2.957    3.434    6.753    8.118    8.932   10.975
            0.666700  0.444400  0.714300
   -4.513   -0.874    2.894    3.423    6.799    8.135    9.008   10.800
            0.666700  0.444400  0.734700
   -4.539   -0.795    2.820    3.416    6.852    8.151    9.091   10.628
            0.666700  0.444400  0.755100
   -4.564   -0.715    2.738    3.411    6.911    8.164    9.180   10.461
            0.666700  0.444400  0.775500
   -4.588   -0.635    2.650    3.409    6.974    8.173    9.273   10.299
            0.666700  0.444400  0.795900
   -4.610   -0.554    2.559    3.407    7.043    8.178    9.366   10.147
            0.666700  0.444400  0.816300
   -4.630   -0.473    2.467    3.406    7.117    8.181    9.452   10.013
            0.666700  0.444400  0.836700
   -4.649   -0.394    2.375    3.404    7.196    8.180    9.506    9.918
            0.666700  0.444400  0.857100
   -4.665   -0.317    2.287    3.404    7.278    8.176    9.496    9.898
            0.666700  0.444400  0.877600
   -4.679   -0.244    2.203    3.403    7.364    8.166    9.420    9.950
            0.666700  0.444400  0.898000
   -4.691   -0.177    2.126    3.402    7.450    8.153    9.322   10.030
            0.666700  0.444400  0.918400
   -4.701   -0.118    2.058    3.401    7.535    8.134    9.226   10.114
            0.666700  0.444400  0.938800
   -4.709   -0.069    2.002    3.400    7.616    8.111    9.143   10.191
            0.666700  0.444400  0.959200
   -4.715   -0.032    1.960    3.400    7.688    8.084    9.079   10.253
            0.666700  0.444400  0.979600
   -4.718   -0.009    1.933    3.399    7.742    8.059    9.038   10.293
            0.666700  0.444400  1.000000
   -4.719   -0.001    1.924    3.399    7.763    8.047    9.024   10.307
