 &plot nbnd=   8, nks=   101 /
            0.620000  0.050000  0.000000
   -4.164    1.367    3.656    3.707    6.863    8.297   12.495   12.628
            0.620000  0.050000  0.010000
   -4.163    1.366    3.654    3.707    6.865    8.299   12.494   12.623
            0.620000  0.050000  0.020000
   -4.162    1.363    3.649    3.708    6.872    8.304   12.492   12.608
            0.620000  0.050000  0.030000
   -4.160    1.359    3.641    3.710    6.883    8.313   12.487   12.583
            0.620000  0.050000  0.040000
   -4.158    1.352    3.630    3.712    6.899    8.326   12.475   12.555
            0.620000  0.050000  0.050000
   -4.155    1.344    3.616    3.715    6.920    8.342   12.451   12.529
            0.620000  0.050000  0.060000
   -4.151    1.335    3.599    3.718    6.944    8.362   12.408   12.514
            0.620000  0.050000  0.070000
   -4.146    1.323    3.580    3.722    6.973    8.385   12.350   12.505
            0.620000  0.050000  0.080000
   -4.141    1.310    3.558    3.726    7.006    8.412   12.283   12.499
            0.620000  0.050000  0.090000
   -4.135    1.295    3.534    3.730    7.043    8.442   12.209   12.493
            0.620000  0.050000  0.100000
   -4.128    1.279    3.508    3.736    7.083    8.475   12.129   12.488
            0.620000  0.050000  0.110000
   -4.120    1.261    3.480    3.741    7.127    8.512   12.046   12.482
            0.620000  0.050000  0.120000
   -4.112    1.242    3.450    3.747    7.175    8.551   11.958   12.477
            0.620000  0.050000  0.130000
   -4.103    1.221    3.419    3.754    7.226    8.594   11.867   12.470
            0.620000  0.050000  0.140000
   -4.094    1.199    3.386    3.761    7.279    8.640   11.774   12.464
            0.620000  0.050000  0.150000
   -4.083    1.175    3.351    3.768    7.336    8.689   11.679   12.457
            0.620000  0.050000  0.160000
   -4.072    1.151    3.315    3.776    7.396    8.741   11.581   12.450
            0.620000  0.050000  0.170000
   -4.061    1.125    3.279    3.785    7.458    8.795   11.483   12.443
            0.620000  0.050000  0.180000
   -4.048    1.098    3.241    3.794    7.523    8.853   11.383   12.435
            0.620000  0.050000  0.190000
   -4.035    1.070    3.203    3.803    7.590    8.913   11.282   12.426
            0.620000  0.050000  0.200000
   -4.022    1.041    3.164    3.813    7.659    8.975   11.180   12.417
            0.620000  0.050000  0.210000
   -4.007    1.011    3.124    3.824    7.731    9.040   11.077   12.408
            0.620000  0.050000  0.220000
   -3.992    0.980    3.084    3.835    7.805    9.108   10.974   12.399
            0.620000  0.050000  0.230000
   -3.976    0.948    3.043    3.846    7.881    9.178   10.871   12.389
            0.620000  0.050000  0.240000
   -3.960    0.915    3.002    3.857    7.958    9.250   10.767   12.379
            0.620000  0.050000  0.250000
   -3.943    0.882    2.962    3.870    8.038    9.324   10.664   12.368
            0.620000  0.050000  0.260000
   -3.925    0.849    2.920    3.882    8.119    9.400   10.560   12.357
            0.620000  0.050000  0.270000
   -3.907    0.814    2.879    3.895    8.202    9.478   10.457   12.346
            0.620000  0.050000  0.280000
   -3.888    0.779    2.838    3.908    8.286    9.559   10.354   12.334
            0.620000  0.050000  0.290000
   -3.868    0.744    2.797    3.921    8.372    9.641   10.251   12.322
            0.620000  0.050000  0.300000
   -3.848    0.708    2.757    3.935    8.460    9.725   10.149   12.310
            0.620000  0.050000  0.310000
   -3.827    0.672    2.716    3.949    8.549    9.810   10.048   12.297
            0.620000  0.050000  0.320000
   -3.805    0.636    2.676    3.962    8.639    9.893    9.951   12.284
            0.620000  0.050000  0.330000
   -3.783    0.599    2.636    3.977    8.730    9.843    9.990   12.271
            0.620000  0.050000  0.340000
   -3.761    0.562    2.597    3.991    8.823    9.745   10.080   12.257
            0.620000  0.050000  0.350000
   -3.737    0.525    2.558    4.005    8.917    9.647   10.172   12.244
            0.620000  0.050000  0.360000
   -3.714    0.487    2.519    4.019    9.012    9.550   10.266   12.230
            0.620000  0.050000  0.370000
   -3.689    0.450    2.481    4.033    9.107    9.455   10.361   12.216
            0.620000  0.050000  0.380000
   -3.664    0.412    2.444    4.047    9.202    9.363   10.458   12.202
            0.620000  0.050000  0.390000
   -3.639    0.375    2.407    4.060    9.248    9.321   10.556   12.188
            0.620000  0.050000  0.400000
   -3.613    0.337    2.370    4.073    9.168    9.409   10.655   12.173
            0.620000  0.050000  0.410000
   -3.586    0.300    2.335    4.086    9.078    9.508   10.755   12.159
            0.620000  0.050000  0.420000
   -3.559    0.262    2.300    4.099    8.990    9.609   10.857   12.144
            0.620000  0.050000  0.430000
   -3.531    0.225    2.266    4.110    8.903    9.711   10.959   12.130
            0.620000  0.050000  0.440000
   -3.503    0.187    2.233    4.121    8.818    9.814   11.063   12.116
            0.620000  0.050000  0.450000
   -3.475    0.150    2.200    4.132    8.735    9.918   11.167   12.102
            0.620000  0.050000  0.460000
   -3.446    0.113    2.168    4.141    8.654   10.022   11.271   12.089
            0.620000  0.050000  0.470000
   -3.416    0.076    2.137    4.150    8.575   10.128   11.376   12.076
            0.620000  0.050000  0.480000
   -3.386    0.039    2.108    4.157    8.499   10.234   11.480   12.065
            0.620000  0.050000  0.490000
   -3.356    0.002    2.078    4.163    8.425   10.340   11.583   12.056
            0.620000  0.050000  0.500000
   -3.325   -0.034    2.050    4.168    8.354   10.448   11.681   12.052
            0.620000  0.050000  0.510000
   -3.294   -0.070    2.023    4.171    8.286   10.556   11.770   12.059
            0.620000  0.050000  0.520000
   -3.263   -0.106    1.997    4.173    8.221   10.664   11.839   12.086
            0.620000  0.050000  0.530000
   -3.231   -0.142    1.972    4.172    8.160   10.773   11.876   12.145
            0.620000  0.050000  0.540000
   -3.199   -0.177    1.948    4.170    8.102   10.882   11.888   12.230
            0.620000  0.050000  0.550000
   -3.167   -0.212    1.925    4.166    8.047   10.991   11.887   12.328
            0.620000  0.050000  0.560000
   -3.134   -0.247    1.903    4.160    7.996   11.100   11.880   12.432
            0.620000  0.050000  0.570000
   -3.101   -0.281    1.882    4.152    7.948   11.209   11.870   12.537
            0.620000  0.050000  0.580000
   -3.068   -0.315    1.862    4.141    7.905   11.317   11.859   12.641
            0.620000  0.050000  0.590000
   -3.034   -0.349    1.843    4.128    7.866   11.423   11.848   12.738
            0.620000  0.050000  0.600000
   -3.001   -0.383    1.826    4.112    7.830   11.526   11.839   12.816
            0.620000  0.050000  0.610000
   -2.967   -0.416    1.810    4.094    7.799   11.620   11.837   12.848
            0.620000  0.050000  0.620000
   -2.933   -0.449    1.795    4.074    7.772   11.691   11.856   12.818
            0.620000  0.050000  0.630000
   -2.899   -0.481    1.781    4.050    7.750   11.719   11.913   12.754
            0.620000  0.050000  0.640000
   -2.864   -0.513    1.769    4.025    7.731   11.718   11.994   12.682
            0.620000  0.050000  0.650000
   -2.830   -0.545    1.758    3.997    7.717   11.706   12.075   12.614
            0.620000  0.050000  0.660000
   -2.796   -0.576    1.748    3.966    7.707   11.687   12.139   12.564
            0.620000  0.050000  0.670000
   -2.761   -0.607    1.740    3.933    7.701   11.665   12.166   12.550
            0.620000  0.050000  0.680000
   -2.727   -0.638    1.733    3.897    7.700   11.639   12.149   12.579
            0.620000  0.050000  0.690000
   -2.693   -0.669    1.727    3.860    7.702   11.609   12.103   12.632
            0.620000  0.050000  0.700000
   -2.658   -0.699    1.723    3.820    7.708   11.572   12.047   12.686
            0.620000  0.050000  0.710000
   -2.624   -0.728    1.720    3.779    7.718   11.528   11.989   12.723
            0.620000  0.050000  0.720000
   -2.590   -0.757    1.719    3.735    7.732   11.477   11.936   12.740
            0.620000  0.050000  0.730000
   -2.556   -0.786    1.719    3.690    7.749   11.417   11.889   12.740
            0.620000  0.050000  0.740000
   -2.522   -0.815    1.720    3.644    7.770   11.350   11.849   12.732
            0.620000  0.050000  0.750000
   -2.489   -0.843    1.723    3.596    7.794   11.276   11.816   12.718
            0.620000  0.050000  0.760000
   -2.456   -0.871    1.728    3.547    7.821   11.197   11.788   12.702
            0.620000  0.050000  0.770000
   -2.423   -0.898    1.734    3.497    7.852   11.115   11.764   12.684
            0.620000  0.050000  0.780000
   -2.390   -0.925    1.742    3.446    7.885   11.029   11.744   12.666
            0.620000  0.050000  0.790000
   -2.358   -0.952    1.751    3.394    7.921   10.942   11.726   12.648
            0.620000  0.050000  0.800000
   -2.326   -0.978    1.762    3.341    7.960   10.854   11.710   12.631
            0.620000  0.050000  0.810000
   -2.295   -1.004    1.774    3.289    8.001   10.765   11.696   12.613
            0.620000  0.050000  0.820000
   -2.264   -1.029    1.788    3.235    8.045   10.676   11.683   12.597
            0.620000  0.050000  0.830000
   -2.233   -1.054    1.804    3.182    8.091   10.586   11.672   12.581
            0.620000  0.050000  0.840000
   -2.204   -1.079    1.821    3.129    8.139   10.497   11.661   12.565
            0.620000  0.050000  0.850000
   -2.175   -1.103    1.840    3.075    8.190   10.408   11.652   12.551
            0.620000  0.050000  0.860000
   -2.146   -1.126    1.860    3.022    8.243   10.320   11.643   12.537
            0.620000  0.050000  0.870000
   -2.119   -1.149    1.881    2.970    8.297   10.232   11.635   12.525
            0.620000  0.050000  0.880000
   -2.093   -1.171    1.904    2.917    8.354   10.145   11.628   12.513
            0.620000  0.050000  0.890000
   -2.067   -1.192    1.929    2.865    8.412   10.058   11.622   12.502
            0.620000  0.050000  0.900000
   -2.043   -1.213    1.955    2.814    8.472    9.972   11.616   12.492
            0.620000  0.050000  0.910000
   -2.020   -1.232    1.982    2.764    8.534    9.887   11.611   12.483
            0.620000  0.050000  0.920000
   -1.998   -1.250    2.011    2.715    8.597    9.803   11.606   12.475
            0.620000  0.050000  0.930000
   -1.979   -1.267    2.040    2.667    8.662    9.720   11.602   12.467
            0.620000  0.050000  0.940000
   -1.961   -1.282    2.071    2.621    8.728    9.638   11.598   12.461
            0.620000  0.050000  0.950000
   -1.945   -1.296    2.101    2.576    8.796    9.557   11.595   12.456
            0.620000  0.050000  0.960000
   -1.932   -1.308    2.132    2.535    8.864    9.477   11.593   12.451
            0.620000  0.050000  0.970000
   -1.921   -1.317    2.161    2.497    8.933    9.400   11.591   12.448
            0.620000  0.050000  0.980000
   -1.913   -1.324    2.187    2.464    9.002    9.324   11.590   12.446
            0.620000  0.050000  0.990000
   -1.908   -1.328    2.206    2.441    9.068    9.256   11.589   12.444
            0.620000  0.050000  1.000000
   -1.907   -1.329    2.214    2.433    9.105    9.217   11.589   12.444
