 &plot nbnd=   8, nks=   101 /
            0.600000  0.720000  0.000000
   -2.623   -0.699    1.688    3.715    7.850   11.496   12.096   12.346
            0.600000  0.720000  0.010000
   -2.623   -0.699    1.690    3.715    7.850   11.490   12.090   12.358
            0.600000  0.720000  0.020000
   -2.625   -0.700    1.696    3.716    7.852   11.472   12.077   12.390
            0.600000  0.720000  0.030000
   -2.629   -0.702    1.706    3.718    7.854   11.443   12.061   12.435
            0.600000  0.720000  0.040000
   -2.634   -0.704    1.719    3.721    7.857   11.405   12.047   12.488
            0.600000  0.720000  0.050000
   -2.641   -0.706    1.735    3.724    7.861   11.358   12.036   12.542
            0.600000  0.720000  0.060000
   -2.649   -0.709    1.756    3.728    7.866   11.306   12.028   12.593
            0.600000  0.720000  0.070000
   -2.658   -0.712    1.779    3.733    7.871   11.248   12.023   12.634
            0.600000  0.720000  0.080000
   -2.669   -0.715    1.806    3.739    7.878   11.187   12.021   12.652
            0.600000  0.720000  0.090000
   -2.681   -0.719    1.837    3.746    7.885   11.123   12.022   12.640
            0.600000  0.720000  0.100000
   -2.695   -0.722    1.870    3.753    7.893   11.057   12.024   12.601
            0.600000  0.720000  0.110000
   -2.710   -0.725    1.906    3.761    7.902   10.989   12.027   12.546
            0.600000  0.720000  0.120000
   -2.726   -0.727    1.944    3.770    7.912   10.921   12.032   12.481
            0.600000  0.720000  0.130000
   -2.744   -0.729    1.986    3.779    7.923   10.852   12.037   12.411
            0.600000  0.720000  0.140000
   -2.763   -0.731    2.029    3.790    7.934   10.782   12.042   12.340
            0.600000  0.720000  0.150000
   -2.783   -0.732    2.075    3.801    7.947   10.713   12.045   12.270
            0.600000  0.720000  0.160000
   -2.805   -0.732    2.123    3.813    7.960   10.643   12.040   12.207
            0.600000  0.720000  0.170000
   -2.827   -0.731    2.172    3.825    7.973   10.574   12.017   12.163
            0.600000  0.720000  0.180000
   -2.851   -0.730    2.224    3.839    7.988   10.505   11.966   12.147
            0.600000  0.720000  0.190000
   -2.876   -0.727    2.277    3.853    8.003   10.436   11.899   12.148
            0.600000  0.720000  0.200000
   -2.903   -0.723    2.331    3.868    8.018   10.367   11.825   12.157
            0.600000  0.720000  0.210000
   -2.930   -0.719    2.387    3.884    8.035   10.300   11.749   12.169
            0.600000  0.720000  0.220000
   -2.958   -0.713    2.444    3.901    8.051   10.232   11.671   12.185
            0.600000  0.720000  0.230000
   -2.987   -0.706    2.503    3.918    8.069   10.166   11.593   12.201
            0.600000  0.720000  0.240000
   -3.017   -0.698    2.562    3.937    8.087   10.100   11.514   12.219
            0.600000  0.720000  0.250000
   -3.047   -0.688    2.621    3.956    8.105   10.035   11.436   12.239
            0.600000  0.720000  0.260000
   -3.079   -0.677    2.682    3.976    8.123    9.970   11.358   12.259
            0.600000  0.720000  0.270000
   -3.111   -0.666    2.743    3.997    8.142    9.907   11.281   12.281
            0.600000  0.720000  0.280000
   -3.143   -0.653    2.805    4.019    8.161    9.845   11.204   12.303
            0.600000  0.720000  0.290000
   -3.176   -0.638    2.866    4.042    8.180    9.784   11.129   12.327
            0.600000  0.720000  0.300000
   -3.210   -0.623    2.928    4.065    8.198    9.724   11.053   12.351
            0.600000  0.720000  0.310000
   -3.244   -0.606    2.990    4.090    8.217    9.665   10.979   12.377
            0.600000  0.720000  0.320000
   -3.278   -0.588    3.052    4.115    8.235    9.609   10.906   12.403
            0.600000  0.720000  0.330000
   -3.313   -0.569    3.114    4.142    8.252    9.554   10.833   12.430
            0.600000  0.720000  0.340000
   -3.348   -0.549    3.176    4.169    8.268    9.501   10.762   12.459
            0.600000  0.720000  0.350000
   -3.383   -0.528    3.237    4.198    8.283    9.450   10.692   12.488
            0.600000  0.720000  0.360000
   -3.418   -0.505    3.297    4.227    8.296    9.403   10.623   12.518
            0.600000  0.720000  0.370000
   -3.453   -0.481    3.357    4.257    8.307    9.358   10.555   12.549
            0.600000  0.720000  0.380000
   -3.489   -0.457    3.416    4.289    8.316    9.317   10.489   12.581
            0.600000  0.720000  0.390000
   -3.524   -0.431    3.474    4.321    8.321    9.280   10.423   12.613
            0.600000  0.720000  0.400000
   -3.559   -0.404    3.531    4.354    8.323    9.248   10.360   12.647
            0.600000  0.720000  0.410000
   -3.594   -0.376    3.587    4.388    8.322    9.221   10.297   12.682
            0.600000  0.720000  0.420000
   -3.629   -0.347    3.642    4.423    8.316    9.199   10.237   12.718
            0.600000  0.720000  0.430000
   -3.664   -0.317    3.696    4.458    8.305    9.183   10.177   12.754
            0.600000  0.720000  0.440000
   -3.699   -0.286    3.748    4.494    8.290    9.172   10.120   12.792
            0.600000  0.720000  0.450000
   -3.734   -0.254    3.799    4.531    8.271    9.167   10.064   12.830
            0.600000  0.720000  0.460000
   -3.768   -0.222    3.848    4.568    8.249    9.167   10.009   12.870
            0.600000  0.720000  0.470000
   -3.802   -0.188    3.897    4.604    8.223    9.171    9.957   12.910
            0.600000  0.720000  0.480000
   -3.835   -0.153    3.943    4.641    8.194    9.180    9.906   12.951
            0.600000  0.720000  0.490000
   -3.869   -0.117    3.989    4.677    8.164    9.192    9.857   12.994
            0.600000  0.720000  0.500000
   -3.902   -0.081    4.033    4.713    8.132    9.207    9.810   13.037
            0.600000  0.720000  0.510000
   -3.934   -0.043    4.076    4.748    8.100    9.225    9.764   13.081
            0.600000  0.720000  0.520000
   -3.966   -0.005    4.118    4.781    8.068    9.245    9.721   13.126
            0.600000  0.720000  0.530000
   -3.998    0.035    4.159    4.813    8.036    9.266    9.680   13.172
            0.600000  0.720000  0.540000
   -4.029    0.075    4.198    4.843    8.005    9.288    9.640   13.219
            0.600000  0.720000  0.550000
   -4.060    0.116    4.237    4.871    7.976    9.311    9.604   13.266
            0.600000  0.720000  0.560000
   -4.090    0.157    4.274    4.896    7.949    9.334    9.569   13.314
            0.600000  0.720000  0.570000
   -4.120    0.200    4.311    4.918    7.924    9.357    9.538   13.361
            0.600000  0.720000  0.580000
   -4.150    0.243    4.347    4.937    7.902    9.377    9.512   13.405
            0.600000  0.720000  0.590000
   -4.178    0.287    4.382    4.952    7.883    9.391    9.495   13.441
            0.600000  0.720000  0.600000
   -4.207    0.332    4.416    4.964    7.867    9.392    9.492   13.450
            0.600000  0.720000  0.610000
   -4.234    0.378    4.449    4.972    7.854    9.380    9.503   13.412
            0.600000  0.720000  0.620000
   -4.261    0.424    4.482    4.975    7.846    9.363    9.523   13.340
            0.600000  0.720000  0.630000
   -4.288    0.471    4.514    4.975    7.841    9.343    9.546   13.257
            0.600000  0.720000  0.640000
   -4.314    0.519    4.545    4.970    7.841    9.324    9.570   13.169
            0.600000  0.720000  0.650000
   -4.339    0.567    4.575    4.960    7.844    9.306    9.595   13.080
            0.600000  0.720000  0.660000
   -4.364    0.617    4.604    4.947    7.851    9.290    9.620   12.990
            0.600000  0.720000  0.670000
   -4.388    0.666    4.632    4.929    7.862    9.274    9.646   12.900
            0.600000  0.720000  0.680000
   -4.411    0.717    4.660    4.908    7.877    9.261    9.671   12.810
            0.600000  0.720000  0.690000
   -4.434    0.767    4.686    4.883    7.895    9.248    9.695   12.721
            0.600000  0.720000  0.700000
   -4.456    0.819    4.709    4.856    7.917    9.238    9.720   12.633
            0.600000  0.720000  0.710000
   -4.478    0.871    4.728    4.830    7.941    9.229    9.744   12.545
            0.600000  0.720000  0.720000
   -4.499    0.923    4.734    4.813    7.969    9.221    9.769   12.458
            0.600000  0.720000  0.730000
   -4.519    0.976    4.715    4.817    7.999    9.215    9.792   12.373
            0.600000  0.720000  0.740000
   -4.538    1.029    4.680    4.833    8.031    9.210    9.816   12.288
            0.600000  0.720000  0.750000
   -4.557    1.083    4.639    4.853    8.065    9.207    9.840   12.205
            0.600000  0.720000  0.760000
   -4.575    1.137    4.593    4.873    8.102    9.204    9.863   12.123
            0.600000  0.720000  0.770000
   -4.592    1.191    4.545    4.894    8.139    9.203    9.886   12.043
            0.600000  0.720000  0.780000
   -4.609    1.246    4.495    4.914    8.178    9.203    9.909   11.964
            0.600000  0.720000  0.790000
   -4.625    1.301    4.443    4.933    8.218    9.203    9.932   11.886
            0.600000  0.720000  0.800000
   -4.640    1.356    4.389    4.952    8.259    9.204    9.956   11.811
            0.600000  0.720000  0.810000
   -4.655    1.410    4.335    4.970    8.300    9.206    9.979   11.737
            0.600000  0.720000  0.820000
   -4.668    1.465    4.280    4.987    8.342    9.208   10.002   11.665
            0.600000  0.720000  0.830000
   -4.682    1.520    4.224    5.003    8.384    9.210   10.026   11.595
            0.600000  0.720000  0.840000
   -4.694    1.574    4.168    5.019    8.426    9.211   10.050   11.527
            0.600000  0.720000  0.850000
   -4.706    1.628    4.113    5.033    8.468    9.213   10.074   11.462
            0.600000  0.720000  0.860000
   -4.716    1.681    4.057    5.047    8.509    9.214   10.098   11.399
            0.600000  0.720000  0.870000
   -4.727    1.733    4.002    5.060    8.550    9.215   10.122   11.339
            0.600000  0.720000  0.880000
   -4.736    1.784    3.948    5.071    8.591    9.215   10.146   11.281
            0.600000  0.720000  0.890000
   -4.745    1.834    3.896    5.082    8.630    9.214   10.170   11.227
            0.600000  0.720000  0.900000
   -4.752    1.883    3.845    5.092    8.668    9.212   10.194   11.175
            0.600000  0.720000  0.910000
   -4.760    1.929    3.796    5.101    8.705    9.210   10.217   11.127
            0.600000  0.720000  0.920000
   -4.766    1.973    3.749    5.109    8.741    9.206   10.240   11.083
            0.600000  0.720000  0.930000
   -4.772    2.014    3.706    5.117    8.774    9.200   10.261   11.042
            0.600000  0.720000  0.940000
   -4.777    2.051    3.667    5.123    8.806    9.194   10.281   11.006
            0.600000  0.720000  0.950000
   -4.781    2.084    3.632    5.128    8.834    9.188   10.300   10.974
            0.600000  0.720000  0.960000
   -4.784    2.113    3.602    5.132    8.859    9.181   10.316   10.946
            0.600000  0.720000  0.970000
   -4.787    2.136    3.578    5.136    8.880    9.174   10.329   10.925
            0.600000  0.720000  0.980000
   -4.789    2.153    3.560    5.138    8.896    9.168   10.339   10.909
            0.600000  0.720000  0.990000
   -4.790    2.163    3.549    5.140    8.907    9.164   10.345   10.899
            0.600000  0.720000  1.000000
   -4.790    2.166    3.545    5.140    8.910    9.163   10.347   10.896
