 &plot nbnd=   8, nks=   101 /
            0.480000  0.090000  0.000000
   -4.778    2.475    4.022    4.264    7.361    9.326   11.091   11.372
            0.480000  0.090000  0.010000
   -4.777    2.473    4.023    4.262    7.363    9.327   11.089   11.369
            0.480000  0.090000  0.020000
   -4.776    2.467    4.028    4.259    7.368    9.332   11.085   11.361
            0.480000  0.090000  0.030000
   -4.774    2.456    4.035    4.252    7.378    9.340   11.077   11.347
            0.480000  0.090000  0.040000
   -4.772    2.442    4.045    4.244    7.391    9.350   11.065   11.329
            0.480000  0.090000  0.050000
   -4.768    2.423    4.057    4.234    7.408    9.364   11.048   11.308
            0.480000  0.090000  0.060000
   -4.764    2.401    4.071    4.222    7.428    9.381   11.027   11.285
            0.480000  0.090000  0.070000
   -4.759    2.376    4.083    4.212    7.452    9.400   10.999   11.262
            0.480000  0.090000  0.080000
   -4.753    2.348    4.093    4.204    7.479    9.423   10.965   11.239
            0.480000  0.090000  0.090000
   -4.746    2.317    4.094    4.203    7.509    9.448   10.925   11.218
            0.480000  0.090000  0.100000
   -4.739    2.284    4.086    4.213    7.543    9.476   10.879   11.198
            0.480000  0.090000  0.110000
   -4.731    2.248    4.068    4.230    7.579    9.506   10.828   11.180
            0.480000  0.090000  0.120000
   -4.722    2.211    4.045    4.252    7.618    9.539   10.772   11.163
            0.480000  0.090000  0.130000
   -4.712    2.171    4.018    4.277    7.661    9.573   10.714   11.146
            0.480000  0.090000  0.140000
   -4.702    2.130    3.989    4.304    7.706    9.610   10.653   11.130
            0.480000  0.090000  0.150000
   -4.691    2.088    3.957    4.332    7.753    9.647   10.591   11.114
            0.480000  0.090000  0.160000
   -4.679    2.045    3.924    4.361    7.803    9.685   10.529   11.098
            0.480000  0.090000  0.170000
   -4.666    2.000    3.889    4.390    7.855    9.723   10.469   11.082
            0.480000  0.090000  0.180000
   -4.653    1.955    3.853    4.419    7.910    9.758   10.412   11.066
            0.480000  0.090000  0.190000
   -4.638    1.908    3.816    4.449    7.966    9.789   10.362   11.050
            0.480000  0.090000  0.200000
   -4.623    1.862    3.778    4.477    8.025    9.811   10.321   11.033
            0.480000  0.090000  0.210000
   -4.608    1.814    3.739    4.506    8.085    9.820   10.297   11.016
            0.480000  0.090000  0.220000
   -4.591    1.766    3.700    4.534    8.148    9.811   10.292   10.999
            0.480000  0.090000  0.230000
   -4.574    1.718    3.660    4.561    8.212    9.784   10.307   10.982
            0.480000  0.090000  0.240000
   -4.556    1.670    3.619    4.588    8.277    9.742   10.338   10.964
            0.480000  0.090000  0.250000
   -4.537    1.621    3.578    4.614    8.344    9.692   10.382   10.947
            0.480000  0.090000  0.260000
   -4.518    1.572    3.537    4.638    8.412    9.635   10.432   10.931
            0.480000  0.090000  0.270000
   -4.498    1.523    3.495    4.662    8.481    9.575   10.488   10.917
            0.480000  0.090000  0.280000
   -4.477    1.474    3.453    4.685    8.551    9.515   10.545   10.905
            0.480000  0.090000  0.290000
   -4.455    1.425    3.412    4.706    8.621    9.454   10.600   10.899
            0.480000  0.090000  0.300000
   -4.433    1.376    3.370    4.726    8.690    9.396   10.647   10.904
            0.480000  0.090000  0.310000
   -4.410    1.327    3.328    4.744    8.756    9.343   10.679   10.927
            0.480000  0.090000  0.320000
   -4.386    1.278    3.286    4.761    8.817    9.297   10.692   10.970
            0.480000  0.090000  0.330000
   -4.362    1.229    3.245    4.776    8.867    9.264   10.690   11.030
            0.480000  0.090000  0.340000
   -4.337    1.181    3.203    4.789    8.896    9.255   10.679   11.101
            0.480000  0.090000  0.350000
   -4.311    1.132    3.162    4.800    8.899    9.275   10.663   11.179
            0.480000  0.090000  0.360000
   -4.284    1.084    3.121    4.810    8.879    9.321   10.644   11.261
            0.480000  0.090000  0.370000
   -4.257    1.036    3.080    4.817    8.845    9.384   10.624   11.347
            0.480000  0.090000  0.380000
   -4.229    0.988    3.040    4.822    8.805    9.457   10.602   11.434
            0.480000  0.090000  0.390000
   -4.201    0.941    3.000    4.824    8.763    9.536   10.579   11.524
            0.480000  0.090000  0.400000
   -4.171    0.894    2.960    4.824    8.720    9.619   10.556   11.616
            0.480000  0.090000  0.410000
   -4.142    0.847    2.921    4.822    8.679    9.704   10.532   11.709
            0.480000  0.090000  0.420000
   -4.111    0.800    2.883    4.817    8.639    9.792   10.508   11.804
            0.480000  0.090000  0.430000
   -4.080    0.754    2.844    4.809    8.602    9.881   10.484   11.899
            0.480000  0.090000  0.440000
   -4.048    0.708    2.807    4.799    8.567    9.971   10.460   11.993
            0.480000  0.090000  0.450000
   -4.016    0.663    2.770    4.786    8.535   10.062   10.437   12.087
            0.480000  0.090000  0.460000
   -3.983    0.617    2.733    4.770    8.507   10.153   10.415   12.176
            0.480000  0.090000  0.470000
   -3.949    0.573    2.697    4.751    8.482   10.240   10.397   12.254
            0.480000  0.090000  0.480000
   -3.915    0.528    2.662    4.730    8.460   10.305   10.403   12.304
            0.480000  0.090000  0.490000
   -3.880    0.484    2.627    4.705    8.442   10.312   10.467   12.312
            0.480000  0.090000  0.500000
   -3.845    0.441    2.593    4.678    8.427   10.295   10.556   12.291
            0.480000  0.090000  0.510000
   -3.809    0.397    2.559    4.648    8.416   10.273   10.651   12.256
            0.480000  0.090000  0.520000
   -3.773    0.354    2.527    4.616    8.408   10.250   10.748   12.217
            0.480000  0.090000  0.530000
   -3.736    0.312    2.495    4.580    8.404   10.226   10.846   12.176
            0.480000  0.090000  0.540000
   -3.698    0.270    2.463    4.543    8.403   10.202   10.944   12.135
            0.480000  0.090000  0.550000
   -3.660    0.228    2.433    4.503    8.406   10.178   11.043   12.094
            0.480000  0.090000  0.560000
   -3.622    0.186    2.403    4.461    8.412   10.154   11.141   12.055
            0.480000  0.090000  0.570000
   -3.583    0.145    2.374    4.417    8.421   10.131   11.239   12.017
            0.480000  0.090000  0.580000
   -3.543    0.105    2.346    4.371    8.433   10.107   11.336   11.982
            0.480000  0.090000  0.590000
   -3.504    0.064    2.318    4.324    8.449   10.084   11.429   11.952
            0.480000  0.090000  0.600000
   -3.463    0.024    2.292    4.274    8.467   10.062   11.517   11.929
            0.480000  0.090000  0.610000
   -3.423   -0.015    2.266    4.224    8.488   10.039   11.591   11.920
            0.480000  0.090000  0.620000
   -3.382   -0.055    2.241    4.172    8.512   10.017   11.640   11.938
            0.480000  0.090000  0.630000
   -3.340   -0.094    2.217    4.119    8.538    9.995   11.657   11.989
            0.480000  0.090000  0.640000
   -3.298   -0.132    2.194    4.065    8.567    9.974   11.651   12.065
            0.480000  0.090000  0.650000
   -3.256   -0.171    2.172    4.010    8.599    9.953   11.632   12.155
            0.480000  0.090000  0.660000
   -3.214   -0.209    2.150    3.955    8.633    9.932   11.608   12.251
            0.480000  0.090000  0.670000
   -3.171   -0.246    2.130    3.899    8.668    9.912   11.581   12.351
            0.480000  0.090000  0.680000
   -3.128   -0.284    2.110    3.842    8.706    9.893   11.553   12.453
            0.480000  0.090000  0.690000
   -3.085   -0.321    2.092    3.786    8.746    9.874   11.525   12.557
            0.480000  0.090000  0.700000
   -3.041   -0.358    2.074    3.729    8.788    9.856   11.497   12.661
            0.480000  0.090000  0.710000
   -2.998   -0.395    2.058    3.673    8.832    9.838   11.470   12.766
            0.480000  0.090000  0.720000
   -2.954   -0.431    2.042    3.616    8.877    9.821   11.443   12.871
            0.480000  0.090000  0.730000
   -2.910   -0.467    2.027    3.560    8.924    9.804   11.416   12.975
            0.480000  0.090000  0.740000
   -2.866   -0.503    2.014    3.504    8.972    9.788   11.391   13.073
            0.480000  0.090000  0.750000
   -2.822   -0.539    2.001    3.449    9.022    9.773   11.366   13.110
            0.480000  0.090000  0.760000
   -2.778   -0.575    1.989    3.394    9.073    9.759   11.343   13.035
            0.480000  0.090000  0.770000
   -2.734   -0.610    1.979    3.340    9.125    9.746   11.320   12.942
            0.480000  0.090000  0.780000
   -2.691   -0.645    1.969    3.287    9.178    9.734   11.298   12.847
            0.480000  0.090000  0.790000
   -2.647   -0.680    1.961    3.235    9.231    9.724   11.277   12.752
            0.480000  0.090000  0.800000
   -2.604   -0.715    1.953    3.184    9.284    9.715   11.256   12.657
            0.480000  0.090000  0.810000
   -2.560   -0.749    1.947    3.134    9.337    9.708   11.237   12.563
            0.480000  0.090000  0.820000
   -2.518   -0.783    1.941    3.085    9.388    9.705   11.219   12.470
            0.480000  0.090000  0.830000
   -2.475   -0.817    1.936    3.038    9.436    9.708   11.201   12.377
            0.480000  0.090000  0.840000
   -2.433   -0.851    1.933    2.992    9.477    9.718   11.184   12.285
            0.480000  0.090000  0.850000
   -2.392   -0.884    1.930    2.948    9.509    9.739   11.168   12.194
            0.480000  0.090000  0.860000
   -2.351   -0.917    1.928    2.906    9.530    9.773   11.153   12.105
            0.480000  0.090000  0.870000
   -2.312   -0.949    1.927    2.865    9.541    9.818   11.138   12.017
            0.480000  0.090000  0.880000
   -2.273   -0.981    1.927    2.827    9.546    9.870   11.125   11.930
            0.480000  0.090000  0.890000
   -2.235   -1.012    1.928    2.790    9.547    9.927   11.111   11.845
            0.480000  0.090000  0.900000
   -2.199   -1.041    1.929    2.756    9.546    9.987   11.099   11.762
            0.480000  0.090000  0.910000
   -2.165   -1.070    1.931    2.724    9.544   10.049   11.086   11.682
            0.480000  0.090000  0.920000
   -2.132   -1.098    1.933    2.695    9.542   10.112   11.073   11.605
            0.480000  0.090000  0.930000
   -2.101   -1.123    1.935    2.669    9.539   10.176   11.060   11.531
            0.480000  0.090000  0.940000
   -2.074   -1.147    1.938    2.646    9.537   10.238   11.046   11.463
            0.480000  0.090000  0.950000
   -2.049   -1.168    1.940    2.626    9.534   10.298   11.030   11.402
            0.480000  0.090000  0.960000
   -2.028   -1.186    1.942    2.609    9.532   10.356   11.012   11.350
            0.480000  0.090000  0.970000
   -2.010   -1.201    1.944    2.596    9.531   10.407   10.992   11.307
            0.480000  0.090000  0.980000
   -1.998   -1.212    1.946    2.586    9.529   10.449   10.972   11.277
            0.480000  0.090000  0.990000
   -1.990   -1.219    1.947    2.580    9.529   10.478   10.957   11.259
            0.480000  0.090000  1.000000
   -1.987   -1.221    1.947    2.578    9.528   10.488   10.952   11.253
