 &plot nbnd=   8, nks=   101 /
            0.500000 -0.440000 -1.000000
   -3.570    0.270    2.121    4.436    8.296   10.671   11.509   11.807
            0.500000 -0.440000 -0.980000
   -3.569    0.261    2.133    4.437    8.297   10.651   11.473   11.846
            0.500000 -0.440000 -0.960000
   -3.567    0.235    2.167    4.439    8.299   10.596   11.390   11.939
            0.500000 -0.440000 -0.940000
   -3.564    0.193    2.223    4.442    8.302   10.513   11.284   12.059
            0.500000 -0.440000 -0.920000
   -3.560    0.139    2.297    4.447    8.307   10.412   11.167   12.195
            0.500000 -0.440000 -0.900000
   -3.555    0.076    2.387    4.453    8.313   10.300   11.043   12.344
            0.500000 -0.440000 -0.880000
   -3.548    0.005    2.489    4.461    8.318   10.181   10.915   12.501
            0.500000 -0.440000 -0.860000
   -3.541   -0.070    2.601    4.469    8.324   10.060   10.786   12.665
            0.500000 -0.440000 -0.840000
   -3.534   -0.147    2.721    4.479    8.328    9.939   10.658   12.834
            0.500000 -0.440000 -0.820000
   -3.525   -0.225    2.847    4.490    8.331    9.820   10.533   13.006
            0.500000 -0.440000 -0.800000
   -3.517   -0.302    2.978    4.502    8.329    9.706   10.410   13.179
            0.500000 -0.440000 -0.780000
   -3.508   -0.377    3.112    4.515    8.322    9.598   10.293   13.350
            0.500000 -0.440000 -0.760000
   -3.500   -0.450    3.249    4.529    8.307    9.500   10.180   13.517
            0.500000 -0.440000 -0.740000
   -3.492   -0.518    3.387    4.543    8.283    9.414   10.072   13.670
            0.500000 -0.440000 -0.720000
   -3.485   -0.582    3.525    4.558    8.247    9.341    9.971   13.801
            0.500000 -0.440000 -0.700000
   -3.479   -0.641    3.662    4.574    8.197    9.285    9.876   13.892
            0.500000 -0.440000 -0.680000
   -3.474   -0.694    3.798    4.590    8.135    9.244    9.787   13.935
            0.500000 -0.440000 -0.660000
   -3.471   -0.741    3.930    4.606    8.062    9.218    9.705   13.937
            0.500000 -0.440000 -0.640000
   -3.470   -0.781    4.058    4.623    7.981    9.205    9.630   13.912
            0.500000 -0.440000 -0.620000
   -3.472   -0.813    4.179    4.639    7.896    9.202    9.563   13.873
            0.500000 -0.440000 -0.600000
   -3.475   -0.838    4.292    4.657    7.810    9.206    9.502   13.830
            0.500000 -0.440000 -0.580000
   -3.482   -0.855    4.393    4.674    7.727    9.216    9.448   13.787
            0.500000 -0.440000 -0.560000
   -3.490   -0.864    4.482    4.693    7.651    9.229    9.402   13.748
            0.500000 -0.440000 -0.540000
   -3.502   -0.865    4.554    4.712    7.585    9.245    9.362   13.715
            0.500000 -0.440000 -0.520000
   -3.516   -0.858    4.608    4.731    7.534    9.262    9.331   13.690
            0.500000 -0.440000 -0.500000
   -3.533   -0.843    4.645    4.745    7.498    9.276    9.309   13.674
            0.500000 -0.440000 -0.480000
   -3.552   -0.820    4.671    4.749    7.482    9.273    9.311   13.667
            0.500000 -0.440000 -0.460000
   -3.573   -0.789    4.687    4.738    7.485    9.261    9.329   13.669
            0.500000 -0.440000 -0.440000
   -3.595   -0.752    4.687    4.720    7.509    9.251    9.352   13.679
            0.500000 -0.440000 -0.420000
   -3.620   -0.707    4.646    4.721    7.550    9.244    9.378   13.695
            0.500000 -0.440000 -0.400000
   -3.645   -0.656    4.579    4.727    7.608    9.241    9.409   13.713
            0.500000 -0.440000 -0.380000
   -3.671   -0.598    4.495    4.733    7.680    9.240    9.444   13.727
            0.500000 -0.440000 -0.360000
   -3.697   -0.535    4.398    4.737    7.761    9.241    9.485   13.729
            0.500000 -0.440000 -0.340000
   -3.724   -0.466    4.290    4.740    7.850    9.246    9.533   13.707
            0.500000 -0.440000 -0.320000
   -3.750   -0.392    4.173    4.742    7.943    9.253    9.587   13.649
            0.500000 -0.440000 -0.300000
   -3.777   -0.314    4.050    4.743    8.038    9.265    9.649   13.552
            0.500000 -0.440000 -0.280000
   -3.802   -0.232    3.921    4.744    8.130    9.284    9.717   13.423
            0.500000 -0.440000 -0.260000
   -3.827   -0.147    3.790    4.743    8.217    9.310    9.793   13.272
            0.500000 -0.440000 -0.240000
   -3.850   -0.058    3.657    4.742    8.296    9.347    9.876   13.110
            0.500000 -0.440000 -0.220000
   -3.872    0.033    3.523    4.741    8.365    9.394    9.964   12.943
            0.500000 -0.440000 -0.200000
   -3.893    0.125    3.389    4.739    8.423    9.454   10.059   12.773
            0.500000 -0.440000 -0.180000
   -3.912    0.219    3.258    4.737    8.470    9.525   10.159   12.604
            0.500000 -0.440000 -0.160000
   -3.930    0.312    3.130    4.734    8.506    9.605   10.264   12.438
            0.500000 -0.440000 -0.140000
   -3.945    0.404    3.008    4.732    8.532    9.692   10.372   12.276
            0.500000 -0.440000 -0.120000
   -3.959    0.493    2.891    4.730    8.551    9.784   10.481   12.121
            0.500000 -0.440000 -0.100000
   -3.971    0.577    2.784    4.728    8.565    9.875   10.591   11.972
            0.500000 -0.440000 -0.080000
   -3.981    0.653    2.689    4.726    8.574    9.962   10.698   11.834
            0.500000 -0.440000 -0.060000
   -3.988    0.717    2.609    4.725    8.580   10.039   10.799   11.709
            0.500000 -0.440000 -0.040000
   -3.994    0.768    2.548    4.724    8.584   10.101   10.888   11.603
            0.500000 -0.440000 -0.020000
   -3.997    0.800    2.510    4.723    8.586   10.142   10.954   11.527
            0.500000 -0.440000  0.000000
   -3.998    0.811    2.496    4.723    8.587   10.156   10.980   11.498
            0.500000 -0.440000  0.020000
   -3.997    0.800    2.510    4.723    8.586   10.142   10.954   11.527
            0.500000 -0.440000  0.040000
   -3.994    0.768    2.548    4.724    8.584   10.101   10.888   11.603
            0.500000 -0.440000  0.060000
   -3.988    0.717    2.609    4.725    8.580   10.039   10.799   11.709
            0.500000 -0.440000  0.080000
   -3.981    0.653    2.689    4.726    8.574    9.962   10.698   11.834
            0.500000 -0.440000  0.100000
   -3.971    0.577    2.784    4.728    8.565    9.875   10.591   11.972
            0.500000 -0.440000  0.120000
   -3.959    0.493    2.891    4.730    8.551    9.784   10.481   12.121
            0.500000 -0.440000  0.140000
   -3.945    0.404    3.008    4.732    8.532    9.692   10.372   12.276
            0.500000 -0.440000  0.160000
   -3.930    0.312    3.130    4.734    8.506    9.605   10.264   12.438
            0.500000 -0.440000  0.180000
   -3.912    0.219    3.258    4.737    8.470    9.525   10.159   12.604
            0.500000 -0.440000  0.200000
   -3.893    0.125    3.389    4.739    8.423    9.454   10.059   12.773
            0.500000 -0.440000  0.220000
   -3.872    0.033    3.523    4.741    8.365    9.394    9.964   12.943
            0.500000 -0.440000  0.240000
   -3.850   -0.058    3.657    4.742    8.296    9.347    9.876   13.110
            0.500000 -0.440000  0.260000
   -3.827   -0.147    3.790    4.743    8.217    9.310    9.793   13.272
            0.500000 -0.440000  0.280000
   -3.802   -0.232    3.921    4.744    8.130    9.284    9.717   13.423
            0.500000 -0.440000  0.300000
   -3.777   -0.314    4.050    4.743    8.038    9.265    9.649   13.552
            0.500000 -0.440000  0.320000
   -3.750   -0.392    4.173    4.742    7.943    9.253    9.587   13.649
            0.500000 -0.440000  0.340000
   -3.724   -0.466    4.290    4.740    7.850    9.246    9.533   13.707
            0.500000 -0.440000  0.360000
   -3.697   -0.535    4.398    4.737    7.761    9.241    9.485   13.729
            0.500000 -0.440000  0.380000
   -3.671   -0.598    4.495    4.733    7.680    9.240    9.444   13.727
            0.500000 -0.440000  0.400000
   -3.645   -0.656    4.579    4.727    7.608    9.241    9.409   13.713
            0.500000 -0.440000  0.420000
   -3.620   -0.707    4.646    4.721    7.550    9.244    9.378   13.695
            0.500000 -0.440000  0.440000
   -3.595   -0.752    4.687    4.720    7.509    9.251    9.352   13.679
            0.500000 -0.440000  0.460000
   -3.573   -0.789    4.687    4.738    7.485    9.261    9.329   13.669
            0.500000 -0.440000  0.480000
   -3.552   -0.820    4.671    4.749    7.482    9.273    9.311   13.667
            0.500000 -0.440000  0.500000
   -3.533   -0.843    4.645    4.745    7.498    9.276    9.309   13.674
            0.500000 -0.440000  0.520000
   -3.516   -0.858    4.608    4.731    7.534    9.262    9.331   13.690
            0.500000 -0.440000  0.540000
   -3.502   -0.865    4.554    4.712    7.585    9.245    9.362   13.715
            0.500000 -0.440000  0.560000
   -3.490   -0.864    4.482    4.693    7.651    9.229    9.402   13.748
            0.500000 -0.440000  0.580000
   -3.482   -0.855    4.393    4.674    7.727    9.216    9.448   13.787
            0.500000 -0.440000  0.600000
   -3.475   -0.838    4.292    4.657    7.810    9.206    9.502   13.830
            0.500000 -0.440000  0.620000
   -3.472   -0.813    4.179    4.639    7.896    9.202    9.563   13.873
            0.500000 -0.440000  0.640000
   -3.470   -0.781    4.058    4.623    7.981    9.205    9.630   13.912
            0.500000 -0.440000  0.660000
   -3.471   -0.741    3.930    4.606    8.062    9.218    9.705   13.937
            0.500000 -0.440000  0.680000
   -3.474   -0.694    3.798    4.590    8.135    9.244    9.787   13.935
            0.500000 -0.440000  0.700000
   -3.479   -0.641    3.662    4.574    8.197    9.285    9.876   13.892
            0.500000 -0.440000  0.720000
   -3.485   -0.582    3.525    4.558    8.247    9.341    9.971   13.801
            0.500000 -0.440000  0.740000
   -3.492   -0.518    3.387    4.543    8.283    9.414   10.072   13.670
            0.500000 -0.440000  0.760000
   -3.500   -0.450    3.249    4.529    8.307    9.500   10.180   13.517
            0.500000 -0.440000  0.780000
   -3.508   -0.377    3.112    4.515    8.322    9.598   10.293   13.350
            0.500000 -0.440000  0.800000
   -3.517   -0.302    2.978    4.502    8.329    9.706   10.410   13.179
            0.500000 -0.440000  0.820000
   -3.525   -0.225    2.847    4.490    8.331    9.820   10.533   13.006
            0.500000 -0.440000  0.840000
   -3.534   -0.147    2.721    4.479    8.328    9.939   10.658   12.834
            0.500000 -0.440000  0.860000
   -3.541   -0.070    2.601    4.469    8.324   10.060   10.786   12.665
            0.500000 -0.440000  0.880000
   -3.548    0.005    2.489    4.461    8.318   10.181   10.915   12.501
            0.500000 -0.440000  0.900000
   -3.555    0.076    2.387    4.453    8.313   10.300   11.043   12.344
            0.500000 -0.440000  0.920000
   -3.560    0.139    2.297    4.447    8.307   10.412   11.167   12.195
            0.500000 -0.440000  0.940000
   -3.564    0.193    2.223    4.442    8.302   10.513   11.284   12.059
            0.500000 -0.440000  0.960000
   -3.567    0.235    2.167    4.439    8.299   10.596   11.390   11.939
            0.500000 -0.440000  0.980000
   -3.569    0.261    2.133    4.437    8.297   10.651   11.473   11.846
            0.500000 -0.440000  1.000000
   -3.570    0.270    2.121    4.436    8.296   10.671   11.509   11.807
