 &plot nbnd=   8, nks=   101 /
            0.740000  0.570000  0.000000
   -2.623   -0.684    1.720    3.580    8.131   11.195   11.925   12.185
            0.740000  0.570000  0.010000
   -2.624   -0.684    1.722    3.580    8.131   11.186   11.932   12.188
            0.740000  0.570000  0.020000
   -2.626   -0.686    1.727    3.582    8.132   11.162   11.951   12.196
            0.740000  0.570000  0.030000
   -2.629   -0.687    1.736    3.584    8.134   11.125   11.979   12.210
            0.740000  0.570000  0.040000
   -2.634   -0.690    1.749    3.587    8.137   11.077   12.010   12.233
            0.740000  0.570000  0.050000
   -2.640   -0.692    1.765    3.591    8.141   11.023   12.039   12.266
            0.740000  0.570000  0.060000
   -2.647   -0.696    1.784    3.596    8.146   10.963   12.064   12.310
            0.740000  0.570000  0.070000
   -2.656   -0.699    1.806    3.602    8.151   10.900   12.084   12.363
            0.740000  0.570000  0.080000
   -2.666   -0.703    1.832    3.609    8.157   10.834   12.101   12.422
            0.740000  0.570000  0.090000
   -2.677   -0.707    1.861    3.617    8.164   10.767   12.115   12.483
            0.740000  0.570000  0.100000
   -2.689   -0.711    1.892    3.626    8.172   10.699   12.128   12.541
            0.740000  0.570000  0.110000
   -2.703   -0.715    1.926    3.636    8.181   10.630   12.141   12.587
            0.740000  0.570000  0.120000
   -2.719   -0.718    1.962    3.646    8.190   10.561   12.153   12.606
            0.740000  0.570000  0.130000
   -2.735   -0.722    2.001    3.658    8.201   10.492   12.165   12.587
            0.740000  0.570000  0.140000
   -2.753   -0.724    2.042    3.671    8.212   10.423   12.178   12.538
            0.740000  0.570000  0.150000
   -2.772   -0.726    2.085    3.684    8.223   10.355   12.191   12.472
            0.740000  0.570000  0.160000
   -2.792   -0.728    2.129    3.699    8.236   10.287   12.203   12.399
            0.740000  0.570000  0.170000
   -2.813   -0.728    2.176    3.715    8.249   10.219   12.212   12.325
            0.740000  0.570000  0.180000
   -2.836   -0.728    2.224    3.731    8.262   10.152   12.202   12.270
            0.740000  0.570000  0.190000
   -2.860   -0.726    2.273    3.749    8.277   10.086   12.140   12.265
            0.740000  0.570000  0.200000
   -2.884   -0.724    2.323    3.768    8.292   10.021   12.061   12.278
            0.740000  0.570000  0.210000
   -2.910   -0.720    2.375    3.787    8.307    9.956   11.978   12.294
            0.740000  0.570000  0.220000
   -2.937   -0.715    2.427    3.808    8.323    9.892   11.895   12.311
            0.740000  0.570000  0.230000
   -2.964   -0.710    2.480    3.830    8.340    9.829   11.811   12.330
            0.740000  0.570000  0.240000
   -2.993   -0.703    2.534    3.853    8.356    9.768   11.727   12.350
            0.740000  0.570000  0.250000
   -3.022   -0.694    2.588    3.877    8.373    9.708   11.643   12.371
            0.740000  0.570000  0.260000
   -3.052   -0.685    2.642    3.903    8.391    9.648   11.559   12.392
            0.740000  0.570000  0.270000
   -3.083   -0.674    2.697    3.929    8.408    9.591   11.476   12.414
            0.740000  0.570000  0.280000
   -3.114   -0.662    2.752    3.956    8.425    9.535   11.393   12.438
            0.740000  0.570000  0.290000
   -3.146   -0.649    2.807    3.985    8.442    9.481   11.311   12.462
            0.740000  0.570000  0.300000
   -3.178   -0.635    2.862    4.015    8.458    9.429   11.229   12.487
            0.740000  0.570000  0.310000
   -3.211   -0.619    2.916    4.046    8.474    9.379   11.148   12.513
            0.740000  0.570000  0.320000
   -3.244   -0.602    2.970    4.078    8.488    9.332   11.067   12.540
            0.740000  0.570000  0.330000
   -3.278   -0.584    3.024    4.111    8.500    9.288   10.987   12.567
            0.740000  0.570000  0.340000
   -3.311   -0.565    3.077    4.145    8.511    9.248   10.908   12.596
            0.740000  0.570000  0.350000
   -3.345   -0.544    3.129    4.180    8.518    9.212   10.830   12.625
            0.740000  0.570000  0.360000
   -3.380   -0.523    3.181    4.216    8.522    9.181   10.753   12.655
            0.740000  0.570000  0.370000
   -3.414   -0.500    3.232    4.253    8.523    9.155   10.677   12.686
            0.740000  0.570000  0.380000
   -3.448   -0.476    3.282    4.290    8.518    9.136   10.602   12.718
            0.740000  0.570000  0.390000
   -3.483   -0.451    3.332    4.328    8.509    9.123   10.529   12.751
            0.740000  0.570000  0.400000
   -3.517   -0.425    3.380    4.367    8.495    9.117   10.456   12.785
            0.740000  0.570000  0.410000
   -3.552   -0.398    3.428    4.406    8.476    9.116   10.385   12.820
            0.740000  0.570000  0.420000
   -3.586   -0.370    3.475    4.445    8.454    9.121   10.315   12.855
            0.740000  0.570000  0.430000
   -3.620   -0.341    3.521    4.484    8.429    9.131   10.247   12.892
            0.740000  0.570000  0.440000
   -3.654   -0.311    3.566    4.523    8.401    9.144   10.180   12.929
            0.740000  0.570000  0.450000
   -3.688   -0.280    3.611    4.562    8.371    9.162   10.115   12.967
            0.740000  0.570000  0.460000
   -3.721   -0.247    3.654    4.600    8.341    9.181   10.051   13.006
            0.740000  0.570000  0.470000
   -3.755   -0.214    3.697    4.637    8.310    9.204    9.989   13.046
            0.740000  0.570000  0.480000
   -3.788   -0.180    3.739    4.674    8.279    9.228    9.929   13.087
            0.740000  0.570000  0.490000
   -3.821   -0.145    3.780    4.708    8.249    9.253    9.871   13.129
            0.740000  0.570000  0.500000
   -3.853   -0.109    3.821    4.742    8.220    9.280    9.815   13.172
            0.740000  0.570000  0.510000
   -3.885   -0.072    3.861    4.773    8.191    9.308    9.761   13.215
            0.740000  0.570000  0.520000
   -3.917   -0.034    3.900    4.802    8.164    9.336    9.710   13.259
            0.740000  0.570000  0.530000
   -3.948    0.004    3.938    4.829    8.139    9.365    9.660   13.302
            0.740000  0.570000  0.540000
   -3.979    0.044    3.976    4.854    8.116    9.395    9.613   13.346
            0.740000  0.570000  0.550000
   -4.009    0.084    4.014    4.875    8.095    9.425    9.568   13.386
            0.740000  0.570000  0.560000
   -4.039    0.125    4.051    4.893    8.076    9.455    9.525   13.418
            0.740000  0.570000  0.570000
   -4.068    0.167    4.087    4.909    8.059    9.485    9.485   13.421
            0.740000  0.570000  0.580000
   -4.097    0.210    4.123    4.920    8.045    9.448    9.515   13.376
            0.740000  0.570000  0.590000
   -4.126    0.253    4.158    4.928    8.034    9.413    9.546   13.298
            0.740000  0.570000  0.600000
   -4.154    0.297    4.192    4.933    8.026    9.380    9.576   13.209
            0.740000  0.570000  0.610000
   -4.181    0.342    4.226    4.933    8.020    9.350    9.606   13.116
            0.740000  0.570000  0.620000
   -4.208    0.388    4.260    4.930    8.017    9.323    9.637   13.022
            0.740000  0.570000  0.630000
   -4.234    0.435    4.293    4.923    8.016    9.299    9.666   12.927
            0.740000  0.570000  0.640000
   -4.260    0.482    4.325    4.912    8.018    9.278    9.696   12.833
            0.740000  0.570000  0.650000
   -4.285    0.529    4.357    4.897    8.023    9.259    9.726   12.739
            0.740000  0.570000  0.660000
   -4.309    0.578    4.388    4.878    8.030    9.243    9.755   12.645
            0.740000  0.570000  0.670000
   -4.333    0.627    4.418    4.856    8.040    9.230    9.784   12.553
            0.740000  0.570000  0.680000
   -4.356    0.676    4.448    4.830    8.051    9.219    9.813   12.461
            0.740000  0.570000  0.690000
   -4.379    0.726    4.478    4.801    8.064    9.211    9.842   12.370
            0.740000  0.570000  0.700000
   -4.401    0.777    4.506    4.769    8.079    9.206    9.870   12.280
            0.740000  0.570000  0.710000
   -4.422    0.828    4.534    4.734    8.096    9.203    9.898   12.191
            0.740000  0.570000  0.720000
   -4.442    0.880    4.561    4.696    8.113    9.203    9.927   12.104
            0.740000  0.570000  0.730000
   -4.462    0.932    4.587    4.655    8.132    9.204    9.955   12.018
            0.740000  0.570000  0.740000
   -4.482    0.984    4.612    4.614    8.152    9.208    9.983   11.933
            0.740000  0.570000  0.750000
   -4.500    1.037    4.568    4.638    8.173    9.214   10.011   11.849
            0.740000  0.570000  0.760000
   -4.518    1.090    4.521    4.661    8.195    9.222   10.040   11.768
            0.740000  0.570000  0.770000
   -4.535    1.144    4.473    4.685    8.217    9.231   10.068   11.687
            0.740000  0.570000  0.780000
   -4.552    1.197    4.423    4.707    8.240    9.241   10.097   11.609
            0.740000  0.570000  0.790000
   -4.568    1.251    4.372    4.728    8.263    9.252   10.126   11.532
            0.740000  0.570000  0.800000
   -4.583    1.305    4.320    4.749    8.286    9.264   10.155   11.458
            0.740000  0.570000  0.810000
   -4.597    1.358    4.268    4.768    8.310    9.277   10.185   11.386
            0.740000  0.570000  0.820000
   -4.611    1.412    4.214    4.787    8.334    9.290   10.215   11.315
            0.740000  0.570000  0.830000
   -4.624    1.465    4.161    4.804    8.358    9.302   10.245   11.247
            0.740000  0.570000  0.840000
   -4.636    1.518    4.107    4.821    8.383    9.315   10.276   11.182
            0.740000  0.570000  0.850000
   -4.648    1.570    4.053    4.837    8.407    9.326   10.306   11.120
            0.740000  0.570000  0.860000
   -4.658    1.622    4.000    4.851    8.431    9.338   10.337   11.060
            0.740000  0.570000  0.870000
   -4.668    1.673    3.948    4.865    8.455    9.348   10.367   11.003
            0.740000  0.570000  0.880000
   -4.678    1.723    3.896    4.878    8.479    9.357   10.397   10.950
            0.740000  0.570000  0.890000
   -4.686    1.771    3.846    4.890    8.502    9.365   10.426   10.900
            0.740000  0.570000  0.900000
   -4.694    1.818    3.797    4.900    8.524    9.372   10.454   10.854
            0.740000  0.570000  0.910000
   -4.701    1.862    3.751    4.910    8.546    9.378   10.481   10.812
            0.740000  0.570000  0.920000
   -4.708    1.904    3.707    4.919    8.566    9.383   10.506   10.775
            0.740000  0.570000  0.930000
   -4.713    1.943    3.666    4.926    8.585    9.387   10.528   10.742
            0.740000  0.570000  0.940000
   -4.718    1.979    3.629    4.933    8.602    9.389   10.548   10.714
            0.740000  0.570000  0.950000
   -4.722    2.010    3.596    4.939    8.617    9.391   10.563   10.692
            0.740000  0.570000  0.960000
   -4.726    2.037    3.568    4.943    8.630    9.393   10.573   10.677
            0.740000  0.570000  0.970000
   -4.728    2.059    3.545    4.947    8.640    9.393   10.577   10.669
            0.740000  0.570000  0.980000
   -4.730    2.075    3.529    4.949    8.648    9.394   10.578   10.666
            0.740000  0.570000  0.990000
   -4.731    2.085    3.519    4.951    8.652    9.394   10.577   10.665
            0.740000  0.570000  1.000000
   -4.732    2.088    3.515    4.951    8.654    9.394   10.577   10.666
