 &plot nbnd=   8, nks=   101 /
            0.090000  0.140000  0.000000
   -5.664    5.002    5.472    5.814    8.466    8.756    8.814    9.883
            0.090000  0.140000  0.010000
   -5.663    4.995    5.476    5.813    8.468    8.746    8.823    9.886
            0.090000  0.140000  0.020000
   -5.662    4.977    5.488    5.809    8.471    8.726    8.840    9.896
            0.090000  0.140000  0.030000
   -5.660    4.949    5.506    5.802    8.475    8.704    8.859    9.913
            0.090000  0.140000  0.040000
   -5.657    4.913    5.526    5.792    8.480    8.684    8.875    9.936
            0.090000  0.140000  0.050000
   -5.653    4.871    5.548    5.781    8.483    8.669    8.889    9.965
            0.090000  0.140000  0.060000
   -5.648    4.824    5.568    5.768    8.484    8.661    8.901   10.000
            0.090000  0.140000  0.070000
   -5.643    4.774    5.586    5.754    8.479    8.662    8.910   10.040
            0.090000  0.140000  0.080000
   -5.637    4.721    5.598    5.742    8.471    8.672    8.916   10.085
            0.090000  0.140000  0.090000
   -5.629    4.665    5.602    5.733    8.460    8.688    8.920   10.133
            0.090000  0.140000  0.100000
   -5.621    4.609    5.595    5.728    8.449    8.710    8.924   10.186
            0.090000  0.140000  0.110000
   -5.613    4.550    5.580    5.728    8.439    8.733    8.928   10.242
            0.090000  0.140000  0.120000
   -5.603    4.491    5.557    5.728    8.431    8.756    8.934   10.300
            0.090000  0.140000  0.130000
   -5.592    4.430    5.529    5.728    8.425    8.775    8.946   10.360
            0.090000  0.140000  0.140000
   -5.581    4.369    5.498    5.725    8.423    8.788    8.966   10.421
            0.090000  0.140000  0.150000
   -5.569    4.307    5.464    5.719    8.423    8.794    8.995   10.483
            0.090000  0.140000  0.160000
   -5.556    4.244    5.428    5.709    8.425    8.795    9.032   10.545
            0.090000  0.140000  0.170000
   -5.542    4.181    5.391    5.695    8.430    8.793    9.074   10.607
            0.090000  0.140000  0.180000
   -5.527    4.117    5.352    5.678    8.436    8.790    9.121   10.668
            0.090000  0.140000  0.190000
   -5.511    4.054    5.312    5.656    8.442    8.789    9.171   10.726
            0.090000  0.140000  0.200000
   -5.495    3.989    5.271    5.630    8.446    8.791    9.224   10.782
            0.090000  0.140000  0.210000
   -5.478    3.925    5.229    5.601    8.447    8.799    9.279   10.834
            0.090000  0.140000  0.220000
   -5.460    3.860    5.187    5.569    8.444    8.813    9.336   10.881
            0.090000  0.140000  0.230000
   -5.441    3.796    5.143    5.534    8.437    8.834    9.395   10.922
            0.090000  0.140000  0.240000
   -5.421    3.731    5.100    5.495    8.424    8.862    9.455   10.955
            0.090000  0.140000  0.250000
   -5.400    3.665    5.055    5.454    8.408    8.897    9.516   10.980
            0.090000  0.140000  0.260000
   -5.379    3.600    5.011    5.411    8.388    8.937    9.579   10.996
            0.090000  0.140000  0.270000
   -5.357    3.535    4.966    5.366    8.365    8.982    9.642   11.001
            0.090000  0.140000  0.280000
   -5.334    3.469    4.921    5.319    8.339    9.030    9.707   10.996
            0.090000  0.140000  0.290000
   -5.310    3.404    4.875    5.271    8.312    9.082    9.772   10.981
            0.090000  0.140000  0.300000
   -5.285    3.338    4.829    5.221    8.284    9.137    9.838   10.957
            0.090000  0.140000  0.310000
   -5.259    3.272    4.784    5.170    8.254    9.194    9.905   10.925
            0.090000  0.140000  0.320000
   -5.233    3.206    4.738    5.118    8.224    9.253    9.973   10.886
            0.090000  0.140000  0.330000
   -5.206    3.140    4.691    5.066    8.192    9.313   10.041   10.842
            0.090000  0.140000  0.340000
   -5.178    3.074    4.645    5.013    8.161    9.374   10.110   10.794
            0.090000  0.140000  0.350000
   -5.149    3.008    4.599    4.960    8.128    9.436   10.180   10.742
            0.090000  0.140000  0.360000
   -5.120    2.941    4.553    4.907    8.096    9.496   10.250   10.690
            0.090000  0.140000  0.370000
   -5.089    2.875    4.506    4.853    8.063    9.556   10.320   10.637
            0.090000  0.140000  0.380000
   -5.058    2.808    4.460    4.800    8.030    9.612   10.391   10.587
            0.090000  0.140000  0.390000
   -5.026    2.741    4.413    4.747    7.997    9.665   10.460   10.542
            0.090000  0.140000  0.400000
   -4.993    2.674    4.366    4.695    7.964    9.711   10.490   10.543
            0.090000  0.140000  0.410000
   -4.959    2.607    4.319    4.643    7.931    9.747   10.463   10.611
            0.090000  0.140000  0.420000
   -4.925    2.539    4.272    4.592    7.898    9.770   10.446   10.683
            0.090000  0.140000  0.430000
   -4.890    2.472    4.225    4.542    7.865    9.778   10.445   10.756
            0.090000  0.140000  0.440000
   -4.854    2.404    4.178    4.492    7.833    9.768   10.461   10.830
            0.090000  0.140000  0.450000
   -4.817    2.336    4.131    4.444    7.801    9.744   10.492   10.905
            0.090000  0.140000  0.460000
   -4.779    2.268    4.084    4.396    7.769    9.707   10.537   10.979
            0.090000  0.140000  0.470000
   -4.741    2.199    4.036    4.350    7.737    9.661   10.592   11.055
            0.090000  0.140000  0.480000
   -4.702    2.130    3.989    4.304    7.706    9.610   10.653   11.130
            0.090000  0.140000  0.490000
   -4.662    2.061    3.942    4.260    7.675    9.554   10.719   11.206
            0.090000  0.140000  0.500000
   -4.621    1.992    3.895    4.217    7.644    9.496   10.790   11.283
            0.090000  0.140000  0.510000
   -4.580    1.922    3.848    4.175    7.614    9.435   10.863   11.360
            0.090000  0.140000  0.520000
   -4.538    1.852    3.801    4.134    7.584    9.374   10.938   11.437
            0.090000  0.140000  0.530000
   -4.495    1.782    3.755    4.094    7.555    9.313   11.014   11.515
            0.090000  0.140000  0.540000
   -4.451    1.711    3.709    4.055    7.526    9.251   11.092   11.593
            0.090000  0.140000  0.550000
   -4.406    1.640    3.664    4.017    7.497    9.190   11.171   11.671
            0.090000  0.140000  0.560000
   -4.361    1.569    3.619    3.980    7.470    9.129   11.251   11.750
            0.090000  0.140000  0.570000
   -4.315    1.497    3.575    3.945    7.442    9.069   11.332   11.830
            0.090000  0.140000  0.580000
   -4.269    1.425    3.531    3.910    7.416    9.009   11.413   11.910
            0.090000  0.140000  0.590000
   -4.221    1.353    3.488    3.876    7.389    8.950   11.495   11.990
            0.090000  0.140000  0.600000
   -4.173    1.280    3.446    3.843    7.364    8.892   11.577   12.071
            0.090000  0.140000  0.610000
   -4.124    1.207    3.404    3.811    7.339    8.835   11.659   12.153
            0.090000  0.140000  0.620000
   -4.074    1.134    3.364    3.780    7.314    8.779   11.742   12.234
            0.090000  0.140000  0.630000
   -4.024    1.061    3.324    3.750    7.291    8.724   11.825   12.317
            0.090000  0.140000  0.640000
   -3.973    0.987    3.285    3.720    7.267    8.671   11.908   12.399
            0.090000  0.140000  0.650000
   -3.921    0.913    3.247    3.692    7.245    8.618   11.992   12.483
            0.090000  0.140000  0.660000
   -3.869    0.839    3.211    3.664    7.223    8.567   12.075   12.566
            0.090000  0.140000  0.670000
   -3.816    0.764    3.175    3.638    7.202    8.517   12.159   12.650
            0.090000  0.140000  0.680000
   -3.762    0.689    3.140    3.612    7.181    8.468   12.243   12.735
            0.090000  0.140000  0.690000
   -3.707    0.614    3.106    3.587    7.161    8.420   12.327   12.820
            0.090000  0.140000  0.700000
   -3.652    0.539    3.073    3.562    7.142    8.374   12.411   12.905
            0.090000  0.140000  0.710000
   -3.596    0.464    3.041    3.539    7.123    8.329   12.496   12.991
            0.090000  0.140000  0.720000
   -3.540    0.388    3.010    3.516    7.105    8.286   12.580   13.077
            0.090000  0.140000  0.730000
   -3.482    0.313    2.980    3.494    7.088    8.244   12.665   13.164
            0.090000  0.140000  0.740000
   -3.424    0.237    2.952    3.473    7.071    8.203   12.750   13.251
            0.090000  0.140000  0.750000
   -3.366    0.161    2.924    3.453    7.055    8.164   12.835   13.338
            0.090000  0.140000  0.760000
   -3.307    0.085    2.898    3.434    7.040    8.126   12.920   13.426
            0.090000  0.140000  0.770000
   -3.247    0.009    2.872    3.415    7.025    8.089   13.005   13.514
            0.090000  0.140000  0.780000
   -3.187   -0.067    2.848    3.397    7.011    8.054   13.091   13.602
            0.090000  0.140000  0.790000
   -3.126   -0.143    2.825    3.380    6.998    8.021   13.176   13.690
            0.090000  0.140000  0.800000
   -3.064   -0.219    2.802    3.364    6.985    7.989   13.262   13.779
            0.090000  0.140000  0.810000
   -3.002   -0.295    2.781    3.349    6.973    7.958   13.348   13.868
            0.090000  0.140000  0.820000
   -2.939   -0.371    2.761    3.334    6.962    7.929   13.434   13.957
            0.090000  0.140000  0.830000
   -2.876   -0.447    2.742    3.320    6.952    7.901   13.520   14.046
            0.090000  0.140000  0.840000
   -2.812   -0.522    2.725    3.307    6.942    7.875   13.606   14.135
            0.090000  0.140000  0.850000
   -2.748   -0.598    2.708    3.295    6.932    7.850   13.692   14.223
            0.090000  0.140000  0.860000
   -2.683   -0.674    2.692    3.283    6.924    7.827   13.779   14.312
            0.090000  0.140000  0.870000
   -2.617   -0.749    2.678    3.273    6.915    7.806   13.865   14.400
            0.090000  0.140000  0.880000
   -2.551   -0.824    2.664    3.263    6.908    7.786   13.951   14.487
            0.090000  0.140000  0.890000
   -2.485   -0.899    2.652    3.254    6.901    7.767   14.037   14.573
            0.090000  0.140000  0.900000
   -2.418   -0.973    2.641    3.245    6.895    7.750   14.123   14.658
            0.090000  0.140000  0.910000
   -2.351   -1.048    2.630    3.238    6.890    7.735   14.208   14.741
            0.090000  0.140000  0.920000
   -2.283   -1.122    2.621    3.231    6.885    7.721   14.293   14.820
            0.090000  0.140000  0.930000
   -2.216   -1.195    2.613    3.225    6.880    7.709   14.377   14.895
            0.090000  0.140000  0.940000
   -2.148   -1.268    2.606    3.220    6.876    7.699   14.459   14.962
            0.090000  0.140000  0.950000
   -2.080   -1.340    2.600    3.216    6.873    7.690   14.540   15.019
            0.090000  0.140000  0.960000
   -2.012   -1.411    2.595    3.212    6.871    7.682   14.617   15.061
            0.090000  0.140000  0.970000
   -1.945   -1.480    2.592    3.209    6.869    7.677   14.689   15.084
            0.090000  0.140000  0.980000
   -1.882   -1.546    2.589    3.207    6.867    7.673   14.751   15.087
            0.090000  0.140000  0.990000
   -1.827   -1.602    2.587    3.206    6.866    7.670   14.797   15.078
            0.090000  0.140000  1.000000
   -1.801   -1.628    2.587    3.206    6.866    7.669   14.815   15.073
