 &plot nbnd=   8, nks=   101 /
            0.670000  0.830000  0.000000
   -2.101   -1.198    1.811    3.257    7.677   10.074   12.516   12.918
            0.670000  0.830000  0.010000
   -2.104   -1.195    1.812    3.258    7.678   10.075   12.499   12.935
            0.670000  0.830000  0.020000
   -2.114   -1.186    1.816    3.259    7.679   10.076   12.453   12.982
            0.670000  0.830000  0.030000
   -2.131   -1.171    1.821    3.262    7.681   10.078   12.392   13.045
            0.670000  0.830000  0.040000
   -2.152   -1.151    1.829    3.265    7.685   10.082   12.322   13.117
            0.670000  0.830000  0.050000
   -2.179   -1.127    1.839    3.270    7.689   10.086   12.247   13.193
            0.670000  0.830000  0.060000
   -2.210   -1.099    1.851    3.276    7.694   10.092   12.171   13.272
            0.670000  0.830000  0.070000
   -2.245   -1.068    1.865    3.282    7.700   10.098   12.093   13.350
            0.670000  0.830000  0.080000
   -2.283   -1.034    1.881    3.290    7.706   10.105   12.015   13.427
            0.670000  0.830000  0.090000
   -2.323   -0.998    1.899    3.299    7.714   10.114   11.936   13.498
            0.670000  0.830000  0.100000
   -2.365   -0.961    1.919    3.308    7.723   10.123   11.858   13.558
            0.670000  0.830000  0.110000
   -2.409   -0.922    1.941    3.319    7.732   10.133   11.780   13.591
            0.670000  0.830000  0.120000
   -2.454   -0.883    1.965    3.331    7.743   10.144   11.702   13.585
            0.670000  0.830000  0.130000
   -2.501   -0.843    1.991    3.344    7.754   10.156   11.625   13.542
            0.670000  0.830000  0.140000
   -2.548   -0.802    2.019    3.358    7.766   10.170   11.548   13.477
            0.670000  0.830000  0.150000
   -2.596   -0.760    2.049    3.374    7.779   10.184   11.472   13.402
            0.670000  0.830000  0.160000
   -2.645   -0.719    2.080    3.390    7.793   10.198   11.396   13.321
            0.670000  0.830000  0.170000
   -2.694   -0.677    2.113    3.407    7.807   10.214   11.321   13.236
            0.670000  0.830000  0.180000
   -2.744   -0.635    2.147    3.426    7.823   10.231   11.247   13.150
            0.670000  0.830000  0.190000
   -2.794   -0.593    2.183    3.446    7.839   10.248   11.174   13.063
            0.670000  0.830000  0.200000
   -2.844   -0.551    2.220    3.466    7.856   10.266   11.102   12.975
            0.670000  0.830000  0.210000
   -2.894   -0.509    2.259    3.489    7.874   10.285   11.031   12.887
            0.670000  0.830000  0.220000
   -2.944   -0.466    2.299    3.512    7.893   10.304   10.961   12.799
            0.670000  0.830000  0.230000
   -2.994   -0.424    2.340    3.536    7.912   10.322   10.893   12.710
            0.670000  0.830000  0.240000
   -3.044   -0.382    2.382    3.562    7.932   10.341   10.827   12.622
            0.670000  0.830000  0.250000
   -3.094   -0.340    2.425    3.589    7.953   10.358   10.764   12.534
            0.670000  0.830000  0.260000
   -3.144   -0.298    2.469    3.617    7.975   10.371   10.707   12.446
            0.670000  0.830000  0.270000
   -3.194   -0.256    2.514    3.647    7.997   10.378   10.658   12.358
            0.670000  0.830000  0.280000
   -3.243   -0.213    2.559    3.678    8.020   10.372   10.623   12.271
            0.670000  0.830000  0.290000
   -3.292   -0.171    2.605    3.710    8.043   10.350   10.607   12.184
            0.670000  0.830000  0.300000
   -3.341   -0.129    2.651    3.744    8.067   10.311   10.609   12.098
            0.670000  0.830000  0.310000
   -3.389   -0.087    2.698    3.778    8.092   10.262   10.623   12.012
            0.670000  0.830000  0.320000
   -3.437   -0.044    2.745    3.815    8.117   10.208   10.644   11.926
            0.670000  0.830000  0.330000
   -3.484   -0.002    2.793    3.852    8.142   10.150   10.670   11.842
            0.670000  0.830000  0.340000
   -3.532    0.041    2.840    3.891    8.168   10.091   10.699   11.758
            0.670000  0.830000  0.350000
   -3.578    0.084    2.888    3.931    8.195   10.032   10.731   11.675
            0.670000  0.830000  0.360000
   -3.625    0.127    2.935    3.972    8.221    9.973   10.764   11.593
            0.670000  0.830000  0.370000
   -3.671    0.170    2.983    4.014    8.247    9.914   10.798   11.513
            0.670000  0.830000  0.380000
   -3.716    0.213    3.031    4.058    8.274    9.856   10.832   11.434
            0.670000  0.830000  0.390000
   -3.761    0.257    3.078    4.102    8.301    9.799   10.866   11.358
            0.670000  0.830000  0.400000
   -3.805    0.301    3.125    4.148    8.327    9.743   10.899   11.286
            0.670000  0.830000  0.410000
   -3.849    0.345    3.172    4.195    8.353    9.688   10.926   11.221
            0.670000  0.830000  0.420000
   -3.892    0.390    3.219    4.242    8.378    9.635   10.939   11.172
            0.670000  0.830000  0.430000
   -3.935    0.434    3.266    4.290    8.403    9.584   10.926   11.153
            0.670000  0.830000  0.440000
   -3.977    0.480    3.312    4.339    8.427    9.535   10.883   11.165
            0.670000  0.830000  0.450000
   -4.019    0.525    3.358    4.389    8.449    9.487   10.824   11.195
            0.670000  0.830000  0.460000
   -4.059    0.571    3.404    4.438    8.470    9.443   10.758   11.234
            0.670000  0.830000  0.470000
   -4.100    0.617    3.450    4.488    8.488    9.402   10.690   11.279
            0.670000  0.830000  0.480000
   -4.139    0.663    3.495    4.539    8.504    9.365   10.621   11.326
            0.670000  0.830000  0.490000
   -4.179    0.710    3.541    4.589    8.517    9.332   10.553   11.375
            0.670000  0.830000  0.500000
   -4.217    0.758    3.586    4.638    8.525    9.304   10.484   11.427
            0.670000  0.830000  0.510000
   -4.255    0.805    3.630    4.688    8.530    9.281   10.417   11.479
            0.670000  0.830000  0.520000
   -4.292    0.854    3.675    4.737    8.530    9.264   10.351   11.534
            0.670000  0.830000  0.530000
   -4.328    0.902    3.720    4.785    8.526    9.252   10.286   11.589
            0.670000  0.830000  0.540000
   -4.364    0.951    3.764    4.832    8.517    9.247   10.222   11.646
            0.670000  0.830000  0.550000
   -4.399    1.001    3.808    4.878    8.503    9.247   10.160   11.704
            0.670000  0.830000  0.560000
   -4.434    1.050    3.852    4.922    8.487    9.251   10.099   11.763
            0.670000  0.830000  0.570000
   -4.467    1.101    3.896    4.965    8.467    9.260   10.040   11.822
            0.670000  0.830000  0.580000
   -4.500    1.151    3.940    5.007    8.445    9.273    9.983   11.883
            0.670000  0.830000  0.590000
   -4.533    1.203    3.984    5.046    8.423    9.287    9.928   11.944
            0.670000  0.830000  0.600000
   -4.564    1.254    4.027    5.082    8.399    9.304    9.875   12.005
            0.670000  0.830000  0.610000
   -4.595    1.306    4.071    5.116    8.376    9.321    9.825   12.067
            0.670000  0.830000  0.620000
   -4.625    1.359    4.114    5.148    8.353    9.339    9.778   12.128
            0.670000  0.830000  0.630000
   -4.655    1.412    4.157    5.176    8.332    9.354    9.736   12.188
            0.670000  0.830000  0.640000
   -4.683    1.465    4.200    5.201    8.312    9.367    9.699   12.246
            0.670000  0.830000  0.650000
   -4.711    1.519    4.242    5.223    8.294    9.375    9.669   12.297
            0.670000  0.830000  0.660000
   -4.739    1.573    4.285    5.241    8.278    9.375    9.649   12.335
            0.670000  0.830000  0.670000
   -4.765    1.628    4.327    5.255    8.265    9.367    9.639   12.342
            0.670000  0.830000  0.680000
   -4.791    1.683    4.369    5.265    8.255    9.350    9.640   12.309
            0.670000  0.830000  0.690000
   -4.816    1.738    4.410    5.271    8.247    9.327    9.649   12.252
            0.670000  0.830000  0.700000
   -4.840    1.794    4.451    5.273    8.242    9.300    9.663   12.185
            0.670000  0.830000  0.710000
   -4.863    1.850    4.492    5.271    8.240    9.271    9.681   12.113
            0.670000  0.830000  0.720000
   -4.886    1.906    4.532    5.265    8.240    9.243    9.701   12.041
            0.670000  0.830000  0.730000
   -4.908    1.963    4.571    5.256    8.243    9.214    9.722   11.970
            0.670000  0.830000  0.740000
   -4.929    2.020    4.610    5.242    8.248    9.187    9.743   11.898
            0.670000  0.830000  0.750000
   -4.949    2.077    4.648    5.225    8.255    9.162    9.765   11.828
            0.670000  0.830000  0.760000
   -4.969    2.135    4.685    5.204    8.264    9.139    9.786   11.760
            0.670000  0.830000  0.770000
   -4.988    2.192    4.721    5.181    8.273    9.118    9.807   11.693
            0.670000  0.830000  0.780000
   -5.006    2.250    4.756    5.155    8.284    9.101    9.827   11.628
            0.670000  0.830000  0.790000
   -5.023    2.308    4.788    5.127    8.294    9.087    9.847   11.564
            0.670000  0.830000  0.800000
   -5.040    2.366    4.817    5.099    8.305    9.076    9.865   11.502
            0.670000  0.830000  0.810000
   -5.055    2.423    4.842    5.071    8.314    9.070    9.883   11.443
            0.670000  0.830000  0.820000
   -5.070    2.481    4.859    5.049    8.322    9.067    9.900   11.385
            0.670000  0.830000  0.830000
   -5.084    2.538    4.863    5.036    8.329    9.069    9.915   11.329
            0.670000  0.830000  0.840000
   -5.097    2.595    4.851    5.037    8.334    9.075    9.929   11.276
            0.670000  0.830000  0.850000
   -5.110    2.652    4.825    5.050    8.337    9.085    9.942   11.225
            0.670000  0.830000  0.860000
   -5.122    2.708    4.791    5.068    8.338    9.098    9.953   11.176
            0.670000  0.830000  0.870000
   -5.132    2.763    4.752    5.089    8.338    9.115    9.963   11.130
            0.670000  0.830000  0.880000
   -5.143    2.818    4.710    5.110    8.336    9.134    9.972   11.086
            0.670000  0.830000  0.890000
   -5.152    2.871    4.667    5.131    8.333    9.156    9.979   11.045
            0.670000  0.830000  0.900000
   -5.160    2.922    4.624    5.151    8.329    9.179    9.984   11.007
            0.670000  0.830000  0.910000
   -5.168    2.972    4.582    5.170    8.324    9.202    9.988   10.972
            0.670000  0.830000  0.920000
   -5.175    3.019    4.540    5.187    8.320    9.226    9.991   10.941
            0.670000  0.830000  0.930000
   -5.181    3.063    4.501    5.203    8.315    9.250    9.992   10.912
            0.670000  0.830000  0.940000
   -5.186    3.104    4.464    5.217    8.310    9.272    9.993   10.887
            0.670000  0.830000  0.950000
   -5.191    3.141    4.430    5.229    8.306    9.292    9.993   10.866
            0.670000  0.830000  0.960000
   -5.194    3.172    4.401    5.238    8.302    9.310    9.992   10.848
            0.670000  0.830000  0.970000
   -5.197    3.198    4.377    5.246    8.299    9.324    9.991   10.834
            0.670000  0.830000  0.980000
   -5.199    3.217    4.359    5.252    8.297    9.335    9.990   10.824
            0.670000  0.830000  0.990000
   -5.200    3.229    4.348    5.255    8.296    9.342    9.989   10.818
            0.670000  0.830000  1.000000
   -5.201    3.233    4.345    5.256    8.295    9.344    9.989   10.816
