 &plot nbnd=   8, nks=   101 /
            0.340000  0.190000  0.000000
   -5.143    3.052    4.213    5.261    8.397    9.304   10.029   10.849
            0.340000  0.190000  0.010000
   -5.143    3.048    4.217    5.260    8.397    9.303   10.029   10.852
            0.340000  0.190000  0.020000
   -5.142    3.036    4.228    5.257    8.397    9.297   10.029   10.858
            0.340000  0.190000  0.030000
   -5.140    3.018    4.246    5.252    8.397    9.289   10.029   10.868
            0.340000  0.190000  0.040000
   -5.137    2.992    4.270    5.245    8.397    9.277   10.028   10.882
            0.340000  0.190000  0.050000
   -5.133    2.961    4.300    5.236    8.396    9.263   10.027   10.901
            0.340000  0.190000  0.060000
   -5.129    2.925    4.334    5.226    8.396    9.246   10.025   10.923
            0.340000  0.190000  0.070000
   -5.124    2.885    4.372    5.213    8.394    9.229   10.023   10.949
            0.340000  0.190000  0.080000
   -5.118    2.841    4.413    5.199    8.393    9.210   10.020   10.978
            0.340000  0.190000  0.090000
   -5.111    2.794    4.456    5.183    8.390    9.191   10.015   11.011
            0.340000  0.190000  0.100000
   -5.103    2.745    4.500    5.166    8.386    9.172   10.010   11.047
            0.340000  0.190000  0.110000
   -5.095    2.694    4.546    5.147    8.382    9.154   10.003   11.087
            0.340000  0.190000  0.120000
   -5.086    2.641    4.591    5.126    8.375    9.137    9.995   11.129
            0.340000  0.190000  0.130000
   -5.076    2.587    4.637    5.105    8.367    9.122    9.986   11.174
            0.340000  0.190000  0.140000
   -5.065    2.532    4.682    5.083    8.358    9.110    9.975   11.222
            0.340000  0.190000  0.150000
   -5.053    2.477    4.725    5.061    8.347    9.100    9.963   11.273
            0.340000  0.190000  0.160000
   -5.041    2.421    4.766    5.040    8.334    9.094    9.950   11.326
            0.340000  0.190000  0.170000
   -5.028    2.364    4.802    5.021    8.319    9.091    9.936   11.381
            0.340000  0.190000  0.180000
   -5.014    2.307    4.829    5.008    8.304    9.091    9.921   11.439
            0.340000  0.190000  0.190000
   -4.999    2.250    4.842    5.006    8.287    9.094    9.904   11.499
            0.340000  0.190000  0.200000
   -4.983    2.192    4.838    5.018    8.270    9.100    9.887   11.561
            0.340000  0.190000  0.210000
   -4.967    2.135    4.821    5.041    8.253    9.109    9.868   11.625
            0.340000  0.190000  0.220000
   -4.950    2.077    4.796    5.067    8.235    9.122    9.849   11.692
            0.340000  0.190000  0.230000
   -4.932    2.020    4.767    5.095    8.219    9.137    9.829   11.760
            0.340000  0.190000  0.240000
   -4.914    1.963    4.735    5.121    8.204    9.154    9.808   11.829
            0.340000  0.190000  0.250000
   -4.894    1.906    4.701    5.145    8.190    9.174    9.786   11.901
            0.340000  0.190000  0.260000
   -4.874    1.849    4.666    5.167    8.178    9.195    9.764   11.974
            0.340000  0.190000  0.270000
   -4.853    1.793    4.630    5.185    8.168    9.219    9.741   12.049
            0.340000  0.190000  0.280000
   -4.831    1.737    4.593    5.199    8.161    9.243    9.719   12.125
            0.340000  0.190000  0.290000
   -4.809    1.681    4.555    5.210    8.156    9.269    9.697   12.202
            0.340000  0.190000  0.300000
   -4.786    1.626    4.517    5.217    8.155    9.296    9.676   12.280
            0.340000  0.190000  0.310000
   -4.762    1.571    4.478    5.219    8.156    9.322    9.657   12.357
            0.340000  0.190000  0.320000
   -4.737    1.516    4.438    5.218    8.161    9.346    9.641   12.432
            0.340000  0.190000  0.330000
   -4.711    1.462    4.398    5.212    8.169    9.367    9.630   12.499
            0.340000  0.190000  0.340000
   -4.685    1.408    4.358    5.203    8.180    9.382    9.627   12.537
            0.340000  0.190000  0.350000
   -4.658    1.354    4.317    5.189    8.193    9.388    9.635   12.526
            0.340000  0.190000  0.360000
   -4.631    1.301    4.276    5.172    8.210    9.386    9.652   12.481
            0.340000  0.190000  0.370000
   -4.602    1.249    4.234    5.151    8.228    9.376    9.680   12.426
            0.340000  0.190000  0.380000
   -4.573    1.197    4.192    5.126    8.249    9.361    9.714   12.367
            0.340000  0.190000  0.390000
   -4.543    1.145    4.150    5.098    8.272    9.344    9.754   12.307
            0.340000  0.190000  0.400000
   -4.513    1.094    4.108    5.067    8.296    9.325    9.797   12.246
            0.340000  0.190000  0.410000
   -4.482    1.044    4.065    5.034    8.321    9.306    9.844   12.185
            0.340000  0.190000  0.420000
   -4.450    0.994    4.022    4.998    8.346    9.288    9.894   12.125
            0.340000  0.190000  0.430000
   -4.417    0.944    3.979    4.959    8.371    9.272    9.946   12.066
            0.340000  0.190000  0.440000
   -4.384    0.895    3.935    4.919    8.395    9.258   10.000   12.007
            0.340000  0.190000  0.450000
   -4.350    0.847    3.891    4.877    8.417    9.247   10.056   11.950
            0.340000  0.190000  0.460000
   -4.315    0.799    3.847    4.833    8.437    9.240   10.114   11.893
            0.340000  0.190000  0.470000
   -4.280    0.751    3.803    4.788    8.454    9.237   10.173   11.837
            0.340000  0.190000  0.480000
   -4.244    0.704    3.758    4.742    8.466    9.240   10.234   11.782
            0.340000  0.190000  0.490000
   -4.207    0.658    3.713    4.696    8.475    9.249   10.297   11.729
            0.340000  0.190000  0.500000
   -4.170    0.612    3.667    4.648    8.478    9.263   10.361   11.676
            0.340000  0.190000  0.510000
   -4.132    0.566    3.621    4.600    8.477    9.283   10.426   11.625
            0.340000  0.190000  0.520000
   -4.094    0.521    3.575    4.552    8.472    9.308   10.493   11.575
            0.340000  0.190000  0.530000
   -4.055    0.476    3.529    4.504    8.462    9.339   10.560   11.527
            0.340000  0.190000  0.540000
   -4.015    0.432    3.482    4.456    8.449    9.374   10.629   11.479
            0.340000  0.190000  0.550000
   -3.975    0.389    3.434    4.408    8.433    9.414   10.699   11.434
            0.340000  0.190000  0.560000
   -3.934    0.345    3.386    4.361    8.415    9.457   10.770   11.390
            0.340000  0.190000  0.570000
   -3.893    0.303    3.338    4.314    8.394    9.503   10.840   11.348
            0.340000  0.190000  0.580000
   -3.851    0.260    3.289    4.268    8.372    9.551   10.910   11.309
            0.340000  0.190000  0.590000
   -3.809    0.218    3.240    4.223    8.349    9.602   10.978   11.275
            0.340000  0.190000  0.600000
   -3.766    0.177    3.190    4.179    8.324    9.655   11.037   11.251
            0.340000  0.190000  0.610000
   -3.722    0.136    3.140    4.135    8.299    9.709   11.075   11.251
            0.340000  0.190000  0.620000
   -3.678    0.095    3.090    4.093    8.274    9.765   11.079   11.287
            0.340000  0.190000  0.630000
   -3.634    0.054    3.040    4.052    8.248    9.822   11.060   11.349
            0.340000  0.190000  0.640000
   -3.589    0.014    2.989    4.011    8.222    9.881   11.033   11.420
            0.340000  0.190000  0.650000
   -3.544   -0.026    2.938    3.973    8.197    9.940   11.003   11.497
            0.340000  0.190000  0.660000
   -3.499   -0.065    2.887    3.935    8.171   10.000   10.973   11.575
            0.340000  0.190000  0.670000
   -3.453   -0.104    2.836    3.898    8.145   10.060   10.944   11.656
            0.340000  0.190000  0.680000
   -3.407   -0.143    2.785    3.863    8.120   10.121   10.915   11.738
            0.340000  0.190000  0.690000
   -3.360   -0.182    2.734    3.829    8.095   10.181   10.888   11.820
            0.340000  0.190000  0.700000
   -3.313   -0.220    2.683    3.797    8.071   10.242   10.864   11.904
            0.340000  0.190000  0.710000
   -3.266   -0.258    2.633    3.765    8.047   10.301   10.842   11.988
            0.340000  0.190000  0.720000
   -3.219   -0.296    2.583    3.735    8.023   10.359   10.824   12.073
            0.340000  0.190000  0.730000
   -3.171   -0.334    2.534    3.706    8.000   10.412   10.811   12.158
            0.340000  0.190000  0.740000
   -3.124   -0.372    2.486    3.678    7.978   10.460   10.806   12.244
            0.340000  0.190000  0.750000
   -3.076   -0.409    2.438    3.652    7.956   10.498   10.812   12.331
            0.340000  0.190000  0.760000
   -3.028   -0.446    2.391    3.626    7.935   10.524   10.832   12.417
            0.340000  0.190000  0.770000
   -2.980   -0.483    2.345    3.602    7.915   10.536   10.868   12.504
            0.340000  0.190000  0.780000
   -2.933   -0.520    2.300    3.579    7.896   10.538   10.915   12.591
            0.340000  0.190000  0.790000
   -2.885   -0.557    2.257    3.558    7.877   10.533   10.971   12.678
            0.340000  0.190000  0.800000
   -2.838   -0.594    2.214    3.537    7.859   10.524   11.033   12.765
            0.340000  0.190000  0.810000
   -2.791   -0.630    2.173    3.517    7.842   10.512   11.099   12.851
            0.340000  0.190000  0.820000
   -2.744   -0.667    2.134    3.499    7.825   10.500   11.167   12.938
            0.340000  0.190000  0.830000
   -2.698   -0.703    2.096    3.481    7.810   10.487   11.237   13.023
            0.340000  0.190000  0.840000
   -2.652   -0.738    2.059    3.465    7.795   10.474   11.309   13.107
            0.340000  0.190000  0.850000
   -2.607   -0.773    2.025    3.450    7.781   10.462   11.382   13.189
            0.340000  0.190000  0.860000
   -2.563   -0.808    1.992    3.435    7.768   10.450   11.456   13.268
            0.340000  0.190000  0.870000
   -2.520   -0.842    1.961    3.422    7.756   10.438   11.531   13.339
            0.340000  0.190000  0.880000
   -2.478   -0.876    1.933    3.410    7.744   10.427   11.607   13.397
            0.340000  0.190000  0.890000
   -2.437   -0.908    1.906    3.399    7.734   10.417   11.683   13.430
            0.340000  0.190000  0.900000
   -2.398   -0.940    1.881    3.388    7.724   10.408   11.760   13.423
            0.340000  0.190000  0.910000
   -2.361   -0.970    1.859    3.379    7.716   10.400   11.837   13.382
            0.340000  0.190000  0.920000
   -2.326   -0.998    1.838    3.371    7.708   10.392   11.914   13.320
            0.340000  0.190000  0.930000
   -2.294   -1.025    1.820    3.364    7.701   10.385   11.991   13.249
            0.340000  0.190000  0.940000
   -2.265   -1.049    1.805    3.357    7.695   10.379   12.067   13.174
            0.340000  0.190000  0.950000
   -2.239   -1.071    1.791    3.352    7.690   10.374   12.141   13.098
            0.340000  0.190000  0.960000
   -2.218   -1.089    1.780    3.348    7.686   10.370   12.213   13.025
            0.340000  0.190000  0.970000
   -2.200   -1.104    1.772    3.344    7.682   10.367   12.280   12.956
            0.340000  0.190000  0.980000
   -2.187   -1.115    1.766    3.342    7.680   10.365   12.338   12.897
            0.340000  0.190000  0.990000
   -2.179   -1.121    1.762    3.341    7.679   10.364   12.379   12.854
            0.340000  0.190000  1.000000
   -2.177   -1.124    1.761    3.340    7.678   10.363   12.395   12.838
