 &plot nbnd=   8, nks=   101 /
            0.400000  0.720000  0.000000
   -3.136   -0.117    2.135    3.467    9.376    9.629   10.135   13.370
            0.400000  0.720000  0.010000
   -3.136   -0.118    2.136    3.468    9.368    9.630   10.143   13.363
            0.400000  0.720000  0.020000
   -3.135   -0.122    2.141    3.470    9.345    9.634   10.166   13.344
            0.400000  0.720000  0.030000
   -3.135   -0.129    2.148    3.474    9.311    9.640   10.202   13.313
            0.400000  0.720000  0.040000
   -3.135   -0.137    2.158    3.480    9.268    9.646   10.248   13.271
            0.400000  0.720000  0.050000
   -3.134   -0.148    2.171    3.487    9.220    9.652   10.304   13.220
            0.400000  0.720000  0.060000
   -3.134   -0.161    2.186    3.495    9.168    9.658   10.366   13.161
            0.400000  0.720000  0.070000
   -3.133   -0.177    2.203    3.505    9.114    9.663   10.433   13.095
            0.400000  0.720000  0.080000
   -3.133   -0.194    2.223    3.517    9.059    9.669   10.504   13.023
            0.400000  0.720000  0.090000
   -3.132   -0.212    2.244    3.530    9.003    9.675   10.579   12.947
            0.400000  0.720000  0.100000
   -3.131   -0.233    2.268    3.544    8.947    9.681   10.657   12.867
            0.400000  0.720000  0.110000
   -3.130   -0.254    2.293    3.560    8.891    9.687   10.737   12.784
            0.400000  0.720000  0.120000
   -3.130   -0.277    2.319    3.578    8.835    9.694   10.820   12.698
            0.400000  0.720000  0.130000
   -3.129   -0.300    2.347    3.597    8.781    9.701   10.904   12.611
            0.400000  0.720000  0.140000
   -3.128   -0.325    2.375    3.618    8.727    9.709   10.989   12.521
            0.400000  0.720000  0.150000
   -3.128   -0.350    2.405    3.640    8.675    9.717   11.076   12.430
            0.400000  0.720000  0.160000
   -3.127   -0.375    2.435    3.663    8.624    9.725   11.165   12.339
            0.400000  0.720000  0.170000
   -3.127   -0.400    2.465    3.688    8.575    9.733   11.254   12.246
            0.400000  0.720000  0.180000
   -3.127   -0.426    2.496    3.714    8.527    9.742   11.345   12.152
            0.400000  0.720000  0.190000
   -3.127   -0.451    2.527    3.741    8.481    9.751   11.437   12.058
            0.400000  0.720000  0.200000
   -3.127   -0.476    2.559    3.769    8.436    9.761   11.529   11.964
            0.400000  0.720000  0.210000
   -3.128   -0.501    2.590    3.798    8.394    9.771   11.622   11.871
            0.400000  0.720000  0.220000
   -3.129   -0.525    2.621    3.828    8.354    9.781   11.708   11.784
            0.400000  0.720000  0.230000
   -3.130   -0.549    2.652    3.859    8.316    9.791   11.672   11.820
            0.400000  0.720000  0.240000
   -3.132   -0.571    2.683    3.890    8.280    9.802   11.580   11.913
            0.400000  0.720000  0.250000
   -3.134   -0.593    2.714    3.922    8.246    9.813   11.486   12.009
            0.400000  0.720000  0.260000
   -3.137   -0.614    2.744    3.954    8.215    9.823   11.392   12.107
            0.400000  0.720000  0.270000
   -3.140   -0.634    2.775    3.987    8.187    9.834   11.298   12.205
            0.400000  0.720000  0.280000
   -3.143   -0.653    2.805    4.019    8.161    9.845   11.204   12.303
            0.400000  0.720000  0.290000
   -3.147   -0.670    2.834    4.051    8.138    9.855   11.112   12.403
            0.400000  0.720000  0.300000
   -3.152   -0.686    2.863    4.083    8.117    9.865   11.020   12.502
            0.400000  0.720000  0.310000
   -3.158   -0.700    2.892    4.114    8.100    9.875   10.929   12.602
            0.400000  0.720000  0.320000
   -3.164   -0.713    2.921    4.144    8.086    9.884   10.840   12.702
            0.400000  0.720000  0.330000
   -3.170   -0.725    2.949    4.174    8.075    9.892   10.752   12.803
            0.400000  0.720000  0.340000
   -3.177   -0.735    2.977    4.202    8.067    9.898   10.667   12.904
            0.400000  0.720000  0.350000
   -3.185   -0.743    3.005    4.229    8.063    9.902   10.585   13.004
            0.400000  0.720000  0.360000
   -3.194   -0.749    3.032    4.255    8.061    9.903   10.507   13.104
            0.400000  0.720000  0.370000
   -3.203   -0.754    3.059    4.280    8.063    9.899   10.435   13.205
            0.400000  0.720000  0.380000
   -3.213   -0.757    3.086    4.303    8.069    9.889   10.370   13.304
            0.400000  0.720000  0.390000
   -3.224   -0.758    3.112    4.324    8.077    9.870   10.315   13.403
            0.400000  0.720000  0.400000
   -3.235   -0.758    3.138    4.343    8.089    9.840   10.273   13.501
            0.400000  0.720000  0.410000
   -3.248   -0.756    3.163    4.361    8.105    9.799   10.242   13.597
            0.400000  0.720000  0.420000
   -3.260   -0.752    3.189    4.376    8.123    9.748   10.223   13.692
            0.400000  0.720000  0.430000
   -3.273   -0.746    3.213    4.390    8.144    9.690   10.213   13.783
            0.400000  0.720000  0.440000
   -3.287   -0.738    3.238    4.401    8.168    9.627   10.210   13.870
            0.400000  0.720000  0.450000
   -3.302   -0.729    3.261    4.411    8.195    9.562   10.211   13.945
            0.400000  0.720000  0.460000
   -3.317   -0.718    3.285    4.419    8.224    9.496   10.215   13.992
            0.400000  0.720000  0.470000
   -3.332   -0.705    3.308    4.424    8.254    9.431   10.221   13.972
            0.400000  0.720000  0.480000
   -3.348   -0.691    3.330    4.428    8.286    9.368   10.229   13.898
            0.400000  0.720000  0.490000
   -3.364   -0.675    3.351    4.430    8.318    9.307   10.238   13.804
            0.400000  0.720000  0.500000
   -3.381   -0.658    3.372    4.431    8.349    9.252   10.248   13.704
            0.400000  0.720000  0.510000
   -3.398   -0.638    3.393    4.429    8.378    9.202   10.258   13.601
            0.400000  0.720000  0.520000
   -3.415   -0.618    3.412    4.426    8.404    9.159   10.268   13.496
            0.400000  0.720000  0.530000
   -3.433   -0.596    3.431    4.421    8.423    9.127   10.279   13.390
            0.400000  0.720000  0.540000
   -3.451   -0.572    3.448    4.415    8.435    9.106   10.290   13.284
            0.400000  0.720000  0.550000
   -3.469   -0.547    3.465    4.408    8.437    9.099   10.301   13.177
            0.400000  0.720000  0.560000
   -3.487   -0.521    3.481    4.399    8.429    9.107   10.313   13.071
            0.400000  0.720000  0.570000
   -3.505   -0.494    3.495    4.389    8.412    9.127   10.324   12.965
            0.400000  0.720000  0.580000
   -3.523   -0.465    3.509    4.378    8.387    9.159   10.336   12.858
            0.400000  0.720000  0.590000
   -3.541   -0.435    3.521    4.367    8.357    9.200   10.347   12.753
            0.400000  0.720000  0.600000
   -3.559   -0.404    3.531    4.354    8.323    9.248   10.360   12.647
            0.400000  0.720000  0.610000
   -3.577   -0.372    3.540    4.341    8.288    9.301   10.372   12.542
            0.400000  0.720000  0.620000
   -3.595   -0.339    3.548    4.327    8.252    9.359   10.385   12.438
            0.400000  0.720000  0.630000
   -3.613   -0.304    3.554    4.312    8.217    9.419   10.399   12.334
            0.400000  0.720000  0.640000
   -3.631   -0.269    3.558    4.297    8.183    9.481   10.414   12.231
            0.400000  0.720000  0.650000
   -3.648   -0.233    3.560    4.282    8.150    9.544   10.430   12.128
            0.400000  0.720000  0.660000
   -3.666   -0.196    3.560    4.267    8.119    9.608   10.448   12.026
            0.400000  0.720000  0.670000
   -3.683   -0.158    3.558    4.251    8.090    9.670   10.467   11.925
            0.400000  0.720000  0.680000
   -3.699   -0.120    3.554    4.236    8.064    9.732   10.490   11.825
            0.400000  0.720000  0.690000
   -3.716   -0.080    3.548    4.221    8.041    9.791   10.515   11.725
            0.400000  0.720000  0.700000
   -3.732   -0.041    3.539    4.207    8.021    9.848   10.544   11.627
            0.400000  0.720000  0.710000
   -3.748   -0.000    3.528    4.193    8.003    9.900   10.578   11.529
            0.400000  0.720000  0.720000
   -3.763    0.041    3.515    4.179    7.989    9.948   10.617   11.433
            0.400000  0.720000  0.730000
   -3.778    0.082    3.499    4.166    7.977    9.991   10.661   11.337
            0.400000  0.720000  0.740000
   -3.793    0.124    3.481    4.153    7.969   10.029   10.710   11.243
            0.400000  0.720000  0.750000
   -3.807    0.167    3.461    4.141    7.964   10.062   10.763   11.151
            0.400000  0.720000  0.760000
   -3.821    0.209    3.439    4.130    7.962   10.090   10.820   11.062
            0.400000  0.720000  0.770000
   -3.834    0.252    3.415    4.120    7.962   10.114   10.873   10.982
            0.400000  0.720000  0.780000
   -3.847    0.294    3.389    4.110    7.966   10.134   10.856   10.977
            0.400000  0.720000  0.790000
   -3.859    0.337    3.361    4.100    7.973   10.150   10.778   11.037
            0.400000  0.720000  0.800000
   -3.871    0.380    3.332    4.092    7.983   10.164   10.693   11.108
            0.400000  0.720000  0.810000
   -3.882    0.422    3.302    4.083    7.995   10.175   10.609   11.182
            0.400000  0.720000  0.820000
   -3.893    0.464    3.271    4.076    8.010   10.185   10.525   11.257
            0.400000  0.720000  0.830000
   -3.904    0.506    3.239    4.069    8.027   10.193   10.444   11.333
            0.400000  0.720000  0.840000
   -3.913    0.546    3.207    4.062    8.046   10.199   10.364   11.410
            0.400000  0.720000  0.850000
   -3.923    0.587    3.174    4.056    8.068   10.203   10.287   11.487
            0.400000  0.720000  0.860000
   -3.931    0.626    3.141    4.050    8.091   10.192   10.227   11.563
            0.400000  0.720000  0.870000
   -3.939    0.664    3.109    4.045    8.116   10.130   10.219   11.638
            0.400000  0.720000  0.880000
   -3.947    0.700    3.077    4.040    8.143   10.060   10.221   11.712
            0.400000  0.720000  0.890000
   -3.954    0.735    3.046    4.036    8.170    9.992   10.223   11.784
            0.400000  0.720000  0.900000
   -3.960    0.769    3.017    4.032    8.198    9.926   10.225   11.854
            0.400000  0.720000  0.910000
   -3.966    0.800    2.988    4.028    8.226    9.864   10.227   11.920
            0.400000  0.720000  0.920000
   -3.971    0.829    2.962    4.025    8.255    9.806   10.228   11.983
            0.400000  0.720000  0.930000
   -3.976    0.855    2.938    4.022    8.282    9.752   10.230   12.041
            0.400000  0.720000  0.940000
   -3.980    0.879    2.916    4.019    8.308    9.703   10.231   12.095
            0.400000  0.720000  0.950000
   -3.983    0.899    2.897    4.017    8.332    9.660   10.231   12.142
            0.400000  0.720000  0.960000
   -3.986    0.917    2.881    4.015    8.353    9.623   10.232   12.182
            0.400000  0.720000  0.970000
   -3.988    0.930    2.868    4.014    8.370    9.594   10.233   12.215
            0.400000  0.720000  0.980000
   -3.989    0.940    2.859    4.013    8.383    9.572   10.233   12.239
            0.400000  0.720000  0.990000
   -3.990    0.946    2.853    4.013    8.391    9.558   10.233   12.253
            0.400000  0.720000  1.000000
   -3.991    0.948    2.851    4.012    8.394    9.554   10.233   12.258
