 &plot nbnd=   8, nks=   101 /
            0.140000  0.780000  0.000000
   -3.208   -0.036    3.056    3.245    7.045    7.763   13.090   14.079
            0.140000  0.780000  0.010000
   -3.208   -0.036    3.051    3.249    7.044    7.767   13.090   14.072
            0.140000  0.780000  0.020000
   -3.207   -0.038    3.037    3.261    7.041    7.780   13.090   14.051
            0.140000  0.780000  0.030000
   -3.206   -0.039    3.016    3.278    7.037    7.800   13.090   14.017
            0.140000  0.780000  0.040000
   -3.204   -0.042    2.992    3.298    7.031    7.828   13.090   13.971
            0.140000  0.780000  0.050000
   -3.202   -0.046    2.965    3.319    7.025    7.862   13.090   13.913
            0.140000  0.780000  0.060000
   -3.199   -0.050    2.937    3.339    7.019    7.903   13.090   13.847
            0.140000  0.780000  0.070000
   -3.195   -0.055    2.908    3.360    7.015    7.949   13.091   13.772
            0.140000  0.780000  0.080000
   -3.191   -0.060    2.878    3.379    7.012    7.999   13.091   13.690
            0.140000  0.780000  0.090000
   -3.187   -0.067    2.848    3.397    7.011    8.054   13.091   13.602
            0.140000  0.780000  0.100000
   -3.182   -0.074    2.818    3.414    7.013    8.113   13.090   13.509
            0.140000  0.780000  0.110000
   -3.176   -0.082    2.788    3.429    7.018    8.175   13.089   13.413
            0.140000  0.780000  0.120000
   -3.170   -0.091    2.759    3.443    7.026    8.240   13.087   13.315
            0.140000  0.780000  0.130000
   -3.164   -0.100    2.730    3.454    7.037    8.308   13.080   13.219
            0.140000  0.780000  0.140000
   -3.157   -0.110    2.701    3.464    7.052    8.379   13.050   13.143
            0.140000  0.780000  0.150000
   -3.149   -0.121    2.674    3.472    7.071    8.452   12.969   13.116
            0.140000  0.780000  0.160000
   -3.141   -0.133    2.646    3.479    7.093    8.528   12.866   13.109
            0.140000  0.780000  0.170000
   -3.133   -0.145    2.620    3.483    7.119    8.606   12.757   13.107
            0.140000  0.780000  0.180000
   -3.124   -0.158    2.594    3.486    7.149    8.685   12.646   13.106
            0.140000  0.780000  0.190000
   -3.115   -0.172    2.569    3.487    7.183    8.767   12.533   13.106
            0.140000  0.780000  0.200000
   -3.105   -0.186    2.545    3.487    7.221    8.850   12.419   13.106
            0.140000  0.780000  0.210000
   -3.095   -0.201    2.521    3.485    7.262    8.935   12.304   13.106
            0.140000  0.780000  0.220000
   -3.084   -0.216    2.498    3.482    7.307    9.022   12.188   13.106
            0.140000  0.780000  0.230000
   -3.073   -0.233    2.477    3.477    7.356    9.110   12.073   13.107
            0.140000  0.780000  0.240000
   -3.062   -0.249    2.455    3.472    7.408    9.200   11.956   13.107
            0.140000  0.780000  0.250000
   -3.050   -0.266    2.435    3.466    7.463    9.291   11.840   13.107
            0.140000  0.780000  0.260000
   -3.038   -0.284    2.415    3.459    7.522    9.383   11.724   13.107
            0.140000  0.780000  0.270000
   -3.026   -0.301    2.396    3.451    7.583    9.476   11.608   13.107
            0.140000  0.780000  0.280000
   -3.013   -0.320    2.378    3.444    7.648    9.570   11.493   13.107
            0.140000  0.780000  0.290000
   -3.001   -0.338    2.360    3.436    7.715    9.665   11.378   13.107
            0.140000  0.780000  0.300000
   -2.987   -0.357    2.343    3.427    7.785    9.761   11.264   13.107
            0.140000  0.780000  0.310000
   -2.974   -0.376    2.326    3.419    7.858    9.857   11.151   13.106
            0.140000  0.780000  0.320000
   -2.961   -0.395    2.310    3.411    7.933    9.953   11.040   13.106
            0.140000  0.780000  0.330000
   -2.947   -0.415    2.295    3.404    8.011   10.048   10.931   13.105
            0.140000  0.780000  0.340000
   -2.933   -0.434    2.279    3.397    8.091   10.139   10.828   13.104
            0.140000  0.780000  0.350000
   -2.919   -0.454    2.264    3.390    8.173   10.221   10.735   13.104
            0.140000  0.780000  0.360000
   -2.905   -0.473    2.250    3.384    8.257   10.281   10.666   13.102
            0.140000  0.780000  0.370000
   -2.891   -0.492    2.235    3.379    8.343   10.290   10.650   13.101
            0.140000  0.780000  0.380000
   -2.876   -0.511    2.221    3.374    8.431   10.239   10.694   13.100
            0.140000  0.780000  0.390000
   -2.862   -0.530    2.207    3.371    8.521   10.156   10.774   13.098
            0.140000  0.780000  0.400000
   -2.848   -0.549    2.194    3.368    8.612   10.059   10.867   13.096
            0.140000  0.780000  0.410000
   -2.834   -0.567    2.180    3.367    8.705    9.958   10.968   13.094
            0.140000  0.780000  0.420000
   -2.820   -0.585    2.167    3.367    8.800    9.854   11.072   13.092
            0.140000  0.780000  0.430000
   -2.806   -0.603    2.154    3.367    8.896    9.750   11.179   13.090
            0.140000  0.780000  0.440000
   -2.792   -0.620    2.141    3.369    8.992    9.646   11.288   13.087
            0.140000  0.780000  0.450000
   -2.779   -0.636    2.128    3.371    9.090    9.543   11.397   13.084
            0.140000  0.780000  0.460000
   -2.765   -0.652    2.115    3.375    9.186    9.444   11.508   13.080
            0.140000  0.780000  0.470000
   -2.752   -0.668    2.103    3.380    9.261    9.367   11.618   13.011
            0.140000  0.780000  0.480000
   -2.739   -0.683    2.091    3.386    9.214    9.414   11.728   12.896
            0.140000  0.780000  0.490000
   -2.727   -0.697    2.079    3.392    9.121    9.511   11.837   12.782
            0.140000  0.780000  0.500000
   -2.715   -0.710    2.068    3.400    9.023    9.613   11.943   12.674
            0.140000  0.780000  0.510000
   -2.704   -0.722    2.057    3.408    8.926    9.718   12.040   12.574
            0.140000  0.780000  0.520000
   -2.693   -0.734    2.047    3.417    8.829    9.824   12.115   12.497
            0.140000  0.780000  0.530000
   -2.682   -0.745    2.037    3.427    8.734    9.931   12.136   12.476
            0.140000  0.780000  0.540000
   -2.672   -0.755    2.027    3.437    8.641   10.038   12.086   12.525
            0.140000  0.780000  0.550000
   -2.662   -0.764    2.018    3.448    8.549   10.146   12.000   12.609
            0.140000  0.780000  0.560000
   -2.653   -0.772    2.010    3.459    8.458   10.255   11.901   12.702
            0.140000  0.780000  0.570000
   -2.645   -0.780    2.003    3.471    8.370   10.363   11.798   12.790
            0.140000  0.780000  0.580000
   -2.637   -0.786    1.996    3.482    8.284   10.470   11.694   12.862
            0.140000  0.780000  0.590000
   -2.630   -0.792    1.990    3.494    8.200   10.576   11.592   12.909
            0.140000  0.780000  0.600000
   -2.623   -0.796    1.985    3.506    8.118   10.678   11.494   12.934
            0.140000  0.780000  0.610000
   -2.617   -0.800    1.981    3.517    8.038   10.773   11.405   12.945
            0.140000  0.780000  0.620000
   -2.611   -0.803    1.978    3.528    7.961   10.849   11.335   12.949
            0.140000  0.780000  0.630000
   -2.607   -0.805    1.975    3.539    7.886   10.888   11.303   12.950
            0.140000  0.780000  0.640000
   -2.602   -0.806    1.974    3.549    7.815   10.870   11.330   12.949
            0.140000  0.780000  0.650000
   -2.599   -0.807    1.974    3.558    7.746   10.808   11.402   12.946
            0.140000  0.780000  0.660000
   -2.596   -0.807    1.975    3.566    7.680   10.725   11.496   12.942
            0.140000  0.780000  0.670000
   -2.593   -0.806    1.978    3.574    7.618   10.632   11.600   12.938
            0.140000  0.780000  0.680000
   -2.591   -0.804    1.981    3.580    7.558   10.536   11.710   12.934
            0.140000  0.780000  0.690000
   -2.590   -0.802    1.986    3.584    7.503   10.437   11.823   12.929
            0.140000  0.780000  0.700000
   -2.589   -0.799    1.992    3.587    7.451   10.338   11.938   12.923
            0.140000  0.780000  0.710000
   -2.588   -0.796    1.999    3.589    7.402   10.239   12.054   12.918
            0.140000  0.780000  0.720000
   -2.588   -0.793    2.008    3.589    7.358   10.140   12.171   12.913
            0.140000  0.780000  0.730000
   -2.588   -0.789    2.018    3.587    7.317   10.041   12.289   12.907
            0.140000  0.780000  0.740000
   -2.589   -0.784    2.030    3.582    7.281    9.943   12.407   12.902
            0.140000  0.780000  0.750000
   -2.590   -0.780    2.043    3.576    7.249    9.846   12.525   12.896
            0.140000  0.780000  0.760000
   -2.591   -0.775    2.057    3.568    7.221    9.750   12.644   12.891
            0.140000  0.780000  0.770000
   -2.592   -0.770    2.073    3.557    7.198    9.654   12.762   12.886
            0.140000  0.780000  0.780000
   -2.594   -0.765    2.090    3.544    7.179    9.560   12.871   12.890
            0.140000  0.780000  0.790000
   -2.596   -0.760    2.109    3.529    7.164    9.466   12.874   12.999
            0.140000  0.780000  0.800000
   -2.598   -0.754    2.129    3.512    7.154    9.374   12.870   13.116
            0.140000  0.780000  0.810000
   -2.600   -0.749    2.151    3.492    7.148    9.283   12.865   13.233
            0.140000  0.780000  0.820000
   -2.602   -0.744    2.173    3.470    7.146    9.193   12.861   13.348
            0.140000  0.780000  0.830000
   -2.604   -0.739    2.198    3.446    7.149    9.105   12.856   13.463
            0.140000  0.780000  0.840000
   -2.606   -0.734    2.223    3.420    7.156    9.018   12.852   13.577
            0.140000  0.780000  0.850000
   -2.609   -0.729    2.250    3.392    7.167    8.932   12.848   13.689
            0.140000  0.780000  0.860000
   -2.611   -0.725    2.278    3.363    7.181    8.847   12.844   13.799
            0.140000  0.780000  0.870000
   -2.613   -0.720    2.307    3.331    7.200    8.765   12.840   13.907
            0.140000  0.780000  0.880000
   -2.615   -0.716    2.337    3.299    7.222    8.684   12.837   14.013
            0.140000  0.780000  0.890000
   -2.617   -0.712    2.369    3.265    7.247    8.604   12.834   14.115
            0.140000  0.780000  0.900000
   -2.619   -0.709    2.401    3.230    7.276    8.527   12.831   14.213
            0.140000  0.780000  0.910000
   -2.621   -0.706    2.434    3.194    7.307    8.452   12.828   14.307
            0.140000  0.780000  0.920000
   -2.622   -0.703    2.467    3.158    7.341    8.379   12.826   14.395
            0.140000  0.780000  0.930000
   -2.624   -0.700    2.501    3.121    7.377    8.308   12.824   14.476
            0.140000  0.780000  0.940000
   -2.625   -0.698    2.535    3.085    7.415    8.241   12.822   14.550
            0.140000  0.780000  0.950000
   -2.626   -0.696    2.568    3.050    7.453    8.178   12.820   14.615
            0.140000  0.780000  0.960000
   -2.627   -0.694    2.600    3.016    7.491    8.119   12.819   14.669
            0.140000  0.780000  0.970000
   -2.628   -0.693    2.630    2.985    7.527    8.067   12.818   14.713
            0.140000  0.780000  0.980000
   -2.628   -0.692    2.655    2.958    7.558    8.025   12.817   14.744
            0.140000  0.780000  0.990000
   -2.629   -0.691    2.672    2.940    7.580    7.997   12.817   14.764
            0.140000  0.780000  1.000000
   -2.629   -0.691    2.679    2.934    7.588    7.987   12.816   14.770
