 &plot nbnd=   8, nks=   101 /
            0.380000  0.830000  0.000000
   -2.590   -0.654    2.128    2.880    9.086    9.471   10.672   13.553
            0.380000  0.830000  0.010000
   -2.590   -0.654    2.128    2.882    9.072    9.485   10.673   13.553
            0.380000  0.830000  0.020000
   -2.591   -0.655    2.126    2.889    9.037    9.524   10.674   13.554
            0.380000  0.830000  0.030000
   -2.592   -0.657    2.123    2.899    8.989    9.577   10.677   13.556
            0.380000  0.830000  0.040000
   -2.593   -0.660    2.120    2.914    8.933    9.640   10.680   13.558
            0.380000  0.830000  0.050000
   -2.595   -0.663    2.116    2.932    8.874    9.708   10.685   13.560
            0.380000  0.830000  0.060000
   -2.598   -0.666    2.111    2.954    8.814    9.780   10.691   13.563
            0.380000  0.830000  0.070000
   -2.601   -0.671    2.106    2.979    8.753    9.854   10.698   13.567
            0.380000  0.830000  0.080000
   -2.604   -0.675    2.101    3.007    8.693    9.929   10.706   13.570
            0.380000  0.830000  0.090000
   -2.608   -0.680    2.096    3.038    8.633   10.005   10.717   13.573
            0.380000  0.830000  0.100000
   -2.612   -0.686    2.091    3.071    8.574   10.082   10.729   13.574
            0.380000  0.830000  0.110000
   -2.617   -0.692    2.087    3.106    8.516   10.157   10.745   13.573
            0.380000  0.830000  0.120000
   -2.623   -0.697    2.084    3.144    8.460   10.231   10.763   13.565
            0.380000  0.830000  0.130000
   -2.629   -0.703    2.081    3.182    8.405   10.303   10.786   13.542
            0.380000  0.830000  0.140000
   -2.636   -0.709    2.079    3.223    8.352   10.370   10.815   13.494
            0.380000  0.830000  0.150000
   -2.643   -0.715    2.077    3.264    8.301   10.432   10.851   13.421
            0.380000  0.830000  0.160000
   -2.651   -0.721    2.077    3.307    8.252   10.487   10.895   13.332
            0.380000  0.830000  0.170000
   -2.660   -0.726    2.078    3.350    8.204   10.535   10.949   13.236
            0.380000  0.830000  0.180000
   -2.670   -0.731    2.079    3.395    8.159   10.575   11.011   13.135
            0.380000  0.830000  0.190000
   -2.680   -0.735    2.082    3.439    8.116   10.608   11.082   13.032
            0.380000  0.830000  0.200000
   -2.691   -0.739    2.085    3.484    8.075   10.636   11.158   12.927
            0.380000  0.830000  0.210000
   -2.703   -0.742    2.090    3.529    8.037   10.660   11.240   12.820
            0.380000  0.830000  0.220000
   -2.715   -0.745    2.096    3.574    8.001   10.682   11.326   12.713
            0.380000  0.830000  0.230000
   -2.729   -0.746    2.102    3.619    7.968   10.702   11.414   12.606
            0.380000  0.830000  0.240000
   -2.743   -0.747    2.110    3.663    7.938   10.721   11.505   12.499
            0.380000  0.830000  0.250000
   -2.758   -0.747    2.119    3.706    7.911   10.738   11.597   12.392
            0.380000  0.830000  0.260000
   -2.774   -0.746    2.128    3.749    7.887   10.755   11.689   12.286
            0.380000  0.830000  0.270000
   -2.790   -0.744    2.139    3.791    7.866   10.772   11.779   12.184
            0.380000  0.830000  0.280000
   -2.807   -0.740    2.151    3.832    7.848   10.788   11.858   12.094
            0.380000  0.830000  0.290000
   -2.825   -0.736    2.163    3.871    7.834   10.804   11.880   12.062
            0.380000  0.830000  0.300000
   -2.844   -0.730    2.177    3.909    7.823   10.820   11.810   12.124
            0.380000  0.830000  0.310000
   -2.864   -0.723    2.191    3.945    7.816   10.836   11.712   12.215
            0.380000  0.830000  0.320000
   -2.884   -0.715    2.206    3.980    7.813   10.851   11.609   12.312
            0.380000  0.830000  0.330000
   -2.904   -0.706    2.222    4.012    7.813   10.866   11.504   12.413
            0.380000  0.830000  0.340000
   -2.926   -0.696    2.239    4.043    7.818   10.881   11.399   12.515
            0.380000  0.830000  0.350000
   -2.948   -0.684    2.256    4.072    7.826   10.894   11.295   12.618
            0.380000  0.830000  0.360000
   -2.970   -0.671    2.275    4.098    7.838   10.904   11.195   12.721
            0.380000  0.830000  0.370000
   -2.993   -0.657    2.294    4.122    7.855   10.905   11.104   12.826
            0.380000  0.830000  0.380000
   -3.017   -0.642    2.314    4.144    7.875   10.882   11.038   12.931
            0.380000  0.830000  0.390000
   -3.040   -0.625    2.334    4.164    7.900   10.816   11.015   13.035
            0.380000  0.830000  0.400000
   -3.065   -0.608    2.355    4.181    7.928   10.725   11.016   13.139
            0.380000  0.830000  0.410000
   -3.089   -0.589    2.377    4.196    7.961   10.627   11.027   13.241
            0.380000  0.830000  0.420000
   -3.114   -0.569    2.399    4.208    7.997   10.527   11.040   13.337
            0.380000  0.830000  0.430000
   -3.139   -0.548    2.422    4.219    8.038   10.426   11.055   13.402
            0.380000  0.830000  0.440000
   -3.164   -0.526    2.446    4.227    8.082   10.324   11.070   13.367
            0.380000  0.830000  0.450000
   -3.189   -0.503    2.469    4.233    8.129   10.224   11.085   13.268
            0.380000  0.830000  0.460000
   -3.215   -0.479    2.494    4.237    8.180   10.124   11.101   13.157
            0.380000  0.830000  0.470000
   -3.240   -0.453    2.519    4.240    8.234   10.025   11.117   13.043
            0.380000  0.830000  0.480000
   -3.266   -0.427    2.544    4.240    8.292    9.926   11.133   12.928
            0.380000  0.830000  0.490000
   -3.291   -0.400    2.569    4.239    8.352    9.829   11.149   12.813
            0.380000  0.830000  0.500000
   -3.317   -0.372    2.595    4.237    8.415    9.734   11.164   12.698
            0.380000  0.830000  0.510000
   -3.342   -0.343    2.621    4.232    8.480    9.639   11.180   12.584
            0.380000  0.830000  0.520000
   -3.368   -0.313    2.647    4.227    8.548    9.547   11.195   12.471
            0.380000  0.830000  0.530000
   -3.393   -0.283    2.673    4.220    8.616    9.457   11.210   12.358
            0.380000  0.830000  0.540000
   -3.418   -0.251    2.700    4.213    8.686    9.369   11.224   12.247
            0.380000  0.830000  0.550000
   -3.443   -0.219    2.727    4.204    8.754    9.287   11.238   12.136
            0.380000  0.830000  0.560000
   -3.467   -0.186    2.753    4.194    8.817    9.213   11.251   12.027
            0.380000  0.830000  0.570000
   -3.492   -0.153    2.780    4.184    8.864    9.159   11.263   11.920
            0.380000  0.830000  0.580000
   -3.516   -0.119    2.806    4.173    8.873    9.147   11.273   11.815
            0.380000  0.830000  0.590000
   -3.539   -0.084    2.833    4.161    8.836    9.183   11.281   11.713
            0.380000  0.830000  0.600000
   -3.563   -0.048    2.859    4.149    8.774    9.248   11.284   11.616
            0.380000  0.830000  0.610000
   -3.586   -0.012    2.885    4.137    8.704    9.324   11.278   11.530
            0.380000  0.830000  0.620000
   -3.609    0.024    2.910    4.124    8.631    9.407   11.250   11.465
            0.380000  0.830000  0.630000
   -3.631    0.061    2.935    4.111    8.557    9.493   11.192   11.432
            0.380000  0.830000  0.640000
   -3.653    0.099    2.960    4.098    8.484    9.581   11.112   11.421
            0.380000  0.830000  0.650000
   -3.674    0.137    2.984    4.085    8.412    9.672   11.022   11.421
            0.380000  0.830000  0.660000
   -3.695    0.175    3.008    4.071    8.342    9.763   10.928   11.427
            0.380000  0.830000  0.670000
   -3.716    0.213    3.031    4.058    8.274    9.856   10.832   11.434
            0.380000  0.830000  0.680000
   -3.736    0.252    3.053    4.044    8.208    9.950   10.736   11.443
            0.380000  0.830000  0.690000
   -3.756    0.291    3.074    4.031    8.144   10.044   10.641   11.452
            0.380000  0.830000  0.700000
   -3.775    0.330    3.095    4.018    8.083   10.139   10.546   11.462
            0.380000  0.830000  0.710000
   -3.793    0.370    3.114    4.005    8.024   10.234   10.452   11.472
            0.380000  0.830000  0.720000
   -3.811    0.409    3.133    3.992    7.968   10.328   10.361   11.483
            0.380000  0.830000  0.730000
   -3.829    0.448    3.151    3.980    7.915   10.268   10.425   11.493
            0.380000  0.830000  0.740000
   -3.846    0.487    3.167    3.967    7.864   10.178   10.519   11.504
            0.380000  0.830000  0.750000
   -3.862    0.526    3.182    3.955    7.817   10.089   10.613   11.516
            0.380000  0.830000  0.760000
   -3.878    0.565    3.197    3.943    7.772   10.002   10.706   11.528
            0.380000  0.830000  0.770000
   -3.893    0.604    3.210    3.932    7.730    9.917   10.798   11.542
            0.380000  0.830000  0.780000
   -3.908    0.642    3.222    3.920    7.692    9.833   10.887   11.557
            0.380000  0.830000  0.790000
   -3.922    0.679    3.233    3.909    7.656    9.751   10.974   11.574
            0.380000  0.830000  0.800000
   -3.936    0.716    3.242    3.898    7.624    9.671   11.056   11.595
            0.380000  0.830000  0.810000
   -3.948    0.753    3.250    3.888    7.595    9.592   11.133   11.620
            0.380000  0.830000  0.820000
   -3.961    0.788    3.258    3.878    7.569    9.516   11.203   11.651
            0.380000  0.830000  0.830000
   -3.972    0.823    3.264    3.868    7.545    9.442   11.263   11.690
            0.380000  0.830000  0.840000
   -3.983    0.856    3.269    3.859    7.525    9.371   11.313   11.738
            0.380000  0.830000  0.850000
   -3.994    0.889    3.273    3.850    7.508    9.302   11.353   11.795
            0.380000  0.830000  0.860000
   -4.003    0.920    3.276    3.841    7.494    9.235   11.384   11.858
            0.380000  0.830000  0.870000
   -4.012    0.950    3.279    3.833    7.482    9.172   11.408   11.926
            0.380000  0.830000  0.880000
   -4.021    0.979    3.280    3.825    7.473    9.112   11.426   11.997
            0.380000  0.830000  0.890000
   -4.028    1.005    3.281    3.818    7.466    9.054   11.441   12.068
            0.380000  0.830000  0.900000
   -4.035    1.030    3.282    3.811    7.461    9.001   11.452   12.139
            0.380000  0.830000  0.910000
   -4.042    1.054    3.282    3.804    7.458    8.951   11.461   12.208
            0.380000  0.830000  0.920000
   -4.048    1.075    3.281    3.798    7.456    8.905   11.468   12.274
            0.380000  0.830000  0.930000
   -4.053    1.094    3.280    3.793    7.456    8.864   11.474   12.336
            0.380000  0.830000  0.940000
   -4.057    1.110    3.280    3.789    7.457    8.827   11.479   12.392
            0.380000  0.830000  0.950000
   -4.061    1.125    3.279    3.785    7.458    8.795   11.483   12.443
            0.380000  0.830000  0.960000
   -4.064    1.137    3.278    3.782    7.459    8.769   11.486   12.485
            0.380000  0.830000  0.970000
   -4.066    1.146    3.277    3.779    7.461    8.748   11.488   12.520
            0.380000  0.830000  0.980000
   -4.068    1.153    3.277    3.777    7.462    8.733   11.489   12.545
            0.380000  0.830000  0.990000
   -4.069    1.157    3.276    3.776    7.463    8.724   11.490   12.561
            0.380000  0.830000  1.000000
   -4.069    1.158    3.276    3.776    7.463    8.721   11.491   12.566
