 &plot nbnd=   8, nks=    50 /
            0.555600  0.777800  0.000000
   -3.231   -1.614    1.060    2.531    7.262    9.739   10.231   10.552
            0.555600  0.777800  0.020400
   -3.235   -1.613    1.065    2.533    7.263    9.695   10.274   10.557
            0.555600  0.777800  0.040800
   -3.245   -1.611    1.080    2.540    7.267    9.591   10.369   10.576
            0.555600  0.777800  0.061200
   -3.261   -1.606    1.105    2.552    7.275    9.465   10.462   10.629
            0.555600  0.777800  0.081600
   -3.285   -1.600    1.139    2.568    7.285    9.330   10.513   10.736
            0.555600  0.777800  0.102000
   -3.314   -1.591    1.182    2.590    7.298    9.193   10.541   10.873
            0.555600  0.777800  0.122400
   -3.349   -1.580    1.232    2.616    7.313    9.057   10.563   11.012
            0.555600  0.777800  0.142900
   -3.390   -1.566    1.290    2.647    7.331    8.923   10.584   11.131
            0.555600  0.777800  0.163300
   -3.435   -1.549    1.354    2.683    7.351    8.792   10.605   11.179
            0.555600  0.777800  0.183700
   -3.484   -1.529    1.423    2.725    7.372    8.665   10.623   11.125
            0.555600  0.777800  0.204100
   -3.538   -1.505    1.495    2.771    7.394    8.543   10.632   11.021
            0.555600  0.777800  0.224500
   -3.595   -1.478    1.572    2.823    7.417    8.428   10.615   10.925
            0.555600  0.777800  0.244900
   -3.654   -1.448    1.650    2.880    7.438    8.320   10.543   10.880
            0.555600  0.777800  0.265300
   -3.717   -1.414    1.730    2.942    7.455    8.223   10.422   10.885
            0.555600  0.777800  0.285700
   -3.781   -1.376    1.811    3.008    7.465    8.138   10.279   10.914
            0.555600  0.777800  0.306100
   -3.847   -1.335    1.892    3.079    7.463    8.072   10.127   10.954
            0.555600  0.777800  0.326500
   -3.913   -1.291    1.974    3.153    7.444    8.028    9.973   11.001
            0.555600  0.777800  0.346900
   -3.980   -1.243    2.054    3.231    7.408    8.009    9.820   11.054
            0.555600  0.777800  0.367300
   -4.047   -1.192    2.134    3.311    7.357    8.013    9.669   11.112
            0.555600  0.777800  0.387800
   -4.114   -1.137    2.214    3.393    7.295    8.034    9.519   11.174
            0.555600  0.777800  0.408200
   -4.181   -1.079    2.292    3.475    7.227    8.067    9.372   11.238
            0.555600  0.777800  0.428600
   -4.247   -1.018    2.370    3.555    7.159    8.108    9.230   11.306
            0.555600  0.777800  0.449000
   -4.313   -0.954    2.447    3.632    7.093    8.155    9.093   11.375
            0.555600  0.777800  0.469400
   -4.377   -0.887    2.523    3.706    7.031    8.207    8.962   11.446
            0.555600  0.777800  0.489800
   -4.440   -0.817    2.598    3.773    6.974    8.261    8.836   11.514
            0.555600  0.777800  0.510200
   -4.502   -0.744    2.672    3.833    6.923    8.316    8.719   11.575
            0.555600  0.777800  0.530600
   -4.561   -0.668    2.746    3.884    6.880    8.371    8.611   11.616
            0.555600  0.777800  0.551000
   -4.619   -0.589    2.819    3.925    6.846    8.415    8.524   11.614
            0.555600  0.777800  0.571400
   -4.676   -0.508    2.891    3.952    6.821    8.387    8.516   11.546
            0.555600  0.777800  0.591800
   -4.730   -0.424    2.962    3.967    6.807    8.312    8.566   11.422
            0.555600  0.777800  0.612200
   -4.782   -0.338    3.032    3.969    6.800    8.241    8.623   11.269
            0.555600  0.777800  0.632700
   -4.832   -0.249    3.101    3.956    6.801    8.179    8.681   11.103
            0.555600  0.777800  0.653100
   -4.880   -0.159    3.168    3.931    6.810    8.129    8.738   10.935
            0.555600  0.777800  0.673500
   -4.925   -0.066    3.233    3.892    6.824    8.091    8.794   10.768
            0.555600  0.777800  0.693900
   -4.968    0.028    3.296    3.843    6.841    8.065    8.850   10.604
            0.555600  0.777800  0.714300
   -5.008    0.123    3.356    3.784    6.863    8.051    8.905   10.444
            0.555600  0.777800  0.734700
   -5.046    0.220    3.411    3.719    6.885    8.046    8.959   10.290
            0.555600  0.777800  0.755100
   -5.081    0.317    3.458    3.651    6.909    8.051    9.013   10.143
            0.555600  0.777800  0.775500
   -5.113    0.415    3.476    3.603    6.933    8.063    9.066   10.004
            0.555600  0.777800  0.795900
   -5.143    0.512    3.432    3.610    6.957    8.079    9.119    9.875
            0.555600  0.777800  0.816300
   -5.170    0.609    3.353    3.645    6.982    8.097    9.171    9.757
            0.555600  0.777800  0.836700
   -5.194    0.703    3.267    3.682    7.008    8.113    9.221    9.651
            0.555600  0.777800  0.857100
   -5.216    0.795    3.180    3.717    7.034    8.126    9.267    9.561
            0.555600  0.777800  0.877600
   -5.234    0.883    3.094    3.749    7.060    8.135    9.302    9.495
            0.555600  0.777800  0.898000
   -5.250    0.963    3.013    3.776    7.086    8.139    9.310    9.468
            0.555600  0.777800  0.918400
   -5.263    1.036    2.940    3.799    7.111    8.138    9.288    9.481
            0.555600  0.777800  0.938800
   -5.273    1.097    2.879    3.818    7.132    8.134    9.258    9.508
            0.555600  0.777800  0.959200
   -5.280    1.144    2.831    3.830    7.149    8.128    9.233    9.533
            0.555600  0.777800  0.979600
   -5.285    1.174    2.801    3.838    7.160    8.123    9.219    9.550
            0.555600  0.777800  1.000000
   -5.286    1.184    2.791    3.841    7.163    8.122    9.214    9.556
