 &plot nbnd=   8, nks=   101 /
            0.610000  0.910000  0.000000
   -1.913   -1.329    1.962    2.718    8.621    9.977   11.827   12.008
            0.610000  0.910000  0.010000
   -1.918   -1.324    1.962    2.719    8.621    9.978   11.794   12.042
            0.610000  0.910000  0.020000
   -1.932   -1.310    1.963    2.722    8.622    9.979   11.727   12.111
            0.610000  0.910000  0.030000
   -1.955   -1.288    1.965    2.728    8.624    9.981   11.651   12.191
            0.610000  0.910000  0.040000
   -1.985   -1.259    1.968    2.736    8.627    9.984   11.573   12.274
            0.610000  0.910000  0.050000
   -2.021   -1.226    1.972    2.746    8.630    9.988   11.495   12.360
            0.610000  0.910000  0.060000
   -2.060   -1.189    1.976    2.758    8.634    9.993   11.416   12.447
            0.610000  0.910000  0.070000
   -2.102   -1.148    1.981    2.772    8.639    9.999   11.339   12.536
            0.610000  0.910000  0.080000
   -2.147   -1.106    1.987    2.789    8.645   10.006   11.261   12.625
            0.610000  0.910000  0.090000
   -2.193   -1.063    1.994    2.808    8.651   10.013   11.185   12.715
            0.610000  0.910000  0.100000
   -2.241   -1.018    2.002    2.829    8.659   10.021   11.110   12.805
            0.610000  0.910000  0.110000
   -2.290   -0.973    2.010    2.852    8.666   10.029   11.036   12.897
            0.610000  0.910000  0.120000
   -2.340   -0.927    2.019    2.877    8.675   10.039   10.964   12.989
            0.610000  0.910000  0.130000
   -2.390   -0.881    2.029    2.904    8.684   10.048   10.893   13.081
            0.610000  0.910000  0.140000
   -2.441   -0.834    2.040    2.933    8.694   10.057   10.823   13.174
            0.610000  0.910000  0.150000
   -2.492   -0.788    2.052    2.964    8.705   10.067   10.756   13.267
            0.610000  0.910000  0.160000
   -2.543   -0.741    2.064    2.997    8.717   10.075   10.692   13.360
            0.610000  0.910000  0.170000
   -2.594   -0.694    2.077    3.032    8.729   10.082   10.631   13.453
            0.610000  0.910000  0.180000
   -2.646   -0.647    2.091    3.069    8.742   10.087   10.574   13.545
            0.610000  0.910000  0.190000
   -2.697   -0.601    2.106    3.107    8.755   10.088   10.523   13.632
            0.610000  0.910000  0.200000
   -2.748   -0.554    2.121    3.147    8.770   10.083   10.481   13.691
            0.610000  0.910000  0.210000
   -2.800   -0.508    2.137    3.189    8.784   10.069   10.448   13.647
            0.610000  0.910000  0.220000
   -2.851   -0.461    2.154    3.232    8.800   10.046   10.427   13.556
            0.610000  0.910000  0.230000
   -2.902   -0.415    2.172    3.277    8.816   10.014   10.417   13.458
            0.610000  0.910000  0.240000
   -2.953   -0.369    2.190    3.323    8.833    9.974   10.418   13.358
            0.610000  0.910000  0.250000
   -3.003   -0.323    2.210    3.371    8.850    9.928   10.426   13.258
            0.610000  0.910000  0.260000
   -3.053   -0.277    2.230    3.420    8.869    9.879   10.440   13.157
            0.610000  0.910000  0.270000
   -3.103   -0.231    2.251    3.470    8.887    9.828   10.458   13.056
            0.610000  0.910000  0.280000
   -3.153   -0.185    2.272    3.521    8.906    9.775   10.480   12.955
            0.610000  0.910000  0.290000
   -3.202   -0.139    2.294    3.574    8.926    9.722   10.505   12.854
            0.610000  0.910000  0.300000
   -3.251   -0.093    2.317    3.627    8.946    9.669   10.532   12.753
            0.610000  0.910000  0.310000
   -3.300   -0.047    2.341    3.681    8.966    9.616   10.560   12.653
            0.610000  0.910000  0.320000
   -3.348   -0.001    2.366    3.736    8.987    9.564   10.591   12.552
            0.610000  0.910000  0.330000
   -3.396    0.044    2.391    3.792    9.008    9.513   10.623   12.452
            0.610000  0.910000  0.340000
   -3.443    0.090    2.417    3.848    9.030    9.463   10.657   12.353
            0.610000  0.910000  0.350000
   -3.490    0.136    2.444    3.905    9.050    9.415   10.692   12.253
            0.610000  0.910000  0.360000
   -3.536    0.182    2.471    3.962    9.071    9.370   10.728   12.155
            0.610000  0.910000  0.370000
   -3.582    0.228    2.499    4.019    9.089    9.328   10.765   12.057
            0.610000  0.910000  0.380000
   -3.627    0.274    2.528    4.077    9.103    9.291   10.803   11.959
            0.610000  0.910000  0.390000
   -3.672    0.321    2.557    4.134    9.109    9.265   10.841   11.863
            0.610000  0.910000  0.400000
   -3.716    0.367    2.588    4.192    9.102    9.254   10.881   11.767
            0.610000  0.910000  0.410000
   -3.760    0.414    2.618    4.249    9.080    9.259   10.920   11.674
            0.610000  0.910000  0.420000
   -3.803    0.460    2.650    4.306    9.051    9.274   10.958   11.583
            0.610000  0.910000  0.430000
   -3.845    0.507    2.682    4.362    9.018    9.294   10.993   11.496
            0.610000  0.910000  0.440000
   -3.887    0.554    2.715    4.418    8.984    9.317   11.023   11.417
            0.610000  0.910000  0.450000
   -3.929    0.602    2.748    4.473    8.951    9.342   11.038   11.354
            0.610000  0.910000  0.460000
   -3.969    0.650    2.783    4.527    8.918    9.368   11.027   11.320
            0.610000  0.910000  0.470000
   -4.009    0.697    2.817    4.580    8.887    9.395   10.982   11.320
            0.610000  0.910000  0.480000
   -4.049    0.746    2.853    4.632    8.858    9.423   10.914   11.344
            0.610000  0.910000  0.490000
   -4.088    0.794    2.889    4.683    8.831    9.451   10.836   11.382
            0.610000  0.910000  0.500000
   -4.126    0.843    2.925    4.732    8.806    9.479   10.752   11.426
            0.610000  0.910000  0.510000
   -4.164    0.892    2.962    4.779    8.783    9.507   10.666   11.474
            0.610000  0.910000  0.520000
   -4.201    0.941    3.000    4.824    8.763    9.536   10.579   11.524
            0.610000  0.910000  0.530000
   -4.237    0.990    3.038    4.868    8.745    9.565   10.492   11.577
            0.610000  0.910000  0.540000
   -4.272    1.040    3.077    4.909    8.729    9.593   10.406   11.629
            0.610000  0.910000  0.550000
   -4.307    1.090    3.116    4.947    8.716    9.622   10.320   11.683
            0.610000  0.910000  0.560000
   -4.342    1.141    3.156    4.984    8.706    9.649   10.236   11.736
            0.610000  0.910000  0.570000
   -4.375    1.191    3.196    5.017    8.699    9.676   10.154   11.787
            0.610000  0.910000  0.580000
   -4.408    1.242    3.237    5.048    8.694    9.701   10.075   11.835
            0.610000  0.910000  0.590000
   -4.440    1.294    3.278    5.076    8.692    9.721   10.001   11.875
            0.610000  0.910000  0.600000
   -4.472    1.346    3.320    5.101    8.693    9.731    9.939   11.901
            0.610000  0.910000  0.610000
   -4.502    1.397    3.362    5.122    8.696    9.718    9.902   11.901
            0.610000  0.910000  0.620000
   -4.532    1.450    3.404    5.141    8.701    9.675    9.895   11.871
            0.610000  0.910000  0.630000
   -4.562    1.502    3.447    5.156    8.709    9.615    9.908   11.819
            0.610000  0.910000  0.640000
   -4.590    1.555    3.490    5.168    8.719    9.548    9.930   11.755
            0.610000  0.910000  0.650000
   -4.618    1.608    3.533    5.176    8.730    9.481    9.954   11.686
            0.610000  0.910000  0.660000
   -4.645    1.662    3.576    5.182    8.741    9.416    9.981   11.613
            0.610000  0.910000  0.670000
   -4.671    1.715    3.620    5.184    8.751    9.355   10.008   11.541
            0.610000  0.910000  0.680000
   -4.697    1.769    3.664    5.183    8.758    9.300   10.035   11.469
            0.610000  0.910000  0.690000
   -4.722    1.823    3.708    5.178    8.760    9.254   10.063   11.397
            0.610000  0.910000  0.700000
   -4.746    1.877    3.752    5.171    8.754    9.219   10.090   11.328
            0.610000  0.910000  0.710000
   -4.769    1.932    3.796    5.161    8.738    9.198   10.117   11.259
            0.610000  0.910000  0.720000
   -4.792    1.987    3.840    5.148    8.710    9.192   10.144   11.193
            0.610000  0.910000  0.730000
   -4.813    2.041    3.884    5.132    8.673    9.199   10.171   11.129
            0.610000  0.910000  0.740000
   -4.834    2.096    3.928    5.113    8.628    9.216   10.197   11.066
            0.610000  0.910000  0.750000
   -4.855    2.151    3.971    5.093    8.577    9.242   10.222   11.006
            0.610000  0.910000  0.760000
   -4.874    2.206    4.015    5.069    8.524    9.273   10.247   10.949
            0.610000  0.910000  0.770000
   -4.893    2.261    4.058    5.044    8.469    9.308   10.272   10.894
            0.610000  0.910000  0.780000
   -4.911    2.315    4.100    5.017    8.413    9.346   10.296   10.841
            0.610000  0.910000  0.790000
   -4.928    2.370    4.142    4.988    8.357    9.386   10.319   10.792
            0.610000  0.910000  0.800000
   -4.944    2.424    4.184    4.957    8.301    9.427   10.342   10.746
            0.610000  0.910000  0.810000
   -4.960    2.478    4.224    4.924    8.247    9.469   10.363   10.702
            0.610000  0.910000  0.820000
   -4.975    2.532    4.264    4.891    8.194    9.511   10.384   10.663
            0.610000  0.910000  0.830000
   -4.989    2.585    4.303    4.856    8.142    9.552   10.405   10.626
            0.610000  0.910000  0.840000
   -5.002    2.638    4.341    4.821    8.092    9.591   10.424   10.594
            0.610000  0.910000  0.850000
   -5.014    2.690    4.378    4.784    8.043    9.629   10.443   10.566
            0.610000  0.910000  0.860000
   -5.026    2.741    4.413    4.747    7.997    9.665   10.460   10.542
            0.610000  0.910000  0.870000
   -5.037    2.791    4.447    4.710    7.953    9.697   10.477   10.522
            0.610000  0.910000  0.880000
   -5.047    2.840    4.479    4.674    7.911    9.727   10.491   10.509
            0.610000  0.910000  0.890000
   -5.056    2.887    4.509    4.637    7.872    9.752   10.491   10.512
            0.610000  0.910000  0.900000
   -5.064    2.933    4.536    4.602    7.836    9.774   10.486   10.525
            0.610000  0.910000  0.910000
   -5.072    2.976    4.554    4.575    7.802    9.792   10.483   10.539
            0.610000  0.910000  0.920000
   -5.079    3.017    4.530    4.591    7.771    9.807   10.483   10.551
            0.610000  0.910000  0.930000
   -5.085    3.055    4.499    4.612    7.744    9.818   10.486   10.563
            0.610000  0.910000  0.940000
   -5.090    3.089    4.471    4.630    7.720    9.826   10.490   10.574
            0.610000  0.910000  0.950000
   -5.095    3.120    4.445    4.647    7.699    9.832   10.494   10.583
            0.610000  0.910000  0.960000
   -5.098    3.146    4.423    4.660    7.682    9.836   10.499   10.592
            0.610000  0.910000  0.970000
   -5.101    3.167    4.405    4.671    7.669    9.839   10.504   10.599
            0.610000  0.910000  0.980000
   -5.103    3.182    4.391    4.679    7.659    9.841   10.507   10.604
            0.610000  0.910000  0.990000
   -5.104    3.192    4.383    4.683    7.653    9.841   10.509   10.607
            0.610000  0.910000  1.000000
   -5.105    3.195    4.380    4.685    7.651    9.842   10.510   10.608
