 &plot nbnd=   8, nks=   101 /
            0.040000 -0.980000 -1.000000
   -2.044   -1.443    3.152    3.153    6.657    6.800   15.620   15.643
            0.040000 -0.980000 -0.980000
   -2.044   -1.442    3.135    3.160    6.665    6.810   15.611   15.623
            0.040000 -0.980000 -0.960000
   -2.042   -1.441    3.108    3.158    6.689    6.842   15.539   15.607
            0.040000 -0.980000 -0.940000
   -2.038   -1.439    3.072    3.146    6.728    6.894   15.419   15.583
            0.040000 -0.980000 -0.920000
   -2.033   -1.437    3.029    3.124    6.784    6.963   15.261   15.544
            0.040000 -0.980000 -0.900000
   -2.027   -1.434    2.980    3.095    6.855    7.050   15.074   15.480
            0.040000 -0.980000 -0.880000
   -2.020   -1.430    2.925    3.058    6.941    7.151   14.865   15.379
            0.040000 -0.980000 -0.860000
   -2.011   -1.426    2.867    3.015    7.041    7.265   14.641   15.235
            0.040000 -0.980000 -0.840000
   -2.002   -1.421    2.806    2.967    7.154    7.392   14.406   15.052
            0.040000 -0.980000 -0.820000
   -1.991   -1.417    2.743    2.916    7.280    7.529   14.165   14.839
            0.040000 -0.980000 -0.800000
   -1.979   -1.412    2.680    2.863    7.416    7.677   13.918   14.609
            0.040000 -0.980000 -0.780000
   -1.967   -1.406    2.617    2.809    7.563    7.833   13.668   14.368
            0.040000 -0.980000 -0.760000
   -1.954   -1.401    2.555    2.754    7.718    7.997   13.416   14.120
            0.040000 -0.980000 -0.740000
   -1.940   -1.397    2.494    2.701    7.882    8.169   13.163   13.869
            0.040000 -0.980000 -0.720000
   -1.926   -1.392    2.436    2.649    8.053    8.347   12.911   13.615
            0.040000 -0.980000 -0.700000
   -1.912   -1.388    2.381    2.600    8.232    8.531   12.659   13.361
            0.040000 -0.980000 -0.680000
   -1.898   -1.385    2.329    2.554    8.417    8.721   12.408   13.108
            0.040000 -0.980000 -0.660000
   -1.884   -1.382    2.281    2.512    8.607    8.916   12.160   12.856
            0.040000 -0.980000 -0.640000
   -1.870   -1.380    2.237    2.475    8.802    9.115   11.914   12.605
            0.040000 -0.980000 -0.620000
   -1.857   -1.379    2.197    2.442    9.002    9.317   11.672   12.357
            0.040000 -0.980000 -0.600000
   -1.844   -1.380    2.162    2.414    9.205    9.521   11.435   12.112
            0.040000 -0.980000 -0.580000
   -1.833   -1.381    2.132    2.392    9.411    9.724   11.206   11.872
            0.040000 -0.980000 -0.560000
   -1.822   -1.383    2.108    2.376    9.616    9.920   10.991   11.638
            0.040000 -0.980000 -0.540000
   -1.812   -1.387    2.088    2.366    9.814   10.093   10.809   11.414
            0.040000 -0.980000 -0.520000
   -1.804   -1.391    2.075    2.362    9.982   10.200   10.719   11.211
            0.040000 -0.980000 -0.500000
   -1.797   -1.397    2.067    2.364   10.005   10.266   10.767   11.066
            0.040000 -0.980000 -0.480000
   -1.792   -1.404    2.064    2.372    9.862   10.317   10.844   11.088
            0.040000 -0.980000 -0.460000
   -1.788   -1.412    2.068    2.386    9.672   10.235   10.964   11.262
            0.040000 -0.980000 -0.440000
   -1.786   -1.420    2.078    2.406    9.469   10.068   11.152   11.478
            0.040000 -0.980000 -0.420000
   -1.785   -1.429    2.093    2.431    9.264    9.873   11.369   11.709
            0.040000 -0.980000 -0.400000
   -1.786   -1.439    2.114    2.461    9.060    9.669   11.600   11.947
            0.040000 -0.980000 -0.380000
   -1.788   -1.450    2.141    2.496    8.859    9.464   11.839   12.190
            0.040000 -0.980000 -0.360000
   -1.792   -1.460    2.174    2.535    8.662    9.260   12.082   12.438
            0.040000 -0.980000 -0.340000
   -1.797   -1.471    2.211    2.578    8.470    9.059   12.328   12.687
            0.040000 -0.980000 -0.320000
   -1.802   -1.482    2.254    2.625    8.283    8.861   12.578   12.939
            0.040000 -0.980000 -0.300000
   -1.809   -1.493    2.301    2.675    8.103    8.668   12.829   13.192
            0.040000 -0.980000 -0.280000
   -1.816   -1.504    2.353    2.726    7.929    8.480   13.081   13.446
            0.040000 -0.980000 -0.260000
   -1.824   -1.515    2.408    2.779    7.763    8.298   13.334   13.700
            0.040000 -0.980000 -0.240000
   -1.832   -1.526    2.466    2.833    7.606    8.122   13.587   13.953
            0.040000 -0.980000 -0.220000
   -1.840   -1.536    2.528    2.886    7.458    7.952   13.838   14.203
            0.040000 -0.980000 -0.200000
   -1.848   -1.545    2.591    2.938    7.320    7.789   14.087   14.449
            0.040000 -0.980000 -0.180000
   -1.856   -1.554    2.656    2.987    7.193    7.635   14.332   14.687
            0.040000 -0.980000 -0.160000
   -1.864   -1.562    2.721    3.033    7.079    7.489   14.571   14.914
            0.040000 -0.980000 -0.140000
   -1.871   -1.569    2.786    3.074    6.979    7.353   14.801   15.122
            0.040000 -0.980000 -0.120000
   -1.877   -1.576    2.849    3.108    6.893    7.227   15.017   15.301
            0.040000 -0.980000 -0.100000
   -1.882   -1.582    2.910    3.136    6.823    7.113   15.214   15.444
            0.040000 -0.980000 -0.080000
   -1.887   -1.586    2.967    3.154    6.770    7.012   15.384   15.546
            0.040000 -0.980000 -0.060000
   -1.890   -1.590    3.019    3.164    6.734    6.926   15.518   15.614
            0.040000 -0.980000 -0.040000
   -1.893   -1.593    3.064    3.164    6.715    6.855   15.608   15.661
            0.040000 -0.980000 -0.020000
   -1.895   -1.594    3.103    3.153    6.712    6.805   15.650   15.697
            0.040000 -0.980000  0.000000
   -1.895   -1.595    3.132    3.133    6.714    6.785   15.661   15.712
            0.040000 -0.980000  0.020000
   -1.895   -1.594    3.103    3.153    6.712    6.805   15.650   15.697
            0.040000 -0.980000  0.040000
   -1.893   -1.593    3.064    3.164    6.715    6.855   15.608   15.661
            0.040000 -0.980000  0.060000
   -1.890   -1.590    3.019    3.164    6.734    6.926   15.518   15.614
            0.040000 -0.980000  0.080000
   -1.887   -1.586    2.967    3.154    6.770    7.012   15.384   15.546
            0.040000 -0.980000  0.100000
   -1.882   -1.582    2.910    3.136    6.823    7.113   15.214   15.444
            0.040000 -0.980000  0.120000
   -1.877   -1.576    2.849    3.108    6.893    7.227   15.017   15.301
            0.040000 -0.980000  0.140000
   -1.871   -1.569    2.786    3.074    6.979    7.353   14.801   15.122
            0.040000 -0.980000  0.160000
   -1.864   -1.562    2.721    3.033    7.079    7.489   14.571   14.914
            0.040000 -0.980000  0.180000
   -1.856   -1.554    2.656    2.987    7.193    7.635   14.332   14.687
            0.040000 -0.980000  0.200000
   -1.848   -1.545    2.591    2.938    7.320    7.789   14.087   14.449
            0.040000 -0.980000  0.220000
   -1.840   -1.536    2.528    2.886    7.458    7.952   13.838   14.203
            0.040000 -0.980000  0.240000
   -1.832   -1.526    2.466    2.833    7.606    8.122   13.587   13.953
            0.040000 -0.980000  0.260000
   -1.824   -1.515    2.408    2.779    7.763    8.298   13.334   13.700
            0.040000 -0.980000  0.280000
   -1.816   -1.504    2.353    2.726    7.929    8.480   13.081   13.446
            0.040000 -0.980000  0.300000
   -1.809   -1.493    2.301    2.675    8.103    8.668   12.829   13.192
            0.040000 -0.980000  0.320000
   -1.802   -1.482    2.254    2.625    8.283    8.861   12.578   12.939
            0.040000 -0.980000  0.340000
   -1.797   -1.471    2.211    2.578    8.470    9.059   12.328   12.687
            0.040000 -0.980000  0.360000
   -1.792   -1.460    2.174    2.535    8.662    9.260   12.082   12.438
            0.040000 -0.980000  0.380000
   -1.788   -1.450    2.141    2.496    8.859    9.464   11.839   12.190
            0.040000 -0.980000  0.400000
   -1.786   -1.439    2.114    2.461    9.060    9.669   11.600   11.947
            0.040000 -0.980000  0.420000
   -1.785   -1.429    2.093    2.431    9.264    9.873   11.369   11.709
            0.040000 -0.980000  0.440000
   -1.786   -1.420    2.078    2.406    9.469   10.068   11.152   11.478
            0.040000 -0.980000  0.460000
   -1.788   -1.412    2.068    2.386    9.672   10.235   10.964   11.262
            0.040000 -0.980000  0.480000
   -1.792   -1.404    2.064    2.372    9.862   10.317   10.844   11.088
            0.040000 -0.980000  0.500000
   -1.797   -1.397    2.067    2.364   10.005   10.266   10.767   11.066
            0.040000 -0.980000  0.520000
   -1.804   -1.391    2.075    2.362    9.982   10.200   10.719   11.211
            0.040000 -0.980000  0.540000
   -1.812   -1.387    2.088    2.366    9.814   10.093   10.809   11.414
            0.040000 -0.980000  0.560000
   -1.822   -1.383    2.108    2.376    9.616    9.920   10.991   11.638
            0.040000 -0.980000  0.580000
   -1.833   -1.381    2.132    2.392    9.411    9.724   11.206   11.872
            0.040000 -0.980000  0.600000
   -1.844   -1.380    2.162    2.414    9.205    9.521   11.435   12.112
            0.040000 -0.980000  0.620000
   -1.857   -1.379    2.197    2.442    9.002    9.317   11.672   12.357
            0.040000 -0.980000  0.640000
   -1.870   -1.380    2.237    2.475    8.802    9.115   11.914   12.605
            0.040000 -0.980000  0.660000
   -1.884   -1.382    2.281    2.512    8.607    8.916   12.160   12.856
            0.040000 -0.980000  0.680000
   -1.898   -1.385    2.329    2.554    8.417    8.721   12.408   13.108
            0.040000 -0.980000  0.700000
   -1.912   -1.388    2.381    2.600    8.232    8.531   12.659   13.361
            0.040000 -0.980000  0.720000
   -1.926   -1.392    2.436    2.649    8.053    8.347   12.911   13.615
            0.040000 -0.980000  0.740000
   -1.940   -1.397    2.494    2.701    7.882    8.169   13.163   13.869
            0.040000 -0.980000  0.760000
   -1.954   -1.401    2.555    2.754    7.718    7.997   13.416   14.120
            0.040000 -0.980000  0.780000
   -1.967   -1.406    2.617    2.809    7.563    7.833   13.668   14.368
            0.040000 -0.980000  0.800000
   -1.979   -1.412    2.680    2.863    7.416    7.677   13.918   14.609
            0.040000 -0.980000  0.820000
   -1.991   -1.417    2.743    2.916    7.280    7.529   14.165   14.839
            0.040000 -0.980000  0.840000
   -2.002   -1.421    2.806    2.967    7.154    7.392   14.406   15.052
            0.040000 -0.980000  0.860000
   -2.011   -1.426    2.867    3.015    7.041    7.265   14.641   15.235
            0.040000 -0.980000  0.880000
   -2.020   -1.430    2.925    3.058    6.941    7.151   14.865   15.379
            0.040000 -0.980000  0.900000
   -2.027   -1.434    2.980    3.095    6.855    7.050   15.074   15.480
            0.040000 -0.980000  0.920000
   -2.033   -1.437    3.029    3.124    6.784    6.963   15.261   15.544
            0.040000 -0.980000  0.940000
   -2.038   -1.439    3.072    3.146    6.728    6.894   15.419   15.583
            0.040000 -0.980000  0.960000
   -2.042   -1.441    3.108    3.158    6.689    6.842   15.539   15.607
            0.040000 -0.980000  0.980000
   -2.044   -1.442    3.135    3.160    6.665    6.810   15.611   15.623
            0.040000 -0.980000  1.000000
   -2.044   -1.443    3.152    3.153    6.657    6.800   15.620   15.643
