 &plot nbnd=   8, nks=   100 /
            0.179500 -0.230800 -1.000000
   -2.715   -2.113    1.297    2.603    6.065    8.028   12.160   12.440
            0.179500 -0.230800 -0.979800
   -2.737   -2.090    1.301    2.605    6.067    8.030   12.112   12.442
            0.179500 -0.230800 -0.959600
   -2.796   -2.031    1.311    2.609    6.072    8.037   12.001   12.419
            0.179500 -0.230800 -0.939400
   -2.877   -1.949    1.327    2.616    6.081    8.048   11.864   12.350
            0.179500 -0.230800 -0.919200
   -2.970   -1.855    1.351    2.626    6.094    8.063   11.714   12.247
            0.179500 -0.230800 -0.899000
   -3.070   -1.753    1.381    2.639    6.110    8.082   11.559   12.123
            0.179500 -0.230800 -0.878800
   -3.173   -1.647    1.417    2.655    6.130    8.106   11.401   11.989
            0.179500 -0.230800 -0.858600
   -3.278   -1.540    1.460    2.674    6.153    8.134   11.242   11.849
            0.179500 -0.230800 -0.838400
   -3.383   -1.431    1.509    2.696    6.179    8.167   11.082   11.705
            0.179500 -0.230800 -0.818200
   -3.488   -1.322    1.565    2.720    6.209    8.203   10.922   11.560
            0.179500 -0.230800 -0.798000
   -3.593   -1.213    1.627    2.748    6.242    8.244   10.761   11.415
            0.179500 -0.230800 -0.777800
   -3.697   -1.105    1.695    2.778    6.278    8.289   10.602   11.270
            0.179500 -0.230800 -0.757600
   -3.799   -0.997    1.769    2.811    6.317    8.338   10.443   11.127
            0.179500 -0.230800 -0.737400
   -3.900   -0.890    1.848    2.847    6.359    8.391   10.286   10.985
            0.179500 -0.230800 -0.717200
   -3.999   -0.783    1.932    2.886    6.403    8.447   10.130   10.846
            0.179500 -0.230800 -0.697000
   -4.097   -0.677    2.022    2.928    6.450    8.507    9.977   10.709
            0.179500 -0.230800 -0.676800
   -4.192   -0.572    2.116    2.972    6.498    8.569    9.827   10.574
            0.179500 -0.230800 -0.656600
   -4.286   -0.468    2.214    3.020    6.549    8.631    9.682   10.442
            0.179500 -0.230800 -0.636400
   -4.377   -0.364    2.316    3.070    6.601    8.689    9.545   10.312
            0.179500 -0.230800 -0.616200
   -4.467   -0.260    2.421    3.124    6.654    8.738    9.425   10.185
            0.179500 -0.230800 -0.596000
   -4.553   -0.157    2.529    3.180    6.708    8.764    9.335   10.060
            0.179500 -0.230800 -0.575800
   -4.638   -0.053    2.639    3.240    6.762    8.748    9.293    9.939
            0.179500 -0.230800 -0.555600
   -4.720    0.050    2.751    3.303    6.815    8.684    9.306    9.821
            0.179500 -0.230800 -0.535400
   -4.799    0.153    2.862    3.370    6.866    8.588    9.357    9.707
            0.179500 -0.230800 -0.515200
   -4.877    0.257    2.974    3.440    6.914    8.477    9.421    9.607
            0.179500 -0.230800 -0.494900
   -4.951    0.362    3.085    3.515    6.957    8.364    9.429    9.579
            0.179500 -0.230800 -0.474700
   -5.023    0.467    3.193    3.593    6.993    8.256    9.342    9.655
            0.179500 -0.230800 -0.454500
   -5.092    0.572    3.297    3.676    7.017    8.159    9.240    9.754
            0.179500 -0.230800 -0.434300
   -5.159    0.678    3.399    3.764    7.028    8.078    9.137    9.859
            0.179500 -0.230800 -0.414100
   -5.222    0.786    3.496    3.854    7.021    8.016    9.035    9.965
            0.179500 -0.230800 -0.393900
   -5.283    0.894    3.589    3.946    6.995    7.977    8.935   10.068
            0.179500 -0.230800 -0.373700
   -5.340    1.003    3.678    4.038    6.953    7.960    8.836   10.164
            0.179500 -0.230800 -0.353500
   -5.396    1.114    3.763    4.128    6.898    7.961    8.741   10.248
            0.179500 -0.230800 -0.333300
   -5.448    1.225    3.846    4.213    6.837    7.976    8.648   10.311
            0.179500 -0.230800 -0.313100
   -5.497    1.337    3.927    4.290    6.775    8.000    8.558   10.346
            0.179500 -0.230800 -0.292900
   -5.543    1.450    4.005    4.356    6.720    8.028    8.472   10.345
            0.179500 -0.230800 -0.272700
   -5.586    1.564    4.080    4.409    6.677    8.056    8.392   10.306
            0.179500 -0.230800 -0.252500
   -5.626    1.679    4.152    4.446    6.649    8.078    8.321   10.236
            0.179500 -0.230800 -0.232300
   -5.663    1.794    4.220    4.465    6.640    8.083    8.268   10.142
            0.179500 -0.230800 -0.212100
   -5.697    1.909    4.280    4.468    6.650    8.057    8.243   10.035
            0.179500 -0.230800 -0.191900
   -5.728    2.024    4.324    4.466    6.682    8.008    8.240    9.921
            0.179500 -0.230800 -0.171700
   -5.755    2.139    4.330    4.480    6.731    7.949    8.243    9.807
            0.179500 -0.230800 -0.151500
   -5.780    2.252    4.294    4.518    6.797    7.890    8.243    9.698
            0.179500 -0.230800 -0.131300
   -5.802    2.362    4.235    4.563    6.876    7.833    8.233    9.597
            0.179500 -0.230800 -0.111100
   -5.821    2.468    4.166    4.606    6.965    7.779    8.213    9.509
            0.179500 -0.230800 -0.090900
   -5.836    2.569    4.092    4.644    7.059    7.730    8.182    9.435
            0.179500 -0.230800 -0.070700
   -5.849    2.659    4.019    4.676    7.156    7.683    8.143    9.377
            0.179500 -0.230800 -0.050500
   -5.858    2.737    3.955    4.702    7.250    7.639    8.100    9.335
            0.179500 -0.230800 -0.030300
   -5.864    2.794    3.906    4.719    7.335    7.595    8.062    9.308
            0.179500 -0.230800 -0.010100
   -5.867    2.825    3.878    4.727    7.397    7.558    8.040    9.294
            0.179500 -0.230800  0.010100
   -5.867    2.825    3.878    4.727    7.397    7.558    8.040    9.294
            0.179500 -0.230800  0.030300
   -5.864    2.794    3.906    4.719    7.335    7.595    8.062    9.308
            0.179500 -0.230800  0.050500
   -5.858    2.737    3.955    4.702    7.250    7.639    8.100    9.335
            0.179500 -0.230800  0.070700
   -5.849    2.659    4.019    4.676    7.156    7.683    8.143    9.377
            0.179500 -0.230800  0.090900
   -5.836    2.569    4.092    4.644    7.059    7.730    8.182    9.435
            0.179500 -0.230800  0.111100
   -5.821    2.468    4.166    4.606    6.965    7.779    8.213    9.509
            0.179500 -0.230800  0.131300
   -5.802    2.362    4.235    4.563    6.876    7.833    8.233    9.597
            0.179500 -0.230800  0.151500
   -5.780    2.252    4.294    4.518    6.797    7.890    8.243    9.698
            0.179500 -0.230800  0.171700
   -5.755    2.139    4.330    4.480    6.731    7.949    8.243    9.807
            0.179500 -0.230800  0.191900
   -5.728    2.024    4.324    4.466    6.682    8.008    8.240    9.921
            0.179500 -0.230800  0.212100
   -5.697    1.909    4.280    4.468    6.650    8.057    8.243   10.035
            0.179500 -0.230800  0.232300
   -5.663    1.794    4.220    4.465    6.640    8.083    8.268   10.142
            0.179500 -0.230800  0.252500
   -5.626    1.679    4.152    4.446    6.649    8.078    8.321   10.236
            0.179500 -0.230800  0.272700
   -5.586    1.564    4.080    4.409    6.677    8.056    8.392   10.306
            0.179500 -0.230800  0.292900
   -5.543    1.450    4.005    4.356    6.720    8.028    8.472   10.345
            0.179500 -0.230800  0.313100
   -5.497    1.337    3.927    4.290    6.775    8.000    8.558   10.346
            0.179500 -0.230800  0.333300
   -5.448    1.225    3.846    4.213    6.837    7.976    8.648   10.311
            0.179500 -0.230800  0.353500
   -5.396    1.114    3.763    4.128    6.898    7.961    8.741   10.248
            0.179500 -0.230800  0.373700
   -5.340    1.003    3.678    4.038    6.953    7.960    8.836   10.164
            0.179500 -0.230800  0.393900
   -5.283    0.894    3.589    3.946    6.995    7.977    8.935   10.068
            0.179500 -0.230800  0.414100
   -5.222    0.786    3.496    3.854    7.021    8.016    9.035    9.965
            0.179500 -0.230800  0.434300
   -5.159    0.678    3.399    3.764    7.028    8.078    9.137    9.859
            0.179500 -0.230800  0.454500
   -5.092    0.572    3.297    3.676    7.017    8.159    9.240    9.754
            0.179500 -0.230800  0.474700
   -5.023    0.467    3.193    3.593    6.993    8.256    9.342    9.655
            0.179500 -0.230800  0.494900
   -4.951    0.362    3.085    3.515    6.957    8.364    9.429    9.579
            0.179500 -0.230800  0.515200
   -4.877    0.257    2.974    3.440    6.914    8.477    9.421    9.607
            0.179500 -0.230800  0.535400
   -4.799    0.153    2.862    3.370    6.866    8.588    9.357    9.707
            0.179500 -0.230800  0.555600
   -4.720    0.050    2.751    3.303    6.815    8.684    9.306    9.821
            0.179500 -0.230800  0.575800
   -4.638   -0.053    2.639    3.240    6.762    8.748    9.293    9.939
            0.179500 -0.230800  0.596000
   -4.553   -0.157    2.529    3.180    6.708    8.764    9.335   10.060
            0.179500 -0.230800  0.616200
   -4.467   -0.260    2.421    3.124    6.654    8.738    9.425   10.185
            0.179500 -0.230800  0.636400
   -4.377   -0.364    2.316    3.070    6.601    8.689    9.545   10.312
            0.179500 -0.230800  0.656600
   -4.286   -0.468    2.214    3.020    6.549    8.631    9.682   10.442
            0.179500 -0.230800  0.676800
   -4.192   -0.572    2.116    2.972    6.498    8.569    9.827   10.574
            0.179500 -0.230800  0.697000
   -4.097   -0.677    2.022    2.928    6.450    8.507    9.977   10.709
            0.179500 -0.230800  0.717200
   -3.999   -0.783    1.932    2.886    6.403    8.447   10.130   10.846
            0.179500 -0.230800  0.737400
   -3.900   -0.890    1.848    2.847    6.359    8.391   10.286   10.985
            0.179500 -0.230800  0.757600
   -3.799   -0.997    1.769    2.811    6.317    8.338   10.443   11.127
            0.179500 -0.230800  0.777800
   -3.697   -1.105    1.695    2.778    6.278    8.289   10.602   11.270
            0.179500 -0.230800  0.798000
   -3.593   -1.213    1.627    2.748    6.242    8.244   10.761   11.415
            0.179500 -0.230800  0.818200
   -3.488   -1.322    1.565    2.720    6.209    8.203   10.922   11.560
            0.179500 -0.230800  0.838400
   -3.383   -1.431    1.509    2.696    6.179    8.167   11.082   11.705
            0.179500 -0.230800  0.858600
   -3.278   -1.540    1.460    2.674    6.153    8.134   11.242   11.849
            0.179500 -0.230800  0.878800
   -3.173   -1.647    1.417    2.655    6.130    8.106   11.401   11.989
            0.179500 -0.230800  0.899000
   -3.070   -1.753    1.381    2.639    6.110    8.082   11.559   12.123
            0.179500 -0.230800  0.919200
   -2.970   -1.855    1.351    2.626    6.094    8.063   11.715   12.247
            0.179500 -0.230800  0.939400
   -2.877   -1.949    1.327    2.616    6.081    8.048   11.864   12.350
            0.179500 -0.230800  0.959600
   -2.796   -2.031    1.311    2.609    6.072    8.037   12.001   12.419
            0.179500 -0.230800  0.979800
   -2.737   -2.090    1.301    2.605    6.067    8.030   12.112   12.442
            0.179500 -0.230800  1.000000
   -2.715   -2.113    1.297    2.603    6.065    8.028   12.160   12.440
