 &plot nbnd=   8, nks=   101 /
            0.010000  0.370000  0.000000
   -5.201    3.571    4.605    4.610    7.524    9.958   10.494   10.494
            0.010000  0.370000  0.010000
   -5.200    3.568    4.607    4.608    7.526    9.958   10.492   10.493
            0.010000  0.370000  0.020000
   -5.199    3.558    4.602    4.616    7.534    9.955   10.489   10.491
            0.010000  0.370000  0.030000
   -5.197    3.542    4.593    4.629    7.547    9.951   10.485   10.488
            0.010000  0.370000  0.040000
   -5.194    3.520    4.580    4.647    7.564    9.944   10.479   10.484
            0.010000  0.370000  0.050000
   -5.191    3.494    4.564    4.669    7.587    9.935   10.473   10.478
            0.010000  0.370000  0.060000
   -5.186    3.463    4.544    4.694    7.614    9.923   10.467   10.471
            0.010000  0.370000  0.070000
   -5.181    3.427    4.522    4.721    7.646    9.907   10.463   10.463
            0.010000  0.370000  0.080000
   -5.175    3.389    4.496    4.751    7.682    9.887   10.453   10.461
            0.010000  0.370000  0.090000
   -5.168    3.348    4.468    4.783    7.722    9.863   10.443   10.463
            0.010000  0.370000  0.100000
   -5.160    3.304    4.438    4.815    7.766    9.835   10.431   10.468
            0.010000  0.370000  0.110000
   -5.152    3.258    4.405    4.849    7.813    9.803   10.418   10.477
            0.010000  0.370000  0.120000
   -5.142    3.210    4.370    4.883    7.864    9.768   10.404   10.489
            0.010000  0.370000  0.130000
   -5.132    3.161    4.333    4.916    7.918    9.729   10.389   10.506
            0.010000  0.370000  0.140000
   -5.121    3.111    4.295    4.950    7.975    9.687   10.374   10.526
            0.010000  0.370000  0.150000
   -5.109    3.060    4.255    4.983    8.035    9.643   10.357   10.550
            0.010000  0.370000  0.160000
   -5.097    3.007    4.215    5.015    8.098    9.597   10.339   10.577
            0.010000  0.370000  0.170000
   -5.084    2.954    4.173    5.046    8.162    9.551   10.320   10.607
            0.010000  0.370000  0.180000
   -5.069    2.900    4.130    5.077    8.229    9.503   10.301   10.640
            0.010000  0.370000  0.190000
   -5.054    2.846    4.086    5.105    8.299    9.455   10.281   10.676
            0.010000  0.370000  0.200000
   -5.039    2.792    4.042    5.133    8.370    9.407   10.260   10.714
            0.010000  0.370000  0.210000
   -5.022    2.736    3.997    5.158    8.443    9.360   10.239   10.755
            0.010000  0.370000  0.220000
   -5.005    2.681    3.951    5.182    8.518    9.313   10.217   10.799
            0.010000  0.370000  0.230000
   -4.987    2.626    3.906    5.204    8.594    9.267   10.194   10.844
            0.010000  0.370000  0.240000
   -4.968    2.570    3.860    5.223    8.671    9.223   10.172   10.892
            0.010000  0.370000  0.250000
   -4.948    2.514    3.814    5.240    8.750    9.180   10.148   10.942
            0.010000  0.370000  0.260000
   -4.927    2.458    3.768    5.255    8.830    9.139   10.125   10.993
            0.010000  0.370000  0.270000
   -4.906    2.402    3.722    5.267    8.910    9.101   10.101   11.046
            0.010000  0.370000  0.280000
   -4.884    2.346    3.676    5.276    8.987    9.069   10.077   11.101
            0.010000  0.370000  0.290000
   -4.861    2.289    3.630    5.283    9.014    9.090   10.054   11.157
            0.010000  0.370000  0.300000
   -4.837    2.233    3.584    5.286    8.988    9.167   10.030   11.213
            0.010000  0.370000  0.310000
   -4.813    2.177    3.539    5.286    8.960    9.249   10.008   11.270
            0.010000  0.370000  0.320000
   -4.788    2.121    3.494    5.284    8.934    9.332    9.986   11.326
            0.010000  0.370000  0.330000
   -4.762    2.065    3.449    5.278    8.910    9.414    9.967   11.380
            0.010000  0.370000  0.340000
   -4.735    2.009    3.405    5.269    8.889    9.494    9.951   11.430
            0.010000  0.370000  0.350000
   -4.708    1.954    3.361    5.256    8.872    9.568    9.941   11.473
            0.010000  0.370000  0.360000
   -4.679    1.898    3.318    5.240    8.857    9.631    9.943   11.505
            0.010000  0.370000  0.370000
   -4.650    1.843    3.275    5.221    8.846    9.675    9.965   11.520
            0.010000  0.370000  0.380000
   -4.621    1.787    3.232    5.199    8.838    9.695   10.011   11.516
            0.010000  0.370000  0.390000
   -4.590    1.732    3.191    5.174    8.834    9.696   10.078   11.493
            0.010000  0.370000  0.400000
   -4.559    1.677    3.149    5.146    8.832    9.686   10.156   11.456
            0.010000  0.370000  0.410000
   -4.527    1.622    3.109    5.114    8.834    9.670   10.241   11.410
            0.010000  0.370000  0.420000
   -4.494    1.567    3.069    5.080    8.839    9.650   10.331   11.358
            0.010000  0.370000  0.430000
   -4.461    1.513    3.029    5.043    8.847    9.629   10.423   11.302
            0.010000  0.370000  0.440000
   -4.427    1.458    2.990    5.004    8.858    9.606   10.517   11.244
            0.010000  0.370000  0.450000
   -4.392    1.404    2.952    4.962    8.872    9.583   10.612   11.185
            0.010000  0.370000  0.460000
   -4.356    1.350    2.915    4.918    8.888    9.559   10.708   11.125
            0.010000  0.370000  0.470000
   -4.320    1.296    2.878    4.872    8.908    9.536   10.805   11.065
            0.010000  0.370000  0.480000
   -4.283    1.242    2.842    4.823    8.930    9.512   10.900   11.008
            0.010000  0.370000  0.490000
   -4.245    1.188    2.807    4.773    8.954    9.488   10.934   11.012
            0.010000  0.370000  0.500000
   -4.207    1.135    2.773    4.722    8.981    9.465   10.880   11.107
            0.010000  0.370000  0.510000
   -4.168    1.081    2.739    4.669    9.010    9.442   10.821   11.206
            0.010000  0.370000  0.520000
   -4.128    1.028    2.707    4.614    9.041    9.419   10.763   11.306
            0.010000  0.370000  0.530000
   -4.088    0.974    2.675    4.558    9.074    9.396   10.706   11.407
            0.010000  0.370000  0.540000
   -4.046    0.921    2.644    4.502    9.109    9.374   10.649   11.509
            0.010000  0.370000  0.550000
   -4.005    0.868    2.613    4.444    9.146    9.352   10.593   11.611
            0.010000  0.370000  0.560000
   -3.962    0.815    2.584    4.385    9.185    9.331   10.538   11.713
            0.010000  0.370000  0.570000
   -3.919    0.762    2.556    4.326    9.225    9.310   10.483   11.816
            0.010000  0.370000  0.580000
   -3.876    0.709    2.528    4.267    9.264    9.293   10.430   11.919
            0.010000  0.370000  0.590000
   -3.831    0.656    2.501    4.207    9.266    9.314   10.378   12.023
            0.010000  0.370000  0.600000
   -3.786    0.603    2.475    4.147    9.248    9.357   10.328   12.126
            0.010000  0.370000  0.610000
   -3.741    0.550    2.450    4.086    9.229    9.403   10.278   12.230
            0.010000  0.370000  0.620000
   -3.695    0.497    2.427    4.026    9.211    9.450   10.230   12.335
            0.010000  0.370000  0.630000
   -3.648    0.445    2.403    3.965    9.193    9.498   10.184   12.439
            0.010000  0.370000  0.640000
   -3.601    0.392    2.381    3.905    9.175    9.546   10.139   12.544
            0.010000  0.370000  0.650000
   -3.553    0.339    2.360    3.845    9.159    9.594   10.097   12.649
            0.010000  0.370000  0.660000
   -3.504    0.285    2.340    3.785    9.142    9.641   10.059   12.754
            0.010000  0.370000  0.670000
   -3.455    0.232    2.321    3.726    9.127    9.686   10.025   12.859
            0.010000  0.370000  0.680000
   -3.406    0.179    2.303    3.667    9.112    9.723   10.000   12.965
            0.010000  0.370000  0.690000
   -3.356    0.126    2.286    3.608    9.098    9.749    9.990   13.070
            0.010000  0.370000  0.700000
   -3.305    0.072    2.270    3.551    9.084    9.755   10.001   13.176
            0.010000  0.370000  0.710000
   -3.254    0.019    2.255    3.494    9.071    9.744   10.032   13.282
            0.010000  0.370000  0.720000
   -3.202   -0.035    2.240    3.437    9.059    9.722   10.076   13.387
            0.010000  0.370000  0.730000
   -3.150   -0.089    2.227    3.382    9.047    9.693   10.128   13.493
            0.010000  0.370000  0.740000
   -3.098   -0.143    2.216    3.327    9.036    9.663   10.185   13.599
            0.010000  0.370000  0.750000
   -3.045   -0.198    2.205    3.273    9.026    9.631   10.245   13.704
            0.010000  0.370000  0.760000
   -2.991   -0.252    2.195    3.221    9.016    9.599   10.307   13.809
            0.010000  0.370000  0.770000
   -2.938   -0.307    2.186    3.169    9.008    9.567   10.371   13.912
            0.010000  0.370000  0.780000
   -2.883   -0.362    2.179    3.118    8.999    9.536   10.437   14.006
            0.010000  0.370000  0.790000
   -2.829   -0.417    2.172    3.069    8.992    9.505   10.503   14.032
            0.010000  0.370000  0.800000
   -2.774   -0.472    2.167    3.020    8.985    9.476   10.572   13.957
            0.010000  0.370000  0.810000
   -2.718   -0.528    2.163    2.973    8.979    9.447   10.641   13.866
            0.010000  0.370000  0.820000
   -2.663   -0.583    2.160    2.927    8.974    9.419   10.711   13.772
            0.010000  0.370000  0.830000
   -2.607   -0.639    2.158    2.883    8.970    9.392   10.782   13.677
            0.010000  0.370000  0.840000
   -2.550   -0.696    2.157    2.839    8.966    9.366   10.855   13.583
            0.010000  0.370000  0.850000
   -2.494   -0.752    2.158    2.797    8.963    9.341   10.928   13.488
            0.010000  0.370000  0.860000
   -2.437   -0.809    2.160    2.756    8.961    9.317   11.002   13.394
            0.010000  0.370000  0.870000
   -2.380   -0.866    2.162    2.717    8.959    9.294   11.077   13.300
            0.010000  0.370000  0.880000
   -2.322   -0.923    2.167    2.679    8.958    9.272   11.154   13.207
            0.010000  0.370000  0.890000
   -2.265   -0.980    2.172    2.643    8.958    9.251   11.230   13.114
            0.010000  0.370000  0.900000
   -2.207   -1.037    2.178    2.607    8.958    9.232   11.308   13.022
            0.010000  0.370000  0.910000
   -2.149   -1.095    2.186    2.574    8.959    9.214   11.387   12.930
            0.010000  0.370000  0.920000
   -2.091   -1.153    2.195    2.542    8.960    9.197   11.466   12.839
            0.010000  0.370000  0.930000
   -2.033   -1.211    2.205    2.511    8.962    9.181   11.546   12.748
            0.010000  0.370000  0.940000
   -1.974   -1.269    2.216    2.482    8.964    9.167   11.627   12.658
            0.010000  0.370000  0.950000
   -1.916   -1.327    2.228    2.455    8.966    9.155   11.709   12.568
            0.010000  0.370000  0.960000
   -1.858   -1.385    2.241    2.430    8.969    9.145   11.792   12.479
            0.010000  0.370000  0.970000
   -1.800   -1.443    2.254    2.407    8.971    9.136   11.875   12.391
            0.010000  0.370000  0.980000
   -1.742   -1.500    2.266    2.387    8.973    9.130   11.959   12.303
            0.010000  0.370000  0.990000
   -1.687   -1.555    2.276    2.373    8.974    9.126   12.044   12.217
            0.010000  0.370000  1.000000
   -1.651   -1.591    2.280    2.368    8.974    9.124   12.119   12.140
