 &plot nbnd=   8, nks=   101 /
            0.820000  0.410000  0.000000
   -2.593   -0.650    2.042    2.935    9.403    9.740   10.323   13.277
            0.820000  0.410000  0.010000
   -2.593   -0.650    2.042    2.937    9.389    9.754   10.325   13.278
            0.820000  0.410000  0.020000
   -2.594   -0.651    2.043    2.942    9.353    9.789   10.331   13.279
            0.820000  0.410000  0.030000
   -2.595   -0.653    2.043    2.950    9.303    9.835   10.342   13.281
            0.820000  0.410000  0.040000
   -2.597   -0.656    2.044    2.961    9.246    9.886   10.358   13.283
            0.820000  0.410000  0.050000
   -2.600   -0.659    2.045    2.976    9.186    9.938   10.380   13.286
            0.820000  0.410000  0.060000
   -2.603   -0.663    2.046    2.994    9.124    9.986   10.410   13.290
            0.820000  0.410000  0.070000
   -2.607   -0.668    2.048    3.014    9.062   10.029   10.448   13.295
            0.820000  0.410000  0.080000
   -2.611   -0.672    2.050    3.038    8.999   10.067   10.495   13.299
            0.820000  0.410000  0.090000
   -2.617   -0.678    2.053    3.064    8.937   10.098   10.551   13.305
            0.820000  0.410000  0.100000
   -2.622   -0.683    2.056    3.092    8.876   10.125   10.614   13.310
            0.820000  0.410000  0.110000
   -2.629   -0.689    2.060    3.123    8.816   10.147   10.683   13.316
            0.820000  0.410000  0.120000
   -2.636   -0.695    2.064    3.156    8.757   10.166   10.757   13.320
            0.820000  0.410000  0.130000
   -2.644   -0.701    2.069    3.190    8.699   10.183   10.836   13.322
            0.820000  0.410000  0.140000
   -2.653   -0.707    2.075    3.227    8.642   10.199   10.917   13.315
            0.820000  0.410000  0.150000
   -2.662   -0.713    2.081    3.265    8.587   10.213   11.001   13.288
            0.820000  0.410000  0.160000
   -2.672   -0.718    2.089    3.305    8.534   10.227   11.087   13.228
            0.820000  0.410000  0.170000
   -2.684   -0.723    2.097    3.346    8.482   10.241   11.175   13.144
            0.820000  0.410000  0.180000
   -2.695   -0.727    2.105    3.388    8.433   10.254   11.265   13.050
            0.820000  0.410000  0.190000
   -2.708   -0.731    2.115    3.431    8.385   10.268   11.356   12.950
            0.820000  0.410000  0.200000
   -2.722   -0.734    2.125    3.475    8.339   10.281   11.449   12.848
            0.820000  0.410000  0.210000
   -2.736   -0.737    2.136    3.520    8.295   10.295   11.542   12.745
            0.820000  0.410000  0.220000
   -2.752   -0.738    2.148    3.565    8.253   10.309   11.637   12.641
            0.820000  0.410000  0.230000
   -2.768   -0.739    2.161    3.610    8.213   10.323   11.732   12.536
            0.820000  0.410000  0.240000
   -2.785   -0.738    2.174    3.656    8.176   10.337   11.827   12.431
            0.820000  0.410000  0.250000
   -2.803   -0.737    2.189    3.701    8.142   10.352   11.923   12.328
            0.820000  0.410000  0.260000
   -2.821   -0.734    2.203    3.746    8.110   10.367   12.014   12.229
            0.820000  0.410000  0.270000
   -2.841   -0.730    2.219    3.790    8.081   10.382   12.063   12.173
            0.820000  0.410000  0.280000
   -2.861   -0.726    2.236    3.834    8.054   10.397   11.989   12.240
            0.820000  0.410000  0.290000
   -2.882   -0.720    2.253    3.878    8.031   10.413   11.888   12.335
            0.820000  0.410000  0.300000
   -2.903   -0.712    2.271    3.920    8.011   10.429   11.784   12.435
            0.820000  0.410000  0.310000
   -2.926   -0.704    2.289    3.961    7.994   10.445   11.679   12.535
            0.820000  0.410000  0.320000
   -2.949   -0.694    2.309    4.001    7.980   10.461   11.574   12.637
            0.820000  0.410000  0.330000
   -2.972   -0.683    2.329    4.039    7.970   10.477   11.470   12.739
            0.820000  0.410000  0.340000
   -2.996   -0.671    2.349    4.076    7.963   10.493   11.366   12.842
            0.820000  0.410000  0.350000
   -3.021   -0.657    2.370    4.111    7.960   10.509   11.262   12.946
            0.820000  0.410000  0.360000
   -3.046   -0.643    2.392    4.144    7.960   10.525   11.160   13.049
            0.820000  0.410000  0.370000
   -3.071   -0.627    2.415    4.175    7.964   10.540   11.059   13.153
            0.820000  0.410000  0.380000
   -3.097   -0.610    2.438    4.204    7.973   10.553   10.960   13.257
            0.820000  0.410000  0.390000
   -3.124   -0.592    2.461    4.231    7.985   10.562   10.866   13.360
            0.820000  0.410000  0.400000
   -3.150   -0.572    2.485    4.256    8.000   10.561   10.783   13.463
            0.820000  0.410000  0.410000
   -3.177   -0.552    2.510    4.278    8.020   10.537   10.724   13.562
            0.820000  0.410000  0.420000
   -3.204   -0.530    2.535    4.298    8.044   10.478   10.700   13.651
            0.820000  0.410000  0.430000
   -3.231   -0.507    2.560    4.316    8.071   10.396   10.701   13.667
            0.820000  0.410000  0.440000
   -3.258   -0.483    2.586    4.331    8.102   10.306   10.710   13.577
            0.820000  0.410000  0.450000
   -3.285   -0.458    2.613    4.344    8.137   10.212   10.724   13.467
            0.820000  0.410000  0.460000
   -3.313   -0.432    2.639    4.354    8.176   10.118   10.740   13.352
            0.820000  0.410000  0.470000
   -3.340   -0.405    2.666    4.363    8.218   10.024   10.756   13.237
            0.820000  0.410000  0.480000
   -3.367   -0.377    2.694    4.369    8.263    9.931   10.773   13.122
            0.820000  0.410000  0.490000
   -3.395   -0.348    2.721    4.373    8.311    9.838   10.791   13.007
            0.820000  0.410000  0.500000
   -3.422   -0.319    2.749    4.375    8.362    9.747   10.808   12.892
            0.820000  0.410000  0.510000
   -3.449   -0.288    2.777    4.375    8.416    9.657   10.826   12.778
            0.820000  0.410000  0.520000
   -3.475   -0.256    2.806    4.373    8.472    9.570   10.843   12.665
            0.820000  0.410000  0.530000
   -3.502   -0.224    2.834    4.370    8.529    9.484   10.861   12.552
            0.820000  0.410000  0.540000
   -3.528   -0.191    2.863    4.365    8.587    9.402   10.878   12.441
            0.820000  0.410000  0.550000
   -3.555   -0.156    2.891    4.358    8.644    9.325   10.895   12.330
            0.820000  0.410000  0.560000
   -3.580   -0.122    2.920    4.350    8.698    9.255   10.912   12.220
            0.820000  0.410000  0.570000
   -3.606   -0.086    2.948    4.341    8.744    9.197   10.928   12.111
            0.820000  0.410000  0.580000
   -3.631   -0.050    2.977    4.331    8.772    9.159   10.944   12.004
            0.820000  0.410000  0.590000
   -3.656   -0.013    3.005    4.319    8.773    9.153   10.960   11.897
            0.820000  0.410000  0.600000
   -3.680    0.025    3.033    4.307    8.745    9.180   10.975   11.792
            0.820000  0.410000  0.610000
   -3.704    0.063    3.061    4.294    8.696    9.230   10.989   11.688
            0.820000  0.410000  0.620000
   -3.728    0.101    3.088    4.280    8.638    9.294   11.002   11.586
            0.820000  0.410000  0.630000
   -3.751    0.141    3.115    4.265    8.575    9.365   11.013   11.487
            0.820000  0.410000  0.640000
   -3.774    0.180    3.142    4.249    8.511    9.442   11.022   11.391
            0.820000  0.410000  0.650000
   -3.796    0.221    3.168    4.233    8.446    9.521   11.024   11.303
            0.820000  0.410000  0.660000
   -3.818    0.261    3.193    4.217    8.383    9.603   11.013   11.228
            0.820000  0.410000  0.670000
   -3.840    0.302    3.217    4.200    8.320    9.687   10.977   11.180
            0.820000  0.410000  0.680000
   -3.860    0.344    3.241    4.183    8.260    9.772   10.912   11.162
            0.820000  0.410000  0.690000
   -3.881    0.385    3.264    4.166    8.201    9.857   10.831   11.160
            0.820000  0.410000  0.700000
   -3.900    0.427    3.286    4.149    8.145    9.944   10.745   11.166
            0.820000  0.410000  0.710000
   -3.920    0.469    3.307    4.131    8.091   10.030   10.657   11.175
            0.820000  0.410000  0.720000
   -3.938    0.512    3.326    4.114    8.039   10.116   10.568   11.187
            0.820000  0.410000  0.730000
   -3.956    0.554    3.344    4.097    7.990   10.200   10.482   11.200
            0.820000  0.410000  0.740000
   -3.974    0.596    3.361    4.080    7.944   10.275   10.406   11.214
            0.820000  0.410000  0.750000
   -3.991    0.638    3.376    4.064    7.901   10.278   10.401   11.229
            0.820000  0.410000  0.760000
   -4.007    0.680    3.390    4.048    7.860   10.205   10.472   11.245
            0.820000  0.410000  0.770000
   -4.023    0.722    3.402    4.033    7.823   10.123   10.551   11.264
            0.820000  0.410000  0.780000
   -4.038    0.764    3.411    4.018    7.788   10.042   10.629   11.284
            0.820000  0.410000  0.790000
   -4.052    0.805    3.419    4.005    7.757    9.962   10.704   11.308
            0.820000  0.410000  0.800000
   -4.066    0.846    3.425    3.992    7.728    9.883   10.775   11.336
            0.820000  0.410000  0.810000
   -4.079    0.886    3.429    3.981    7.702    9.806   10.839   11.369
            0.820000  0.410000  0.820000
   -4.092    0.926    3.430    3.970    7.679    9.731   10.897   11.407
            0.820000  0.410000  0.830000
   -4.104    0.965    3.430    3.961    7.659    9.659   10.947   11.452
            0.820000  0.410000  0.840000
   -4.115    1.002    3.428    3.953    7.642    9.588   10.990   11.504
            0.820000  0.410000  0.850000
   -4.126    1.039    3.423    3.947    7.628    9.520   11.025   11.561
            0.820000  0.410000  0.860000
   -4.136    1.075    3.418    3.941    7.616    9.455   11.053   11.622
            0.820000  0.410000  0.870000
   -4.145    1.109    3.411    3.936    7.607    9.393   11.077   11.687
            0.820000  0.410000  0.880000
   -4.153    1.141    3.402    3.932    7.599    9.334   11.095   11.753
            0.820000  0.410000  0.890000
   -4.161    1.172    3.393    3.929    7.594    9.278   11.111   11.819
            0.820000  0.410000  0.900000
   -4.169    1.201    3.384    3.927    7.591    9.225   11.123   11.885
            0.820000  0.410000  0.910000
   -4.175    1.228    3.374    3.925    7.589    9.176   11.134   11.949
            0.820000  0.410000  0.920000
   -4.181    1.253    3.364    3.924    7.589    9.132   11.142   12.009
            0.820000  0.410000  0.930000
   -4.186    1.276    3.355    3.923    7.589    9.091   11.150   12.066
            0.820000  0.410000  0.940000
   -4.191    1.295    3.346    3.922    7.590    9.055   11.155   12.118
            0.820000  0.410000  0.950000
   -4.195    1.312    3.338    3.922    7.592    9.025   11.160   12.164
            0.820000  0.410000  0.960000
   -4.198    1.327    3.331    3.922    7.594    8.999   11.164   12.203
            0.820000  0.410000  0.970000
   -4.200    1.338    3.326    3.922    7.596    8.979   11.166   12.235
            0.820000  0.410000  0.980000
   -4.202    1.346    3.322    3.921    7.597    8.964   11.168   12.258
            0.820000  0.410000  0.990000
   -4.203    1.351    3.320    3.921    7.598    8.955   11.169   12.272
            0.820000  0.410000  1.000000
   -4.203    1.353    3.319    3.921    7.598    8.952   11.170   12.277
