 &plot nbnd=   8, nks=    81 /
            0.325000 -1.000000 -1.000000
   -4.356    0.052    2.835    2.835    5.886    7.084   11.777   11.777
            0.325000 -1.000000 -0.975000
   -4.354    0.048    2.826    2.835    5.901    7.094   11.739   11.776
            0.325000 -1.000000 -0.950000
   -4.348    0.038    2.797    2.835    5.944    7.123   11.632   11.774
            0.325000 -1.000000 -0.925000
   -4.339    0.022    2.752    2.835    6.016    7.172   11.472   11.769
            0.325000 -1.000000 -0.900000
   -4.325   -0.001    2.692    2.836    6.112    7.239   11.277   11.763
            0.325000 -1.000000 -0.875000
   -4.308   -0.031    2.620    2.837    6.230    7.324   11.059   11.755
            0.325000 -1.000000 -0.850000
   -4.287   -0.066    2.538    2.840    6.367    7.427   10.826   11.745
            0.325000 -1.000000 -0.825000
   -4.263   -0.107    2.450    2.845    6.522    7.545   10.583   11.734
            0.325000 -1.000000 -0.800000
   -4.234   -0.153    2.357    2.852    6.692    7.679   10.335   11.721
            0.325000 -1.000000 -0.775000
   -4.203   -0.205    2.262    2.862    6.874    7.826   10.084   11.707
            0.325000 -1.000000 -0.750000
   -4.167   -0.261    2.166    2.875    7.067    7.987    9.832   11.691
            0.325000 -1.000000 -0.725000
   -4.129   -0.321    2.070    2.891    7.271    8.158    9.581   11.674
            0.325000 -1.000000 -0.700000
   -4.087   -0.384    1.975    2.910    7.483    8.340    9.334   11.656
            0.325000 -1.000000 -0.675000
   -4.042   -0.451    1.883    2.932    7.703    8.526    9.096   11.636
            0.325000 -1.000000 -0.650000
   -3.994   -0.521    1.794    2.957    7.931    8.675    8.908   11.616
            0.325000 -1.000000 -0.625000
   -3.943   -0.592    1.708    2.983    8.164    8.561    8.997   11.596
            0.325000 -1.000000 -0.600000
   -3.889   -0.665    1.627    3.011    8.344    8.404    9.204   11.575
            0.325000 -1.000000 -0.575000
   -3.832   -0.740    1.551    3.040    8.123    8.649    9.429   11.554
            0.325000 -1.000000 -0.550000
   -3.774   -0.815    1.481    3.069    7.909    8.898    9.663   11.533
            0.325000 -1.000000 -0.525000
   -3.713   -0.891    1.416    3.096    7.703    9.152    9.904   11.512
            0.325000 -1.000000 -0.500000
   -3.650   -0.966    1.357    3.121    7.509    9.409   10.149   11.492
            0.325000 -1.000000 -0.475000
   -3.585   -1.042    1.305    3.142    7.328    9.669   10.399   11.474
            0.325000 -1.000000 -0.450000
   -3.519   -1.117    1.259    3.157    7.163    9.931   10.649   11.457
            0.325000 -1.000000 -0.425000
   -3.452   -1.192    1.221    3.164    7.014   10.194   10.898   11.431
            0.325000 -1.000000 -0.400000
   -3.383   -1.266    1.191    3.163    6.885   10.453   11.139   11.230
            0.325000 -1.000000 -0.375000
   -3.314   -1.339    1.168    3.150    6.777   10.699   10.981   11.365
            0.325000 -1.000000 -0.350000
   -3.244   -1.411    1.153    3.125    6.692   10.696   10.960   11.480
            0.325000 -1.000000 -0.325000
   -3.174   -1.481    1.146    3.087    6.631   10.453   11.125   11.572
            0.325000 -1.000000 -0.300000
   -3.104   -1.551    1.148    3.035    6.594   10.207   11.212   11.755
            0.325000 -1.000000 -0.275000
   -3.034   -1.619    1.159    2.970    6.582    9.964   11.246   11.778
            0.325000 -1.000000 -0.250000
   -2.965   -1.686    1.178    2.892    6.593    9.726   11.260   11.762
            0.325000 -1.000000 -0.225000
   -2.896   -1.752    1.207    2.804    6.627    9.492   11.268   11.729
            0.325000 -1.000000 -0.200000
   -2.828   -1.817    1.244    2.707    6.681    9.264   11.274   11.690
            0.325000 -1.000000 -0.175000
   -2.761   -1.881    1.290    2.603    6.754    9.042   11.280   11.647
            0.325000 -1.000000 -0.150000
   -2.694   -1.945    1.344    2.494    6.845    8.825   11.288   11.605
            0.325000 -1.000000 -0.125000
   -2.629   -2.007    1.407    2.382    6.951    8.615   11.298   11.563
            0.325000 -1.000000 -0.100000
   -2.564   -2.069    1.478    2.269    7.071    8.411   11.311   11.523
            0.325000 -1.000000 -0.075000
   -2.501   -2.130    1.557    2.156    7.204    8.214   11.327   11.486
            0.325000 -1.000000 -0.050000
   -2.438   -2.192    1.643    2.045    7.349    8.024   11.345   11.452
            0.325000 -1.000000 -0.025000
   -2.376   -2.253    1.735    1.937    7.504    7.842   11.367   11.420
            0.325000 -1.000000  0.000000
   -2.314   -2.314    1.834    1.834    7.669    7.669   11.392   11.392
            0.325000 -1.000000  0.025000
   -2.376   -2.253    1.735    1.937    7.504    7.842   11.367   11.420
            0.325000 -1.000000  0.050000
   -2.438   -2.192    1.643    2.045    7.349    8.024   11.345   11.452
            0.325000 -1.000000  0.075000
   -2.501   -2.130    1.557    2.156    7.204    8.214   11.327   11.486
            0.325000 -1.000000  0.100000
   -2.564   -2.069    1.478    2.269    7.071    8.411   11.311   11.523
            0.325000 -1.000000  0.125000
   -2.629   -2.007    1.407    2.382    6.951    8.615   11.298   11.563
            0.325000 -1.000000  0.150000
   -2.694   -1.945    1.344    2.494    6.845    8.825   11.288   11.605
            0.325000 -1.000000  0.175000
   -2.761   -1.881    1.290    2.603    6.754    9.042   11.280   11.647
            0.325000 -1.000000  0.200000
   -2.828   -1.817    1.244    2.707    6.681    9.264   11.274   11.690
            0.325000 -1.000000  0.225000
   -2.896   -1.752    1.207    2.804    6.627    9.492   11.268   11.729
            0.325000 -1.000000  0.250000
   -2.965   -1.686    1.178    2.892    6.593    9.726   11.260   11.762
            0.325000 -1.000000  0.275000
   -3.034   -1.619    1.159    2.970    6.582    9.964   11.246   11.778
            0.325000 -1.000000  0.300000
   -3.104   -1.551    1.148    3.035    6.594   10.207   11.212   11.757
            0.325000 -1.000000  0.325000
   -3.174   -1.481    1.146    3.087    6.631   10.453   11.125   11.572
            0.325000 -1.000000  0.350000
   -3.244   -1.411    1.153    3.125    6.692   10.696   10.960   11.480
            0.325000 -1.000000  0.375000
   -3.314   -1.339    1.168    3.150    6.777   10.699   10.981   11.365
            0.325000 -1.000000  0.400000
   -3.383   -1.266    1.191    3.163    6.885   10.453   11.139   11.230
            0.325000 -1.000000  0.425000
   -3.452   -1.192    1.221    3.164    7.014   10.194   10.898   11.431
            0.325000 -1.000000  0.450000
   -3.519   -1.117    1.259    3.157    7.163    9.931   10.649   11.457
            0.325000 -1.000000  0.475000
   -3.585   -1.042    1.305    3.142    7.328    9.669   10.399   11.474
            0.325000 -1.000000  0.500000
   -3.650   -0.966    1.357    3.121    7.509    9.409   10.149   11.492
            0.325000 -1.000000  0.525000
   -3.713   -0.891    1.416    3.096    7.703    9.152    9.904   11.512
            0.325000 -1.000000  0.550000
   -3.774   -0.815    1.481    3.069    7.909    8.898    9.663   11.533
            0.325000 -1.000000  0.575000
   -3.832   -0.740    1.551    3.040    8.123    8.649    9.429   11.554
            0.325000 -1.000000  0.600000
   -3.889   -0.665    1.627    3.011    8.344    8.404    9.204   11.575
            0.325000 -1.000000  0.625000
   -3.943   -0.592    1.708    2.983    8.164    8.561    8.997   11.596
            0.325000 -1.000000  0.650000
   -3.994   -0.521    1.794    2.957    7.931    8.675    8.908   11.616
            0.325000 -1.000000  0.675000
   -4.042   -0.451    1.883    2.932    7.703    8.526    9.096   11.636
            0.325000 -1.000000  0.700000
   -4.087   -0.384    1.975    2.910    7.483    8.340    9.334   11.656
            0.325000 -1.000000  0.725000
   -4.129   -0.321    2.070    2.891    7.271    8.158    9.581   11.674
            0.325000 -1.000000  0.750000
   -4.167   -0.261    2.166    2.875    7.067    7.987    9.832   11.691
            0.325000 -1.000000  0.775000
   -4.203   -0.205    2.262    2.862    6.874    7.826   10.084   11.707
            0.325000 -1.000000  0.800000
   -4.234   -0.153    2.357    2.852    6.692    7.679   10.335   11.721
            0.325000 -1.000000  0.825000
   -4.263   -0.107    2.450    2.845    6.522    7.545   10.583   11.734
            0.325000 -1.000000  0.850000
   -4.287   -0.066    2.538    2.840    6.367    7.427   10.826   11.745
            0.325000 -1.000000  0.875000
   -4.308   -0.031    2.620    2.837    6.230    7.324   11.059   11.755
            0.325000 -1.000000  0.900000
   -4.325   -0.001    2.692    2.836    6.112    7.239   11.277   11.763
            0.325000 -1.000000  0.925000
   -4.339    0.022    2.752    2.835    6.016    7.172   11.472   11.769
            0.325000 -1.000000  0.950000
   -4.348    0.038    2.797    2.835    5.944    7.123   11.632   11.774
            0.325000 -1.000000  0.975000
   -4.354    0.048    2.826    2.835    5.901    7.094   11.739   11.776
            0.325000 -1.000000  1.000000
   -4.356    0.052    2.835    2.835    5.886    7.084   11.777   11.777
