 &plot nbnd=   8, nks=   101 /
            0.780000  0.430000  0.000000
   -2.764   -0.491    1.995    3.159    9.636    9.640   10.271   13.418
            0.780000  0.430000  0.010000
   -2.764   -0.492    1.996    3.160    9.611    9.656   10.280   13.418
            0.780000  0.430000  0.020000
   -2.764   -0.494    1.998    3.164    9.576    9.669   10.307   13.420
            0.780000  0.430000  0.030000
   -2.765   -0.497    2.003    3.169    9.532    9.678   10.349   13.421
            0.780000  0.430000  0.040000
   -2.767   -0.502    2.009    3.177    9.483    9.684   10.401   13.424
            0.780000  0.430000  0.050000
   -2.769   -0.508    2.018    3.186    9.429    9.690   10.463   13.427
            0.780000  0.430000  0.060000
   -2.771   -0.516    2.027    3.198    9.372    9.695   10.530   13.431
            0.780000  0.430000  0.070000
   -2.773   -0.524    2.039    3.212    9.313    9.701   10.602   13.436
            0.780000  0.430000  0.080000
   -2.776   -0.533    2.052    3.228    9.253    9.706   10.678   13.441
            0.780000  0.430000  0.090000
   -2.780   -0.544    2.066    3.246    9.192    9.712   10.756   13.445
            0.780000  0.430000  0.100000
   -2.784   -0.555    2.081    3.267    9.132    9.719   10.837   13.436
            0.780000  0.430000  0.110000
   -2.789   -0.566    2.098    3.289    9.071    9.726   10.920   13.365
            0.780000  0.430000  0.120000
   -2.794   -0.578    2.116    3.313    9.012    9.733   11.005   13.276
            0.780000  0.430000  0.130000
   -2.800   -0.590    2.134    3.339    8.953    9.741   11.091   13.184
            0.780000  0.430000  0.140000
   -2.806   -0.603    2.154    3.367    8.896    9.750   11.179   13.090
            0.780000  0.430000  0.150000
   -2.813   -0.615    2.174    3.397    8.839    9.759   11.268   12.994
            0.780000  0.430000  0.160000
   -2.820   -0.628    2.195    3.428    8.784    9.769   11.359   12.897
            0.780000  0.430000  0.170000
   -2.829   -0.640    2.216    3.461    8.730    9.779   11.450   12.799
            0.780000  0.430000  0.180000
   -2.837   -0.651    2.238    3.495    8.678    9.789   11.542   12.700
            0.780000  0.430000  0.190000
   -2.847   -0.662    2.260    3.531    8.627    9.801   11.636   12.600
            0.780000  0.430000  0.200000
   -2.858   -0.673    2.283    3.568    8.578    9.812   11.730   12.500
            0.780000  0.430000  0.210000
   -2.869   -0.682    2.306    3.606    8.530    9.824   11.825   12.400
            0.780000  0.430000  0.220000
   -2.881   -0.691    2.330    3.645    8.485    9.837   11.921   12.299
            0.780000  0.430000  0.230000
   -2.894   -0.699    2.354    3.685    8.441    9.850   12.017   12.198
            0.780000  0.430000  0.240000
   -2.907   -0.705    2.378    3.726    8.400    9.864   12.096   12.115
            0.780000  0.430000  0.250000
   -2.921   -0.711    2.402    3.767    8.360    9.878   11.996   12.213
            0.780000  0.430000  0.260000
   -2.937   -0.715    2.427    3.808    8.323    9.892   11.895   12.311
            0.780000  0.430000  0.270000
   -2.953   -0.719    2.452    3.850    8.289    9.907   11.794   12.411
            0.780000  0.430000  0.280000
   -2.969   -0.720    2.477    3.891    8.256    9.922   11.693   12.510
            0.780000  0.430000  0.290000
   -2.987   -0.721    2.502    3.933    8.227    9.937   11.593   12.610
            0.780000  0.430000  0.300000
   -3.005   -0.720    2.528    3.974    8.200    9.953   11.492   12.711
            0.780000  0.430000  0.310000
   -3.024   -0.717    2.554    4.014    8.175    9.969   11.393   12.812
            0.780000  0.430000  0.320000
   -3.044   -0.714    2.580    4.054    8.154    9.985   11.294   12.913
            0.780000  0.430000  0.330000
   -3.064   -0.708    2.606    4.092    8.136   10.001   11.195   13.015
            0.780000  0.430000  0.340000
   -3.085   -0.702    2.632    4.130    8.121   10.017   11.097   13.117
            0.780000  0.430000  0.350000
   -3.107   -0.693    2.659    4.167    8.109   10.033   11.001   13.219
            0.780000  0.430000  0.360000
   -3.129   -0.684    2.686    4.202    8.100   10.048   10.905   13.321
            0.780000  0.430000  0.370000
   -3.152   -0.673    2.713    4.235    8.094   10.063   10.811   13.423
            0.780000  0.430000  0.380000
   -3.175   -0.660    2.740    4.267    8.092   10.077   10.719   13.524
            0.780000  0.430000  0.390000
   -3.199   -0.646    2.768    4.297    8.094   10.088   10.630   13.626
            0.780000  0.430000  0.400000
   -3.223   -0.631    2.795    4.325    8.099   10.096   10.545   13.727
            0.780000  0.430000  0.410000
   -3.248   -0.614    2.823    4.351    8.108   10.099   10.468   13.828
            0.780000  0.430000  0.420000
   -3.272   -0.596    2.851    4.374    8.120   10.090   10.402   13.927
            0.780000  0.430000  0.430000
   -3.297   -0.576    2.879    4.396    8.135   10.064   10.355   14.021
            0.780000  0.430000  0.440000
   -3.323   -0.556    2.907    4.415    8.155   10.018   10.329   13.970
            0.780000  0.430000  0.450000
   -3.348   -0.534    2.935    4.432    8.177    9.956   10.321   13.872
            0.780000  0.430000  0.460000
   -3.374   -0.510    2.964    4.446    8.203    9.884   10.323   13.764
            0.780000  0.430000  0.470000
   -3.399   -0.486    2.992    4.458    8.232    9.808   10.332   13.652
            0.780000  0.430000  0.480000
   -3.425   -0.460    3.021    4.468    8.263    9.730   10.344   13.540
            0.780000  0.430000  0.490000
   -3.451   -0.433    3.049    4.475    8.298    9.652   10.359   13.427
            0.780000  0.430000  0.500000
   -3.477   -0.405    3.077    4.481    8.335    9.575   10.374   13.314
            0.780000  0.430000  0.510000
   -3.502   -0.376    3.106    4.484    8.373    9.500   10.391   13.201
            0.780000  0.430000  0.520000
   -3.528   -0.346    3.134    4.484    8.413    9.427   10.408   13.089
            0.780000  0.430000  0.530000
   -3.553   -0.315    3.162    4.483    8.452    9.359   10.425   12.978
            0.780000  0.430000  0.540000
   -3.579   -0.283    3.190    4.480    8.491    9.295   10.442   12.867
            0.780000  0.430000  0.550000
   -3.604   -0.250    3.217    4.475    8.526    9.239   10.460   12.756
            0.780000  0.430000  0.560000
   -3.629   -0.216    3.245    4.468    8.556    9.193   10.477   12.647
            0.780000  0.430000  0.570000
   -3.653   -0.181    3.272    4.460    8.577    9.160   10.495   12.538
            0.780000  0.430000  0.580000
   -3.678   -0.145    3.298    4.450    8.585    9.143   10.512   12.430
            0.780000  0.430000  0.590000
   -3.702   -0.109    3.324    4.438    8.578    9.146   10.530   12.322
            0.780000  0.430000  0.600000
   -3.725   -0.071    3.350    4.425    8.556    9.166   10.547   12.216
            0.780000  0.430000  0.610000
   -3.749   -0.033    3.375    4.411    8.524    9.201   10.564   12.110
            0.780000  0.430000  0.620000
   -3.772    0.006    3.399    4.395    8.484    9.247   10.581   12.005
            0.780000  0.430000  0.630000
   -3.794    0.045    3.423    4.379    8.440    9.301   10.598   11.902
            0.780000  0.430000  0.640000
   -3.816    0.086    3.445    4.361    8.394    9.361   10.615   11.799
            0.780000  0.430000  0.650000
   -3.838    0.126    3.467    4.343    8.347    9.426   10.632   11.697
            0.780000  0.430000  0.660000
   -3.860    0.168    3.487    4.324    8.300    9.493   10.649   11.597
            0.780000  0.430000  0.670000
   -3.880    0.210    3.507    4.305    8.254    9.562   10.667   11.497
            0.780000  0.430000  0.680000
   -3.901    0.253    3.525    4.285    8.209    9.633   10.684   11.399
            0.780000  0.430000  0.690000
   -3.921    0.296    3.541    4.265    8.167    9.704   10.703   11.302
            0.780000  0.430000  0.700000
   -3.940    0.339    3.556    4.245    8.126    9.776   10.721   11.207
            0.780000  0.430000  0.710000
   -3.959    0.383    3.569    4.225    8.088    9.847   10.741   11.113
            0.780000  0.430000  0.720000
   -3.977    0.427    3.580    4.205    8.052    9.917   10.760   11.022
            0.780000  0.430000  0.730000
   -3.995    0.471    3.588    4.186    8.019    9.986   10.780   10.934
            0.780000  0.430000  0.740000
   -4.012    0.516    3.594    4.168    7.989   10.052   10.786   10.863
            0.780000  0.430000  0.750000
   -4.029    0.560    3.597    4.152    7.962   10.114   10.735   10.856
            0.780000  0.430000  0.760000
   -4.045    0.605    3.597    4.136    7.937   10.172   10.657   10.881
            0.780000  0.430000  0.770000
   -4.060    0.650    3.594    4.123    7.916   10.222   10.580   10.914
            0.780000  0.430000  0.780000
   -4.075    0.695    3.588    4.111    7.897   10.260   10.511   10.952
            0.780000  0.430000  0.790000
   -4.089    0.739    3.579    4.100    7.881   10.272   10.464   10.996
            0.780000  0.430000  0.800000
   -4.103    0.783    3.566    4.092    7.869   10.245   10.452   11.045
            0.780000  0.430000  0.810000
   -4.116    0.827    3.551    4.086    7.859   10.188   10.466   11.098
            0.780000  0.430000  0.820000
   -4.128    0.870    3.534    4.081    7.851   10.121   10.488   11.156
            0.780000  0.430000  0.830000
   -4.140    0.913    3.514    4.077    7.847   10.050   10.510   11.217
            0.780000  0.430000  0.840000
   -4.151    0.955    3.492    4.075    7.845    9.980   10.530   11.280
            0.780000  0.430000  0.850000
   -4.162    0.996    3.469    4.074    7.845    9.911   10.548   11.345
            0.780000  0.430000  0.860000
   -4.171    1.036    3.444    4.073    7.847    9.844   10.563   11.412
            0.780000  0.430000  0.870000
   -4.181    1.074    3.420    4.073    7.852    9.779   10.577   11.479
            0.780000  0.430000  0.880000
   -4.189    1.112    3.395    4.074    7.858    9.717   10.588   11.545
            0.780000  0.430000  0.890000
   -4.197    1.147    3.370    4.074    7.865    9.658   10.599   11.610
            0.780000  0.430000  0.900000
   -4.204    1.181    3.345    4.075    7.874    9.602   10.607   11.674
            0.780000  0.430000  0.910000
   -4.211    1.212    3.322    4.076    7.884    9.550   10.615   11.735
            0.780000  0.430000  0.920000
   -4.216    1.242    3.299    4.077    7.894    9.502   10.621   11.793
            0.780000  0.430000  0.930000
   -4.222    1.268    3.279    4.078    7.904    9.458   10.626   11.847
            0.780000  0.430000  0.940000
   -4.226    1.292    3.260    4.079    7.914    9.419   10.631   11.896
            0.780000  0.430000  0.950000
   -4.230    1.312    3.244    4.080    7.924    9.385   10.634   11.939
            0.780000  0.430000  0.960000
   -4.233    1.329    3.230    4.081    7.932    9.356   10.637   11.976
            0.780000  0.430000  0.970000
   -4.235    1.343    3.219    4.081    7.939    9.333   10.639   12.005
            0.780000  0.430000  0.980000
   -4.237    1.353    3.211    4.082    7.945    9.317   10.641   12.027
            0.780000  0.430000  0.990000
   -4.238    1.359    3.206    4.082    7.948    9.307   10.642   12.040
            0.780000  0.430000  1.000000
   -4.238    1.361    3.204    4.082    7.949    9.304   10.642   12.045
