 &plot nbnd=   8, nks=   101 /
            0.580000  0.840000  0.000000
   -2.203   -1.054    1.791    3.037    8.494   10.826   11.565   11.780
            0.580000  0.840000  0.010000
   -2.205   -1.052    1.792    3.037    8.495   10.825   11.542   11.805
            0.580000  0.840000  0.020000
   -2.211   -1.048    1.796    3.040    8.496   10.820   11.493   11.862
            0.580000  0.840000  0.030000
   -2.220   -1.041    1.801    3.044    8.498   10.813   11.436   11.932
            0.580000  0.840000  0.040000
   -2.233   -1.032    1.808    3.049    8.501   10.802   11.379   12.009
            0.580000  0.840000  0.050000
   -2.250   -1.020    1.817    3.056    8.505   10.786   11.327   12.089
            0.580000  0.840000  0.060000
   -2.269   -1.006    1.828    3.065    8.509   10.764   11.279   12.171
            0.580000  0.840000  0.070000
   -2.291   -0.990    1.840    3.075    8.515   10.735   11.240   12.255
            0.580000  0.840000  0.080000
   -2.316   -0.972    1.855    3.087    8.521   10.700   11.208   12.340
            0.580000  0.840000  0.090000
   -2.344   -0.952    1.871    3.101    8.528   10.657   11.183   12.427
            0.580000  0.840000  0.100000
   -2.373   -0.931    1.889    3.116    8.536   10.609   11.167   12.514
            0.580000  0.840000  0.110000
   -2.405   -0.909    1.909    3.133    8.544   10.556   11.156   12.603
            0.580000  0.840000  0.120000
   -2.438   -0.885    1.930    3.152    8.554   10.499   11.151   12.692
            0.580000  0.840000  0.130000
   -2.473   -0.861    1.952    3.172    8.564   10.440   11.150   12.781
            0.580000  0.840000  0.140000
   -2.509   -0.835    1.976    3.194    8.575   10.378   11.153   12.871
            0.580000  0.840000  0.150000
   -2.547   -0.809    2.001    3.217    8.587   10.316   11.158   12.960
            0.580000  0.840000  0.160000
   -2.585   -0.783    2.028    3.242    8.599   10.252   11.166   13.048
            0.580000  0.840000  0.170000
   -2.625   -0.755    2.055    3.269    8.613   10.189   11.176   13.130
            0.580000  0.840000  0.180000
   -2.665   -0.728    2.083    3.298    8.627   10.125   11.188   13.184
            0.580000  0.840000  0.190000
   -2.706   -0.699    2.112    3.328    8.642   10.062   11.201   13.158
            0.580000  0.840000  0.200000
   -2.748   -0.671    2.142    3.360    8.657    9.998   11.216   13.081
            0.580000  0.840000  0.210000
   -2.790   -0.641    2.173    3.394    8.673    9.936   11.233   12.991
            0.580000  0.840000  0.220000
   -2.832   -0.612    2.204    3.429    8.690    9.874   11.251   12.898
            0.580000  0.840000  0.230000
   -2.875   -0.582    2.236    3.466    8.708    9.812   11.270   12.804
            0.580000  0.840000  0.240000
   -2.918   -0.551    2.268    3.505    8.726    9.752   11.290   12.709
            0.580000  0.840000  0.250000
   -2.961   -0.520    2.301    3.545    8.745    9.693   11.311   12.614
            0.580000  0.840000  0.260000
   -3.005   -0.489    2.334    3.586    8.764    9.634   11.333   12.518
            0.580000  0.840000  0.270000
   -3.048   -0.457    2.368    3.629    8.784    9.577   11.356   12.424
            0.580000  0.840000  0.280000
   -3.092   -0.425    2.402    3.673    8.804    9.521   11.380   12.329
            0.580000  0.840000  0.290000
   -3.136   -0.393    2.436    3.718    8.824    9.467   11.404   12.235
            0.580000  0.840000  0.300000
   -3.179   -0.360    2.470    3.764    8.844    9.414   11.429   12.142
            0.580000  0.840000  0.310000
   -3.222   -0.327    2.505    3.812    8.865    9.363   11.454   12.051
            0.580000  0.840000  0.320000
   -3.266   -0.293    2.540    3.860    8.884    9.315   11.478   11.961
            0.580000  0.840000  0.330000
   -3.309   -0.259    2.575    3.909    8.902    9.270   11.499   11.876
            0.580000  0.840000  0.340000
   -3.352   -0.224    2.610    3.959    8.918    9.229   11.513   11.799
            0.580000  0.840000  0.350000
   -3.394   -0.189    2.646    4.010    8.929    9.195   11.510   11.742
            0.580000  0.840000  0.360000
   -3.437   -0.153    2.681    4.061    8.933    9.170   11.476   11.716
            0.580000  0.840000  0.370000
   -3.479   -0.117    2.717    4.112    8.926    9.157   11.413   11.721
            0.580000  0.840000  0.380000
   -3.521   -0.081    2.753    4.164    8.910    9.156   11.336   11.742
            0.580000  0.840000  0.390000
   -3.562   -0.044    2.790    4.215    8.885    9.166   11.253   11.771
            0.580000  0.840000  0.400000
   -3.603   -0.006    2.826    4.267    8.855    9.183   11.166   11.804
            0.580000  0.840000  0.410000
   -3.644    0.032    2.863    4.318    8.823    9.204   11.079   11.840
            0.580000  0.840000  0.420000
   -3.684    0.070    2.900    4.369    8.790    9.228   10.992   11.878
            0.580000  0.840000  0.430000
   -3.724    0.109    2.937    4.419    8.757    9.254   10.905   11.917
            0.580000  0.840000  0.440000
   -3.763    0.149    2.974    4.468    8.725    9.282   10.818   11.958
            0.580000  0.840000  0.450000
   -3.802    0.189    3.012    4.517    8.695    9.310   10.732   12.001
            0.580000  0.840000  0.460000
   -3.841    0.230    3.049    4.564    8.666    9.340   10.647   12.044
            0.580000  0.840000  0.470000
   -3.878    0.271    3.087    4.610    8.638    9.370   10.562   12.089
            0.580000  0.840000  0.480000
   -3.916    0.313    3.125    4.655    8.612    9.401   10.478   12.135
            0.580000  0.840000  0.490000
   -3.953    0.355    3.164    4.698    8.589    9.432   10.396   12.182
            0.580000  0.840000  0.500000
   -3.989    0.398    3.203    4.739    8.567    9.464   10.315   12.230
            0.580000  0.840000  0.510000
   -4.025    0.441    3.241    4.778    8.548    9.496   10.235   12.279
            0.580000  0.840000  0.520000
   -4.060    0.485    3.280    4.815    8.531    9.528   10.156   12.328
            0.580000  0.840000  0.530000
   -4.095    0.529    3.320    4.850    8.517    9.560   10.079   12.378
            0.580000  0.840000  0.540000
   -4.129    0.574    3.359    4.881    8.504    9.593   10.004   12.429
            0.580000  0.840000  0.550000
   -4.162    0.620    3.399    4.911    8.495    9.625    9.930   12.479
            0.580000  0.840000  0.560000
   -4.195    0.666    3.438    4.937    8.487    9.658    9.859   12.526
            0.580000  0.840000  0.570000
   -4.227    0.712    3.478    4.961    8.482    9.690    9.790   12.564
            0.580000  0.840000  0.580000
   -4.258    0.759    3.518    4.981    8.479    9.709    9.736   12.570
            0.580000  0.840000  0.590000
   -4.289    0.807    3.558    4.998    8.478    9.654    9.759   12.519
            0.580000  0.840000  0.600000
   -4.319    0.855    3.599    5.012    8.478    9.593    9.791   12.438
            0.580000  0.840000  0.610000
   -4.349    0.903    3.639    5.023    8.481    9.535    9.823   12.348
            0.580000  0.840000  0.620000
   -4.378    0.953    3.679    5.030    8.484    9.480    9.855   12.257
            0.580000  0.840000  0.630000
   -4.406    1.002    3.720    5.034    8.487    9.429    9.887   12.166
            0.580000  0.840000  0.640000
   -4.434    1.052    3.760    5.034    8.491    9.382    9.919   12.075
            0.580000  0.840000  0.650000
   -4.460    1.102    3.800    5.031    8.494    9.341    9.951   11.985
            0.580000  0.840000  0.660000
   -4.487    1.153    3.840    5.025    8.495    9.305    9.982   11.896
            0.580000  0.840000  0.670000
   -4.512    1.204    3.880    5.016    8.495    9.276   10.013   11.809
            0.580000  0.840000  0.680000
   -4.537    1.256    3.920    5.004    8.491    9.255   10.043   11.723
            0.580000  0.840000  0.690000
   -4.561    1.308    3.960    4.988    8.483    9.241   10.074   11.639
            0.580000  0.840000  0.700000
   -4.584    1.360    3.999    4.970    8.472    9.234   10.103   11.557
            0.580000  0.840000  0.710000
   -4.607    1.413    4.039    4.949    8.457    9.235   10.133   11.476
            0.580000  0.840000  0.720000
   -4.629    1.466    4.077    4.925    8.438    9.243   10.162   11.398
            0.580000  0.840000  0.730000
   -4.650    1.519    4.116    4.899    8.417    9.257   10.190   11.321
            0.580000  0.840000  0.740000
   -4.670    1.573    4.154    4.871    8.393    9.276   10.219   11.247
            0.580000  0.840000  0.750000
   -4.690    1.626    4.191    4.840    8.367    9.300   10.246   11.175
            0.580000  0.840000  0.760000
   -4.709    1.680    4.228    4.807    8.339    9.328   10.274   11.105
            0.580000  0.840000  0.770000
   -4.727    1.734    4.264    4.773    8.311    9.358   10.300   11.038
            0.580000  0.840000  0.780000
   -4.744    1.787    4.300    4.737    8.283    9.391   10.327   10.973
            0.580000  0.840000  0.790000
   -4.761    1.841    4.334    4.699    8.255    9.425   10.353   10.911
            0.580000  0.840000  0.800000
   -4.777    1.895    4.368    4.660    8.228    9.459   10.379   10.852
            0.580000  0.840000  0.810000
   -4.792    1.948    4.401    4.620    8.201    9.494   10.405   10.797
            0.580000  0.840000  0.820000
   -4.806    2.001    4.433    4.579    8.174    9.528   10.430   10.744
            0.580000  0.840000  0.830000
   -4.820    2.054    4.463    4.538    8.149    9.561   10.455   10.696
            0.580000  0.840000  0.840000
   -4.833    2.106    4.483    4.504    8.125    9.592   10.479   10.651
            0.580000  0.840000  0.850000
   -4.845    2.158    4.449    4.524    8.102    9.622   10.503   10.611
            0.580000  0.840000  0.860000
   -4.856    2.209    4.407    4.550    8.081    9.649   10.524   10.577
            0.580000  0.840000  0.870000
   -4.867    2.258    4.364    4.576    8.061    9.673   10.527   10.566
            0.580000  0.840000  0.880000
   -4.877    2.307    4.322    4.600    8.042    9.693   10.505   10.584
            0.580000  0.840000  0.890000
   -4.886    2.354    4.281    4.622    8.025    9.711   10.482   10.606
            0.580000  0.840000  0.900000
   -4.894    2.399    4.240    4.643    8.009    9.725   10.462   10.629
            0.580000  0.840000  0.910000
   -4.901    2.442    4.202    4.662    7.994    9.735   10.446   10.651
            0.580000  0.840000  0.920000
   -4.908    2.482    4.165    4.680    7.982    9.743   10.434   10.672
            0.580000  0.840000  0.930000
   -4.914    2.520    4.130    4.695    7.970    9.749   10.424   10.692
            0.580000  0.840000  0.940000
   -4.919    2.554    4.099    4.709    7.960    9.752   10.417   10.711
            0.580000  0.840000  0.950000
   -4.923    2.584    4.071    4.720    7.952    9.753   10.411   10.727
            0.580000  0.840000  0.960000
   -4.927    2.609    4.047    4.730    7.945    9.754   10.408   10.741
            0.580000  0.840000  0.970000
   -4.929    2.630    4.028    4.737    7.940    9.754   10.405   10.752
            0.580000  0.840000  0.980000
   -4.931    2.645    4.013    4.743    7.936    9.754   10.404   10.761
            0.580000  0.840000  0.990000
   -4.933    2.654    4.005    4.746    7.934    9.753   10.403   10.766
            0.580000  0.840000  1.000000
   -4.933    2.658    4.002    4.747    7.933    9.753   10.403   10.767
