 &plot nbnd=   8, nks=   101 /
            0.920000  0.100000  0.000000
   -2.312   -1.127    3.042    3.078    6.838    7.106   14.736   15.317
            0.920000  0.100000  0.010000
   -2.312   -1.127    3.026    3.093    6.835    7.112   14.736   15.310
            0.920000  0.100000  0.020000
   -2.312   -1.127    2.998    3.116    6.828    7.130   14.736   15.290
            0.920000  0.100000  0.030000
   -2.311   -1.127    2.968    3.139    6.818    7.159   14.735   15.256
            0.920000  0.100000  0.040000
   -2.310   -1.127    2.936    3.160    6.808    7.195   14.734   15.211
            0.920000  0.100000  0.050000
   -2.308   -1.126    2.902    3.180    6.800    7.238   14.733   15.154
            0.920000  0.100000  0.060000
   -2.306   -1.126    2.868    3.197    6.793    7.285   14.732   15.087
            0.920000  0.100000  0.070000
   -2.304   -1.126    2.833    3.212    6.790    7.337   14.729   15.012
            0.920000  0.100000  0.080000
   -2.302   -1.125    2.798    3.225    6.790    7.393   14.725   14.931
            0.920000  0.100000  0.090000
   -2.299   -1.124    2.763    3.235    6.794    7.452   14.715   14.848
            0.920000  0.100000  0.100000
   -2.296   -1.124    2.727    3.243    6.802    7.515   14.684   14.780
            0.920000  0.100000  0.110000
   -2.293   -1.123    2.691    3.249    6.814    7.580   14.608   14.751
            0.920000  0.100000  0.120000
   -2.289   -1.122    2.655    3.252    6.831    7.648   14.510   14.741
            0.920000  0.100000  0.130000
   -2.286   -1.122    2.619    3.253    6.852    7.718   14.403   14.734
            0.920000  0.100000  0.140000
   -2.281   -1.121    2.583    3.251    6.877    7.790   14.292   14.728
            0.920000  0.100000  0.150000
   -2.277   -1.120    2.548    3.247    6.906    7.865   14.177   14.722
            0.920000  0.100000  0.160000
   -2.273   -1.119    2.513    3.241    6.940    7.942   14.061   14.714
            0.920000  0.100000  0.170000
   -2.268   -1.118    2.478    3.233    6.978    8.020   13.942   14.705
            0.920000  0.100000  0.180000
   -2.263   -1.117    2.445    3.223    7.019    8.101   13.822   14.692
            0.920000  0.100000  0.190000
   -2.258   -1.116    2.411    3.211    7.065    8.183   13.701   14.674
            0.920000  0.100000  0.200000
   -2.253   -1.115    2.379    3.198    7.114    8.267   13.579   14.649
            0.920000  0.100000  0.210000
   -2.248   -1.114    2.347    3.183    7.167    8.353   13.456   14.615
            0.920000  0.100000  0.220000
   -2.242   -1.113    2.317    3.167    7.224    8.440   13.333   14.566
            0.920000  0.100000  0.230000
   -2.237   -1.112    2.287    3.150    7.284    8.529   13.209   14.501
            0.920000  0.100000  0.240000
   -2.232   -1.111    2.258    3.132    7.347    8.619   13.085   14.420
            0.920000  0.100000  0.250000
   -2.226   -1.111    2.230    3.113    7.412    8.711   12.961   14.325
            0.920000  0.100000  0.260000
   -2.221   -1.110    2.204    3.093    7.481    8.804   12.836   14.220
            0.920000  0.100000  0.270000
   -2.215   -1.109    2.178    3.073    7.553    8.898   12.712   14.108
            0.920000  0.100000  0.280000
   -2.210   -1.108    2.153    3.052    7.627    8.993   12.588   13.991
            0.920000  0.100000  0.290000
   -2.205   -1.107    2.130    3.031    7.704    9.090   12.464   13.871
            0.920000  0.100000  0.300000
   -2.199   -1.106    2.108    3.010    7.783    9.187   12.341   13.750
            0.920000  0.100000  0.310000
   -2.194   -1.105    2.087    2.989    7.864    9.286   12.218   13.626
            0.920000  0.100000  0.320000
   -2.190   -1.103    2.067    2.968    7.947    9.385   12.095   13.502
            0.920000  0.100000  0.330000
   -2.185   -1.102    2.049    2.948    8.033    9.485   11.973   13.378
            0.920000  0.100000  0.340000
   -2.181   -1.101    2.032    2.928    8.120    9.586   11.852   13.253
            0.920000  0.100000  0.350000
   -2.177   -1.100    2.016    2.908    8.210    9.687   11.732   13.128
            0.920000  0.100000  0.360000
   -2.173   -1.099    2.001    2.889    8.301    9.788   11.613   13.004
            0.920000  0.100000  0.370000
   -2.170   -1.097    1.988    2.870    8.393    9.890   11.496   12.880
            0.920000  0.100000  0.380000
   -2.167   -1.096    1.976    2.853    8.487    9.990   11.381   12.756
            0.920000  0.100000  0.390000
   -2.164   -1.094    1.965    2.836    8.583   10.089   11.269   12.633
            0.920000  0.100000  0.400000
   -2.162   -1.092    1.956    2.820    8.680   10.185   11.162   12.511
            0.920000  0.100000  0.410000
   -2.160   -1.090    1.948    2.805    8.778   10.274   11.062   12.389
            0.920000  0.100000  0.420000
   -2.159   -1.088    1.940    2.791    8.877   10.350   10.977   12.269
            0.920000  0.100000  0.430000
   -2.158   -1.086    1.935    2.778    8.977   10.400   10.919   12.151
            0.920000  0.100000  0.440000
   -2.158   -1.084    1.930    2.767    9.078   10.407   10.904   12.034
            0.920000  0.100000  0.450000
   -2.159   -1.081    1.927    2.757    9.179   10.367   10.937   11.920
            0.920000  0.100000  0.460000
   -2.159   -1.079    1.924    2.748    9.281   10.296   11.000   11.811
            0.920000  0.100000  0.470000
   -2.161   -1.076    1.923    2.740    9.381   10.209   11.075   11.710
            0.920000  0.100000  0.480000
   -2.162   -1.073    1.923    2.734    9.479   10.117   11.144   11.626
            0.920000  0.100000  0.490000
   -2.165   -1.070    1.924    2.729    9.570   10.028   11.183   11.579
            0.920000  0.100000  0.500000
   -2.168   -1.066    1.926    2.726    9.641    9.957   11.168   11.592
            0.920000  0.100000  0.510000
   -2.171   -1.063    1.930    2.724    9.657    9.940   11.105   11.657
            0.920000  0.100000  0.520000
   -2.175   -1.059    1.934    2.724    9.604    9.989   11.022   11.749
            0.920000  0.100000  0.530000
   -2.179   -1.056    1.940    2.725    9.519   10.067   10.933   11.853
            0.920000  0.100000  0.540000
   -2.184   -1.052    1.946    2.728    9.423   10.149   10.849   11.963
            0.920000  0.100000  0.550000
   -2.190   -1.048    1.954    2.732    9.323   10.219   10.780   12.077
            0.920000  0.100000  0.560000
   -2.195   -1.044    1.962    2.738    9.222   10.259   10.743   12.194
            0.920000  0.100000  0.570000
   -2.201   -1.041    1.972    2.745    9.121   10.252   10.755   12.312
            0.920000  0.100000  0.580000
   -2.208   -1.037    1.982    2.753    9.020   10.201   10.812   12.432
            0.920000  0.100000  0.590000
   -2.215   -1.033    1.994    2.763    8.920   10.124   10.897   12.554
            0.920000  0.100000  0.600000
   -2.222   -1.029    2.007    2.774    8.820   10.035   10.996   12.676
            0.920000  0.100000  0.610000
   -2.229   -1.025    2.021    2.787    8.722    9.939   11.103   12.799
            0.920000  0.100000  0.620000
   -2.237   -1.022    2.036    2.801    8.624    9.841   11.214   12.922
            0.920000  0.100000  0.630000
   -2.245   -1.018    2.052    2.815    8.528    9.741   11.329   13.046
            0.920000  0.100000  0.640000
   -2.253   -1.014    2.069    2.831    8.434    9.640   11.445   13.171
            0.920000  0.100000  0.650000
   -2.261   -1.011    2.087    2.848    8.341    9.539   11.564   13.295
            0.920000  0.100000  0.660000
   -2.269   -1.008    2.106    2.866    8.249    9.439   11.683   13.420
            0.920000  0.100000  0.670000
   -2.277   -1.004    2.126    2.884    8.159    9.339   11.804   13.545
            0.920000  0.100000  0.680000
   -2.286   -1.001    2.147    2.903    8.071    9.240   11.925   13.669
            0.920000  0.100000  0.690000
   -2.294   -0.998    2.169    2.923    7.985    9.142   12.047   13.792
            0.920000  0.100000  0.700000
   -2.303   -0.996    2.193    2.943    7.900    9.045   12.170   13.914
            0.920000  0.100000  0.710000
   -2.312   -0.993    2.217    2.964    7.818    8.949   12.293   14.034
            0.920000  0.100000  0.720000
   -2.320   -0.991    2.242    2.985    7.738    8.854   12.417   14.151
            0.920000  0.100000  0.730000
   -2.328   -0.988    2.268    3.006    7.660    8.760   12.541   14.263
            0.920000  0.100000  0.740000
   -2.337   -0.986    2.296    3.027    7.584    8.667   12.664   14.367
            0.920000  0.100000  0.750000
   -2.345   -0.985    2.324    3.048    7.511    8.576   12.789   14.461
            0.920000  0.100000  0.760000
   -2.353   -0.983    2.353    3.068    7.440    8.486   12.913   14.539
            0.920000  0.100000  0.770000
   -2.361   -0.981    2.382    3.088    7.372    8.398   13.036   14.601
            0.920000  0.100000  0.780000
   -2.368   -0.980    2.413    3.108    7.307    8.312   13.160   14.645
            0.920000  0.100000  0.790000
   -2.376   -0.979    2.444    3.126    7.245    8.227   13.284   14.677
            0.920000  0.100000  0.800000
   -2.383   -0.977    2.476    3.144    7.187    8.143   13.406   14.699
            0.920000  0.100000  0.810000
   -2.390   -0.976    2.509    3.161    7.131    8.062   13.529   14.714
            0.920000  0.100000  0.820000
   -2.397   -0.976    2.542    3.177    7.079    7.982   13.650   14.726
            0.920000  0.100000  0.830000
   -2.403   -0.975    2.576    3.191    7.030    7.905   13.770   14.734
            0.920000  0.100000  0.840000
   -2.409   -0.974    2.609    3.203    6.985    7.829   13.890   14.740
            0.920000  0.100000  0.850000
   -2.415   -0.974    2.644    3.214    6.943    7.756   14.007   14.745
            0.920000  0.100000  0.860000
   -2.421   -0.973    2.678    3.223    6.906    7.685   14.123   14.748
            0.920000  0.100000  0.870000
   -2.426   -0.973    2.713    3.231    6.872    7.617   14.236   14.751
            0.920000  0.100000  0.880000
   -2.431   -0.973    2.747    3.236    6.842    7.551   14.347   14.754
            0.920000  0.100000  0.890000
   -2.435   -0.972    2.781    3.238    6.817    7.488   14.454   14.756
            0.920000  0.100000  0.900000
   -2.439   -0.972    2.816    3.239    6.795    7.428   14.557   14.759
            0.920000  0.100000  0.910000
   -2.443   -0.972    2.849    3.237    6.777    7.372   14.653   14.763
            0.920000  0.100000  0.920000
   -2.447   -0.972    2.883    3.233    6.763    7.319   14.728   14.783
            0.920000  0.100000  0.930000
   -2.450   -0.972    2.915    3.226    6.753    7.270   14.749   14.850
            0.920000  0.100000  0.940000
   -2.452   -0.972    2.947    3.217    6.746    7.225   14.753   14.926
            0.920000  0.100000  0.950000
   -2.454   -0.972    2.978    3.206    6.742    7.185   14.755   14.996
            0.920000  0.100000  0.960000
   -2.456   -0.972    3.007    3.192    6.740    7.151   14.756   15.057
            0.920000  0.100000  0.970000
   -2.458   -0.972    3.036    3.177    6.740    7.123   14.756   15.105
            0.920000  0.100000  0.980000
   -2.459   -0.972    3.062    3.159    6.740    7.102   14.757   15.142
            0.920000  0.100000  0.990000
   -2.459   -0.972    3.086    3.141    6.741    7.089   14.757   15.164
            0.920000  0.100000  1.000000
   -2.460   -0.972    3.100    3.129    6.741    7.085   14.757   15.171
