 &plot nbnd=   8, nks=    81 /
            0.550000 -0.825000 -1.000000
   -5.205    1.464    3.093    3.801    7.007    8.425    9.394    9.817
            0.550000 -0.825000 -0.975000
   -5.203    1.450    3.106    3.796    7.008    8.428    9.396    9.806
            0.550000 -0.825000 -0.950000
   -5.196    1.410    3.143    3.781    7.014    8.435    9.403    9.775
            0.550000 -0.825000 -0.925000
   -5.185    1.348    3.201    3.756    7.024    8.442    9.418    9.727
            0.550000 -0.825000 -0.900000
   -5.170    1.268    3.273    3.722    7.038    8.445    9.445    9.670
            0.550000 -0.825000 -0.875000
   -5.150    1.174    3.354    3.682    7.058    8.437    9.487    9.609
            0.550000 -0.825000 -0.850000
   -5.127    1.071    3.434    3.641    7.083    8.415    9.520    9.576
            0.550000 -0.825000 -0.825000
   -5.098    0.962    3.485    3.623    7.112    8.380    9.470    9.652
            0.550000 -0.825000 -0.800000
   -5.066    0.848    3.462    3.674    7.146    8.334    9.408    9.762
            0.550000 -0.825000 -0.775000
   -5.030    0.732    3.401    3.752    7.180    8.286    9.347    9.894
            0.550000 -0.825000 -0.750000
   -4.989    0.615    3.329    3.830    7.213    8.243    9.285   10.045
            0.550000 -0.825000 -0.725000
   -4.944    0.497    3.250    3.902    7.240    8.216    9.222   10.211
            0.550000 -0.825000 -0.700000
   -4.895    0.380    3.168    3.965    7.256    8.213    9.159   10.390
            0.550000 -0.825000 -0.675000
   -4.843    0.265    3.084    4.014    7.260    8.239    9.095   10.580
            0.550000 -0.825000 -0.650000
   -4.786    0.151    2.997    4.049    7.254    8.296    9.029   10.778
            0.550000 -0.825000 -0.625000
   -4.726    0.039    2.909    4.067    7.243    8.381    8.962   10.981
            0.550000 -0.825000 -0.600000
   -4.662   -0.070    2.821    4.068    7.233    8.489    8.895   11.182
            0.550000 -0.825000 -0.575000
   -4.595   -0.177    2.733    4.050    7.230    8.614    8.830   11.364
            0.550000 -0.825000 -0.550000
   -4.524   -0.281    2.645    4.015    7.237    8.718    8.803   11.482
            0.550000 -0.825000 -0.525000
   -4.451   -0.381    2.558    3.963    7.257    8.676    8.933   11.490
            0.550000 -0.825000 -0.500000
   -4.374   -0.479    2.472    3.895    7.291    8.611    9.099   11.429
            0.550000 -0.825000 -0.475000
   -4.295   -0.573    2.387    3.814    7.337    8.545    9.277   11.345
            0.550000 -0.825000 -0.450000
   -4.213   -0.664    2.303    3.723    7.397    8.481    9.462   11.257
            0.550000 -0.825000 -0.425000
   -4.129   -0.752    2.221    3.623    7.468    8.419    9.653   11.170
            0.550000 -0.825000 -0.400000
   -4.042   -0.837    2.140    3.518    7.549    8.360    9.847   11.089
            0.550000 -0.825000 -0.375000
   -3.955   -0.918    2.060    3.410    7.637    8.307   10.043   11.015
            0.550000 -0.825000 -0.350000
   -3.866   -0.996    1.982    3.300    7.729    8.264   10.235   10.955
            0.550000 -0.825000 -0.325000
   -3.777   -1.070    1.906    3.191    7.816    8.236   10.409   10.920
            0.550000 -0.825000 -0.300000
   -3.687   -1.141    1.831    3.086    7.884    8.239   10.532   10.943
            0.550000 -0.825000 -0.275000
   -3.598   -1.209    1.759    2.984    7.915    8.290   10.572   11.056
            0.550000 -0.825000 -0.250000
   -3.510   -1.273    1.688    2.889    7.912    8.386   10.557   11.225
            0.550000 -0.825000 -0.225000
   -3.423   -1.334    1.621    2.801    7.892    8.508   10.525   11.405
            0.550000 -0.825000 -0.200000
   -3.340   -1.392    1.556    2.721    7.866    8.647   10.489   11.538
            0.550000 -0.825000 -0.175000
   -3.261   -1.446    1.496    2.650    7.840    8.796   10.455   11.492
            0.550000 -0.825000 -0.150000
   -3.187   -1.495    1.441    2.588    7.815    8.952   10.423   11.320
            0.550000 -0.825000 -0.125000
   -3.120   -1.539    1.392    2.535    7.793    9.114   10.395   11.122
            0.550000 -0.825000 -0.100000
   -3.062   -1.578    1.349    2.492    7.775    9.281   10.372   10.922
            0.550000 -0.825000 -0.075000
   -3.014   -1.610    1.316    2.459    7.760    9.448   10.351   10.728
            0.550000 -0.825000 -0.050000
   -2.978   -1.634    1.291    2.435    7.750    9.612   10.331   10.551
            0.550000 -0.825000 -0.025000
   -2.955   -1.649    1.275    2.421    7.743    9.756   10.295   10.423
            0.550000 -0.825000  0.000000
   -2.948   -1.654    1.270    2.416    7.741    9.824   10.255   10.387
            0.550000 -0.825000  0.025000
   -2.955   -1.649    1.275    2.421    7.743    9.756   10.295   10.423
            0.550000 -0.825000  0.050000
   -2.978   -1.634    1.291    2.435    7.750    9.612   10.331   10.551
            0.550000 -0.825000  0.075000
   -3.014   -1.610    1.316    2.459    7.760    9.448   10.351   10.728
            0.550000 -0.825000  0.100000
   -3.062   -1.578    1.349    2.492    7.775    9.281   10.372   10.922
            0.550000 -0.825000  0.125000
   -3.120   -1.539    1.392    2.535    7.793    9.114   10.395   11.122
            0.550000 -0.825000  0.150000
   -3.187   -1.495    1.441    2.588    7.815    8.952   10.423   11.320
            0.550000 -0.825000  0.175000
   -3.261   -1.446    1.496    2.650    7.840    8.796   10.455   11.492
            0.550000 -0.825000  0.200000
   -3.340   -1.392    1.556    2.721    7.866    8.647   10.489   11.538
            0.550000 -0.825000  0.225000
   -3.423   -1.334    1.621    2.801    7.892    8.508   10.525   11.405
            0.550000 -0.825000  0.250000
   -3.510   -1.273    1.688    2.889    7.912    8.386   10.557   11.225
            0.550000 -0.825000  0.275000
   -3.598   -1.209    1.759    2.984    7.915    8.290   10.572   11.056
            0.550000 -0.825000  0.300000
   -3.687   -1.141    1.831    3.086    7.884    8.239   10.532   10.943
            0.550000 -0.825000  0.325000
   -3.777   -1.070    1.906    3.191    7.816    8.236   10.409   10.920
            0.550000 -0.825000  0.350000
   -3.866   -0.996    1.982    3.300    7.729    8.264   10.235   10.955
            0.550000 -0.825000  0.375000
   -3.955   -0.918    2.060    3.410    7.637    8.307   10.043   11.015
            0.550000 -0.825000  0.400000
   -4.042   -0.837    2.140    3.518    7.549    8.360    9.847   11.089
            0.550000 -0.825000  0.425000
   -4.129   -0.752    2.221    3.623    7.468    8.419    9.653   11.170
            0.550000 -0.825000  0.450000
   -4.213   -0.664    2.303    3.723    7.397    8.481    9.462   11.257
            0.550000 -0.825000  0.475000
   -4.295   -0.573    2.387    3.814    7.337    8.545    9.277   11.345
            0.550000 -0.825000  0.500000
   -4.374   -0.479    2.472    3.895    7.291    8.611    9.099   11.429
            0.550000 -0.825000  0.525000
   -4.451   -0.381    2.558    3.963    7.257    8.676    8.933   11.490
            0.550000 -0.825000  0.550000
   -4.524   -0.281    2.645    4.015    7.237    8.718    8.803   11.482
            0.550000 -0.825000  0.575000
   -4.595   -0.177    2.733    4.050    7.230    8.614    8.830   11.364
            0.550000 -0.825000  0.600000
   -4.662   -0.070    2.821    4.068    7.233    8.489    8.895   11.182
            0.550000 -0.825000  0.625000
   -4.726    0.039    2.909    4.067    7.243    8.381    8.962   10.981
            0.550000 -0.825000  0.650000
   -4.786    0.151    2.997    4.049    7.254    8.296    9.029   10.778
            0.550000 -0.825000  0.675000
   -4.843    0.265    3.084    4.014    7.260    8.239    9.095   10.580
            0.550000 -0.825000  0.700000
   -4.895    0.380    3.168    3.965    7.256    8.213    9.159   10.390
            0.550000 -0.825000  0.725000
   -4.944    0.497    3.250    3.902    7.240    8.216    9.222   10.211
            0.550000 -0.825000  0.750000
   -4.989    0.615    3.329    3.830    7.213    8.243    9.285   10.045
            0.550000 -0.825000  0.775000
   -5.030    0.732    3.401    3.752    7.180    8.286    9.347    9.894
            0.550000 -0.825000  0.800000
   -5.066    0.848    3.462    3.674    7.146    8.334    9.408    9.762
            0.550000 -0.825000  0.825000
   -5.098    0.962    3.485    3.623    7.112    8.380    9.470    9.652
            0.550000 -0.825000  0.850000
   -5.127    1.071    3.434    3.641    7.083    8.415    9.520    9.576
            0.550000 -0.825000  0.875000
   -5.150    1.174    3.354    3.682    7.058    8.437    9.487    9.609
            0.550000 -0.825000  0.900000
   -5.170    1.268    3.273    3.722    7.038    8.445    9.445    9.670
            0.550000 -0.825000  0.925000
   -5.185    1.348    3.201    3.756    7.024    8.442    9.418    9.727
            0.550000 -0.825000  0.950000
   -5.196    1.410    3.143    3.781    7.014    8.435    9.403    9.775
            0.550000 -0.825000  0.975000
   -5.203    1.450    3.106    3.796    7.008    8.428    9.396    9.806
            0.550000 -0.825000  1.000000
   -5.205    1.464    3.093    3.801    7.007    8.425    9.394    9.817
