 &plot nbnd=   8, nks=   101 /
            0.440000  0.270000  0.000000
   -4.676    1.975    3.430    4.916    8.709    9.384   10.561   10.737
            0.440000  0.270000  0.010000
   -4.675    1.971    3.433    4.916    8.708    9.384   10.563   10.735
            0.440000  0.270000  0.020000
   -4.674    1.962    3.443    4.914    8.702    9.384   10.567   10.732
            0.440000  0.270000  0.030000
   -4.672    1.946    3.460    4.912    8.693    9.385   10.573   10.728
            0.440000  0.270000  0.040000
   -4.670    1.925    3.482    4.909    8.681    9.385   10.580   10.725
            0.440000  0.270000  0.050000
   -4.666    1.898    3.510    4.905    8.666    9.385   10.583   10.726
            0.440000  0.270000  0.060000
   -4.662    1.867    3.543    4.900    8.649    9.385   10.579   10.736
            0.440000  0.270000  0.070000
   -4.657    1.832    3.580    4.894    8.629    9.383   10.567   10.755
            0.440000  0.270000  0.080000
   -4.652    1.794    3.621    4.887    8.607    9.381   10.549   10.783
            0.440000  0.270000  0.090000
   -4.646    1.752    3.665    4.880    8.584    9.378   10.525   10.819
            0.440000  0.270000  0.100000
   -4.639    1.708    3.711    4.871    8.560    9.374   10.498   10.860
            0.440000  0.270000  0.110000
   -4.631    1.662    3.760    4.862    8.535    9.369   10.468   10.906
            0.440000  0.270000  0.120000
   -4.622    1.614    3.810    4.851    8.509    9.362   10.437   10.957
            0.440000  0.270000  0.130000
   -4.613    1.565    3.862    4.840    8.482    9.355   10.405   11.011
            0.440000  0.270000  0.140000
   -4.603    1.515    3.915    4.828    8.455    9.346   10.372   11.069
            0.440000  0.270000  0.150000
   -4.593    1.463    3.969    4.814    8.428    9.336   10.339   11.130
            0.440000  0.270000  0.160000
   -4.581    1.412    4.023    4.800    8.401    9.326   10.306   11.194
            0.440000  0.270000  0.170000
   -4.569    1.359    4.077    4.785    8.375    9.314   10.273   11.261
            0.440000  0.270000  0.180000
   -4.556    1.306    4.132    4.770    8.348    9.302   10.240   11.330
            0.440000  0.270000  0.190000
   -4.543    1.253    4.186    4.753    8.322    9.290   10.208   11.402
            0.440000  0.270000  0.200000
   -4.529    1.200    4.240    4.735    8.296    9.278   10.176   11.475
            0.440000  0.270000  0.210000
   -4.514    1.147    4.293    4.717    8.270    9.265   10.144   11.551
            0.440000  0.270000  0.220000
   -4.498    1.094    4.345    4.697    8.245    9.254   10.114   11.629
            0.440000  0.270000  0.230000
   -4.482    1.041    4.396    4.677    8.221    9.242   10.083   11.709
            0.440000  0.270000  0.240000
   -4.465    0.988    4.445    4.656    8.197    9.232   10.053   11.790
            0.440000  0.270000  0.250000
   -4.447    0.935    4.493    4.635    8.174    9.223   10.024   11.873
            0.440000  0.270000  0.260000
   -4.429    0.883    4.539    4.613    8.152    9.215    9.994   11.957
            0.440000  0.270000  0.270000
   -4.410    0.831    4.574    4.599    8.130    9.209    9.966   12.043
            0.440000  0.270000  0.280000
   -4.390    0.779    4.560    4.631    8.110    9.205    9.937   12.130
            0.440000  0.270000  0.290000
   -4.370    0.728    4.536    4.670    8.090    9.203    9.908   12.219
            0.440000  0.270000  0.300000
   -4.349    0.678    4.511    4.707    8.072    9.203    9.880   12.308
            0.440000  0.270000  0.310000
   -4.328    0.628    4.484    4.742    8.056    9.205    9.851   12.398
            0.440000  0.270000  0.320000
   -4.305    0.578    4.457    4.773    8.041    9.210    9.823   12.490
            0.440000  0.270000  0.330000
   -4.283    0.529    4.429    4.802    8.028    9.217    9.794   12.582
            0.440000  0.270000  0.340000
   -4.259    0.481    4.401    4.827    8.017    9.227    9.765   12.675
            0.440000  0.270000  0.350000
   -4.235    0.433    4.371    4.849    8.008    9.240    9.737   12.768
            0.440000  0.270000  0.360000
   -4.211    0.386    4.341    4.867    8.001    9.255    9.708   12.862
            0.440000  0.270000  0.370000
   -4.186    0.340    4.311    4.882    7.997    9.273    9.678   12.957
            0.440000  0.270000  0.380000
   -4.160    0.294    4.279    4.893    7.995    9.294    9.649   13.051
            0.440000  0.270000  0.390000
   -4.134    0.249    4.248    4.900    7.996    9.318    9.620   13.145
            0.440000  0.270000  0.400000
   -4.107    0.205    4.215    4.903    7.999    9.344    9.590   13.237
            0.440000  0.270000  0.410000
   -4.080    0.162    4.182    4.902    8.005    9.373    9.561   13.328
            0.440000  0.270000  0.420000
   -4.052    0.119    4.148    4.897    8.014    9.405    9.532   13.412
            0.440000  0.270000  0.430000
   -4.024    0.078    4.114    4.889    8.026    9.438    9.503   13.483
            0.440000  0.270000  0.440000
   -3.995    0.037    4.079    4.878    8.040    9.460    9.489   13.524
            0.440000  0.270000  0.450000
   -3.966   -0.003    4.043    4.862    8.057    9.438    9.521   13.525
            0.440000  0.270000  0.460000
   -3.936   -0.042    4.007    4.844    8.076    9.410    9.562   13.501
            0.440000  0.270000  0.470000
   -3.907   -0.081    3.971    4.823    8.098    9.381    9.606   13.467
            0.440000  0.270000  0.480000
   -3.876   -0.118    3.933    4.799    8.121    9.352    9.653   13.429
            0.440000  0.270000  0.490000
   -3.845   -0.154    3.895    4.772    8.147    9.324    9.703   13.389
            0.440000  0.270000  0.500000
   -3.814   -0.190    3.856    4.744    8.174    9.296    9.754   13.350
            0.440000  0.270000  0.510000
   -3.783   -0.225    3.816    4.713    8.203    9.269    9.808   13.310
            0.440000  0.270000  0.520000
   -3.751   -0.258    3.776    4.680    8.233    9.243    9.864   13.271
            0.440000  0.270000  0.530000
   -3.720   -0.291    3.735    4.646    8.264    9.218    9.922   13.232
            0.440000  0.270000  0.540000
   -3.687   -0.322    3.693    4.611    8.295    9.194    9.982   13.194
            0.440000  0.270000  0.550000
   -3.655   -0.353    3.650    4.575    8.327    9.172   10.044   13.157
            0.440000  0.270000  0.560000
   -3.623   -0.382    3.606    4.538    8.358    9.152   10.107   13.120
            0.440000  0.270000  0.570000
   -3.590   -0.410    3.562    4.501    8.389    9.134   10.172   13.085
            0.440000  0.270000  0.580000
   -3.557   -0.438    3.516    4.463    8.418    9.120   10.239   13.050
            0.440000  0.270000  0.590000
   -3.525   -0.464    3.469    4.425    8.445    9.109   10.308   13.016
            0.440000  0.270000  0.600000
   -3.492   -0.489    3.422    4.388    8.470    9.103   10.378   12.983
            0.440000  0.270000  0.610000
   -3.459   -0.512    3.374    4.351    8.490    9.103   10.449   12.950
            0.440000  0.270000  0.620000
   -3.427   -0.535    3.324    4.314    8.507    9.108   10.521   12.919
            0.440000  0.270000  0.630000
   -3.394   -0.556    3.274    4.277    8.519    9.119   10.595   12.888
            0.440000  0.270000  0.640000
   -3.362   -0.576    3.223    4.242    8.526    9.137   10.670   12.858
            0.440000  0.270000  0.650000
   -3.330   -0.595    3.171    4.207    8.528    9.161   10.746   12.829
            0.440000  0.270000  0.660000
   -3.298   -0.613    3.118    4.173    8.526    9.190   10.823   12.800
            0.440000  0.270000  0.670000
   -3.266   -0.629    3.065    4.140    8.521    9.225   10.901   12.773
            0.440000  0.270000  0.680000
   -3.235   -0.644    3.011    4.107    8.512    9.265   10.979   12.746
            0.440000  0.270000  0.690000
   -3.204   -0.658    2.957    4.076    8.501    9.308   11.059   12.720
            0.440000  0.270000  0.700000
   -3.174   -0.670    2.902    4.046    8.489    9.354   11.139   12.695
            0.440000  0.270000  0.710000
   -3.144   -0.681    2.847    4.017    8.475    9.404   11.220   12.670
            0.440000  0.270000  0.720000
   -3.115   -0.690    2.791    3.989    8.460    9.456   11.302   12.646
            0.440000  0.270000  0.730000
   -3.087   -0.699    2.736    3.963    8.444    9.510   11.384   12.624
            0.440000  0.270000  0.740000
   -3.059   -0.705    2.680    3.937    8.428    9.566   11.467   12.601
            0.440000  0.270000  0.750000
   -3.032   -0.711    2.625    3.912    8.412    9.623   11.550   12.580
            0.440000  0.270000  0.760000
   -3.006   -0.715    2.570    3.889    8.396    9.682   11.633   12.559
            0.440000  0.270000  0.770000
   -2.981   -0.718    2.515    3.866    8.380    9.743   11.716   12.539
            0.440000  0.270000  0.780000
   -2.956   -0.720    2.461    3.845    8.365    9.804   11.800   12.520
            0.440000  0.270000  0.790000
   -2.933   -0.720    2.408    3.825    8.349    9.867   11.883   12.502
            0.440000  0.270000  0.800000
   -2.910   -0.719    2.356    3.805    8.334    9.931   11.966   12.484
            0.440000  0.270000  0.810000
   -2.889   -0.717    2.304    3.787    8.320    9.996   12.048   12.466
            0.440000  0.270000  0.820000
   -2.868   -0.715    2.254    3.770    8.306   10.061   12.129   12.450
            0.440000  0.270000  0.830000
   -2.849   -0.711    2.205    3.754    8.293   10.128   12.209   12.434
            0.440000  0.270000  0.840000
   -2.830   -0.706    2.157    3.738    8.280   10.195   12.284   12.420
            0.440000  0.270000  0.850000
   -2.813   -0.700    2.112    3.724    8.268   10.263   12.347   12.413
            0.440000  0.270000  0.860000
   -2.797   -0.694    2.067    3.711    8.257   10.331   12.365   12.442
            0.440000  0.270000  0.870000
   -2.782   -0.688    2.025    3.698    8.246   10.399   12.352   12.488
            0.440000  0.270000  0.880000
   -2.768   -0.681    1.985    3.687    8.236   10.468   12.332   12.514
            0.440000  0.270000  0.890000
   -2.756   -0.673    1.948    3.677    8.227   10.537   12.306   12.512
            0.440000  0.270000  0.900000
   -2.744   -0.666    1.913    3.667    8.218   10.606   12.274   12.491
            0.440000  0.270000  0.910000
   -2.734   -0.659    1.880    3.658    8.211   10.674   12.232   12.464
            0.440000  0.270000  0.920000
   -2.724   -0.652    1.851    3.651    8.204   10.741   12.183   12.440
            0.440000  0.270000  0.930000
   -2.716   -0.645    1.824    3.644    8.198   10.807   12.128   12.421
            0.440000  0.270000  0.940000
   -2.709   -0.639    1.801    3.638    8.192   10.871   12.071   12.406
            0.440000  0.270000  0.950000
   -2.703   -0.634    1.781    3.633    8.188   10.931   12.013   12.395
            0.440000  0.270000  0.960000
   -2.698   -0.629    1.764    3.629    8.184   10.987   11.958   12.386
            0.440000  0.270000  0.970000
   -2.695   -0.625    1.751    3.626    8.181   11.035   11.910   12.380
            0.440000  0.270000  0.980000
   -2.692   -0.622    1.742    3.624    8.179   11.074   11.871   12.376
            0.440000  0.270000  0.990000
   -2.690   -0.621    1.736    3.622    8.178   11.099   11.846   12.374
            0.440000  0.270000  1.000000
   -2.690   -0.620    1.734    3.622    8.178   11.107   11.837   12.373
