 &plot nbnd=   8, nks=   101 /
            0.660000  0.980000  0.000000
   -1.687   -1.580    2.296    2.476    8.607    8.901   12.480   12.525
            0.660000  0.980000  0.010000
   -1.715   -1.552    2.294    2.479    8.607    8.902   12.413   12.593
            0.660000  0.980000  0.020000
   -1.767   -1.499    2.291    2.486    8.607    8.905   12.329   12.679
            0.660000  0.980000  0.030000
   -1.825   -1.442    2.287    2.497    8.607    8.909   12.244   12.767
            0.660000  0.980000  0.040000
   -1.884   -1.382    2.281    2.512    8.607    8.916   12.160   12.856
            0.660000  0.980000  0.050000
   -1.944   -1.322    2.275    2.530    8.607    8.924   12.076   12.945
            0.660000  0.980000  0.060000
   -2.004   -1.261    2.269    2.551    8.607    8.934   11.993   13.035
            0.660000  0.980000  0.070000
   -2.064   -1.201    2.263    2.574    8.608    8.946   11.911   13.125
            0.660000  0.980000  0.080000
   -2.124   -1.140    2.258    2.599    8.609    8.960   11.829   13.216
            0.660000  0.980000  0.090000
   -2.184   -1.080    2.253    2.626    8.610    8.974   11.748   13.308
            0.660000  0.980000  0.100000
   -2.243   -1.019    2.249    2.654    8.612    8.991   11.668   13.400
            0.660000  0.980000  0.110000
   -2.303   -0.958    2.247    2.685    8.614    9.009   11.588   13.492
            0.660000  0.980000  0.120000
   -2.362   -0.898    2.245    2.717    8.616    9.028   11.509   13.584
            0.660000  0.980000  0.130000
   -2.422   -0.838    2.244    2.750    8.619    9.049   11.431   13.677
            0.660000  0.980000  0.140000
   -2.480   -0.778    2.244    2.785    8.623    9.071   11.354   13.769
            0.660000  0.980000  0.150000
   -2.539   -0.718    2.245    2.822    8.627    9.094   11.278   13.862
            0.660000  0.980000  0.160000
   -2.597   -0.658    2.247    2.860    8.632    9.119   11.202   13.953
            0.660000  0.980000  0.170000
   -2.655   -0.599    2.250    2.899    8.637    9.145   11.127   14.042
            0.660000  0.980000  0.180000
   -2.713   -0.540    2.255    2.940    8.643    9.172   11.053   14.124
            0.660000  0.980000  0.190000
   -2.770   -0.480    2.260    2.982    8.650    9.200   10.980   14.183
            0.660000  0.980000  0.200000
   -2.826   -0.422    2.266    3.025    8.657    9.230   10.907   14.171
            0.660000  0.980000  0.210000
   -2.883   -0.363    2.274    3.070    8.665    9.261   10.836   14.096
            0.660000  0.980000  0.220000
   -2.939   -0.305    2.282    3.116    8.674    9.292   10.765   14.002
            0.660000  0.980000  0.230000
   -2.994   -0.246    2.291    3.163    8.683    9.326   10.695   13.903
            0.660000  0.980000  0.240000
   -3.049   -0.188    2.302    3.211    8.693    9.360   10.626   13.802
            0.660000  0.980000  0.250000
   -3.104   -0.131    2.314    3.261    8.704    9.395   10.558   13.700
            0.660000  0.980000  0.260000
   -3.158   -0.073    2.326    3.311    8.715    9.432   10.490   13.597
            0.660000  0.980000  0.270000
   -3.212   -0.016    2.340    3.363    8.727    9.469   10.424   13.493
            0.660000  0.980000  0.280000
   -3.265    0.041    2.354    3.415    8.740    9.508   10.358   13.390
            0.660000  0.980000  0.290000
   -3.317    0.098    2.370    3.469    8.753    9.548   10.294   13.287
            0.660000  0.980000  0.300000
   -3.370    0.155    2.386    3.523    8.767    9.589   10.231   13.183
            0.660000  0.980000  0.310000
   -3.421    0.211    2.404    3.579    8.782    9.631   10.168   13.080
            0.660000  0.980000  0.320000
   -3.472    0.268    2.422    3.635    8.797    9.673   10.108   12.977
            0.660000  0.980000  0.330000
   -3.523    0.324    2.442    3.692    8.813    9.716   10.048   12.873
            0.660000  0.980000  0.340000
   -3.572    0.380    2.462    3.749    8.829    9.759    9.991   12.770
            0.660000  0.980000  0.350000
   -3.622    0.436    2.483    3.807    8.846    9.799    9.940   12.668
            0.660000  0.980000  0.360000
   -3.670    0.491    2.506    3.866    8.864    9.818    9.911   12.565
            0.660000  0.980000  0.370000
   -3.719    0.547    2.529    3.925    8.883    9.791    9.931   12.462
            0.660000  0.980000  0.380000
   -3.766    0.603    2.553    3.984    8.901    9.743    9.973   12.360
            0.660000  0.980000  0.390000
   -3.813    0.658    2.578    4.044    8.921    9.692   10.021   12.258
            0.660000  0.980000  0.400000
   -3.859    0.713    2.604    4.104    8.941    9.640   10.072   12.156
            0.660000  0.980000  0.410000
   -3.905    0.769    2.631    4.164    8.961    9.589   10.125   12.054
            0.660000  0.980000  0.420000
   -3.950    0.824    2.658    4.224    8.982    9.539   10.179   11.953
            0.660000  0.980000  0.430000
   -3.994    0.879    2.687    4.284    9.004    9.491   10.234   11.852
            0.660000  0.980000  0.440000
   -4.038    0.935    2.716    4.343    9.025    9.443   10.290   11.751
            0.660000  0.980000  0.450000
   -4.081    0.990    2.746    4.403    9.047    9.397   10.347   11.651
            0.660000  0.980000  0.460000
   -4.123    1.045    2.777    4.462    9.069    9.353   10.405   11.551
            0.660000  0.980000  0.470000
   -4.165    1.101    2.809    4.520    9.091    9.311   10.464   11.451
            0.660000  0.980000  0.480000
   -4.206    1.156    2.842    4.578    9.112    9.272   10.524   11.352
            0.660000  0.980000  0.490000
   -4.246    1.212    2.875    4.635    9.131    9.238   10.585   11.253
            0.660000  0.980000  0.500000
   -4.285    1.267    2.909    4.691    9.138    9.216   10.646   11.156
            0.660000  0.980000  0.510000
   -4.324    1.323    2.944    4.747    9.125    9.217   10.707   11.059
            0.660000  0.980000  0.520000
   -4.362    1.378    2.980    4.800    9.099    9.234   10.766   10.965
            0.660000  0.980000  0.530000
   -4.400    1.434    3.016    4.853    9.070    9.256   10.806   10.892
            0.660000  0.980000  0.540000
   -4.437    1.490    3.053    4.904    9.041    9.279   10.752   10.914
            0.660000  0.980000  0.550000
   -4.473    1.546    3.091    4.953    9.014    9.304   10.662   10.973
            0.660000  0.980000  0.560000
   -4.508    1.602    3.130    5.001    8.989    9.329   10.569   11.035
            0.660000  0.980000  0.570000
   -4.542    1.659    3.169    5.046    8.966    9.354   10.476   11.099
            0.660000  0.980000  0.580000
   -4.576    1.715    3.209    5.089    8.945    9.380   10.383   11.162
            0.660000  0.980000  0.590000
   -4.609    1.771    3.249    5.130    8.927    9.405   10.292   11.224
            0.660000  0.980000  0.600000
   -4.642    1.828    3.290    5.169    8.911    9.429   10.201   11.284
            0.660000  0.980000  0.610000
   -4.673    1.885    3.332    5.205    8.899    9.452   10.113   11.342
            0.660000  0.980000  0.620000
   -4.704    1.942    3.374    5.238    8.889    9.474   10.027   11.396
            0.660000  0.980000  0.630000
   -4.734    1.999    3.416    5.268    8.883    9.492    9.945   11.442
            0.660000  0.980000  0.640000
   -4.763    2.056    3.460    5.295    8.879    9.504    9.870   11.479
            0.660000  0.980000  0.650000
   -4.792    2.113    3.503    5.318    8.879    9.506    9.807   11.502
            0.660000  0.980000  0.660000
   -4.820    2.171    3.547    5.339    8.881    9.488    9.764   11.507
            0.660000  0.980000  0.670000
   -4.847    2.228    3.592    5.356    8.887    9.447    9.745   11.495
            0.660000  0.980000  0.680000
   -4.873    2.286    3.637    5.370    8.896    9.388    9.746   11.469
            0.660000  0.980000  0.690000
   -4.898    2.344    3.682    5.380    8.908    9.318    9.757   11.432
            0.660000  0.980000  0.700000
   -4.923    2.402    3.727    5.387    8.923    9.244    9.775   11.388
            0.660000  0.980000  0.710000
   -4.947    2.460    3.773    5.391    8.938    9.170    9.796   11.340
            0.660000  0.980000  0.720000
   -4.970    2.517    3.819    5.391    8.952    9.100    9.818   11.291
            0.660000  0.980000  0.730000
   -4.992    2.575    3.865    5.388    8.946    9.052    9.842   11.240
            0.660000  0.980000  0.740000
   -5.014    2.633    3.911    5.381    8.899    9.050    9.866   11.189
            0.660000  0.980000  0.750000
   -5.034    2.691    3.957    5.372    8.830    9.071    9.890   11.139
            0.660000  0.980000  0.760000
   -5.054    2.749    4.003    5.359    8.757    9.101    9.914   11.089
            0.660000  0.980000  0.770000
   -5.073    2.807    4.049    5.344    8.683    9.136    9.938   11.040
            0.660000  0.980000  0.780000
   -5.092    2.865    4.094    5.326    8.609    9.173    9.961   10.993
            0.660000  0.980000  0.790000
   -5.109    2.922    4.139    5.305    8.537    9.212    9.984   10.946
            0.660000  0.980000  0.800000
   -5.126    2.979    4.184    5.282    8.466    9.254   10.007   10.901
            0.660000  0.980000  0.810000
   -5.142    3.036    4.228    5.257    8.397    9.297   10.029   10.858
            0.660000  0.980000  0.820000
   -5.157    3.093    4.272    5.230    8.329    9.342   10.050   10.815
            0.660000  0.980000  0.830000
   -5.171    3.149    4.315    5.201    8.264    9.388   10.071   10.775
            0.660000  0.980000  0.840000
   -5.185    3.205    4.357    5.170    8.200    9.435   10.090   10.735
            0.660000  0.980000  0.850000
   -5.197    3.260    4.397    5.138    8.139    9.483   10.109   10.697
            0.660000  0.980000  0.860000
   -5.209    3.314    4.437    5.105    8.081    9.531   10.127   10.660
            0.660000  0.980000  0.870000
   -5.220    3.367    4.475    5.070    8.025    9.580   10.144   10.624
            0.660000  0.980000  0.880000
   -5.230    3.420    4.511    5.035    7.972    9.628   10.160   10.590
            0.660000  0.980000  0.890000
   -5.240    3.470    4.546    5.000    7.922    9.676   10.175   10.556
            0.660000  0.980000  0.900000
   -5.248    3.520    4.579    4.965    7.875    9.724   10.188   10.524
            0.660000  0.980000  0.910000
   -5.256    3.567    4.609    4.930    7.832    9.771   10.201   10.492
            0.660000  0.980000  0.920000
   -5.263    3.612    4.637    4.896    7.793    9.817   10.212   10.462
            0.660000  0.980000  0.930000
   -5.269    3.655    4.662    4.863    7.758    9.861   10.222   10.432
            0.660000  0.980000  0.940000
   -5.275    3.694    4.685    4.832    7.726    9.903   10.231   10.403
            0.660000  0.980000  0.950000
   -5.279    3.728    4.704    4.804    7.700    9.944   10.238   10.374
            0.660000  0.980000  0.960000
   -5.283    3.759    4.720    4.780    7.678    9.981   10.244   10.348
            0.660000  0.980000  0.970000
   -5.286    3.783    4.732    4.760    7.660   10.014   10.249   10.323
            0.660000  0.980000  0.980000
   -5.288    3.802    4.739    4.747    7.648   10.042   10.252   10.302
            0.660000  0.980000  0.990000
   -5.289    3.813    4.733    4.749    7.640   10.061   10.253   10.287
            0.660000  0.980000  1.000000
   -5.289    3.817    4.730    4.750    7.638   10.068   10.253   10.282
