 &plot nbnd=   8, nks=   101 /
            0.940000  0.170000  0.000000
   -2.136   -1.273    2.834    2.903    7.252    7.434   14.113   15.074
            0.940000  0.170000  0.010000
   -2.136   -1.272    2.816    2.921    7.239    7.449   14.113   15.072
            0.940000  0.170000  0.020000
   -2.136   -1.272    2.781    2.955    7.209    7.488   14.113   15.068
            0.940000  0.170000  0.030000
   -2.136   -1.271    2.742    2.991    7.173    7.538   14.113   15.061
            0.940000  0.170000  0.040000
   -2.136   -1.270    2.702    3.027    7.136    7.594   14.113   15.049
            0.940000  0.170000  0.050000
   -2.136   -1.269    2.662    3.063    7.100    7.655   14.112   15.033
            0.940000  0.170000  0.060000
   -2.136   -1.268    2.621    3.098    7.067    7.719   14.112   15.010
            0.940000  0.170000  0.070000
   -2.136   -1.266    2.581    3.131    7.037    7.786   14.112   14.979
            0.940000  0.170000  0.080000
   -2.136   -1.264    2.541    3.163    7.010    7.855   14.111   14.937
            0.940000  0.170000  0.090000
   -2.136   -1.261    2.501    3.193    6.987    7.927   14.111   14.884
            0.940000  0.170000  0.100000
   -2.136   -1.259    2.462    3.222    6.968    8.000   14.109   14.820
            0.940000  0.170000  0.110000
   -2.137   -1.256    2.423    3.248    6.952    8.076   14.108   14.744
            0.940000  0.170000  0.120000
   -2.137   -1.252    2.385    3.272    6.941    8.153   14.105   14.660
            0.940000  0.170000  0.130000
   -2.137   -1.249    2.348    3.294    6.934    8.232   14.101   14.569
            0.940000  0.170000  0.140000
   -2.138   -1.245    2.312    3.314    6.931    8.313   14.095   14.474
            0.940000  0.170000  0.150000
   -2.139   -1.241    2.276    3.332    6.933    8.396   14.084   14.378
            0.940000  0.170000  0.160000
   -2.140   -1.236    2.242    3.347    6.940    8.480   14.062   14.289
            0.940000  0.170000  0.170000
   -2.141   -1.231    2.208    3.359    6.951    8.565   14.018   14.218
            0.940000  0.170000  0.180000
   -2.143   -1.226    2.176    3.369    6.966    8.652   13.942   14.175
            0.940000  0.170000  0.190000
   -2.145   -1.220    2.145    3.377    6.986    8.740   13.844   14.153
            0.940000  0.170000  0.200000
   -2.147   -1.214    2.115    3.382    7.011    8.830   13.735   14.138
            0.940000  0.170000  0.210000
   -2.149   -1.208    2.086    3.385    7.040    8.921   13.621   14.125
            0.940000  0.170000  0.220000
   -2.152   -1.201    2.059    3.385    7.073    9.013   13.503   14.112
            0.940000  0.170000  0.230000
   -2.155   -1.194    2.033    3.384    7.111    9.106   13.384   14.095
            0.940000  0.170000  0.240000
   -2.158   -1.186    2.008    3.380    7.153    9.201   13.264   14.072
            0.940000  0.170000  0.250000
   -2.162   -1.178    1.984    3.374    7.199    9.296   13.142   14.038
            0.940000  0.170000  0.260000
   -2.167   -1.170    1.963    3.366    7.249    9.393   13.021   13.988
            0.940000  0.170000  0.270000
   -2.171   -1.161    1.942    3.357    7.302    9.490   12.899   13.919
            0.940000  0.170000  0.280000
   -2.177   -1.152    1.923    3.347    7.359    9.589   12.776   13.833
            0.940000  0.170000  0.290000
   -2.182   -1.142    1.905    3.335    7.420    9.688   12.655   13.733
            0.940000  0.170000  0.300000
   -2.189   -1.132    1.889    3.321    7.484    9.788   12.533   13.624
            0.940000  0.170000  0.310000
   -2.195   -1.121    1.875    3.307    7.551    9.889   12.412   13.510
            0.940000  0.170000  0.320000
   -2.202   -1.110    1.862    3.292    7.621    9.990   12.291   13.392
            0.940000  0.170000  0.330000
   -2.210   -1.099    1.851    3.276    7.694   10.092   12.171   13.272
            0.940000  0.170000  0.340000
   -2.218   -1.087    1.841    3.259    7.769   10.193   12.052   13.150
            0.940000  0.170000  0.350000
   -2.227   -1.075    1.832    3.242    7.847   10.295   11.935   13.029
            0.940000  0.170000  0.360000
   -2.237   -1.062    1.825    3.224    7.928   10.395   11.819   12.906
            0.940000  0.170000  0.370000
   -2.246   -1.049    1.820    3.207    8.011   10.494   11.707   12.784
            0.940000  0.170000  0.380000
   -2.257   -1.036    1.816    3.189    8.096   10.589   11.599   12.663
            0.940000  0.170000  0.390000
   -2.267   -1.022    1.814    3.171    8.183   10.678   11.498   12.542
            0.940000  0.170000  0.400000
   -2.279   -1.008    1.813    3.154    8.272   10.754   11.411   12.422
            0.940000  0.170000  0.410000
   -2.290   -0.994    1.813    3.136    8.363   10.805   11.350   12.303
            0.940000  0.170000  0.420000
   -2.303   -0.979    1.815    3.119    8.456   10.814   11.329   12.187
            0.940000  0.170000  0.430000
   -2.315   -0.964    1.819    3.102    8.550   10.776   11.355   12.075
            0.940000  0.170000  0.440000
   -2.328   -0.949    1.824    3.086    8.646   10.705   11.409   11.969
            0.940000  0.170000  0.450000
   -2.341   -0.933    1.830    3.071    8.743   10.615   11.466   11.881
            0.940000  0.170000  0.460000
   -2.355   -0.918    1.837    3.056    8.841   10.516   11.494   11.835
            0.940000  0.170000  0.470000
   -2.369   -0.902    1.846    3.041    8.940   10.412   11.460   11.857
            0.940000  0.170000  0.480000
   -2.383   -0.886    1.856    3.028    9.041   10.306   11.380   11.930
            0.940000  0.170000  0.490000
   -2.398   -0.870    1.867    3.015    9.141   10.200   11.281   12.025
            0.940000  0.170000  0.500000
   -2.412   -0.854    1.880    3.004    9.242   10.094   11.176   12.130
            0.940000  0.170000  0.510000
   -2.427   -0.838    1.894    2.993    9.341    9.989   11.069   12.241
            0.940000  0.170000  0.520000
   -2.443   -0.822    1.908    2.984    9.437    9.889   10.962   12.355
            0.940000  0.170000  0.530000
   -2.458   -0.806    1.924    2.975    9.520    9.801   10.855   12.471
            0.940000  0.170000  0.540000
   -2.473   -0.790    1.941    2.968    9.554    9.762   10.751   12.589
            0.940000  0.170000  0.550000
   -2.489   -0.774    1.959    2.962    9.501    9.808   10.652   12.708
            0.940000  0.170000  0.560000
   -2.504   -0.758    1.978    2.957    9.412    9.884   10.560   12.829
            0.940000  0.170000  0.570000
   -2.520   -0.742    1.998    2.953    9.314    9.956   10.484   12.950
            0.940000  0.170000  0.580000
   -2.536   -0.726    2.019    2.951    9.214   10.001   10.440   13.072
            0.940000  0.170000  0.590000
   -2.551   -0.711    2.041    2.950    9.113    9.996   10.449   13.195
            0.940000  0.170000  0.600000
   -2.567   -0.696    2.063    2.950    9.012    9.946   10.506   13.318
            0.940000  0.170000  0.610000
   -2.582   -0.681    2.087    2.951    8.913    9.869   10.591   13.441
            0.940000  0.170000  0.620000
   -2.598   -0.666    2.111    2.954    8.814    9.780   10.691   13.563
            0.940000  0.170000  0.630000
   -2.613   -0.652    2.136    2.958    8.716    9.686   10.797   13.685
            0.940000  0.170000  0.640000
   -2.628   -0.638    2.161    2.963    8.620    9.590   10.908   13.805
            0.940000  0.170000  0.650000
   -2.643   -0.624    2.188    2.970    8.525    9.493   11.021   13.922
            0.940000  0.170000  0.660000
   -2.658   -0.611    2.215    2.978    8.431    9.396   11.136   14.030
            0.940000  0.170000  0.670000
   -2.672   -0.598    2.242    2.987    8.338    9.299   11.253   14.123
            0.940000  0.170000  0.680000
   -2.687   -0.586    2.270    2.997    8.248    9.203   11.371   14.190
            0.940000  0.170000  0.690000
   -2.701   -0.574    2.299    3.008    8.158    9.108   11.489   14.230
            0.940000  0.170000  0.700000
   -2.715   -0.562    2.328    3.020    8.071    9.014   11.609   14.253
            0.940000  0.170000  0.710000
   -2.728   -0.551    2.358    3.033    7.985    8.921   11.729   14.267
            0.940000  0.170000  0.720000
   -2.741   -0.540    2.389    3.046    7.901    8.829   11.849   14.275
            0.940000  0.170000  0.730000
   -2.754   -0.530    2.419    3.061    7.819    8.739   11.970   14.281
            0.940000  0.170000  0.740000
   -2.767   -0.520    2.451    3.076    7.739    8.650   12.091   14.286
            0.940000  0.170000  0.750000
   -2.779   -0.511    2.482    3.092    7.662    8.562   12.212   14.289
            0.940000  0.170000  0.760000
   -2.791   -0.502    2.514    3.108    7.586    8.477   12.333   14.292
            0.940000  0.170000  0.770000
   -2.802   -0.494    2.546    3.124    7.513    8.393   12.454   14.294
            0.940000  0.170000  0.780000
   -2.813   -0.486    2.579    3.140    7.442    8.311   12.575   14.295
            0.940000  0.170000  0.790000
   -2.824   -0.478    2.612    3.156    7.373    8.231   12.696   14.296
            0.940000  0.170000  0.800000
   -2.834   -0.471    2.645    3.172    7.308    8.153   12.816   14.298
            0.940000  0.170000  0.810000
   -2.844   -0.464    2.678    3.188    7.245    8.077   12.935   14.298
            0.940000  0.170000  0.820000
   -2.853   -0.458    2.711    3.203    7.184    8.004   13.054   14.299
            0.940000  0.170000  0.830000
   -2.862   -0.452    2.745    3.218    7.127    7.933   13.172   14.300
            0.940000  0.170000  0.840000
   -2.871   -0.447    2.778    3.231    7.073    7.864   13.288   14.300
            0.940000  0.170000  0.850000
   -2.879   -0.442    2.811    3.244    7.022    7.798   13.404   14.300
            0.940000  0.170000  0.860000
   -2.886   -0.437    2.844    3.255    6.974    7.735   13.517   14.301
            0.940000  0.170000  0.870000
   -2.893   -0.433    2.876    3.265    6.929    7.675   13.628   14.301
            0.940000  0.170000  0.880000
   -2.900   -0.429    2.909    3.274    6.888    7.618   13.737   14.301
            0.940000  0.170000  0.890000
   -2.906   -0.425    2.940    3.280    6.850    7.564   13.843   14.301
            0.940000  0.170000  0.900000
   -2.911   -0.422    2.971    3.286    6.816    7.515   13.945   14.301
            0.940000  0.170000  0.910000
   -2.916   -0.419    3.002    3.289    6.785    7.468   14.043   14.301
            0.940000  0.170000  0.920000
   -2.921   -0.417    3.031    3.290    6.758    7.426   14.136   14.302
            0.940000  0.170000  0.930000
   -2.925   -0.415    3.059    3.289    6.734    7.388   14.222   14.302
            0.940000  0.170000  0.940000
   -2.928   -0.413    3.087    3.286    6.713    7.355   14.301   14.302
            0.940000  0.170000  0.950000
   -2.931   -0.411    3.113    3.281    6.696    7.326   14.302   14.372
            0.940000  0.170000  0.960000
   -2.933   -0.410    3.137    3.274    6.682    7.302   14.302   14.433
            0.940000  0.170000  0.970000
   -2.935   -0.409    3.160    3.265    6.671    7.283   14.302   14.482
            0.940000  0.170000  0.980000
   -2.937   -0.408    3.180    3.254    6.663    7.270   14.302   14.518
            0.940000  0.170000  0.990000
   -2.937   -0.408    3.198    3.243    6.659    7.262   14.302   14.540
            0.940000  0.170000  1.000000
   -2.938   -0.408    3.207    3.236    6.657    7.259   14.302   14.548
