 &plot nbnd=   8, nks=   100 /
            0.333300  0.641000 -1.000000
   -4.249   -0.742    1.536    2.782    7.769    8.363    8.667   11.275
            0.333300  0.641000 -0.979800
   -4.248   -0.747    1.541    2.784    7.747    8.373    8.685   11.256
            0.333300  0.641000 -0.959600
   -4.246   -0.761    1.557    2.790    7.688    8.395    8.737   11.199
            0.333300  0.641000 -0.939400
   -4.243   -0.785    1.583    2.800    7.608    8.417    8.823   11.110
            0.333300  0.641000 -0.919200
   -4.239   -0.818    1.618    2.814    7.518    8.434    8.933   10.998
            0.333300  0.641000 -0.899000
   -4.233   -0.857    1.661    2.832    7.424    8.447    9.061   10.868
            0.333300  0.641000 -0.878800
   -4.226   -0.903    1.709    2.854    7.331    8.458    9.201   10.729
            0.333300  0.641000 -0.858600
   -4.218   -0.953    1.763    2.880    7.241    8.468    9.350   10.584
            0.333300  0.641000 -0.838400
   -4.209   -1.005    1.819    2.909    7.155    8.477    9.503   10.437
            0.333300  0.641000 -0.818200
   -4.200   -1.061    1.877    2.941    7.074    8.485    9.655   10.294
            0.333300  0.641000 -0.798000
   -4.190   -1.117    1.936    2.976    7.001    8.491    9.789   10.173
            0.333300  0.641000 -0.777800
   -4.180   -1.174    1.995    3.013    6.935    8.497    9.833   10.148
            0.333300  0.641000 -0.757600
   -4.170   -1.229    2.053    3.053    6.878    8.500    9.745   10.263
            0.333300  0.641000 -0.737400
   -4.159   -1.283    2.108    3.093    6.830    8.499    9.617   10.424
            0.333300  0.641000 -0.717200
   -4.149   -1.335    2.162    3.133    6.791    8.493    9.487   10.599
            0.333300  0.641000 -0.697000
   -4.139   -1.383    2.213    3.172    6.763    8.481    9.363   10.780
            0.333300  0.641000 -0.676800
   -4.130   -1.428    2.260    3.209    6.744    8.458    9.251   10.964
            0.333300  0.641000 -0.656600
   -4.122   -1.469    2.305    3.243    6.736    8.421    9.156   11.150
            0.333300  0.641000 -0.636400
   -4.115   -1.505    2.346    3.274    6.737    8.370    9.080   11.336
            0.333300  0.641000 -0.616200
   -4.110   -1.536    2.383    3.301    6.748    8.306    9.025   11.521
            0.333300  0.641000 -0.596000
   -4.106   -1.561    2.417    3.324    6.765    8.233    8.988   11.705
            0.333300  0.641000 -0.575800
   -4.104   -1.580    2.446    3.341    6.788    8.157    8.964   11.883
            0.333300  0.641000 -0.555600
   -4.104   -1.593    2.472    3.354    6.814    8.086    8.951   12.049
            0.333300  0.641000 -0.535400
   -4.106   -1.600    2.492    3.362    6.837    8.025    8.944   12.193
            0.333300  0.641000 -0.515200
   -4.111   -1.600    2.508    3.366    6.856    7.982    8.942   12.282
            0.333300  0.641000 -0.494900
   -4.117   -1.594    2.519    3.366    6.865    7.961    8.945   12.264
            0.333300  0.641000 -0.474700
   -4.125   -1.582    2.524    3.362    6.863    7.964    8.950   12.151
            0.333300  0.641000 -0.454500
   -4.136   -1.563    2.524    3.354    6.850    7.991    8.959   11.995
            0.333300  0.641000 -0.434300
   -4.147   -1.539    2.519    3.342    6.829    8.039    8.972   11.822
            0.333300  0.641000 -0.414100
   -4.161   -1.508    2.507    3.328    6.804    8.102    8.990   11.638
            0.333300  0.641000 -0.393900
   -4.176   -1.472    2.491    3.309    6.778    8.175    9.015   11.452
            0.333300  0.641000 -0.373700
   -4.192   -1.431    2.468    3.288    6.756    8.250    9.050   11.264
            0.333300  0.641000 -0.353500
   -4.208   -1.386    2.441    3.263    6.739    8.323    9.097   11.076
            0.333300  0.641000 -0.333300
   -4.226   -1.336    2.408    3.237    6.731    8.387    9.160   10.889
            0.333300  0.641000 -0.313100
   -4.243   -1.282    2.370    3.208    6.731    8.440    9.240   10.703
            0.333300  0.641000 -0.292900
   -4.261   -1.225    2.327    3.177    6.741    8.481    9.336   10.521
            0.333300  0.641000 -0.272700
   -4.279   -1.165    2.280    3.146    6.761    8.509    9.444   10.344
            0.333300  0.641000 -0.252500
   -4.296   -1.103    2.229    3.114    6.791    8.529    9.559   10.175
            0.333300  0.641000 -0.232300
   -4.313   -1.040    2.175    3.083    6.830    8.540    9.663   10.029
            0.333300  0.641000 -0.212100
   -4.328   -0.976    2.118    3.053    6.879    8.546    9.685    9.976
            0.333300  0.641000 -0.191900
   -4.343   -0.913    2.059    3.025    6.937    8.548    9.579   10.061
            0.333300  0.641000 -0.171700
   -4.357   -0.850    2.000    2.998    7.002    8.546    9.436   10.190
            0.333300  0.641000 -0.151500
   -4.369   -0.790    1.941    2.975    7.074    8.541    9.289   10.330
            0.333300  0.641000 -0.131300
   -4.381   -0.732    1.885    2.953    7.151    8.532    9.147   10.470
            0.333300  0.641000 -0.111100
   -4.391   -0.680    1.832    2.934    7.232    8.518    9.015   10.606
            0.333300  0.641000 -0.090900
   -4.399   -0.632    1.785    2.919    7.315    8.496    8.899   10.734
            0.333300  0.641000 -0.070700
   -4.406   -0.593    1.744    2.906    7.397    8.463    8.807   10.850
            0.333300  0.641000 -0.050500
   -4.411   -0.561    1.712    2.897    7.471    8.420    8.744   10.946
            0.333300  0.641000 -0.030300
   -4.414   -0.539    1.690    2.891    7.531    8.375    8.707   11.016
            0.333300  0.641000 -0.010100
   -4.416   -0.528    1.678    2.888    7.566    8.345    8.691   11.054
            0.333300  0.641000  0.010100
   -4.416   -0.528    1.678    2.888    7.566    8.345    8.691   11.054
            0.333300  0.641000  0.030300
   -4.414   -0.539    1.690    2.891    7.531    8.375    8.707   11.016
            0.333300  0.641000  0.050500
   -4.411   -0.561    1.712    2.897    7.471    8.420    8.744   10.946
            0.333300  0.641000  0.070700
   -4.406   -0.593    1.744    2.906    7.397    8.463    8.807   10.850
            0.333300  0.641000  0.090900
   -4.399   -0.632    1.785    2.919    7.315    8.496    8.899   10.734
            0.333300  0.641000  0.111100
   -4.391   -0.680    1.832    2.934    7.232    8.518    9.015   10.606
            0.333300  0.641000  0.131300
   -4.381   -0.732    1.885    2.953    7.151    8.532    9.147   10.470
            0.333300  0.641000  0.151500
   -4.369   -0.790    1.941    2.975    7.074    8.541    9.289   10.330
            0.333300  0.641000  0.171700
   -4.357   -0.850    2.000    2.998    7.002    8.546    9.436   10.191
            0.333300  0.641000  0.191900
   -4.343   -0.913    2.059    3.025    6.937    8.548    9.579   10.061
            0.333300  0.641000  0.212100
   -4.328   -0.976    2.118    3.053    6.879    8.546    9.685    9.976
            0.333300  0.641000  0.232300
   -4.313   -1.040    2.175    3.083    6.830    8.540    9.663   10.029
            0.333300  0.641000  0.252500
   -4.296   -1.103    2.229    3.114    6.791    8.529    9.559   10.175
            0.333300  0.641000  0.272700
   -4.279   -1.165    2.280    3.146    6.761    8.509    9.444   10.344
            0.333300  0.641000  0.292900
   -4.261   -1.225    2.327    3.177    6.741    8.481    9.336   10.521
            0.333300  0.641000  0.313100
   -4.243   -1.282    2.370    3.208    6.731    8.440    9.240   10.703
            0.333300  0.641000  0.333300
   -4.226   -1.336    2.408    3.237    6.731    8.387    9.160   10.889
            0.333300  0.641000  0.353500
   -4.208   -1.386    2.441    3.263    6.739    8.323    9.097   11.076
            0.333300  0.641000  0.373700
   -4.192   -1.431    2.468    3.288    6.756    8.250    9.050   11.264
            0.333300  0.641000  0.393900
   -4.176   -1.472    2.491    3.309    6.778    8.175    9.015   11.452
            0.333300  0.641000  0.414100
   -4.161   -1.508    2.507    3.328    6.804    8.102    8.990   11.638
            0.333300  0.641000  0.434300
   -4.147   -1.539    2.519    3.342    6.829    8.039    8.972   11.822
            0.333300  0.641000  0.454500
   -4.136   -1.563    2.524    3.354    6.850    7.991    8.959   11.995
            0.333300  0.641000  0.474700
   -4.125   -1.582    2.524    3.362    6.863    7.964    8.950   12.151
            0.333300  0.641000  0.494900
   -4.117   -1.594    2.519    3.366    6.865    7.961    8.945   12.264
            0.333300  0.641000  0.515200
   -4.111   -1.600    2.508    3.366    6.856    7.982    8.942   12.283
            0.333300  0.641000  0.535400
   -4.106   -1.600    2.492    3.362    6.837    8.025    8.944   12.193
            0.333300  0.641000  0.555600
   -4.104   -1.593    2.472    3.354    6.814    8.086    8.951   12.049
            0.333300  0.641000  0.575800
   -4.104   -1.580    2.446    3.341    6.788    8.157    8.964   11.883
            0.333300  0.641000  0.596000
   -4.106   -1.561    2.417    3.324    6.765    8.233    8.988   11.705
            0.333300  0.641000  0.616200
   -4.110   -1.536    2.383    3.301    6.748    8.306    9.025   11.521
            0.333300  0.641000  0.636400
   -4.115   -1.505    2.346    3.274    6.737    8.370    9.080   11.336
            0.333300  0.641000  0.656600
   -4.122   -1.469    2.305    3.243    6.736    8.421    9.156   11.150
            0.333300  0.641000  0.676800
   -4.130   -1.428    2.260    3.209    6.744    8.458    9.251   10.964
            0.333300  0.641000  0.697000
   -4.139   -1.383    2.213    3.172    6.763    8.481    9.363   10.780
            0.333300  0.641000  0.717200
   -4.149   -1.335    2.162    3.133    6.791    8.493    9.487   10.599
            0.333300  0.641000  0.737400
   -4.159   -1.283    2.108    3.093    6.830    8.499    9.617   10.424
            0.333300  0.641000  0.757600
   -4.170   -1.229    2.053    3.053    6.878    8.500    9.745   10.263
            0.333300  0.641000  0.777800
   -4.180   -1.174    1.995    3.013    6.935    8.497    9.833   10.148
            0.333300  0.641000  0.798000
   -4.190   -1.117    1.936    2.976    7.001    8.491    9.789   10.173
            0.333300  0.641000  0.818200
   -4.200   -1.061    1.877    2.941    7.074    8.485    9.655   10.294
            0.333300  0.641000  0.838400
   -4.209   -1.005    1.819    2.909    7.155    8.477    9.503   10.437
            0.333300  0.641000  0.858600
   -4.218   -0.953    1.763    2.880    7.241    8.468    9.350   10.584
            0.333300  0.641000  0.878800
   -4.226   -0.903    1.709    2.854    7.331    8.458    9.201   10.729
            0.333300  0.641000  0.899000
   -4.233   -0.857    1.661    2.832    7.424    8.447    9.061   10.868
            0.333300  0.641000  0.919200
   -4.239   -0.818    1.618    2.814    7.518    8.434    8.933   10.998
            0.333300  0.641000  0.939400
   -4.243   -0.785    1.583    2.800    7.608    8.417    8.823   11.110
            0.333300  0.641000  0.959600
   -4.246   -0.761    1.557    2.790    7.688    8.395    8.737   11.199
            0.333300  0.641000  0.979800
   -4.248   -0.747    1.541    2.784    7.747    8.373    8.685   11.256
            0.333300  0.641000  1.000000
   -4.249   -0.742    1.536    2.782    7.769    8.363    8.667   11.275
