 &plot nbnd=   8, nks=   101 /
            0.630000  0.490000  0.000000
   -3.315    0.005    1.995    4.103    8.441   10.462   11.402   12.279
            0.630000  0.490000  0.010000
   -3.315    0.003    1.997    4.103    8.441   10.456   11.409   12.274
            0.630000  0.490000  0.020000
   -3.315   -0.002    2.005    4.104    8.442   10.437   11.430   12.257
            0.630000  0.490000  0.030000
   -3.315   -0.011    2.018    4.106    8.444   10.407   11.462   12.231
            0.630000  0.490000  0.040000
   -3.315   -0.024    2.035    4.108    8.446   10.368   11.503   12.197
            0.630000  0.490000  0.050000
   -3.314   -0.039    2.058    4.110    8.448   10.322   11.552   12.157
            0.630000  0.490000  0.060000
   -3.313   -0.058    2.085    4.113    8.451   10.271   11.604   12.113
            0.630000  0.490000  0.070000
   -3.313   -0.079    2.116    4.117    8.455   10.216   11.655   12.070
            0.630000  0.490000  0.080000
   -3.312   -0.102    2.150    4.121    8.459   10.159   11.699   12.034
            0.630000  0.490000  0.090000
   -3.311   -0.128    2.189    4.126    8.463   10.099   11.722   12.019
            0.630000  0.490000  0.100000
   -3.310   -0.155    2.230    4.132    8.468   10.039   11.713   12.037
            0.630000  0.490000  0.110000
   -3.310   -0.184    2.275    4.137    8.473    9.977   11.676   12.084
            0.630000  0.490000  0.120000
   -3.309   -0.214    2.322    4.144    8.478    9.916   11.622   12.148
            0.630000  0.490000  0.130000
   -3.308   -0.245    2.372    4.151    8.484    9.855   11.559   12.220
            0.630000  0.490000  0.140000
   -3.307   -0.276    2.424    4.159    8.490    9.794   11.491   12.299
            0.630000  0.490000  0.150000
   -3.307   -0.308    2.478    4.167    8.496    9.733   11.421   12.380
            0.630000  0.490000  0.160000
   -3.306   -0.340    2.533    4.176    8.502    9.674   11.349   12.464
            0.630000  0.490000  0.170000
   -3.306   -0.372    2.590    4.185    8.507    9.615   11.276   12.550
            0.630000  0.490000  0.180000
   -3.305   -0.404    2.648    4.195    8.513    9.558   11.203   12.637
            0.630000  0.490000  0.190000
   -3.305   -0.436    2.708    4.205    8.518    9.503   11.129   12.726
            0.630000  0.490000  0.200000
   -3.306   -0.467    2.768    4.216    8.521    9.449   11.055   12.815
            0.630000  0.490000  0.210000
   -3.306   -0.498    2.829    4.228    8.524    9.398   10.982   12.905
            0.630000  0.490000  0.220000
   -3.307   -0.527    2.891    4.240    8.526    9.349   10.908   12.994
            0.630000  0.490000  0.230000
   -3.308   -0.556    2.953    4.252    8.525    9.303   10.836   13.085
            0.630000  0.490000  0.240000
   -3.309   -0.584    3.015    4.265    8.523    9.261   10.763   13.174
            0.630000  0.490000  0.250000
   -3.311   -0.611    3.078    4.279    8.517    9.223   10.692   13.264
            0.630000  0.490000  0.260000
   -3.314   -0.636    3.141    4.293    8.509    9.189   10.621   13.352
            0.630000  0.490000  0.270000
   -3.316   -0.660    3.203    4.308    8.496    9.160   10.551   13.438
            0.630000  0.490000  0.280000
   -3.320   -0.683    3.265    4.323    8.480    9.136   10.483   13.523
            0.630000  0.490000  0.290000
   -3.324   -0.704    3.327    4.339    8.460    9.117   10.415   13.604
            0.630000  0.490000  0.300000
   -3.328   -0.724    3.389    4.356    8.436    9.103   10.349   13.680
            0.630000  0.490000  0.310000
   -3.333   -0.742    3.449    4.373    8.409    9.094   10.283   13.750
            0.630000  0.490000  0.320000
   -3.339   -0.758    3.509    4.390    8.379    9.090   10.219   13.811
            0.630000  0.490000  0.330000
   -3.345   -0.773    3.567    4.408    8.346    9.089   10.157   13.861
            0.630000  0.490000  0.340000
   -3.352   -0.786    3.625    4.427    8.310    9.092   10.096   13.900
            0.630000  0.490000  0.350000
   -3.360   -0.796    3.681    4.446    8.274    9.097   10.037   13.928
            0.630000  0.490000  0.360000
   -3.369   -0.805    3.735    4.465    8.236    9.105    9.980   13.945
            0.630000  0.490000  0.370000
   -3.378   -0.813    3.788    4.485    8.198    9.115    9.924   13.954
            0.630000  0.490000  0.380000
   -3.388   -0.818    3.839    4.505    8.160    9.126    9.870   13.956
            0.630000  0.490000  0.390000
   -3.398   -0.821    3.889    4.526    8.122    9.139    9.819   13.954
            0.630000  0.490000  0.400000
   -3.409   -0.822    3.936    4.547    8.084    9.152    9.769   13.948
            0.630000  0.490000  0.410000
   -3.421   -0.822    3.981    4.567    8.047    9.167    9.722   13.940
            0.630000  0.490000  0.420000
   -3.434   -0.819    4.023    4.588    8.011    9.182    9.677   13.930
            0.630000  0.490000  0.430000
   -3.447   -0.815    4.064    4.608    7.977    9.197    9.634   13.919
            0.630000  0.490000  0.440000
   -3.461   -0.808    4.102    4.628    7.944    9.212    9.595   13.906
            0.630000  0.490000  0.450000
   -3.475   -0.800    4.139    4.647    7.913    9.227    9.558   13.894
            0.630000  0.490000  0.460000
   -3.490   -0.790    4.173    4.665    7.884    9.242    9.525   13.881
            0.630000  0.490000  0.470000
   -3.505   -0.778    4.205    4.681    7.858    9.255    9.495   13.868
            0.630000  0.490000  0.480000
   -3.521   -0.764    4.235    4.695    7.834    9.266    9.470   13.855
            0.630000  0.490000  0.490000
   -3.537   -0.748    4.263    4.708    7.813    9.274    9.451   13.842
            0.630000  0.490000  0.500000
   -3.554   -0.731    4.289    4.717    7.794    9.277    9.439   13.829
            0.630000  0.490000  0.510000
   -3.571   -0.712    4.313    4.724    7.779    9.275    9.435   13.816
            0.630000  0.490000  0.520000
   -3.588   -0.691    4.336    4.729    7.767    9.268    9.438   13.802
            0.630000  0.490000  0.530000
   -3.606   -0.669    4.357    4.730    7.759    9.258    9.446   13.788
            0.630000  0.490000  0.540000
   -3.624   -0.645    4.377    4.727    7.753    9.247    9.459   13.771
            0.630000  0.490000  0.550000
   -3.642   -0.620    4.395    4.722    7.752    9.236    9.473   13.753
            0.630000  0.490000  0.560000
   -3.660   -0.593    4.411    4.713    7.754    9.225    9.490   13.732
            0.630000  0.490000  0.570000
   -3.678   -0.564    4.426    4.701    7.759    9.215    9.508   13.707
            0.630000  0.490000  0.580000
   -3.696   -0.535    4.439    4.686    7.767    9.207    9.527   13.676
            0.630000  0.490000  0.590000
   -3.715   -0.504    4.449    4.668    7.779    9.200    9.548   13.640
            0.630000  0.490000  0.600000
   -3.733   -0.471    4.456    4.649    7.794    9.194    9.569   13.597
            0.630000  0.490000  0.610000
   -3.751   -0.437    4.459    4.631    7.813    9.190    9.591   13.547
            0.630000  0.490000  0.620000
   -3.769   -0.402    4.455    4.614    7.834    9.186    9.615   13.490
            0.630000  0.490000  0.630000
   -3.787   -0.366    4.443    4.602    7.857    9.184    9.639   13.427
            0.630000  0.490000  0.640000
   -3.805   -0.329    4.422    4.595    7.884    9.183    9.665   13.359
            0.630000  0.490000  0.650000
   -3.822   -0.291    4.392    4.593    7.912    9.182    9.692   13.285
            0.630000  0.490000  0.660000
   -3.840   -0.251    4.355    4.595    7.943    9.182    9.721   13.208
            0.630000  0.490000  0.670000
   -3.857   -0.211    4.313    4.598    7.975    9.183    9.751   13.127
            0.630000  0.490000  0.680000
   -3.874   -0.170    4.268    4.603    8.010    9.185    9.783   13.044
            0.630000  0.490000  0.690000
   -3.891   -0.127    4.219    4.608    8.046    9.186    9.817   12.959
            0.630000  0.490000  0.700000
   -3.907   -0.084    4.168    4.613    8.083    9.188    9.853   12.872
            0.630000  0.490000  0.710000
   -3.923   -0.040    4.115    4.618    8.122    9.190    9.890   12.785
            0.630000  0.490000  0.720000
   -3.938    0.004    4.060    4.622    8.162    9.192    9.929   12.697
            0.630000  0.490000  0.730000
   -3.953    0.050    4.003    4.627    8.203    9.194    9.970   12.609
            0.630000  0.490000  0.740000
   -3.968    0.096    3.946    4.631    8.245    9.196   10.013   12.521
            0.630000  0.490000  0.750000
   -3.983    0.142    3.887    4.635    8.288    9.199   10.057   12.433
            0.630000  0.490000  0.760000
   -3.996    0.189    3.827    4.639    8.332    9.201   10.104   12.345
            0.630000  0.490000  0.770000
   -4.010    0.237    3.767    4.643    8.376    9.203   10.151   12.258
            0.630000  0.490000  0.780000
   -4.023    0.285    3.706    4.646    8.420    9.205   10.200   12.172
            0.630000  0.490000  0.790000
   -4.035    0.333    3.645    4.649    8.465    9.208   10.251   12.086
            0.630000  0.490000  0.800000
   -4.047    0.381    3.584    4.651    8.509    9.211   10.302   12.002
            0.630000  0.490000  0.810000
   -4.059    0.430    3.523    4.654    8.554    9.214   10.355   11.918
            0.630000  0.490000  0.820000
   -4.070    0.478    3.462    4.656    8.598    9.218   10.408   11.837
            0.630000  0.490000  0.830000
   -4.080    0.527    3.402    4.658    8.642    9.222   10.461   11.757
            0.630000  0.490000  0.840000
   -4.090    0.575    3.343    4.659    8.684    9.227   10.515   11.678
            0.630000  0.490000  0.850000
   -4.099    0.622    3.284    4.661    8.726    9.234   10.569   11.602
            0.630000  0.490000  0.860000
   -4.108    0.669    3.227    4.662    8.766    9.241   10.622   11.528
            0.630000  0.490000  0.870000
   -4.116    0.715    3.171    4.663    8.803    9.251   10.675   11.457
            0.630000  0.490000  0.880000
   -4.124    0.760    3.117    4.664    8.838    9.262   10.725   11.390
            0.630000  0.490000  0.890000
   -4.131    0.804    3.064    4.665    8.870    9.276   10.773   11.327
            0.630000  0.490000  0.900000
   -4.137    0.846    3.014    4.666    8.899    9.291   10.818   11.269
            0.630000  0.490000  0.910000
   -4.143    0.885    2.967    4.666    8.924    9.309   10.856   11.219
            0.630000  0.490000  0.920000
   -4.148    0.923    2.923    4.667    8.945    9.328   10.884   11.180
            0.630000  0.490000  0.930000
   -4.153    0.958    2.882    4.667    8.962    9.349   10.899   11.156
            0.630000  0.490000  0.940000
   -4.157    0.989    2.846    4.668    8.977    9.369   10.898   11.150
            0.630000  0.490000  0.950000
   -4.160    1.017    2.814    4.668    8.988    9.389   10.885   11.157
            0.630000  0.490000  0.960000
   -4.163    1.040    2.787    4.668    8.997    9.407   10.866   11.170
            0.630000  0.490000  0.970000
   -4.165    1.059    2.765    4.668    9.003    9.423   10.847   11.185
            0.630000  0.490000  0.980000
   -4.167    1.073    2.749    4.668    9.007    9.434   10.831   11.198
            0.630000  0.490000  0.990000
   -4.168    1.081    2.739    4.669    9.010    9.442   10.821   11.206
            0.630000  0.490000  1.000000
   -4.168    1.084    2.736    4.669    9.011    9.444   10.818   11.209
