 &plot nbnd=   8, nks=   101 /
            0.870000  0.820000  0.000000
   -1.861   -1.528    2.290    3.278    6.949    8.293   14.315   14.686
            0.870000  0.820000  0.010000
   -1.875   -1.515    2.291    3.279    6.950    8.293   14.300   14.690
            0.870000  0.820000  0.020000
   -1.911   -1.478    2.293    3.280    6.951    8.295   14.260   14.694
            0.870000  0.820000  0.030000
   -1.959   -1.428    2.296    3.282    6.953    8.299   14.204   14.687
            0.870000  0.820000  0.040000
   -2.015   -1.371    2.301    3.285    6.956    8.303   14.136   14.660
            0.870000  0.820000  0.050000
   -2.074   -1.309    2.307    3.288    6.960    8.309   14.063   14.614
            0.870000  0.820000  0.060000
   -2.136   -1.245    2.314    3.292    6.965    8.316   13.985   14.554
            0.870000  0.820000  0.070000
   -2.198   -1.179    2.323    3.297    6.970    8.325   13.905   14.484
            0.870000  0.820000  0.080000
   -2.262   -1.112    2.333    3.303    6.977    8.334   13.823   14.408
            0.870000  0.820000  0.090000
   -2.325   -1.045    2.345    3.310    6.984    8.345   13.741   14.328
            0.870000  0.820000  0.100000
   -2.389   -0.977    2.358    3.317    6.992    8.358   13.657   14.246
            0.870000  0.820000  0.110000
   -2.452   -0.908    2.372    3.325    7.001    8.372   13.573   14.161
            0.870000  0.820000  0.120000
   -2.516   -0.839    2.387    3.334    7.010    8.387   13.489   14.076
            0.870000  0.820000  0.130000
   -2.579   -0.770    2.404    3.344    7.021    8.403   13.405   13.990
            0.870000  0.820000  0.140000
   -2.642   -0.700    2.423    3.355    7.032    8.421   13.320   13.903
            0.870000  0.820000  0.150000
   -2.704   -0.631    2.442    3.366    7.044    8.439   13.236   13.816
            0.870000  0.820000  0.160000
   -2.766   -0.562    2.463    3.378    7.057    8.460   13.151   13.729
            0.870000  0.820000  0.170000
   -2.828   -0.492    2.486    3.391    7.071    8.481   13.067   13.642
            0.870000  0.820000  0.180000
   -2.890   -0.423    2.510    3.404    7.085    8.504   12.982   13.555
            0.870000  0.820000  0.190000
   -2.950   -0.353    2.535    3.419    7.100    8.529   12.898   13.468
            0.870000  0.820000  0.200000
   -3.011   -0.284    2.561    3.434    7.116    8.554   12.814   13.382
            0.870000  0.820000  0.210000
   -3.071   -0.215    2.589    3.450    7.133    8.581   12.730   13.296
            0.870000  0.820000  0.220000
   -3.130   -0.146    2.619    3.467    7.150    8.609   12.646   13.210
            0.870000  0.820000  0.230000
   -3.189   -0.078    2.649    3.484    7.169    8.639   12.562   13.124
            0.870000  0.820000  0.240000
   -3.247   -0.009    2.681    3.502    7.188    8.670   12.478   13.040
            0.870000  0.820000  0.250000
   -3.305    0.059    2.715    3.521    7.207    8.702   12.395   12.955
            0.870000  0.820000  0.260000
   -3.362    0.127    2.749    3.541    7.228    8.736   12.311   12.871
            0.870000  0.820000  0.270000
   -3.419    0.195    2.785    3.562    7.249    8.771   12.228   12.788
            0.870000  0.820000  0.280000
   -3.475    0.262    2.822    3.583    7.270    8.807   12.144   12.705
            0.870000  0.820000  0.290000
   -3.530    0.329    2.861    3.606    7.293    8.845   12.061   12.623
            0.870000  0.820000  0.300000
   -3.585    0.396    2.901    3.629    7.316    8.884   11.978   12.541
            0.870000  0.820000  0.310000
   -3.639    0.462    2.942    3.652    7.339    8.924   11.895   12.460
            0.870000  0.820000  0.320000
   -3.693    0.529    2.984    3.677    7.363    8.966   11.812   12.380
            0.870000  0.820000  0.330000
   -3.746    0.594    3.027    3.702    7.388    9.008   11.730   12.300
            0.870000  0.820000  0.340000
   -3.798    0.660    3.072    3.729    7.414    9.053   11.647   12.221
            0.870000  0.820000  0.350000
   -3.850    0.725    3.117    3.756    7.440    9.098   11.565   12.143
            0.870000  0.820000  0.360000
   -3.900    0.790    3.164    3.784    7.466    9.144   11.482   12.065
            0.870000  0.820000  0.370000
   -3.951    0.854    3.211    3.812    7.493    9.192   11.400   11.988
            0.870000  0.820000  0.380000
   -4.000    0.918    3.260    3.842    7.521    9.241   11.319   11.912
            0.870000  0.820000  0.390000
   -4.049    0.982    3.309    3.873    7.549    9.291   11.238   11.836
            0.870000  0.820000  0.400000
   -4.097    1.045    3.360    3.904    7.578    9.341   11.157   11.761
            0.870000  0.820000  0.410000
   -4.145    1.109    3.411    3.936    7.607    9.393   11.077   11.687
            0.870000  0.820000  0.420000
   -4.192    1.172    3.462    3.969    7.636    9.445   10.997   11.613
            0.870000  0.820000  0.430000
   -4.238    1.234    3.514    4.004    7.666    9.498   10.919   11.540
            0.870000  0.820000  0.440000
   -4.283    1.297    3.567    4.039    7.696    9.551   10.841   11.467
            0.870000  0.820000  0.450000
   -4.328    1.359    3.620    4.075    7.727    9.604   10.766   11.395
            0.870000  0.820000  0.460000
   -4.372    1.421    3.673    4.113    7.757    9.656   10.692   11.324
            0.870000  0.820000  0.470000
   -4.415    1.483    3.727    4.151    7.789    9.707   10.621   11.254
            0.870000  0.820000  0.480000
   -4.457    1.544    3.780    4.191    7.820    9.755   10.555   11.183
            0.870000  0.820000  0.490000
   -4.499    1.606    3.834    4.231    7.851    9.798   10.495   11.114
            0.870000  0.820000  0.500000
   -4.540    1.667    3.887    4.273    7.883    9.834   10.444   11.045
            0.870000  0.820000  0.510000
   -4.580    1.728    3.940    4.317    7.915    9.857   10.407   10.977
            0.870000  0.820000  0.520000
   -4.619    1.789    3.993    4.361    7.947    9.864   10.388   10.909
            0.870000  0.820000  0.530000
   -4.658    1.850    4.045    4.407    7.979    9.851   10.390   10.842
            0.870000  0.820000  0.540000
   -4.696    1.911    4.097    4.454    8.011    9.821   10.411   10.776
            0.870000  0.820000  0.550000
   -4.733    1.972    4.148    4.502    8.043    9.777   10.446   10.710
            0.870000  0.820000  0.560000
   -4.770    2.033    4.198    4.551    8.074    9.724   10.490   10.648
            0.870000  0.820000  0.570000
   -4.805    2.094    4.248    4.602    8.105    9.666   10.527   10.600
            0.870000  0.820000  0.580000
   -4.840    2.155    4.297    4.653    8.136    9.605   10.498   10.622
            0.870000  0.820000  0.590000
   -4.874    2.216    4.346    4.704    8.166    9.543   10.439   10.678
            0.870000  0.820000  0.600000
   -4.907    2.277    4.394    4.757    8.196    9.481   10.377   10.740
            0.870000  0.820000  0.610000
   -4.940    2.338    4.442    4.810    8.225    9.419   10.314   10.804
            0.870000  0.820000  0.620000
   -4.972    2.399    4.489    4.863    8.252    9.358   10.252   10.869
            0.870000  0.820000  0.630000
   -5.003    2.460    4.535    4.915    8.278    9.299   10.189   10.934
            0.870000  0.820000  0.640000
   -5.033    2.521    4.581    4.968    8.302    9.243   10.128   10.998
            0.870000  0.820000  0.650000
   -5.062    2.583    4.627    5.020    8.324    9.190   10.066   11.061
            0.870000  0.820000  0.660000
   -5.091    2.644    4.673    5.072    8.344    9.141   10.005   11.122
            0.870000  0.820000  0.670000
   -5.118    2.706    4.718    5.122    8.360    9.096    9.945   11.180
            0.870000  0.820000  0.680000
   -5.145    2.768    4.763    5.171    8.372    9.057    9.886   11.235
            0.870000  0.820000  0.690000
   -5.171    2.830    4.807    5.219    8.380    9.024    9.827   11.284
            0.870000  0.820000  0.700000
   -5.197    2.892    4.852    5.265    8.383    8.997    9.768   11.327
            0.870000  0.820000  0.710000
   -5.221    2.954    4.895    5.309    8.382    8.978    9.711   11.362
            0.870000  0.820000  0.720000
   -5.245    3.016    4.939    5.351    8.376    8.965    9.654   11.388
            0.870000  0.820000  0.730000
   -5.268    3.078    4.982    5.390    8.366    8.958    9.599   11.404
            0.870000  0.820000  0.740000
   -5.290    3.141    5.025    5.426    8.353    8.956    9.544   11.408
            0.870000  0.820000  0.750000
   -5.311    3.203    5.067    5.459    8.339    8.959    9.491   11.400
            0.870000  0.820000  0.760000
   -5.331    3.266    5.108    5.488    8.324    8.964    9.439   11.381
            0.870000  0.820000  0.770000
   -5.351    3.329    5.149    5.514    8.310    8.972    9.389   11.352
            0.870000  0.820000  0.780000
   -5.370    3.391    5.189    5.536    8.298    8.980    9.341   11.314
            0.870000  0.820000  0.790000
   -5.388    3.454    5.228    5.554    8.288    8.987    9.296   11.269
            0.870000  0.820000  0.800000
   -5.405    3.516    5.266    5.568    8.282    8.992    9.255   11.219
            0.870000  0.820000  0.810000
   -5.421    3.579    5.303    5.579    8.278    8.993    9.219   11.164
            0.870000  0.820000  0.820000
   -5.436    3.641    5.338    5.585    8.279    8.988    9.190   11.107
            0.870000  0.820000  0.830000
   -5.451    3.703    5.370    5.588    8.283    8.976    9.169   11.048
            0.870000  0.820000  0.840000
   -5.465    3.765    5.399    5.589    8.292    8.955    9.156   10.989
            0.870000  0.820000  0.850000
   -5.478    3.826    5.423    5.589    8.304    8.929    9.150   10.929
            0.870000  0.820000  0.860000
   -5.490    3.887    5.439    5.592    8.320    8.901    9.146   10.870
            0.870000  0.820000  0.870000
   -5.501    3.947    5.446    5.599    8.339    8.871    9.144   10.813
            0.870000  0.820000  0.880000
   -5.512    4.007    5.441    5.612    8.361    8.841    9.142   10.757
            0.870000  0.820000  0.890000
   -5.521    4.065    5.428    5.629    8.386    8.814    9.138   10.704
            0.870000  0.820000  0.900000
   -5.530    4.123    5.407    5.649    8.413    8.788    9.132   10.654
            0.870000  0.820000  0.910000
   -5.538    4.178    5.382    5.669    8.440    8.767    9.123   10.607
            0.870000  0.820000  0.920000
   -5.545    4.232    5.354    5.688    8.466    8.750    9.112   10.565
            0.870000  0.820000  0.930000
   -5.552    4.284    5.325    5.706    8.491    8.739    9.098   10.526
            0.870000  0.820000  0.940000
   -5.557    4.332    5.295    5.722    8.511    8.736    9.081   10.492
            0.870000  0.820000  0.950000
   -5.562    4.377    5.265    5.736    8.525    8.742    9.062   10.463
            0.870000  0.820000  0.960000
   -5.565    4.416    5.237    5.748    8.534    8.756    9.041   10.439
            0.870000  0.820000  0.970000
   -5.568    4.449    5.213    5.757    8.537    8.775    9.018   10.421
            0.870000  0.820000  0.980000
   -5.571    4.474    5.194    5.764    8.539    8.795    8.997   10.407
            0.870000  0.820000  0.990000
   -5.572    4.490    5.182    5.768    8.539    8.812    8.981   10.399
            0.870000  0.820000  1.000000
   -5.572    4.496    5.178    5.770    8.539    8.819    8.974   10.396
