 &plot nbnd=   8, nks=   101 /
            0.400000  0.750000  0.000000
   -2.982   -0.270    2.103    3.297    9.345    9.729   10.105   13.694
            0.400000  0.750000  0.010000
   -2.982   -0.271    2.104    3.298    9.336    9.734   10.111   13.687
            0.400000  0.750000  0.020000
   -2.982   -0.274    2.108    3.301    9.310    9.746   10.129   13.667
            0.400000  0.750000  0.030000
   -2.982   -0.279    2.113    3.306    9.272    9.762   10.159   13.634
            0.400000  0.750000  0.040000
   -2.982   -0.286    2.120    3.313    9.225    9.778   10.200   13.590
            0.400000  0.750000  0.050000
   -2.982   -0.295    2.130    3.321    9.174    9.793   10.249   13.537
            0.400000  0.750000  0.060000
   -2.983   -0.306    2.141    3.332    9.119    9.806   10.307   13.475
            0.400000  0.750000  0.070000
   -2.983   -0.318    2.154    3.345    9.062    9.818   10.371   13.406
            0.400000  0.750000  0.080000
   -2.983   -0.332    2.168    3.360    9.005    9.828   10.441   13.331
            0.400000  0.750000  0.090000
   -2.984   -0.347    2.184    3.376    8.947    9.838   10.514   13.252
            0.400000  0.750000  0.100000
   -2.984   -0.363    2.202    3.395    8.890    9.847   10.591   13.169
            0.400000  0.750000  0.110000
   -2.985   -0.381    2.220    3.415    8.833    9.856   10.670   13.082
            0.400000  0.750000  0.120000
   -2.986   -0.399    2.240    3.437    8.776    9.864   10.752   12.993
            0.400000  0.750000  0.130000
   -2.987   -0.418    2.261    3.461    8.721    9.873   10.835   12.902
            0.400000  0.750000  0.140000
   -2.988   -0.438    2.282    3.487    8.667    9.882   10.921   12.809
            0.400000  0.750000  0.150000
   -2.990   -0.458    2.304    3.514    8.615    9.891   11.008   12.715
            0.400000  0.750000  0.160000
   -2.992   -0.478    2.327    3.542    8.563    9.901   11.097   12.619
            0.400000  0.750000  0.170000
   -2.994   -0.498    2.350    3.572    8.514    9.910   11.186   12.523
            0.400000  0.750000  0.180000
   -2.996   -0.518    2.374    3.603    8.466    9.920   11.277   12.425
            0.400000  0.750000  0.190000
   -2.999   -0.538    2.398    3.636    8.420    9.931   11.370   12.327
            0.400000  0.750000  0.200000
   -3.002   -0.558    2.422    3.669    8.376    9.941   11.463   12.229
            0.400000  0.750000  0.210000
   -3.006   -0.577    2.447    3.704    8.333    9.952   11.557   12.130
            0.400000  0.750000  0.220000
   -3.010   -0.596    2.471    3.739    8.293    9.963   11.652   12.031
            0.400000  0.750000  0.230000
   -3.015   -0.614    2.496    3.774    8.256    9.975   11.748   11.931
            0.400000  0.750000  0.240000
   -3.020   -0.631    2.521    3.811    8.220    9.986   11.832   11.845
            0.400000  0.750000  0.250000
   -3.026   -0.647    2.546    3.847    8.187    9.998   11.733   11.942
            0.400000  0.750000  0.260000
   -3.033   -0.662    2.571    3.883    8.157   10.010   11.633   12.040
            0.400000  0.750000  0.270000
   -3.040   -0.675    2.596    3.920    8.130   10.022   11.535   12.139
            0.400000  0.750000  0.280000
   -3.047   -0.688    2.621    3.956    8.105   10.035   11.436   12.239
            0.400000  0.750000  0.290000
   -3.056   -0.699    2.647    3.992    8.083   10.047   11.338   12.339
            0.400000  0.750000  0.300000
   -3.065   -0.709    2.672    4.027    8.064   10.059   11.241   12.440
            0.400000  0.750000  0.310000
   -3.075   -0.718    2.697    4.061    8.048   10.071   11.144   12.541
            0.400000  0.750000  0.320000
   -3.085   -0.725    2.723    4.094    8.035   10.082   11.049   12.642
            0.400000  0.750000  0.330000
   -3.096   -0.730    2.748    4.126    8.026   10.093   10.955   12.744
            0.400000  0.750000  0.340000
   -3.108   -0.734    2.773    4.157    8.020   10.102   10.863   12.846
            0.400000  0.750000  0.350000
   -3.121   -0.736    2.799    4.186    8.018   10.110   10.773   12.948
            0.400000  0.750000  0.360000
   -3.134   -0.737    2.824    4.214    8.019   10.115   10.687   13.051
            0.400000  0.750000  0.370000
   -3.148   -0.736    2.850    4.240    8.023   10.115   10.606   13.153
            0.400000  0.750000  0.380000
   -3.163   -0.733    2.875    4.264    8.032   10.109   10.533   13.256
            0.400000  0.750000  0.390000
   -3.178   -0.729    2.901    4.287    8.043   10.092   10.471   13.358
            0.400000  0.750000  0.400000
   -3.194   -0.723    2.926    4.307    8.059   10.061   10.425   13.459
            0.400000  0.750000  0.410000
   -3.211   -0.715    2.951    4.325    8.078   10.015   10.395   13.560
            0.400000  0.750000  0.420000
   -3.228   -0.706    2.976    4.342    8.100    9.955   10.379   13.661
            0.400000  0.750000  0.430000
   -3.245   -0.695    3.002    4.356    8.126    9.887   10.374   13.760
            0.400000  0.750000  0.440000
   -3.263   -0.682    3.027    4.368    8.154    9.813   10.375   13.856
            0.400000  0.750000  0.450000
   -3.282   -0.668    3.051    4.378    8.186    9.736   10.380   13.942
            0.400000  0.750000  0.460000
   -3.301   -0.653    3.076    4.386    8.221    9.659   10.388   13.907
            0.400000  0.750000  0.470000
   -3.320   -0.635    3.101    4.391    8.258    9.582   10.398   13.801
            0.400000  0.750000  0.480000
   -3.340   -0.617    3.125    4.395    8.297    9.506   10.409   13.691
            0.400000  0.750000  0.490000
   -3.359   -0.597    3.149    4.397    8.338    9.433   10.421   13.579
            0.400000  0.750000  0.500000
   -3.380   -0.575    3.172    4.398    8.380    9.362   10.434   13.468
            0.400000  0.750000  0.510000
   -3.400   -0.553    3.195    4.396    8.421    9.295   10.446   13.356
            0.400000  0.750000  0.520000
   -3.420   -0.529    3.218    4.393    8.461    9.234   10.459   13.245
            0.400000  0.750000  0.530000
   -3.441   -0.503    3.240    4.388    8.497    9.181   10.472   13.134
            0.400000  0.750000  0.540000
   -3.462   -0.477    3.261    4.382    8.526    9.139   10.485   13.023
            0.400000  0.750000  0.550000
   -3.482   -0.449    3.282    4.375    8.544    9.112   10.498   12.913
            0.400000  0.750000  0.560000
   -3.503   -0.420    3.303    4.366    8.548    9.103   10.511   12.804
            0.400000  0.750000  0.570000
   -3.523   -0.390    3.322    4.356    8.537    9.113   10.524   12.694
            0.400000  0.750000  0.580000
   -3.544   -0.358    3.341    4.346    8.512    9.140   10.537   12.586
            0.400000  0.750000  0.590000
   -3.564   -0.326    3.358    4.334    8.477    9.181   10.550   12.478
            0.400000  0.750000  0.600000
   -3.585   -0.293    3.375    4.321    8.436    9.233   10.563   12.371
            0.400000  0.750000  0.610000
   -3.605   -0.259    3.391    4.308    8.391    9.291   10.576   12.265
            0.400000  0.750000  0.620000
   -3.625   -0.224    3.405    4.294    8.345    9.354   10.589   12.159
            0.400000  0.750000  0.630000
   -3.644   -0.188    3.418    4.279    8.299    9.422   10.602   12.054
            0.400000  0.750000  0.640000
   -3.664   -0.151    3.430    4.264    8.253    9.491   10.615   11.950
            0.400000  0.750000  0.650000
   -3.683   -0.114    3.440    4.249    8.209    9.563   10.629   11.847
            0.400000  0.750000  0.660000
   -3.702   -0.075    3.449    4.233    8.166    9.636   10.644   11.744
            0.400000  0.750000  0.670000
   -3.720   -0.036    3.455    4.218    8.126    9.709   10.659   11.643
            0.400000  0.750000  0.680000
   -3.738    0.003    3.461    4.202    8.088    9.783   10.676   11.543
            0.400000  0.750000  0.690000
   -3.756    0.043    3.464    4.186    8.052    9.855   10.694   11.443
            0.400000  0.750000  0.700000
   -3.774    0.084    3.465    4.171    8.020    9.927   10.714   11.345
            0.400000  0.750000  0.710000
   -3.790    0.125    3.464    4.156    7.990    9.996   10.737   11.247
            0.400000  0.750000  0.720000
   -3.807    0.167    3.461    4.141    7.964   10.062   10.763   11.151
            0.400000  0.750000  0.730000
   -3.823    0.208    3.456    4.127    7.940   10.125   10.794   11.056
            0.400000  0.750000  0.740000
   -3.839    0.251    3.449    4.114    7.920   10.182   10.828   10.962
            0.400000  0.750000  0.750000
   -3.854    0.293    3.439    4.101    7.903   10.235   10.869   10.870
            0.400000  0.750000  0.760000
   -3.868    0.335    3.428    4.088    7.889   10.281   10.779   10.915
            0.400000  0.750000  0.770000
   -3.882    0.378    3.414    4.077    7.878   10.320   10.690   10.967
            0.400000  0.750000  0.780000
   -3.896    0.420    3.398    4.066    7.870   10.353   10.603   11.025
            0.400000  0.750000  0.790000
   -3.909    0.463    3.380    4.056    7.866   10.378   10.521   11.087
            0.400000  0.750000  0.800000
   -3.922    0.505    3.361    4.047    7.864   10.381   10.457   11.154
            0.400000  0.750000  0.810000
   -3.934    0.547    3.340    4.038    7.866   10.327   10.447   11.224
            0.400000  0.750000  0.820000
   -3.945    0.588    3.318    4.030    7.870   10.251   10.457   11.297
            0.400000  0.750000  0.830000
   -3.956    0.629    3.294    4.023    7.877   10.173   10.470   11.371
            0.400000  0.750000  0.840000
   -3.966    0.669    3.270    4.016    7.887   10.095   10.480   11.447
            0.400000  0.750000  0.850000
   -3.976    0.708    3.245    4.010    7.898   10.020   10.490   11.523
            0.400000  0.750000  0.860000
   -3.985    0.746    3.220    4.004    7.912    9.946   10.498   11.599
            0.400000  0.750000  0.870000
   -3.993    0.783    3.194    3.999    7.928    9.875   10.505   11.674
            0.400000  0.750000  0.880000
   -4.001    0.819    3.169    3.994    7.946    9.806   10.511   11.748
            0.400000  0.750000  0.890000
   -4.009    0.852    3.144    3.990    7.965    9.741   10.516   11.820
            0.400000  0.750000  0.900000
   -4.015    0.884    3.120    3.986    7.985    9.678   10.520   11.890
            0.400000  0.750000  0.910000
   -4.021    0.914    3.097    3.983    8.005    9.619   10.523   11.957
            0.400000  0.750000  0.920000
   -4.027    0.942    3.076    3.980    8.026    9.565   10.526   12.020
            0.400000  0.750000  0.930000
   -4.031    0.967    3.056    3.977    8.046    9.514   10.529   12.079
            0.400000  0.750000  0.940000
   -4.036    0.990    3.038    3.975    8.066    9.469   10.531   12.132
            0.400000  0.750000  0.950000
   -4.039    1.009    3.022    3.973    8.084    9.429   10.533   12.180
            0.400000  0.750000  0.960000
   -4.042    1.025    3.009    3.971    8.099    9.395   10.534   12.220
            0.400000  0.750000  0.970000
   -4.044    1.038    2.998    3.970    8.113    9.368   10.535   12.253
            0.400000  0.750000  0.980000
   -4.046    1.047    2.990    3.969    8.122    9.348   10.536   12.276
            0.400000  0.750000  0.990000
   -4.047    1.053    2.986    3.968    8.129    9.336   10.536   12.291
            0.400000  0.750000  1.000000
   -4.047    1.055    2.984    3.968    8.131    9.332   10.537   12.296
