 &plot nbnd=   8, nks=   101 /
            0.370000  0.290000  0.000000
   -4.861    2.293    3.626    5.283    9.026    9.080   10.055   11.153
            0.370000  0.290000  0.010000
   -4.861    2.289    3.630    5.283    9.014    9.090   10.054   11.157
            0.370000  0.290000  0.020000
   -4.860    2.279    3.641    5.281    8.989    9.108   10.050   11.166
            0.370000  0.290000  0.030000
   -4.858    2.261    3.660    5.279    8.958    9.126   10.044   11.182
            0.370000  0.290000  0.040000
   -4.855    2.237    3.685    5.275    8.924    9.143   10.036   11.204
            0.370000  0.290000  0.050000
   -4.852    2.207    3.716    5.271    8.888    9.158   10.026   11.231
            0.370000  0.290000  0.060000
   -4.848    2.173    3.752    5.266    8.849    9.171   10.015   11.263
            0.370000  0.290000  0.070000
   -4.843    2.134    3.793    5.259    8.808    9.183   10.002   11.300
            0.370000  0.290000  0.080000
   -4.837    2.092    3.837    5.252    8.765    9.193    9.989   11.342
            0.370000  0.290000  0.090000
   -4.830    2.047    3.885    5.244    8.721    9.201    9.974   11.388
            0.370000  0.290000  0.100000
   -4.823    1.999    3.935    5.235    8.675    9.207    9.959   11.438
            0.370000  0.290000  0.110000
   -4.815    1.950    3.987    5.225    8.628    9.213    9.944   11.491
            0.370000  0.290000  0.120000
   -4.806    1.898    4.040    5.214    8.579    9.217    9.928   11.547
            0.370000  0.290000  0.130000
   -4.797    1.846    4.095    5.202    8.530    9.221    9.912   11.606
            0.370000  0.290000  0.140000
   -4.787    1.793    4.151    5.190    8.480    9.223    9.896   11.668
            0.370000  0.290000  0.150000
   -4.776    1.738    4.207    5.176    8.430    9.226    9.880   11.732
            0.370000  0.290000  0.160000
   -4.764    1.683    4.263    5.162    8.379    9.228    9.864   11.799
            0.370000  0.290000  0.170000
   -4.751    1.628    4.319    5.146    8.329    9.230    9.848   11.868
            0.370000  0.290000  0.180000
   -4.738    1.573    4.374    5.130    8.279    9.231    9.832   11.939
            0.370000  0.290000  0.190000
   -4.724    1.517    4.429    5.114    8.229    9.233    9.815   12.012
            0.370000  0.290000  0.200000
   -4.709    1.461    4.483    5.096    8.180    9.236    9.798   12.086
            0.370000  0.290000  0.210000
   -4.694    1.406    4.535    5.078    8.133    9.238    9.781   12.162
            0.370000  0.290000  0.220000
   -4.678    1.350    4.586    5.059    8.086    9.242    9.764   12.240
            0.370000  0.290000  0.230000
   -4.661    1.295    4.634    5.040    8.042    9.246    9.746   12.319
            0.370000  0.290000  0.240000
   -4.643    1.239    4.680    5.020    7.999    9.250    9.728   12.400
            0.370000  0.290000  0.250000
   -4.625    1.185    4.723    5.000    7.958    9.256    9.710   12.482
            0.370000  0.290000  0.260000
   -4.606    1.130    4.762    4.981    7.920    9.262    9.691   12.565
            0.370000  0.290000  0.270000
   -4.586    1.076    4.795    4.964    7.885    9.269    9.672   12.649
            0.370000  0.290000  0.280000
   -4.566    1.022    4.820    4.951    7.853    9.277    9.653   12.734
            0.370000  0.290000  0.290000
   -4.545    0.969    4.832    4.947    7.825    9.287    9.633   12.820
            0.370000  0.290000  0.300000
   -4.523    0.916    4.829    4.953    7.800    9.297    9.614   12.906
            0.370000  0.290000  0.310000
   -4.500    0.864    4.815    4.966    7.780    9.308    9.594   12.993
            0.370000  0.290000  0.320000
   -4.477    0.812    4.794    4.980    7.763    9.319    9.574   13.080
            0.370000  0.290000  0.330000
   -4.453    0.761    4.770    4.992    7.752    9.331    9.555   13.168
            0.370000  0.290000  0.340000
   -4.429    0.711    4.744    5.000    7.744    9.343    9.536   13.254
            0.370000  0.290000  0.350000
   -4.404    0.661    4.717    5.005    7.742    9.354    9.520   13.337
            0.370000  0.290000  0.360000
   -4.378    0.612    4.688    5.005    7.744    9.362    9.508   13.411
            0.370000  0.290000  0.370000
   -4.352    0.563    4.658    5.000    7.750    9.366    9.502   13.452
            0.370000  0.290000  0.380000
   -4.325    0.515    4.628    4.992    7.761    9.362    9.504   13.433
            0.370000  0.290000  0.390000
   -4.297    0.468    4.596    4.979    7.776    9.352    9.514   13.387
            0.370000  0.290000  0.400000
   -4.269    0.421    4.563    4.962    7.795    9.338    9.531   13.334
            0.370000  0.290000  0.410000
   -4.240    0.375    4.529    4.941    7.818    9.320    9.552   13.281
            0.370000  0.290000  0.420000
   -4.211    0.330    4.494    4.917    7.843    9.302    9.576   13.227
            0.370000  0.290000  0.430000
   -4.181    0.286    4.458    4.890    7.872    9.283    9.604   13.174
            0.370000  0.290000  0.440000
   -4.150    0.242    4.421    4.861    7.902    9.264    9.633   13.122
            0.370000  0.290000  0.450000
   -4.119    0.200    4.382    4.829    7.934    9.247    9.664   13.071
            0.370000  0.290000  0.460000
   -4.088    0.158    4.342    4.796    7.967    9.231    9.698   13.020
            0.370000  0.290000  0.470000
   -4.056    0.116    4.300    4.761    8.000    9.217    9.733   12.971
            0.370000  0.290000  0.480000
   -4.023    0.076    4.257    4.726    8.033    9.205    9.770   12.923
            0.370000  0.290000  0.490000
   -3.990    0.036    4.211    4.690    8.065    9.196    9.808   12.876
            0.370000  0.290000  0.500000
   -3.957   -0.003    4.164    4.654    8.095    9.191    9.848   12.830
            0.370000  0.290000  0.510000
   -3.923   -0.040    4.115    4.618    8.122    9.190    9.890   12.785
            0.370000  0.290000  0.520000
   -3.888   -0.077    4.064    4.582    8.147    9.194    9.933   12.741
            0.370000  0.290000  0.530000
   -3.854   -0.114    4.011    4.547    8.167    9.203    9.978   12.698
            0.370000  0.290000  0.540000
   -3.819   -0.149    3.956    4.512    8.184    9.217   10.025   12.657
            0.370000  0.290000  0.550000
   -3.783   -0.183    3.900    4.479    8.196    9.237   10.073   12.616
            0.370000  0.290000  0.560000
   -3.748   -0.217    3.842    4.446    8.204    9.263   10.122   12.576
            0.370000  0.290000  0.570000
   -3.712   -0.250    3.782    4.414    8.207    9.294   10.173   12.538
            0.370000  0.290000  0.580000
   -3.675   -0.281    3.721    4.383    8.206    9.330   10.226   12.500
            0.370000  0.290000  0.590000
   -3.639   -0.312    3.659    4.353    8.202    9.371   10.280   12.464
            0.370000  0.290000  0.600000
   -3.602   -0.342    3.596    4.324    8.194    9.416   10.336   12.428
            0.370000  0.290000  0.610000
   -3.566   -0.371    3.532    4.296    8.183    9.465   10.393   12.394
            0.370000  0.290000  0.620000
   -3.529   -0.398    3.467    4.268    8.170    9.517   10.451   12.360
            0.370000  0.290000  0.630000
   -3.492   -0.425    3.401    4.242    8.155    9.572   10.511   12.328
            0.370000  0.290000  0.640000
   -3.455   -0.451    3.335    4.216    8.138    9.629   10.572   12.296
            0.370000  0.290000  0.650000
   -3.418   -0.476    3.269    4.192    8.120    9.688   10.635   12.265
            0.370000  0.290000  0.660000
   -3.381   -0.500    3.203    4.168    8.102    9.749   10.698   12.236
            0.370000  0.290000  0.670000
   -3.344   -0.522    3.136    4.144    8.082    9.812   10.763   12.207
            0.370000  0.290000  0.680000
   -3.307   -0.544    3.069    4.122    8.062    9.876   10.830   12.180
            0.370000  0.290000  0.690000
   -3.271   -0.565    3.003    4.100    8.041    9.941   10.897   12.153
            0.370000  0.290000  0.700000
   -3.234   -0.584    2.937    4.079    8.020   10.007   10.966   12.128
            0.370000  0.290000  0.710000
   -3.198   -0.603    2.871    4.059    8.000   10.074   11.035   12.103
            0.370000  0.290000  0.720000
   -3.163   -0.620    2.806    4.040    7.979   10.142   11.106   12.080
            0.370000  0.290000  0.730000
   -3.128   -0.636    2.741    4.021    7.959   10.210   11.177   12.058
            0.370000  0.290000  0.740000
   -3.093   -0.652    2.677    4.003    7.938   10.279   11.250   12.037
            0.370000  0.290000  0.750000
   -3.059   -0.666    2.614    3.985    7.919   10.348   11.322   12.017
            0.370000  0.290000  0.760000
   -3.025   -0.679    2.552    3.968    7.899   10.418   11.396   11.999
            0.370000  0.290000  0.770000
   -2.993   -0.691    2.491    3.952    7.880   10.488   11.469   11.982
            0.370000  0.290000  0.780000
   -2.961   -0.701    2.431    3.937    7.862   10.558   11.542   11.968
            0.370000  0.290000  0.790000
   -2.930   -0.711    2.372    3.922    7.844   10.629   11.614   11.956
            0.370000  0.290000  0.800000
   -2.899   -0.720    2.315    3.908    7.827   10.699   11.683   11.950
            0.370000  0.290000  0.810000
   -2.870   -0.727    2.259    3.895    7.810   10.770   11.745   11.952
            0.370000  0.290000  0.820000
   -2.842   -0.734    2.205    3.882    7.795   10.840   11.792   11.970
            0.370000  0.290000  0.830000
   -2.815   -0.740    2.152    3.870    7.780   10.910   11.818   12.012
            0.370000  0.290000  0.840000
   -2.789   -0.744    2.102    3.859    7.765   10.980   11.828   12.071
            0.370000  0.290000  0.850000
   -2.764   -0.748    2.053    3.848    7.752   11.048   11.831   12.139
            0.370000  0.290000  0.860000
   -2.741   -0.751    2.007    3.838    7.739   11.116   11.831   12.212
            0.370000  0.290000  0.870000
   -2.719   -0.753    1.963    3.829    7.727   11.182   11.831   12.286
            0.370000  0.290000  0.880000
   -2.698   -0.755    1.922    3.821    7.716   11.245   11.834   12.361
            0.370000  0.290000  0.890000
   -2.679   -0.756    1.883    3.813    7.706   11.306   11.839   12.436
            0.370000  0.290000  0.900000
   -2.662   -0.756    1.847    3.805    7.696   11.362   11.849   12.508
            0.370000  0.290000  0.910000
   -2.646   -0.756    1.814    3.799    7.688   11.412   11.864   12.579
            0.370000  0.290000  0.920000
   -2.631   -0.756    1.784    3.793    7.680   11.456   11.885   12.645
            0.370000  0.290000  0.930000
   -2.619   -0.755    1.757    3.788    7.673   11.491   11.913   12.704
            0.370000  0.290000  0.940000
   -2.607   -0.755    1.733    3.783    7.667   11.519   11.947   12.752
            0.370000  0.290000  0.950000
   -2.598   -0.754    1.713    3.780    7.662   11.540   11.985   12.783
            0.370000  0.290000  0.960000
   -2.590   -0.753    1.696    3.777    7.658   11.555   12.025   12.791
            0.370000  0.290000  0.970000
   -2.584   -0.753    1.683    3.774    7.655   11.565   12.064   12.781
            0.370000  0.290000  0.980000
   -2.580   -0.752    1.674    3.772    7.653   11.572   12.096   12.761
            0.370000  0.290000  0.990000
   -2.577   -0.752    1.668    3.771    7.651   11.576   12.118   12.745
            0.370000  0.290000  1.000000
   -2.576   -0.752    1.666    3.771    7.651   11.577   12.126   12.738
