 &plot nbnd=   8, nks=   101 /
            0.020000  0.580000  0.000000
   -4.369    1.733    3.812    3.821    6.896    8.522   12.257   12.278
            0.020000  0.580000  0.010000
   -4.368    1.732    3.811    3.821    6.899    8.524   12.256   12.273
            0.020000  0.580000  0.020000
   -4.367    1.729    3.807    3.822    6.907    8.528   12.248   12.264
            0.020000  0.580000  0.030000
   -4.365    1.723    3.799    3.823    6.920    8.536   12.224   12.259
            0.020000  0.580000  0.040000
   -4.363    1.716    3.787    3.827    6.937    8.548   12.188   12.256
            0.020000  0.580000  0.050000
   -4.359    1.706    3.771    3.831    6.960    8.562   12.143   12.253
            0.020000  0.580000  0.060000
   -4.355    1.695    3.752    3.837    6.988    8.580   12.090   12.250
            0.020000  0.580000  0.070000
   -4.350    1.681    3.731    3.844    7.020    8.600   12.029   12.246
            0.020000  0.580000  0.080000
   -4.345    1.665    3.706    3.851    7.057    8.624   11.962   12.241
            0.020000  0.580000  0.090000
   -4.339    1.648    3.679    3.860    7.098    8.651   11.890   12.236
            0.020000  0.580000  0.100000
   -4.332    1.628    3.650    3.869    7.142    8.681   11.813   12.230
            0.020000  0.580000  0.110000
   -4.324    1.607    3.618    3.879    7.191    8.714   11.732   12.224
            0.020000  0.580000  0.120000
   -4.315    1.585    3.585    3.890    7.243    8.750   11.648   12.217
            0.020000  0.580000  0.130000
   -4.306    1.561    3.549    3.902    7.299    8.789   11.561   12.210
            0.020000  0.580000  0.140000
   -4.296    1.535    3.512    3.914    7.357    8.830   11.471   12.202
            0.020000  0.580000  0.150000
   -4.285    1.508    3.474    3.927    7.419    8.875   11.380   12.194
            0.020000  0.580000  0.160000
   -4.274    1.479    3.434    3.940    7.484    8.922   11.287   12.185
            0.020000  0.580000  0.170000
   -4.262    1.450    3.394    3.954    7.551    8.972   11.192   12.176
            0.020000  0.580000  0.180000
   -4.249    1.419    3.352    3.968    7.620    9.024   11.096   12.166
            0.020000  0.580000  0.190000
   -4.236    1.387    3.310    3.983    7.692    9.079   11.000   12.155
            0.020000  0.580000  0.200000
   -4.221    1.354    3.267    3.998    7.767    9.137   10.902   12.145
            0.020000  0.580000  0.210000
   -4.206    1.320    3.224    4.014    7.843    9.197   10.804   12.133
            0.020000  0.580000  0.220000
   -4.191    1.285    3.180    4.029    7.921    9.259   10.706   12.121
            0.020000  0.580000  0.230000
   -4.174    1.250    3.136    4.045    8.001    9.323   10.608   12.109
            0.020000  0.580000  0.240000
   -4.157    1.213    3.092    4.062    8.083    9.390   10.510   12.097
            0.020000  0.580000  0.250000
   -4.140    1.177    3.048    4.078    8.167    9.459   10.411   12.084
            0.020000  0.580000  0.260000
   -4.121    1.139    3.004    4.094    8.252    9.530   10.313   12.070
            0.020000  0.580000  0.270000
   -4.102    1.101    2.960    4.111    8.339    9.602   10.216   12.057
            0.020000  0.580000  0.280000
   -4.082    1.063    2.916    4.127    8.427    9.676   10.120   12.043
            0.020000  0.580000  0.290000
   -4.062    1.024    2.872    4.144    8.516    9.750   10.026   12.028
            0.020000  0.580000  0.300000
   -4.041    0.984    2.828    4.160    8.607    9.816    9.944   12.014
            0.020000  0.580000  0.310000
   -4.019    0.945    2.785    4.177    8.699    9.804    9.941   11.999
            0.020000  0.580000  0.320000
   -3.997    0.905    2.742    4.193    8.793    9.721   10.012   11.984
            0.020000  0.580000  0.330000
   -3.973    0.865    2.700    4.208    8.887    9.631   10.093   11.968
            0.020000  0.580000  0.340000
   -3.950    0.824    2.658    4.224    8.982    9.539   10.179   11.953
            0.020000  0.580000  0.350000
   -3.925    0.784    2.617    4.239    9.078    9.449   10.266   11.937
            0.020000  0.580000  0.360000
   -3.900    0.743    2.576    4.253    9.175    9.360   10.355   11.921
            0.020000  0.580000  0.370000
   -3.875    0.702    2.536    4.267    9.250    9.294   10.446   11.905
            0.020000  0.580000  0.380000
   -3.849    0.661    2.497    4.281    9.179    9.378   10.539   11.889
            0.020000  0.580000  0.390000
   -3.822    0.620    2.458    4.293    9.094    9.477   10.633   11.873
            0.020000  0.580000  0.400000
   -3.794    0.579    2.420    4.305    9.011    9.577   10.728   11.857
            0.020000  0.580000  0.410000
   -3.766    0.538    2.382    4.316    8.929    9.679   10.825   11.841
            0.020000  0.580000  0.420000
   -3.738    0.498    2.345    4.326    8.849    9.782   10.923   11.825
            0.020000  0.580000  0.430000
   -3.709    0.457    2.310    4.334    8.771    9.885   11.022   11.809
            0.020000  0.580000  0.440000
   -3.679    0.416    2.275    4.342    8.696    9.989   11.122   11.793
            0.020000  0.580000  0.450000
   -3.649    0.376    2.240    4.348    8.623   10.093   11.223   11.778
            0.020000  0.580000  0.460000
   -3.618    0.335    2.207    4.352    8.552   10.199   11.324   11.764
            0.020000  0.580000  0.470000
   -3.587    0.295    2.175    4.355    8.485   10.304   11.425   11.751
            0.020000  0.580000  0.480000
   -3.555    0.255    2.143    4.356    8.420   10.410   11.523   11.742
            0.020000  0.580000  0.490000
   -3.523    0.215    2.112    4.356    8.359   10.516   11.610   11.745
            0.020000  0.580000  0.500000
   -3.490    0.175    2.083    4.353    8.300   10.622   11.657   11.790
            0.020000  0.580000  0.510000
   -3.457    0.135    2.054    4.348    8.246   10.728   11.662   11.877
            0.020000  0.580000  0.520000
   -3.423    0.096    2.027    4.341    8.194   10.834   11.656   11.977
            0.020000  0.580000  0.530000
   -3.389    0.056    2.000    4.332    8.147   10.938   11.647   12.080
            0.020000  0.580000  0.540000
   -3.354    0.017    1.974    4.321    8.103   11.041   11.640   12.182
            0.020000  0.580000  0.550000
   -3.319   -0.021    1.950    4.306    8.063   11.141   11.636   12.281
            0.020000  0.580000  0.560000
   -3.284   -0.060    1.927    4.290    8.027   11.234   11.638   12.373
            0.020000  0.580000  0.570000
   -3.248   -0.098    1.904    4.271    7.995   11.315   11.652   12.451
            0.020000  0.580000  0.580000
   -3.212   -0.136    1.883    4.249    7.967   11.376   11.686   12.504
            0.020000  0.580000  0.590000
   -3.176   -0.174    1.863    4.224    7.943   11.413   11.745   12.526
            0.020000  0.580000  0.600000
   -3.139   -0.212    1.844    4.197    7.924   11.428   11.824   12.522
            0.020000  0.580000  0.610000
   -3.102   -0.249    1.827    4.168    7.908   11.432   11.915   12.504
            0.020000  0.580000  0.620000
   -3.065   -0.286    1.811    4.136    7.897   11.428   12.012   12.478
            0.020000  0.580000  0.630000
   -3.027   -0.323    1.795    4.101    7.890   11.420   12.109   12.450
            0.020000  0.580000  0.640000
   -2.989   -0.359    1.781    4.064    7.887   11.410   12.204   12.422
            0.020000  0.580000  0.650000
   -2.951   -0.396    1.769    4.025    7.887   11.399   12.285   12.402
            0.020000  0.580000  0.660000
   -2.913   -0.432    1.757    3.984    7.892   11.386   12.314   12.423
            0.020000  0.580000  0.670000
   -2.874   -0.468    1.747    3.941    7.900   11.373   12.295   12.470
            0.020000  0.580000  0.680000
   -2.835   -0.503    1.739    3.895    7.912   11.359   12.265   12.490
            0.020000  0.580000  0.690000
   -2.796   -0.539    1.731    3.849    7.927   11.345   12.232   12.466
            0.020000  0.580000  0.700000
   -2.757   -0.574    1.726    3.800    7.946   11.330   12.199   12.412
            0.020000  0.580000  0.710000
   -2.718   -0.609    1.721    3.750    7.968   11.313   12.163   12.344
            0.020000  0.580000  0.720000
   -2.679   -0.644    1.718    3.699    7.993   11.296   12.125   12.272
            0.020000  0.580000  0.730000
   -2.640   -0.678    1.716    3.647    8.022   11.278   12.081   12.204
            0.020000  0.580000  0.740000
   -2.601   -0.713    1.716    3.594    8.052   11.258   12.027   12.146
            0.020000  0.580000  0.750000
   -2.561   -0.747    1.717    3.540    8.086   11.235   11.963   12.101
            0.020000  0.580000  0.760000
   -2.522   -0.781    1.720    3.486    8.123   11.210   11.894   12.064
            0.020000  0.580000  0.770000
   -2.483   -0.815    1.724    3.430    8.162   11.181   11.825   12.032
            0.020000  0.580000  0.780000
   -2.444   -0.848    1.729    3.375    8.203   11.147   11.759   12.003
            0.020000  0.580000  0.790000
   -2.405   -0.882    1.737    3.319    8.246   11.108   11.698   11.976
            0.020000  0.580000  0.800000
   -2.366   -0.915    1.745    3.263    8.292   11.062   11.644   11.951
            0.020000  0.580000  0.810000
   -2.327   -0.949    1.755    3.207    8.340   11.011   11.596   11.927
            0.020000  0.580000  0.820000
   -2.288   -0.982    1.767    3.151    8.390   10.953   11.555   11.904
            0.020000  0.580000  0.830000
   -2.249   -1.015    1.781    3.095    8.442   10.889   11.521   11.882
            0.020000  0.580000  0.840000
   -2.211   -1.048    1.796    3.040    8.496   10.820   11.493   11.862
            0.020000  0.580000  0.850000
   -2.173   -1.081    1.812    2.985    8.552   10.748   11.469   11.843
            0.020000  0.580000  0.860000
   -2.135   -1.114    1.830    2.930    8.609   10.673   11.450   11.825
            0.020000  0.580000  0.870000
   -2.097   -1.147    1.850    2.876    8.668   10.595   11.434   11.808
            0.020000  0.580000  0.880000
   -2.060   -1.180    1.871    2.823    8.729   10.516   11.421   11.792
            0.020000  0.580000  0.890000
   -2.023   -1.212    1.894    2.770    8.791   10.436   11.409   11.777
            0.020000  0.580000  0.900000
   -1.987   -1.244    1.918    2.718    8.854   10.356   11.400   11.764
            0.020000  0.580000  0.910000
   -1.951   -1.277    1.944    2.667    8.919   10.275   11.392   11.751
            0.020000  0.580000  0.920000
   -1.916   -1.309    1.971    2.617    8.986   10.194   11.386   11.740
            0.020000  0.580000  0.930000
   -1.881   -1.340    1.999    2.569    9.053   10.113   11.380   11.731
            0.020000  0.580000  0.940000
   -1.848   -1.371    2.029    2.521    9.122   10.032   11.376   11.722
            0.020000  0.580000  0.950000
   -1.815   -1.401    2.061    2.475    9.193    9.952   11.372   11.715
            0.020000  0.580000  0.960000
   -1.785   -1.429    2.093    2.431    9.264    9.873   11.369   11.709
            0.020000  0.580000  0.970000
   -1.758   -1.455    2.126    2.388    9.336    9.794   11.367   11.704
            0.020000  0.580000  0.980000
   -1.735   -1.477    2.158    2.349    9.409    9.716   11.366   11.701
            0.020000  0.580000  0.990000
   -1.719   -1.492    2.186    2.317    9.483    9.640   11.365   11.699
            0.020000  0.580000  1.000000
   -1.713   -1.498    2.199    2.302    9.541    9.580   11.365   11.698
