 &plot nbnd=   8, nks=   101 /
            0.460000  0.900000  0.000000
   -2.099   -1.114    1.991    2.581    9.919    9.927   10.494   11.929
            0.460000  0.900000  0.010000
   -2.100   -1.113    1.990    2.584    9.868    9.972   10.500   11.930
            0.460000  0.900000  0.020000
   -2.104   -1.110    1.988    2.592    9.810   10.014   10.520   11.931
            0.460000  0.900000  0.030000
   -2.111   -1.104    1.983    2.604    9.749   10.049   10.553   11.934
            0.460000  0.900000  0.040000
   -2.121   -1.097    1.977    2.621    9.685   10.078   10.597   11.938
            0.460000  0.900000  0.050000
   -2.133   -1.089    1.970    2.642    9.620   10.101   10.650   11.942
            0.460000  0.900000  0.060000
   -2.148   -1.078    1.962    2.667    9.555   10.120   10.711   11.948
            0.460000  0.900000  0.070000
   -2.165   -1.066    1.954    2.696    9.489   10.135   10.778   11.955
            0.460000  0.900000  0.080000
   -2.184   -1.052    1.946    2.728    9.423   10.149   10.849   11.963
            0.460000  0.900000  0.090000
   -2.205   -1.037    1.938    2.763    9.358   10.161   10.924   11.972
            0.460000  0.900000  0.100000
   -2.228   -1.021    1.930    2.800    9.293   10.172   11.002   11.982
            0.460000  0.900000  0.110000
   -2.253   -1.003    1.923    2.839    9.229   10.183   11.081   11.994
            0.460000  0.900000  0.120000
   -2.279   -0.985    1.916    2.881    9.166   10.193   11.163   12.007
            0.460000  0.900000  0.130000
   -2.307   -0.965    1.910    2.924    9.104   10.204   11.245   12.022
            0.460000  0.900000  0.140000
   -2.336   -0.945    1.906    2.969    9.042   10.214   11.329   12.038
            0.460000  0.900000  0.150000
   -2.366   -0.924    1.902    3.016    8.982   10.225   11.413   12.056
            0.460000  0.900000  0.160000
   -2.397   -0.902    1.899    3.064    8.924   10.236   11.497   12.076
            0.460000  0.900000  0.170000
   -2.429   -0.880    1.897    3.113    8.866   10.247   11.580   12.098
            0.460000  0.900000  0.180000
   -2.462   -0.857    1.897    3.164    8.810   10.259   11.661   12.124
            0.460000  0.900000  0.190000
   -2.496   -0.833    1.897    3.215    8.756   10.272   11.740   12.154
            0.460000  0.900000  0.200000
   -2.531   -0.808    1.899    3.267    8.703   10.284   11.815   12.190
            0.460000  0.900000  0.210000
   -2.566   -0.784    1.902    3.320    8.652   10.297   11.885   12.232
            0.460000  0.900000  0.220000
   -2.602   -0.758    1.906    3.373    8.603   10.311   11.947   12.283
            0.460000  0.900000  0.230000
   -2.638   -0.732    1.911    3.427    8.555   10.325   12.002   12.342
            0.460000  0.900000  0.240000
   -2.674   -0.706    1.917    3.481    8.509   10.340   12.048   12.409
            0.460000  0.900000  0.250000
   -2.711   -0.679    1.925    3.536    8.466   10.355   12.089   12.480
            0.460000  0.900000  0.260000
   -2.748   -0.651    1.934    3.590    8.424   10.370   12.124   12.551
            0.460000  0.900000  0.270000
   -2.786   -0.623    1.943    3.644    8.384   10.386   12.155   12.610
            0.460000  0.900000  0.280000
   -2.823   -0.595    1.954    3.698    8.347   10.402   12.182   12.629
            0.460000  0.900000  0.290000
   -2.861   -0.566    1.967    3.752    8.313   10.419   12.203   12.590
            0.460000  0.900000  0.300000
   -2.899   -0.536    1.980    3.804    8.280   10.436   12.215   12.524
            0.460000  0.900000  0.310000
   -2.937   -0.507    1.994    3.857    8.251   10.454   12.205   12.467
            0.460000  0.900000  0.320000
   -2.975   -0.476    2.009    3.908    8.224   10.472   12.163   12.438
            0.460000  0.900000  0.330000
   -3.013   -0.445    2.026    3.958    8.200   10.490   12.090   12.439
            0.460000  0.900000  0.340000
   -3.051   -0.414    2.043    4.008    8.178   10.509   12.000   12.455
            0.460000  0.900000  0.350000
   -3.089   -0.382    2.062    4.056    8.160   10.528   11.902   12.479
            0.460000  0.900000  0.360000
   -3.127   -0.350    2.081    4.102    8.145   10.547   11.800   12.507
            0.460000  0.900000  0.370000
   -3.165   -0.317    2.102    4.147    8.134   10.567   11.697   12.538
            0.460000  0.900000  0.380000
   -3.202   -0.283    2.123    4.190    8.126   10.587   11.592   12.571
            0.460000  0.900000  0.390000
   -3.239   -0.250    2.145    4.231    8.121   10.607   11.487   12.605
            0.460000  0.900000  0.400000
   -3.276   -0.215    2.169    4.270    8.120   10.627   11.382   12.640
            0.460000  0.900000  0.410000
   -3.313   -0.180    2.193    4.306    8.123   10.648   11.277   12.675
            0.460000  0.900000  0.420000
   -3.350   -0.145    2.218    4.341    8.129   10.669   11.172   12.711
            0.460000  0.900000  0.430000
   -3.386   -0.109    2.244    4.373    8.139   10.689   11.068   12.746
            0.460000  0.900000  0.440000
   -3.422   -0.073    2.270    4.402    8.153   10.710   10.964   12.777
            0.460000  0.900000  0.450000
   -3.457   -0.036    2.298    4.429    8.171   10.729   10.862   12.800
            0.460000  0.900000  0.460000
   -3.492    0.001    2.326    4.454    8.193   10.731   10.778   12.790
            0.460000  0.900000  0.470000
   -3.527    0.039    2.355    4.476    8.219   10.648   10.781   12.726
            0.460000  0.900000  0.480000
   -3.562    0.077    2.385    4.495    8.249   10.548   10.800   12.632
            0.460000  0.900000  0.490000
   -3.595    0.116    2.415    4.511    8.282   10.447   10.821   12.529
            0.460000  0.900000  0.500000
   -3.629    0.155    2.446    4.525    8.319   10.347   10.842   12.423
            0.460000  0.900000  0.510000
   -3.662    0.194    2.478    4.537    8.360   10.247   10.863   12.316
            0.460000  0.900000  0.520000
   -3.695    0.234    2.511    4.546    8.404   10.149   10.884   12.209
            0.460000  0.900000  0.530000
   -3.727    0.275    2.544    4.552    8.451   10.051   10.904   12.103
            0.460000  0.900000  0.540000
   -3.758    0.316    2.578    4.556    8.501    9.954   10.925   11.999
            0.460000  0.900000  0.550000
   -3.789    0.357    2.612    4.558    8.555    9.859   10.944   11.895
            0.460000  0.900000  0.560000
   -3.820    0.398    2.647    4.558    8.611    9.765   10.963   11.794
            0.460000  0.900000  0.570000
   -3.850    0.440    2.682    4.556    8.669    9.673   10.980   11.694
            0.460000  0.900000  0.580000
   -3.879    0.483    2.718    4.551    8.728    9.583   10.996   11.598
            0.460000  0.900000  0.590000
   -3.908    0.525    2.755    4.545    8.789    9.495   11.008   11.506
            0.460000  0.900000  0.600000
   -3.936    0.568    2.791    4.538    8.849    9.412   11.014   11.420
            0.460000  0.900000  0.610000
   -3.964    0.612    2.829    4.528    8.905    9.337   11.011   11.345
            0.460000  0.900000  0.620000
   -3.991    0.655    2.866    4.518    8.948    9.277   10.991   11.288
            0.460000  0.900000  0.630000
   -4.018    0.699    2.904    4.505    8.963    9.249   10.950   11.254
            0.460000  0.900000  0.640000
   -4.044    0.743    2.942    4.492    8.936    9.266   10.888   11.241
            0.460000  0.900000  0.650000
   -4.069    0.788    2.980    4.477    8.879    9.315   10.815   11.241
            0.460000  0.900000  0.660000
   -4.093    0.832    3.019    4.462    8.810    9.379   10.735   11.249
            0.460000  0.900000  0.670000
   -4.117    0.877    3.057    4.445    8.736    9.451   10.653   11.260
            0.460000  0.900000  0.680000
   -4.141    0.921    3.096    4.427    8.661    9.527   10.571   11.274
            0.460000  0.900000  0.690000
   -4.164    0.966    3.135    4.409    8.585    9.605   10.489   11.289
            0.460000  0.900000  0.700000
   -4.186    1.011    3.174    4.389    8.510    9.684   10.409   11.305
            0.460000  0.900000  0.710000
   -4.207    1.056    3.212    4.369    8.436    9.762   10.332   11.321
            0.460000  0.900000  0.720000
   -4.228    1.100    3.251    4.349    8.363    9.837   10.261   11.336
            0.460000  0.900000  0.730000
   -4.248    1.145    3.289    4.328    8.292    9.902   10.202   11.352
            0.460000  0.900000  0.740000
   -4.267    1.189    3.327    4.306    8.222    9.939   10.175   11.368
            0.460000  0.900000  0.750000
   -4.286    1.233    3.364    4.284    8.154    9.925   10.199   11.384
            0.460000  0.900000  0.760000
   -4.304    1.277    3.402    4.262    8.088    9.877   10.261   11.399
            0.460000  0.900000  0.770000
   -4.321    1.321    3.438    4.240    8.024    9.816   10.337   11.414
            0.460000  0.900000  0.780000
   -4.337    1.364    3.474    4.217    7.961    9.753   10.418   11.429
            0.460000  0.900000  0.790000
   -4.353    1.406    3.509    4.195    7.901    9.688   10.501   11.444
            0.460000  0.900000  0.800000
   -4.368    1.448    3.543    4.172    7.843    9.625   10.585   11.458
            0.460000  0.900000  0.810000
   -4.383    1.490    3.577    4.150    7.787    9.564   10.669   11.472
            0.460000  0.900000  0.820000
   -4.396    1.530    3.609    4.129    7.733    9.504   10.752   11.487
            0.460000  0.900000  0.830000
   -4.409    1.569    3.639    4.107    7.682    9.447   10.834   11.501
            0.460000  0.900000  0.840000
   -4.422    1.608    3.668    4.087    7.633    9.392   10.915   11.515
            0.460000  0.900000  0.850000
   -4.433    1.645    3.695    4.068    7.587    9.340   10.993   11.530
            0.460000  0.900000  0.860000
   -4.444    1.681    3.720    4.050    7.544    9.290   11.068   11.546
            0.460000  0.900000  0.870000
   -4.454    1.716    3.742    4.035    7.502    9.244   11.140   11.563
            0.460000  0.900000  0.880000
   -4.463    1.749    3.761    4.021    7.464    9.200   11.207   11.582
            0.460000  0.900000  0.890000
   -4.472    1.780    3.776    4.011    7.429    9.159   11.267   11.604
            0.460000  0.900000  0.900000
   -4.480    1.809    3.787    4.003    7.396    9.122   11.320   11.630
            0.460000  0.900000  0.910000
   -4.487    1.836    3.794    4.000    7.366    9.088   11.364   11.659
            0.460000  0.900000  0.920000
   -4.493    1.861    3.797    4.000    7.339    9.057   11.400   11.693
            0.460000  0.900000  0.930000
   -4.499    1.884    3.797    4.002    7.315    9.030   11.428   11.729
            0.460000  0.900000  0.940000
   -4.504    1.903    3.795    4.006    7.294    9.006   11.448   11.765
            0.460000  0.900000  0.950000
   -4.508    1.921    3.792    4.011    7.277    8.986   11.464   11.800
            0.460000  0.900000  0.960000
   -4.511    1.935    3.788    4.016    7.262    8.969   11.475   11.831
            0.460000  0.900000  0.970000
   -4.514    1.946    3.784    4.020    7.251    8.956   11.483   11.856
            0.460000  0.900000  0.980000
   -4.516    1.954    3.781    4.024    7.243    8.947   11.489   11.876
            0.460000  0.900000  0.990000
   -4.517    1.959    3.779    4.026    7.238    8.941   11.492   11.887
            0.460000  0.900000  1.000000
   -4.517    1.961    3.779    4.026    7.236    8.939   11.493   11.891
