 &plot nbnd=   8, nks=   101 /
            0.320000  0.570000  0.000000
   -4.042    0.971    2.761    4.252    8.828    9.667   10.051   11.902
            0.320000  0.570000  0.010000
   -4.042    0.969    2.764    4.252    8.824    9.667   10.056   11.897
            0.320000  0.570000  0.020000
   -4.041    0.962    2.771    4.252    8.814    9.668   10.069   11.884
            0.320000  0.570000  0.030000
   -4.040    0.950    2.784    4.253    8.799    9.669   10.090   11.862
            0.320000  0.570000  0.040000
   -4.038    0.934    2.801    4.253    8.778    9.671   10.120   11.832
            0.320000  0.570000  0.050000
   -4.035    0.915    2.822    4.254    8.752    9.672   10.156   11.795
            0.320000  0.570000  0.060000
   -4.032    0.891    2.848    4.255    8.723    9.673   10.200   11.752
            0.320000  0.570000  0.070000
   -4.028    0.864    2.877    4.256    8.691    9.674   10.248   11.703
            0.320000  0.570000  0.080000
   -4.023    0.834    2.910    4.257    8.657    9.675   10.302   11.650
            0.320000  0.570000  0.090000
   -4.018    0.801    2.945    4.258    8.622    9.676   10.361   11.592
            0.320000  0.570000  0.100000
   -4.012    0.766    2.983    4.259    8.586    9.676   10.423   11.532
            0.320000  0.570000  0.110000
   -4.006    0.729    3.024    4.261    8.549    9.675   10.488   11.470
            0.320000  0.570000  0.120000
   -3.999    0.690    3.066    4.262    8.513    9.675   10.556   11.406
            0.320000  0.570000  0.130000
   -3.992    0.649    3.109    4.264    8.477    9.674   10.626   11.340
            0.320000  0.570000  0.140000
   -3.984    0.608    3.154    4.266    8.441    9.672   10.697   11.276
            0.320000  0.570000  0.150000
   -3.975    0.565    3.200    4.267    8.407    9.670   10.767   11.212
            0.320000  0.570000  0.160000
   -3.966    0.521    3.247    4.269    8.374    9.667   10.834   11.155
            0.320000  0.570000  0.170000
   -3.957    0.477    3.294    4.272    8.342    9.664   10.885   11.114
            0.320000  0.570000  0.180000
   -3.946    0.433    3.341    4.274    8.312    9.659   10.896   11.116
            0.320000  0.570000  0.190000
   -3.936    0.388    3.387    4.276    8.283    9.654   10.862   11.164
            0.320000  0.570000  0.200000
   -3.925    0.343    3.434    4.279    8.257    9.648   10.808   11.235
            0.320000  0.570000  0.210000
   -3.913    0.298    3.480    4.282    8.232    9.641   10.747   11.315
            0.320000  0.570000  0.220000
   -3.901    0.253    3.525    4.285    8.209    9.633   10.684   11.399
            0.320000  0.570000  0.230000
   -3.888    0.208    3.569    4.288    8.189    9.622   10.622   11.486
            0.320000  0.570000  0.240000
   -3.875    0.163    3.611    4.292    8.170    9.611   10.561   11.575
            0.320000  0.570000  0.250000
   -3.862    0.118    3.652    4.297    8.154    9.597   10.501   11.665
            0.320000  0.570000  0.260000
   -3.848    0.075    3.690    4.302    8.140    9.582   10.443   11.757
            0.320000  0.570000  0.270000
   -3.833    0.031    3.726    4.308    8.129    9.564   10.389   11.850
            0.320000  0.570000  0.280000
   -3.819   -0.012    3.760    4.316    8.120    9.544   10.337   11.943
            0.320000  0.570000  0.290000
   -3.804   -0.054    3.791    4.324    8.113    9.521   10.289   12.038
            0.320000  0.570000  0.300000
   -3.788   -0.096    3.818    4.333    8.109    9.496   10.244   12.133
            0.320000  0.570000  0.310000
   -3.772   -0.137    3.842    4.344    8.107    9.469   10.202   12.230
            0.320000  0.570000  0.320000
   -3.756   -0.177    3.862    4.357    8.107    9.439   10.164   12.326
            0.320000  0.570000  0.330000
   -3.740   -0.217    3.879    4.370    8.109    9.408   10.130   12.423
            0.320000  0.570000  0.340000
   -3.724   -0.255    3.892    4.385    8.112    9.376   10.099   12.521
            0.320000  0.570000  0.350000
   -3.707   -0.292    3.901    4.401    8.118    9.343   10.071   12.619
            0.320000  0.570000  0.360000
   -3.690   -0.329    3.908    4.418    8.124    9.310   10.046   12.716
            0.320000  0.570000  0.370000
   -3.673   -0.364    3.911    4.435    8.132    9.278   10.023   12.814
            0.320000  0.570000  0.380000
   -3.656   -0.399    3.911    4.452    8.141    9.247   10.001   12.912
            0.320000  0.570000  0.390000
   -3.638   -0.432    3.908    4.468    8.150    9.219    9.982   13.009
            0.320000  0.570000  0.400000
   -3.621   -0.464    3.903    4.484    8.158    9.194    9.964   13.106
            0.320000  0.570000  0.410000
   -3.604   -0.495    3.896    4.500    8.166    9.173    9.948   13.202
            0.320000  0.570000  0.420000
   -3.586   -0.525    3.887    4.514    8.173    9.156    9.932   13.297
            0.320000  0.570000  0.430000
   -3.569   -0.553    3.876    4.526    8.178    9.144    9.918   13.390
            0.320000  0.570000  0.440000
   -3.552   -0.580    3.864    4.537    8.182    9.139    9.904   13.481
            0.320000  0.570000  0.450000
   -3.535   -0.605    3.849    4.546    8.184    9.139    9.891   13.569
            0.320000  0.570000  0.460000
   -3.518   -0.629    3.834    4.554    8.183    9.145    9.879   13.654
            0.320000  0.570000  0.470000
   -3.501   -0.652    3.817    4.559    8.180    9.157    9.868   13.734
            0.320000  0.570000  0.480000
   -3.485   -0.673    3.799    4.563    8.176    9.175    9.858   13.808
            0.320000  0.570000  0.490000
   -3.468   -0.692    3.780    4.564    8.171    9.197    9.849   13.875
            0.320000  0.570000  0.500000
   -3.453   -0.710    3.759    4.563    8.164    9.224    9.841   13.932
            0.320000  0.570000  0.510000
   -3.437   -0.726    3.738    4.560    8.157    9.254    9.836   13.979
            0.320000  0.570000  0.520000
   -3.422   -0.740    3.715    4.555    8.151    9.287    9.833   14.012
            0.320000  0.570000  0.530000
   -3.408   -0.753    3.692    4.547    8.145    9.320    9.833   14.032
            0.320000  0.570000  0.540000
   -3.394   -0.764    3.667    4.538    8.139    9.353    9.838   14.038
            0.320000  0.570000  0.550000
   -3.380   -0.773    3.641    4.526    8.136    9.384    9.849   14.030
            0.320000  0.570000  0.560000
   -3.367   -0.780    3.615    4.512    8.133    9.411    9.866   14.008
            0.320000  0.570000  0.570000
   -3.355   -0.785    3.587    4.497    8.133    9.432    9.892   13.973
            0.320000  0.570000  0.580000
   -3.343   -0.789    3.559    4.479    8.135    9.448    9.926   13.926
            0.320000  0.570000  0.590000
   -3.332   -0.791    3.529    4.460    8.139    9.458    9.969   13.869
            0.320000  0.570000  0.600000
   -3.321   -0.790    3.499    4.439    8.145    9.463   10.018   13.803
            0.320000  0.570000  0.610000
   -3.312   -0.788    3.468    4.417    8.154    9.463   10.074   13.730
            0.320000  0.570000  0.620000
   -3.303   -0.784    3.435    4.394    8.165    9.460   10.136   13.651
            0.320000  0.570000  0.630000
   -3.294   -0.778    3.402    4.369    8.179    9.455   10.201   13.568
            0.320000  0.570000  0.640000
   -3.286   -0.771    3.367    4.344    8.195    9.447   10.271   13.481
            0.320000  0.570000  0.650000
   -3.279   -0.761    3.332    4.318    8.214    9.438   10.343   13.391
            0.320000  0.570000  0.660000
   -3.273   -0.750    3.296    4.291    8.235    9.428   10.417   13.300
            0.320000  0.570000  0.670000
   -3.267   -0.737    3.258    4.264    8.258    9.417   10.494   13.207
            0.320000  0.570000  0.680000
   -3.262   -0.722    3.220    4.237    8.285    9.406   10.572   13.113
            0.320000  0.570000  0.690000
   -3.258   -0.706    3.180    4.210    8.313    9.394   10.652   13.018
            0.320000  0.570000  0.700000
   -3.254   -0.688    3.140    4.183    8.344    9.381   10.733   12.922
            0.320000  0.570000  0.710000
   -3.251   -0.669    3.099    4.156    8.377    9.369   10.816   12.826
            0.320000  0.570000  0.720000
   -3.248   -0.648    3.057    4.129    8.412    9.356   10.899   12.731
            0.320000  0.570000  0.730000
   -3.246   -0.626    3.014    4.103    8.449    9.344   10.983   12.635
            0.320000  0.570000  0.740000
   -3.244   -0.602    2.970    4.078    8.488    9.332   11.067   12.540
            0.320000  0.570000  0.750000
   -3.243   -0.578    2.926    4.053    8.529    9.320   11.152   12.445
            0.320000  0.570000  0.760000
   -3.242   -0.552    2.881    4.029    8.572    9.308   11.237   12.350
            0.320000  0.570000  0.770000
   -3.241   -0.525    2.836    4.006    8.616    9.296   11.322   12.257
            0.320000  0.570000  0.780000
   -3.241   -0.498    2.790    3.983    8.662    9.284   11.407   12.164
            0.320000  0.570000  0.790000
   -3.241   -0.469    2.744    3.962    8.710    9.273   11.490   12.074
            0.320000  0.570000  0.800000
   -3.242   -0.441    2.699    3.941    8.760    9.263   11.571   11.987
            0.320000  0.570000  0.810000
   -3.242   -0.411    2.653    3.922    8.810    9.252   11.643   11.909
            0.320000  0.570000  0.820000
   -3.243   -0.382    2.608    3.903    8.862    9.243   11.684   11.864
            0.320000  0.570000  0.830000
   -3.244   -0.352    2.563    3.886    8.916    9.233   11.652   11.892
            0.320000  0.570000  0.840000
   -3.245   -0.322    2.519    3.869    8.970    9.225   11.580   11.960
            0.320000  0.570000  0.850000
   -3.246   -0.292    2.475    3.854    9.025    9.217   11.499   12.038
            0.320000  0.570000  0.860000
   -3.247   -0.263    2.433    3.840    9.080    9.210   11.415   12.118
            0.320000  0.570000  0.870000
   -3.248   -0.234    2.392    3.826    9.133    9.207   11.332   12.199
            0.320000  0.570000  0.880000
   -3.250   -0.206    2.353    3.814    9.170    9.221   11.249   12.279
            0.320000  0.570000  0.890000
   -3.251   -0.179    2.315    3.802    9.176    9.266   11.167   12.358
            0.320000  0.570000  0.900000
   -3.252   -0.153    2.280    3.792    9.173    9.322   11.087   12.435
            0.320000  0.570000  0.910000
   -3.253   -0.129    2.247    3.783    9.169    9.379   11.010   12.509
            0.320000  0.570000  0.920000
   -3.254   -0.106    2.216    3.774    9.165    9.436   10.935   12.580
            0.320000  0.570000  0.930000
   -3.255   -0.085    2.188    3.767    9.161    9.492   10.863   12.647
            0.320000  0.570000  0.940000
   -3.256   -0.067    2.163    3.761    9.157    9.546   10.795   12.709
            0.320000  0.570000  0.950000
   -3.257   -0.051    2.142    3.755    9.154    9.598   10.733   12.764
            0.320000  0.570000  0.960000
   -3.258   -0.037    2.124    3.751    9.152    9.644   10.677   12.813
            0.320000  0.570000  0.970000
   -3.258   -0.026    2.110    3.747    9.150    9.685   10.629   12.852
            0.320000  0.570000  0.980000
   -3.259   -0.019    2.100    3.745    9.148    9.716   10.593   12.881
            0.320000  0.570000  0.990000
   -3.259   -0.014    2.094    3.744    9.147    9.736   10.569   12.900
            0.320000  0.570000  1.000000
   -3.259   -0.012    2.091    3.743    9.147    9.743   10.561   12.906
