 &plot nbnd=   8, nks=    81 /
            0.525000  0.175000 -1.000000
   -3.067   -1.522    1.360    2.325    8.455    9.051    9.459   11.178
            0.525000  0.175000 -0.975000
   -3.071   -1.521    1.363    2.332    8.457    8.979    9.536   11.180
            0.525000  0.175000 -0.950000
   -3.083   -1.517    1.372    2.353    8.462    8.836    9.697   11.187
            0.525000  0.175000 -0.925000
   -3.103   -1.511    1.386    2.386    8.472    8.677    9.884   11.198
            0.525000  0.175000 -0.900000
   -3.131   -1.502    1.406    2.433    8.480    8.522   10.082   11.212
            0.525000  0.175000 -0.875000
   -3.166   -1.489    1.430    2.492    8.356    8.507   10.287   11.231
            0.525000  0.175000 -0.850000
   -3.208   -1.473    1.459    2.562    8.206    8.527   10.497   11.251
            0.525000  0.175000 -0.825000
   -3.257   -1.452    1.493    2.642    8.062    8.552   10.707   11.272
            0.525000  0.175000 -0.800000
   -3.311   -1.427    1.530    2.730    7.925    8.581   10.908   11.289
            0.525000  0.175000 -0.775000
   -3.371   -1.397    1.572    2.826    7.797    8.613   11.046   11.325
            0.525000  0.175000 -0.750000
   -3.434   -1.362    1.617    2.926    7.679    8.648   10.996   11.470
            0.525000  0.175000 -0.725000
   -3.502   -1.322    1.665    3.031    7.570    8.686   10.826   11.572
            0.525000  0.175000 -0.700000
   -3.572   -1.278    1.717    3.137    7.473    8.727   10.621   11.610
            0.525000  0.175000 -0.675000
   -3.644   -1.228    1.772    3.242    7.389    8.770   10.405   11.661
            0.525000  0.175000 -0.650000
   -3.718   -1.173    1.830    3.344    7.318    8.815   10.186   11.721
            0.525000  0.175000 -0.625000
   -3.792   -1.113    1.891    3.442    7.263    8.861    9.968   11.785
            0.525000  0.175000 -0.600000
   -3.867   -1.049    1.955    3.531    7.223    8.907    9.754   11.852
            0.525000  0.175000 -0.575000
   -3.941   -0.980    2.022    3.612    7.201    8.951    9.549   11.915
            0.525000  0.175000 -0.550000
   -4.015   -0.907    2.091    3.680    7.196    8.982    9.362   11.959
            0.525000  0.175000 -0.525000
   -4.088   -0.829    2.162    3.735    7.210    8.967    9.229   11.933
            0.525000  0.175000 -0.500000
   -4.159   -0.748    2.236    3.776    7.240    8.855    9.203   11.788
            0.525000  0.175000 -0.475000
   -4.228   -0.662    2.311    3.803    7.284    8.699    9.232   11.576
            0.525000  0.175000 -0.450000
   -4.295   -0.573    2.387    3.814    7.337    8.545    9.277   11.345
            0.525000  0.175000 -0.425000
   -4.359   -0.481    2.464    3.812    7.393    8.410    9.325   11.111
            0.525000  0.175000 -0.400000
   -4.421   -0.385    2.541    3.797    7.436    8.308    9.374   10.879
            0.525000  0.175000 -0.375000
   -4.480   -0.287    2.618    3.771    7.451    8.256    9.423   10.654
            0.525000  0.175000 -0.350000
   -4.536   -0.186    2.694    3.734    7.425    8.263    9.471   10.437
            0.525000  0.175000 -0.325000
   -4.588   -0.083    2.767    3.689    7.364    8.322    9.517   10.232
            0.525000  0.175000 -0.300000
   -4.637    0.021    2.838    3.637    7.285    8.412    9.559   10.043
            0.525000  0.175000 -0.275000
   -4.683    0.126    2.904    3.580    7.201    8.515    9.590    9.882
            0.525000  0.175000 -0.250000
   -4.725    0.231    2.963    3.522    7.119    8.612    9.583    9.786
            0.525000  0.175000 -0.225000
   -4.763    0.335    3.011    3.466    7.046    8.685    9.521    9.787
            0.525000  0.175000 -0.200000
   -4.798    0.437    3.044    3.419    6.982    8.711    9.470    9.834
            0.525000  0.175000 -0.175000
   -4.828    0.536    3.053    3.389    6.929    8.683    9.463    9.903
            0.525000  0.175000 -0.150000
   -4.855    0.630    3.036    3.381    6.888    8.616    9.487    9.988
            0.525000  0.175000 -0.125000
   -4.878    0.716    2.999    3.389    6.858    8.532    9.521   10.086
            0.525000  0.175000 -0.100000
   -4.896    0.793    2.953    3.405    6.837    8.448    9.552   10.189
            0.525000  0.175000 -0.075000
   -4.911    0.857    2.910    3.422    6.824    8.375    9.577   10.287
            0.525000  0.175000 -0.050000
   -4.921    0.906    2.874    3.435    6.816    8.318    9.594   10.369
            0.525000  0.175000 -0.025000
   -4.927    0.937    2.850    3.444    6.813    8.282    9.604   10.424
            0.525000  0.175000  0.000000
   -4.929    0.947    2.842    3.447    6.812    8.270    9.607   10.443
            0.525000  0.175000  0.025000
   -4.927    0.937    2.850    3.444    6.813    8.282    9.604   10.424
            0.525000  0.175000  0.050000
   -4.921    0.906    2.874    3.435    6.816    8.318    9.594   10.369
            0.525000  0.175000  0.075000
   -4.911    0.857    2.910    3.422    6.824    8.375    9.577   10.287
            0.525000  0.175000  0.100000
   -4.896    0.793    2.953    3.405    6.837    8.448    9.552   10.189
            0.525000  0.175000  0.125000
   -4.878    0.716    2.999    3.389    6.858    8.532    9.521   10.086
            0.525000  0.175000  0.150000
   -4.855    0.630    3.036    3.381    6.888    8.616    9.487    9.988
            0.525000  0.175000  0.175000
   -4.828    0.536    3.053    3.389    6.929    8.683    9.463    9.903
            0.525000  0.175000  0.200000
   -4.798    0.437    3.044    3.419    6.982    8.711    9.470    9.834
            0.525000  0.175000  0.225000
   -4.763    0.335    3.011    3.466    7.046    8.685    9.521    9.787
            0.525000  0.175000  0.250000
   -4.725    0.231    2.963    3.522    7.119    8.612    9.583    9.786
            0.525000  0.175000  0.275000
   -4.683    0.126    2.904    3.580    7.201    8.515    9.590    9.882
            0.525000  0.175000  0.300000
   -4.637    0.021    2.838    3.637    7.285    8.412    9.559   10.043
            0.525000  0.175000  0.325000
   -4.588   -0.083    2.767    3.689    7.364    8.322    9.517   10.232
            0.525000  0.175000  0.350000
   -4.536   -0.186    2.694    3.734    7.425    8.263    9.471   10.437
            0.525000  0.175000  0.375000
   -4.480   -0.287    2.618    3.771    7.451    8.256    9.423   10.654
            0.525000  0.175000  0.400000
   -4.421   -0.385    2.541    3.797    7.436    8.308    9.374   10.879
            0.525000  0.175000  0.425000
   -4.359   -0.481    2.464    3.812    7.393    8.410    9.325   11.111
            0.525000  0.175000  0.450000
   -4.295   -0.573    2.387    3.814    7.337    8.545    9.277   11.345
            0.525000  0.175000  0.475000
   -4.228   -0.662    2.311    3.803    7.284    8.699    9.232   11.576
            0.525000  0.175000  0.500000
   -4.159   -0.748    2.236    3.776    7.240    8.855    9.203   11.788
            0.525000  0.175000  0.525000
   -4.088   -0.829    2.162    3.735    7.210    8.967    9.229   11.933
            0.525000  0.175000  0.550000
   -4.015   -0.907    2.091    3.680    7.196    8.982    9.362   11.959
            0.525000  0.175000  0.575000
   -3.941   -0.980    2.022    3.612    7.201    8.951    9.549   11.915
            0.525000  0.175000  0.600000
   -3.867   -1.049    1.955    3.531    7.223    8.907    9.754   11.852
            0.525000  0.175000  0.625000
   -3.792   -1.113    1.891    3.442    7.263    8.861    9.968   11.785
            0.525000  0.175000  0.650000
   -3.718   -1.173    1.830    3.344    7.318    8.815   10.186   11.721
            0.525000  0.175000  0.675000
   -3.644   -1.228    1.772    3.242    7.389    8.770   10.405   11.661
            0.525000  0.175000  0.700000
   -3.572   -1.278    1.717    3.137    7.473    8.727   10.621   11.610
            0.525000  0.175000  0.725000
   -3.502   -1.322    1.665    3.031    7.570    8.686   10.826   11.572
            0.525000  0.175000  0.750000
   -3.434   -1.362    1.617    2.926    7.679    8.648   10.996   11.470
            0.525000  0.175000  0.775000
   -3.371   -1.397    1.572    2.826    7.797    8.613   11.046   11.325
            0.525000  0.175000  0.800000
   -3.311   -1.427    1.530    2.730    7.925    8.581   10.908   11.289
            0.525000  0.175000  0.825000
   -3.257   -1.452    1.493    2.642    8.062    8.552   10.707   11.272
            0.525000  0.175000  0.850000
   -3.208   -1.473    1.459    2.562    8.206    8.527   10.497   11.251
            0.525000  0.175000  0.875000
   -3.166   -1.489    1.430    2.492    8.356    8.507   10.287   11.231
            0.525000  0.175000  0.900000
   -3.131   -1.502    1.406    2.433    8.480    8.522   10.082   11.212
            0.525000  0.175000  0.925000
   -3.103   -1.511    1.386    2.386    8.472    8.677    9.884   11.198
            0.525000  0.175000  0.950000
   -3.083   -1.517    1.372    2.353    8.462    8.836    9.697   11.187
            0.525000  0.175000  0.975000
   -3.071   -1.521    1.363    2.332    8.457    8.979    9.536   11.180
            0.525000  0.175000  1.000000
   -3.067   -1.522    1.360    2.325    8.455    9.051    9.459   11.178
