 &plot nbnd=   8, nks=   101 /
            0.400000  0.650000  0.000000
   -3.478    0.236    2.247    3.885    9.300    9.471   10.379   12.618
            0.400000  0.650000  0.010000
   -3.478    0.234    2.249    3.885    9.300    9.466   10.386   12.612
            0.400000  0.650000  0.020000
   -3.478    0.229    2.256    3.886    9.301    9.448   10.406   12.595
            0.400000  0.650000  0.030000
   -3.477    0.220    2.266    3.888    9.302    9.422   10.439   12.567
            0.400000  0.650000  0.040000
   -3.476    0.207    2.282    3.891    9.302    9.387   10.482   12.530
            0.400000  0.650000  0.050000
   -3.474    0.192    2.301    3.895    9.302    9.349   10.533   12.485
            0.400000  0.650000  0.060000
   -3.472    0.173    2.323    3.899    9.288    9.320   10.591   12.432
            0.400000  0.650000  0.070000
   -3.470    0.151    2.350    3.904    9.245    9.316   10.655   12.373
            0.400000  0.650000  0.080000
   -3.468    0.127    2.379    3.910    9.195    9.318   10.722   12.309
            0.400000  0.650000  0.090000
   -3.465    0.101    2.411    3.917    9.143    9.322   10.794   12.241
            0.400000  0.650000  0.100000
   -3.462    0.073    2.446    3.925    9.090    9.326   10.868   12.170
            0.400000  0.650000  0.110000
   -3.459    0.043    2.483    3.933    9.036    9.330   10.945   12.096
            0.400000  0.650000  0.120000
   -3.455    0.012    2.523    3.943    8.982    9.336   11.024   12.020
            0.400000  0.650000  0.130000
   -3.452   -0.021    2.564    3.953    8.929    9.341   11.104   11.943
            0.400000  0.650000  0.140000
   -3.448   -0.054    2.606    3.964    8.876    9.347   11.185   11.865
            0.400000  0.650000  0.150000
   -3.444   -0.088    2.650    3.976    8.824    9.353   11.266   11.788
            0.400000  0.650000  0.160000
   -3.439   -0.123    2.695    3.988    8.773    9.360   11.344   11.714
            0.400000  0.650000  0.170000
   -3.435   -0.158    2.740    4.002    8.724    9.367   11.412   11.652
            0.400000  0.650000  0.180000
   -3.430   -0.194    2.786    4.016    8.675    9.374   11.439   11.630
            0.400000  0.650000  0.190000
   -3.425   -0.229    2.832    4.031    8.628    9.381   11.400   11.676
            0.400000  0.650000  0.200000
   -3.421   -0.264    2.879    4.047    8.582    9.389   11.331   11.751
            0.400000  0.650000  0.210000
   -3.416   -0.299    2.925    4.063    8.538    9.397   11.254   11.837
            0.400000  0.650000  0.220000
   -3.411   -0.334    2.972    4.081    8.496    9.405   11.174   11.926
            0.400000  0.650000  0.230000
   -3.406   -0.368    3.018    4.099    8.456    9.412   11.093   12.017
            0.400000  0.650000  0.240000
   -3.401   -0.402    3.063    4.117    8.417    9.420   11.012   12.110
            0.400000  0.650000  0.250000
   -3.396   -0.435    3.108    4.137    8.380    9.428   10.931   12.203
            0.400000  0.650000  0.260000
   -3.392   -0.467    3.152    4.156    8.346    9.436   10.851   12.297
            0.400000  0.650000  0.270000
   -3.387   -0.498    3.195    4.177    8.313    9.443   10.771   12.392
            0.400000  0.650000  0.280000
   -3.383   -0.528    3.237    4.198    8.283    9.450   10.692   12.488
            0.400000  0.650000  0.290000
   -3.379   -0.556    3.278    4.219    8.255    9.457   10.614   12.583
            0.400000  0.650000  0.300000
   -3.375   -0.584    3.318    4.240    8.229    9.463   10.538   12.679
            0.400000  0.650000  0.310000
   -3.371   -0.611    3.356    4.262    8.206    9.468   10.464   12.775
            0.400000  0.650000  0.320000
   -3.368   -0.636    3.393    4.283    8.185    9.472   10.392   12.870
            0.400000  0.650000  0.330000
   -3.365   -0.659    3.429    4.304    8.167    9.474   10.322   12.966
            0.400000  0.650000  0.340000
   -3.363   -0.681    3.464    4.326    8.151    9.475   10.256   13.060
            0.400000  0.650000  0.350000
   -3.361   -0.702    3.497    4.346    8.137    9.473   10.193   13.153
            0.400000  0.650000  0.360000
   -3.360   -0.721    3.529    4.366    8.127    9.469   10.134   13.246
            0.400000  0.650000  0.370000
   -3.359   -0.738    3.559    4.386    8.118    9.462   10.080   13.336
            0.400000  0.650000  0.380000
   -3.358   -0.754    3.588    4.404    8.112    9.450   10.032   13.424
            0.400000  0.650000  0.390000
   -3.358   -0.768    3.616    4.422    8.109    9.435    9.990   13.510
            0.400000  0.650000  0.400000
   -3.359   -0.780    3.642    4.438    8.108    9.415    9.954   13.592
            0.400000  0.650000  0.410000
   -3.360   -0.790    3.667    4.453    8.109    9.390    9.926   13.669
            0.400000  0.650000  0.420000
   -3.362   -0.798    3.690    4.467    8.111    9.362    9.903   13.741
            0.400000  0.650000  0.430000
   -3.365   -0.804    3.712    4.479    8.116    9.332    9.887   13.806
            0.400000  0.650000  0.440000
   -3.368   -0.809    3.732    4.490    8.121    9.300    9.875   13.862
            0.400000  0.650000  0.450000
   -3.372   -0.811    3.751    4.499    8.128    9.268    9.867   13.909
            0.400000  0.650000  0.460000
   -3.377   -0.812    3.769    4.507    8.135    9.236    9.862   13.944
            0.400000  0.650000  0.470000
   -3.382   -0.811    3.785    4.512    8.143    9.207    9.860   13.967
            0.400000  0.650000  0.480000
   -3.388   -0.807    3.800    4.516    8.150    9.181    9.860   13.976
            0.400000  0.650000  0.490000
   -3.395   -0.802    3.813    4.519    8.156    9.159    9.862   13.972
            0.400000  0.650000  0.500000
   -3.402   -0.795    3.824    4.519    8.161    9.142    9.864   13.954
            0.400000  0.650000  0.510000
   -3.410   -0.786    3.834    4.518    8.165    9.130    9.869   13.923
            0.400000  0.650000  0.520000
   -3.418   -0.775    3.842    4.515    8.166    9.124    9.874   13.879
            0.400000  0.650000  0.530000
   -3.427   -0.763    3.849    4.511    8.166    9.124    9.880   13.826
            0.400000  0.650000  0.540000
   -3.436   -0.748    3.854    4.505    8.163    9.130    9.887   13.763
            0.400000  0.650000  0.550000
   -3.446   -0.732    3.857    4.497    8.158    9.141    9.894   13.694
            0.400000  0.650000  0.560000
   -3.457   -0.714    3.858    4.489    8.152    9.158    9.903   13.618
            0.400000  0.650000  0.570000
   -3.467   -0.694    3.857    4.479    8.144    9.179    9.914   13.537
            0.400000  0.650000  0.580000
   -3.478   -0.673    3.854    4.468    8.136    9.205    9.926   13.452
            0.400000  0.650000  0.590000
   -3.490   -0.650    3.849    4.456    8.128    9.233    9.939   13.364
            0.400000  0.650000  0.600000
   -3.501   -0.626    3.841    4.443    8.120    9.264    9.955   13.274
            0.400000  0.650000  0.610000
   -3.513   -0.600    3.832    4.430    8.112    9.296    9.973   13.182
            0.400000  0.650000  0.620000
   -3.525   -0.572    3.819    4.417    8.106    9.328    9.994   13.088
            0.400000  0.650000  0.630000
   -3.537   -0.544    3.805    4.403    8.101    9.360   10.019   12.993
            0.400000  0.650000  0.640000
   -3.550   -0.514    3.787    4.388    8.098    9.390   10.047   12.897
            0.400000  0.650000  0.650000
   -3.562   -0.482    3.768    4.374    8.096    9.419   10.080   12.801
            0.400000  0.650000  0.660000
   -3.575   -0.450    3.745    4.360    8.097    9.445   10.117   12.705
            0.400000  0.650000  0.670000
   -3.587   -0.416    3.720    4.346    8.100    9.469   10.159   12.608
            0.400000  0.650000  0.680000
   -3.600   -0.382    3.693    4.333    8.105    9.489   10.205   12.512
            0.400000  0.650000  0.690000
   -3.612   -0.346    3.663    4.319    8.112    9.507   10.256   12.415
            0.400000  0.650000  0.700000
   -3.624   -0.309    3.631    4.306    8.122    9.522   10.310   12.319
            0.400000  0.650000  0.710000
   -3.636   -0.272    3.597    4.294    8.135    9.534   10.369   12.223
            0.400000  0.650000  0.720000
   -3.648   -0.233    3.560    4.282    8.150    9.544   10.430   12.128
            0.400000  0.650000  0.730000
   -3.660   -0.194    3.522    4.271    8.167    9.552   10.494   12.033
            0.400000  0.650000  0.740000
   -3.672   -0.154    3.482    4.259    8.187    9.558   10.561   11.940
            0.400000  0.650000  0.750000
   -3.683   -0.114    3.440    4.249    8.209    9.563   10.629   11.847
            0.400000  0.650000  0.760000
   -3.694   -0.073    3.397    4.239    8.233    9.567   10.699   11.755
            0.400000  0.650000  0.770000
   -3.705   -0.031    3.353    4.229    8.260    9.569   10.770   11.664
            0.400000  0.650000  0.780000
   -3.715    0.011    3.307    4.220    8.289    9.570   10.841   11.576
            0.400000  0.650000  0.790000
   -3.725    0.053    3.261    4.211    8.319    9.571   10.912   11.489
            0.400000  0.650000  0.800000
   -3.735    0.095    3.215    4.202    8.352    9.571   10.980   11.408
            0.400000  0.650000  0.810000
   -3.745    0.137    3.168    4.194    8.387    9.571   11.041   11.335
            0.400000  0.650000  0.820000
   -3.754    0.179    3.121    4.187    8.423    9.570   11.077   11.289
            0.400000  0.650000  0.830000
   -3.762    0.221    3.074    4.179    8.461    9.569   11.059   11.297
            0.400000  0.650000  0.840000
   -3.770    0.262    3.027    4.172    8.501    9.568   11.001   11.347
            0.400000  0.650000  0.850000
   -3.778    0.303    2.981    4.166    8.541    9.566   10.930   11.412
            0.400000  0.650000  0.860000
   -3.785    0.343    2.936    4.160    8.583    9.564   10.855   11.481
            0.400000  0.650000  0.870000
   -3.792    0.382    2.892    4.154    8.626    9.563   10.779   11.552
            0.400000  0.650000  0.880000
   -3.799    0.420    2.849    4.149    8.669    9.561   10.705   11.622
            0.400000  0.650000  0.890000
   -3.805    0.457    2.807    4.144    8.713    9.559   10.632   11.692
            0.400000  0.650000  0.900000
   -3.810    0.492    2.768    4.139    8.757    9.557   10.562   11.759
            0.400000  0.650000  0.910000
   -3.815    0.525    2.731    4.135    8.801    9.555   10.494   11.824
            0.400000  0.650000  0.920000
   -3.819    0.555    2.696    4.132    8.843    9.553   10.430   11.886
            0.400000  0.650000  0.930000
   -3.823    0.584    2.665    4.128    8.885    9.552   10.370   11.944
            0.400000  0.650000  0.940000
   -3.827    0.609    2.637    4.125    8.924    9.550   10.315   11.996
            0.400000  0.650000  0.950000
   -3.830    0.631    2.612    4.123    8.959    9.548   10.265   12.044
            0.400000  0.650000  0.960000
   -3.832    0.649    2.591    4.121    8.991    9.547   10.222   12.084
            0.400000  0.650000  0.970000
   -3.834    0.664    2.575    4.120    9.018    9.546   10.187   12.117
            0.400000  0.650000  0.980000
   -3.835    0.675    2.563    4.119    9.038    9.545   10.161   12.141
            0.400000  0.650000  0.990000
   -3.836    0.681    2.556    4.118    9.050    9.544   10.145   12.156
            0.400000  0.650000  1.000000
   -3.836    0.683    2.553    4.118    9.054    9.544   10.140   12.161
