 &plot nbnd=   8, nks=   101 /
            0.110000  0.300000  0.000000
   -5.349    3.780    4.711    5.212    8.054    9.466    9.859   10.646
            0.110000  0.300000  0.010000
   -5.349    3.775    4.715    5.211    8.056    9.462    9.860   10.648
            0.110000  0.300000  0.020000
   -5.347    3.762    4.726    5.206    8.061    9.451    9.863   10.655
            0.110000  0.300000  0.030000
   -5.345    3.742    4.743    5.200    8.068    9.433    9.867   10.667
            0.110000  0.300000  0.040000
   -5.343    3.714    4.766    5.190    8.079    9.410    9.871   10.683
            0.110000  0.300000  0.050000
   -5.339    3.681    4.793    5.179    8.093    9.382    9.875   10.704
            0.110000  0.300000  0.060000
   -5.334    3.642    4.823    5.165    8.109    9.351    9.878   10.729
            0.110000  0.300000  0.070000
   -5.329    3.599    4.855    5.151    8.128    9.318    9.879   10.757
            0.110000  0.300000  0.080000
   -5.323    3.553    4.886    5.136    8.150    9.283    9.878   10.788
            0.110000  0.300000  0.090000
   -5.316    3.504    4.915    5.123    8.173    9.248    9.876   10.823
            0.110000  0.300000  0.100000
   -5.308    3.453    4.937    5.115    8.198    9.212    9.871   10.861
            0.110000  0.300000  0.110000
   -5.299    3.400    4.947    5.117    8.225    9.177    9.865   10.901
            0.110000  0.300000  0.120000
   -5.290    3.346    4.942    5.131    8.253    9.143    9.856   10.943
            0.110000  0.300000  0.130000
   -5.280    3.290    4.925    5.156    8.282    9.111    9.846   10.988
            0.110000  0.300000  0.140000
   -5.269    3.234    4.901    5.185    8.311    9.082    9.834   11.034
            0.110000  0.300000  0.150000
   -5.257    3.176    4.872    5.216    8.339    9.056    9.820   11.082
            0.110000  0.300000  0.160000
   -5.244    3.119    4.839    5.247    8.367    9.034    9.806   11.131
            0.110000  0.300000  0.170000
   -5.230    3.060    4.804    5.278    8.393    9.017    9.790   11.182
            0.110000  0.300000  0.180000
   -5.216    3.002    4.767    5.306    8.417    9.006    9.772   11.234
            0.110000  0.300000  0.190000
   -5.201    2.943    4.729    5.333    8.437    9.001    9.754   11.288
            0.110000  0.300000  0.200000
   -5.185    2.884    4.690    5.357    8.454    9.004    9.735   11.342
            0.110000  0.300000  0.210000
   -5.168    2.825    4.649    5.379    8.467    9.014    9.716   11.397
            0.110000  0.300000  0.220000
   -5.151    2.766    4.608    5.397    8.477    9.032    9.696   11.453
            0.110000  0.300000  0.230000
   -5.132    2.706    4.566    5.412    8.485    9.055    9.676   11.510
            0.110000  0.300000  0.240000
   -5.113    2.647    4.523    5.424    8.490    9.084    9.657   11.566
            0.110000  0.300000  0.250000
   -5.093    2.588    4.480    5.432    8.495    9.116    9.639   11.622
            0.110000  0.300000  0.260000
   -5.072    2.529    4.436    5.436    8.499    9.151    9.622   11.676
            0.110000  0.300000  0.270000
   -5.051    2.470    4.392    5.436    8.504    9.187    9.608   11.726
            0.110000  0.300000  0.280000
   -5.028    2.412    4.347    5.432    8.510    9.221    9.599   11.772
            0.110000  0.300000  0.290000
   -5.005    2.353    4.303    5.424    8.518    9.251    9.596   11.807
            0.110000  0.300000  0.300000
   -4.981    2.295    4.258    5.413    8.527    9.275    9.604   11.828
            0.110000  0.300000  0.310000
   -4.957    2.237    4.213    5.397    8.539    9.289    9.622   11.830
            0.110000  0.300000  0.320000
   -4.931    2.179    4.168    5.378    8.552    9.293    9.653   11.813
            0.110000  0.300000  0.330000
   -4.905    2.122    4.123    5.356    8.566    9.290    9.693   11.778
            0.110000  0.300000  0.340000
   -4.878    2.065    4.078    5.330    8.582    9.282    9.742   11.733
            0.110000  0.300000  0.350000
   -4.850    2.008    4.033    5.300    8.599    9.271    9.796   11.679
            0.110000  0.300000  0.360000
   -4.821    1.951    3.988    5.268    8.616    9.259    9.854   11.621
            0.110000  0.300000  0.370000
   -4.792    1.894    3.943    5.233    8.634    9.247    9.916   11.560
            0.110000  0.300000  0.380000
   -4.762    1.838    3.899    5.195    8.650    9.237    9.980   11.497
            0.110000  0.300000  0.390000
   -4.731    1.782    3.854    5.154    8.664    9.229   10.047   11.433
            0.110000  0.300000  0.400000
   -4.699    1.727    3.810    5.112    8.676    9.226   10.115   11.369
            0.110000  0.300000  0.410000
   -4.667    1.671    3.766    5.067    8.685    9.228   10.184   11.305
            0.110000  0.300000  0.420000
   -4.633    1.616    3.722    5.021    8.689    9.235   10.255   11.241
            0.110000  0.300000  0.430000
   -4.600    1.561    3.678    4.973    8.688    9.248   10.326   11.179
            0.110000  0.300000  0.440000
   -4.565    1.506    3.635    4.924    8.683    9.267   10.397   11.117
            0.110000  0.300000  0.450000
   -4.530    1.452    3.591    4.873    8.674    9.292   10.468   11.058
            0.110000  0.300000  0.460000
   -4.493    1.398    3.548    4.821    8.661    9.322   10.536   11.004
            0.110000  0.300000  0.470000
   -4.457    1.344    3.506    4.769    8.645    9.356   10.599   10.956
            0.110000  0.300000  0.480000
   -4.419    1.290    3.463    4.715    8.625    9.395   10.648   10.925
            0.110000  0.300000  0.490000
   -4.381    1.237    3.421    4.661    8.604    9.436   10.668   10.924
            0.110000  0.300000  0.500000
   -4.342    1.183    3.380    4.607    8.581    9.481   10.652   10.961
            0.110000  0.300000  0.510000
   -4.302    1.130    3.338    4.552    8.557    9.528   10.615   11.021
            0.110000  0.300000  0.520000
   -4.262    1.077    3.297    4.497    8.532    9.578   10.569   11.092
            0.110000  0.300000  0.530000
   -4.221    1.024    3.256    4.442    8.506    9.629   10.519   11.169
            0.110000  0.300000  0.540000
   -4.179    0.972    3.216    4.388    8.479    9.682   10.468   11.249
            0.110000  0.300000  0.550000
   -4.136    0.919    3.175    4.333    8.453    9.737   10.417   11.331
            0.110000  0.300000  0.560000
   -4.093    0.866    3.135    4.279    8.425    9.793   10.366   11.414
            0.110000  0.300000  0.570000
   -4.049    0.814    3.096    4.225    8.398    9.850   10.315   11.499
            0.110000  0.300000  0.580000
   -4.005    0.761    3.057    4.172    8.371    9.908   10.266   11.585
            0.110000  0.300000  0.590000
   -3.960    0.709    3.018    4.119    8.344    9.967   10.217   11.671
            0.110000  0.300000  0.600000
   -3.914    0.656    2.979    4.067    8.317   10.027   10.169   11.758
            0.110000  0.300000  0.610000
   -3.868    0.604    2.941    4.016    8.290   10.087   10.124   11.846
            0.110000  0.300000  0.620000
   -3.821    0.551    2.903    3.965    8.264   10.076   10.152   11.935
            0.110000  0.300000  0.630000
   -3.773    0.499    2.865    3.916    8.238   10.032   10.215   12.024
            0.110000  0.300000  0.640000
   -3.725    0.446    2.828    3.868    8.212    9.989   10.278   12.114
            0.110000  0.300000  0.650000
   -3.676    0.393    2.791    3.821    8.186    9.947   10.343   12.204
            0.110000  0.300000  0.660000
   -3.627    0.340    2.755    3.775    8.161    9.907   10.408   12.294
            0.110000  0.300000  0.670000
   -3.577    0.287    2.719    3.730    8.137    9.867   10.475   12.385
            0.110000  0.300000  0.680000
   -3.527    0.234    2.684    3.686    8.113    9.829   10.542   12.477
            0.110000  0.300000  0.690000
   -3.476    0.180    2.649    3.644    8.089    9.792   10.609   12.568
            0.110000  0.300000  0.700000
   -3.424    0.127    2.614    3.603    8.066    9.756   10.678   12.660
            0.110000  0.300000  0.710000
   -3.372    0.073    2.580    3.563    8.044    9.721   10.747   12.752
            0.110000  0.300000  0.720000
   -3.319    0.019    2.547    3.525    8.022    9.688   10.816   12.845
            0.110000  0.300000  0.730000
   -3.266   -0.036    2.515    3.488    8.001    9.656   10.887   12.938
            0.110000  0.300000  0.740000
   -3.213   -0.090    2.483    3.453    7.980    9.625   10.958   13.030
            0.110000  0.300000  0.750000
   -3.159   -0.145    2.452    3.419    7.961    9.595   11.030   13.123
            0.110000  0.300000  0.760000
   -3.105   -0.200    2.421    3.387    7.941    9.567   11.102   13.216
            0.110000  0.300000  0.770000
   -3.050   -0.256    2.392    3.356    7.923    9.539   11.175   13.309
            0.110000  0.300000  0.780000
   -2.995   -0.311    2.363    3.326    7.905    9.513   11.249   13.401
            0.110000  0.300000  0.790000
   -2.939   -0.367    2.335    3.298    7.888    9.488   11.323   13.493
            0.110000  0.300000  0.800000
   -2.883   -0.423    2.308    3.271    7.871    9.465   11.398   13.585
            0.110000  0.300000  0.810000
   -2.827   -0.480    2.283    3.246    7.856    9.442   11.474   13.675
            0.110000  0.300000  0.820000
   -2.771   -0.536    2.258    3.222    7.841    9.421   11.550   13.764
            0.110000  0.300000  0.830000
   -2.714   -0.593    2.234    3.200    7.826    9.401   11.627   13.851
            0.110000  0.300000  0.840000
   -2.658   -0.650    2.212    3.178    7.813    9.382   11.705   13.932
            0.110000  0.300000  0.850000
   -2.601   -0.707    2.191    3.159    7.800    9.364   11.783   14.004
            0.110000  0.300000  0.860000
   -2.544   -0.764    2.170    3.140    7.789    9.347   11.862   14.057
            0.110000  0.300000  0.870000
   -2.487   -0.821    2.152    3.123    7.777    9.332   11.941   14.073
            0.110000  0.300000  0.880000
   -2.430   -0.877    2.134    3.107    7.767    9.317   12.021   14.047
            0.110000  0.300000  0.890000
   -2.374   -0.934    2.118    3.093    7.758    9.304   12.101   13.989
            0.110000  0.300000  0.900000
   -2.317   -0.990    2.103    3.080    7.749    9.292   12.182   13.917
            0.110000  0.300000  0.910000
   -2.262   -1.045    2.089    3.068    7.741    9.281   12.263   13.837
            0.110000  0.300000  0.920000
   -2.207   -1.100    2.077    3.057    7.734    9.272   12.345   13.754
            0.110000  0.300000  0.930000
   -2.154   -1.153    2.066    3.048    7.728    9.263   12.426   13.670
            0.110000  0.300000  0.940000
   -2.102   -1.205    2.057    3.040    7.722    9.256   12.508   13.584
            0.110000  0.300000  0.950000
   -2.053   -1.254    2.049    3.033    7.718    9.249   12.589   13.500
            0.110000  0.300000  0.960000
   -2.008   -1.299    2.042    3.028    7.714    9.244   12.670   13.416
            0.110000  0.300000  0.970000
   -1.969   -1.339    2.037    3.024    7.711    9.240   12.748   13.335
            0.110000  0.300000  0.980000
   -1.937   -1.370    2.033    3.020    7.709    9.237   12.821   13.261
            0.110000  0.300000  0.990000
   -1.916   -1.391    2.031    3.019    7.708    9.236   12.880   13.200
            0.110000  0.300000  1.000000
   -1.909   -1.399    2.030    3.018    7.707    9.235   12.906   13.174
