 &plot nbnd=   8, nks=   101 /
            0.510000  0.750000  0.000000
   -2.729   -0.558    1.815    3.437    8.702   10.540   11.194   12.746
            0.510000  0.750000  0.010000
   -2.729   -0.559    1.816    3.437    8.703   10.530   11.204   12.747
            0.510000  0.750000  0.020000
   -2.730   -0.561    1.821    3.439    8.704   10.503   11.234   12.748
            0.510000  0.750000  0.030000
   -2.732   -0.565    1.830    3.442    8.706   10.462   11.279   12.750
            0.510000  0.750000  0.040000
   -2.735   -0.569    1.841    3.446    8.708   10.411   11.336   12.753
            0.510000  0.750000  0.050000
   -2.739   -0.575    1.856    3.452    8.712   10.353   11.400   12.756
            0.510000  0.750000  0.060000
   -2.743   -0.582    1.874    3.458    8.716   10.292   11.471   12.761
            0.510000  0.750000  0.070000
   -2.748   -0.590    1.895    3.466    8.721   10.227   11.545   12.766
            0.510000  0.750000  0.080000
   -2.754   -0.598    1.918    3.475    8.727   10.162   11.622   12.771
            0.510000  0.750000  0.090000
   -2.761   -0.607    1.944    3.486    8.733   10.095   11.702   12.777
            0.510000  0.750000  0.100000
   -2.769   -0.617    1.972    3.498    8.740   10.028   11.784   12.784
            0.510000  0.750000  0.110000
   -2.777   -0.627    2.003    3.511    8.748    9.961   11.867   12.789
            0.510000  0.750000  0.120000
   -2.787   -0.637    2.036    3.525    8.757    9.894   11.950   12.790
            0.510000  0.750000  0.130000
   -2.797   -0.647    2.071    3.540    8.766    9.828   12.034   12.777
            0.510000  0.750000  0.140000
   -2.809   -0.657    2.107    3.557    8.776    9.762   12.118   12.731
            0.510000  0.750000  0.150000
   -2.821   -0.667    2.145    3.575    8.787    9.697   12.201   12.661
            0.510000  0.750000  0.160000
   -2.834   -0.676    2.184    3.595    8.798    9.633   12.279   12.587
            0.510000  0.750000  0.170000
   -2.848   -0.685    2.224    3.616    8.810    9.570   12.340   12.525
            0.510000  0.750000  0.180000
   -2.864   -0.693    2.266    3.638    8.822    9.508   12.338   12.523
            0.510000  0.750000  0.190000
   -2.880   -0.700    2.308    3.662    8.835    9.447   12.274   12.581
            0.510000  0.750000  0.200000
   -2.897   -0.706    2.351    3.687    8.848    9.388   12.192   12.652
            0.510000  0.750000  0.210000
   -2.915   -0.711    2.394    3.713    8.861    9.330   12.105   12.722
            0.510000  0.750000  0.220000
   -2.934   -0.714    2.438    3.740    8.873    9.274   12.016   12.786
            0.510000  0.750000  0.230000
   -2.954   -0.717    2.482    3.769    8.885    9.221   11.927   12.840
            0.510000  0.750000  0.240000
   -2.975   -0.719    2.526    3.800    8.896    9.172   11.837   12.885
            0.510000  0.750000  0.250000
   -2.997   -0.719    2.570    3.831    8.902    9.128   11.746   12.922
            0.510000  0.750000  0.260000
   -3.019   -0.717    2.614    3.864    8.901    9.093   11.656   12.955
            0.510000  0.750000  0.270000
   -3.042   -0.715    2.658    3.898    8.889    9.072   11.566   12.984
            0.510000  0.750000  0.280000
   -3.067   -0.711    2.702    3.933    8.864    9.065   11.476   13.012
            0.510000  0.750000  0.290000
   -3.092   -0.705    2.745    3.969    8.830    9.070   11.387   13.040
            0.510000  0.750000  0.300000
   -3.117   -0.699    2.788    4.005    8.792    9.081   11.298   13.067
            0.510000  0.750000  0.310000
   -3.143   -0.690    2.831    4.043    8.751    9.096   11.209   13.094
            0.510000  0.750000  0.320000
   -3.170   -0.681    2.873    4.082    8.709    9.114   11.121   13.121
            0.510000  0.750000  0.330000
   -3.197   -0.669    2.915    4.121    8.669    9.134   11.034   13.148
            0.510000  0.750000  0.340000
   -3.225   -0.657    2.957    4.160    8.629    9.155   10.947   13.176
            0.510000  0.750000  0.350000
   -3.254   -0.643    2.998    4.200    8.590    9.177   10.861   13.205
            0.510000  0.750000  0.360000
   -3.282   -0.628    3.038    4.239    8.553    9.199   10.776   13.234
            0.510000  0.750000  0.370000
   -3.311   -0.611    3.078    4.279    8.517    9.223   10.692   13.264
            0.510000  0.750000  0.380000
   -3.341   -0.593    3.117    4.319    8.483    9.246   10.609   13.294
            0.510000  0.750000  0.390000
   -3.370   -0.573    3.157    4.358    8.451    9.271   10.527   13.325
            0.510000  0.750000  0.400000
   -3.400   -0.553    3.195    4.396    8.421    9.295   10.446   13.356
            0.510000  0.750000  0.410000
   -3.430   -0.531    3.233    4.434    8.393    9.320   10.367   13.388
            0.510000  0.750000  0.420000
   -3.460   -0.508    3.271    4.470    8.368    9.345   10.289   13.421
            0.510000  0.750000  0.430000
   -3.490   -0.483    3.308    4.506    8.344    9.370   10.213   13.454
            0.510000  0.750000  0.440000
   -3.520   -0.458    3.345    4.540    8.323    9.395   10.139   13.488
            0.510000  0.750000  0.450000
   -3.550   -0.431    3.382    4.572    8.303    9.419   10.067   13.522
            0.510000  0.750000  0.460000
   -3.580   -0.403    3.418    4.603    8.287    9.443    9.998   13.556
            0.510000  0.750000  0.470000
   -3.610   -0.374    3.454    4.631    8.272    9.466    9.932   13.590
            0.510000  0.750000  0.480000
   -3.640   -0.344    3.490    4.658    8.260    9.486    9.871   13.622
            0.510000  0.750000  0.490000
   -3.670   -0.312    3.525    4.682    8.250    9.503    9.815   13.650
            0.510000  0.750000  0.500000
   -3.699   -0.280    3.560    4.703    8.242    9.513    9.769   13.667
            0.510000  0.750000  0.510000
   -3.728   -0.247    3.595    4.722    8.236    9.512    9.737   13.658
            0.510000  0.750000  0.520000
   -3.757   -0.213    3.629    4.738    8.233    9.497    9.723   13.607
            0.510000  0.750000  0.530000
   -3.786   -0.177    3.663    4.751    8.231    9.468    9.724   13.527
            0.510000  0.750000  0.540000
   -3.815   -0.141    3.696    4.761    8.230    9.432    9.736   13.434
            0.510000  0.750000  0.550000
   -3.843   -0.104    3.730    4.769    8.231    9.394    9.755   13.336
            0.510000  0.750000  0.560000
   -3.870   -0.066    3.762    4.773    8.233    9.357    9.776   13.235
            0.510000  0.750000  0.570000
   -3.898   -0.027    3.795    4.774    8.235    9.322    9.799   13.134
            0.510000  0.750000  0.580000
   -3.925    0.013    3.827    4.772    8.238    9.290    9.824   13.032
            0.510000  0.750000  0.590000
   -3.951    0.053    3.858    4.767    8.240    9.263    9.849   12.931
            0.510000  0.750000  0.600000
   -3.977    0.095    3.889    4.759    8.242    9.241    9.875   12.830
            0.510000  0.750000  0.610000
   -4.003    0.137    3.920    4.747    8.243    9.224    9.901   12.729
            0.510000  0.750000  0.620000
   -4.028    0.180    3.950    4.733    8.243    9.213    9.927   12.628
            0.510000  0.750000  0.630000
   -4.053    0.224    3.979    4.717    8.242    9.207    9.954   12.529
            0.510000  0.750000  0.640000
   -4.077    0.268    4.008    4.697    8.239    9.206    9.981   12.430
            0.510000  0.750000  0.650000
   -4.101    0.313    4.036    4.675    8.235    9.211   10.008   12.332
            0.510000  0.750000  0.660000
   -4.124    0.359    4.063    4.651    8.230    9.221   10.035   12.235
            0.510000  0.750000  0.670000
   -4.146    0.405    4.089    4.625    8.224    9.236   10.063   12.139
            0.510000  0.750000  0.680000
   -4.168    0.452    4.114    4.596    8.217    9.254   10.091   12.044
            0.510000  0.750000  0.690000
   -4.190    0.500    4.137    4.567    8.210    9.277   10.119   11.950
            0.510000  0.750000  0.700000
   -4.210    0.548    4.159    4.536    8.203    9.302   10.149   11.857
            0.510000  0.750000  0.710000
   -4.231    0.596    4.178    4.505    8.196    9.329   10.178   11.765
            0.510000  0.750000  0.720000
   -4.250    0.645    4.193    4.475    8.190    9.359   10.209   11.675
            0.510000  0.750000  0.730000
   -4.269    0.695    4.204    4.447    8.185    9.389   10.241   11.586
            0.510000  0.750000  0.740000
   -4.288    0.745    4.207    4.425    8.180    9.420   10.273   11.498
            0.510000  0.750000  0.750000
   -4.305    0.795    4.200    4.410    8.177    9.452   10.307   11.413
            0.510000  0.750000  0.760000
   -4.323    0.845    4.182    4.405    8.176    9.483   10.342   11.328
            0.510000  0.750000  0.770000
   -4.339    0.895    4.154    4.408    8.175    9.513   10.378   11.246
            0.510000  0.750000  0.780000
   -4.355    0.946    4.119    4.415    8.177    9.543   10.416   11.166
            0.510000  0.750000  0.790000
   -4.370    0.997    4.079    4.426    8.180    9.571   10.454   11.089
            0.510000  0.750000  0.800000
   -4.384    1.047    4.036    4.438    8.184    9.598   10.493   11.014
            0.510000  0.750000  0.810000
   -4.398    1.098    3.991    4.451    8.190    9.622   10.532   10.943
            0.510000  0.750000  0.820000
   -4.411    1.148    3.945    4.464    8.198    9.645   10.569   10.878
            0.510000  0.750000  0.830000
   -4.424    1.198    3.898    4.477    8.207    9.666   10.600   10.822
            0.510000  0.750000  0.840000
   -4.436    1.247    3.850    4.490    8.217    9.684   10.613   10.788
            0.510000  0.750000  0.850000
   -4.447    1.296    3.803    4.502    8.229    9.700   10.594   10.790
            0.510000  0.750000  0.860000
   -4.457    1.344    3.756    4.513    8.242    9.714   10.553   10.817
            0.510000  0.750000  0.870000
   -4.467    1.390    3.709    4.524    8.255    9.725   10.505   10.855
            0.510000  0.750000  0.880000
   -4.476    1.436    3.664    4.534    8.270    9.734   10.456   10.897
            0.510000  0.750000  0.890000
   -4.484    1.480    3.619    4.543    8.285    9.740   10.409   10.941
            0.510000  0.750000  0.900000
   -4.491    1.522    3.576    4.551    8.300    9.744   10.365   10.984
            0.510000  0.750000  0.910000
   -4.498    1.562    3.536    4.559    8.315    9.745   10.325   11.026
            0.510000  0.750000  0.920000
   -4.504    1.600    3.498    4.566    8.330    9.745   10.290   11.067
            0.510000  0.750000  0.930000
   -4.510    1.635    3.462    4.572    8.344    9.742   10.259   11.104
            0.510000  0.750000  0.940000
   -4.515    1.666    3.430    4.577    8.358    9.739   10.233   11.138
            0.510000  0.750000  0.950000
   -4.518    1.694    3.402    4.581    8.370    9.734   10.212   11.169
            0.510000  0.750000  0.960000
   -4.522    1.717    3.378    4.585    8.380    9.729   10.195   11.195
            0.510000  0.750000  0.970000
   -4.524    1.736    3.359    4.588    8.388    9.724   10.182   11.216
            0.510000  0.750000  0.980000
   -4.526    1.749    3.345    4.589    8.395    9.720   10.174   11.231
            0.510000  0.750000  0.990000
   -4.527    1.758    3.337    4.591    8.398    9.718   10.168   11.240
            0.510000  0.750000  1.000000
   -4.528    1.760    3.334    4.591    8.400    9.717   10.167   11.243
