 &plot nbnd=   8, nks=   101 /
            0.620000  0.530000  0.000000
   -3.231   -0.099    1.908    4.166    8.152   10.913   11.884   12.114
            0.620000  0.530000  0.010000
   -3.231   -0.101    1.910    4.166    8.152   10.907   11.887   12.111
            0.620000  0.530000  0.020000
   -3.231   -0.106    1.918    4.167    8.153   10.888   11.897   12.106
            0.620000  0.530000  0.030000
   -3.231   -0.115    1.931    4.168    8.155   10.858   11.904   12.104
            0.620000  0.530000  0.040000
   -3.231   -0.127    1.949    4.170    8.157   10.819   11.899   12.115
            0.620000  0.530000  0.050000
   -3.231   -0.142    1.972    4.172    8.160   10.773   11.876   12.145
            0.620000  0.530000  0.060000
   -3.231   -0.159    1.999    4.175    8.163   10.721   11.837   12.192
            0.620000  0.530000  0.070000
   -3.231   -0.179    2.031    4.179    8.167   10.664   11.788   12.250
            0.620000  0.530000  0.080000
   -3.232   -0.201    2.066    4.182    8.172   10.605   11.732   12.315
            0.620000  0.530000  0.090000
   -3.232   -0.226    2.105    4.187    8.177   10.543   11.671   12.385
            0.620000  0.530000  0.100000
   -3.232   -0.251    2.148    4.192    8.183   10.480   11.607   12.460
            0.620000  0.530000  0.110000
   -3.233   -0.278    2.193    4.197    8.189   10.416   11.540   12.538
            0.620000  0.530000  0.120000
   -3.234   -0.306    2.242    4.203    8.196   10.351   11.471   12.618
            0.620000  0.530000  0.130000
   -3.234   -0.335    2.293    4.209    8.203   10.285   11.401   12.700
            0.620000  0.530000  0.140000
   -3.236   -0.365    2.346    4.216    8.210   10.220   11.331   12.784
            0.620000  0.530000  0.150000
   -3.237   -0.394    2.402    4.224    8.218   10.154   11.260   12.869
            0.620000  0.530000  0.160000
   -3.238   -0.424    2.459    4.231    8.226   10.089   11.188   12.956
            0.620000  0.530000  0.170000
   -3.240   -0.453    2.519    4.240    8.234   10.025   11.117   13.043
            0.620000  0.530000  0.180000
   -3.242   -0.483    2.579    4.249    8.243    9.961   11.046   13.131
            0.620000  0.530000  0.190000
   -3.245   -0.511    2.641    4.258    8.251    9.897   10.975   13.220
            0.620000  0.530000  0.200000
   -3.248   -0.539    2.704    4.268    8.259    9.835   10.905   13.309
            0.620000  0.530000  0.210000
   -3.251   -0.567    2.769    4.278    8.266    9.774   10.835   13.398
            0.620000  0.530000  0.220000
   -3.255   -0.593    2.834    4.288    8.274    9.714   10.766   13.487
            0.620000  0.530000  0.230000
   -3.260   -0.618    2.900    4.299    8.280    9.656   10.698   13.575
            0.620000  0.530000  0.240000
   -3.264   -0.643    2.966    4.311    8.286    9.599   10.631   13.662
            0.620000  0.530000  0.250000
   -3.270   -0.666    3.033    4.323    8.291    9.544   10.565   13.746
            0.620000  0.530000  0.260000
   -3.276   -0.687    3.100    4.335    8.294    9.492   10.500   13.824
            0.620000  0.530000  0.270000
   -3.283   -0.707    3.168    4.348    8.296    9.442   10.436   13.885
            0.620000  0.530000  0.280000
   -3.290   -0.726    3.236    4.361    8.295    9.395   10.373   13.920
            0.620000  0.530000  0.290000
   -3.298   -0.742    3.304    4.375    8.292    9.352   10.312   13.935
            0.620000  0.530000  0.300000
   -3.306   -0.758    3.371    4.389    8.286    9.312   10.251   13.941
            0.620000  0.530000  0.310000
   -3.316   -0.771    3.438    4.404    8.278    9.276   10.193   13.943
            0.620000  0.530000  0.320000
   -3.326   -0.783    3.505    4.418    8.265    9.244   10.135   13.942
            0.620000  0.530000  0.330000
   -3.337   -0.793    3.571    4.434    8.250    9.217   10.080   13.940
            0.620000  0.530000  0.340000
   -3.348   -0.801    3.637    4.450    8.230    9.195   10.026   13.935
            0.620000  0.530000  0.350000
   -3.361   -0.807    3.702    4.466    8.207    9.177    9.973   13.929
            0.620000  0.530000  0.360000
   -3.374   -0.811    3.765    4.483    8.180    9.164    9.922   13.922
            0.620000  0.530000  0.370000
   -3.387   -0.813    3.828    4.500    8.150    9.155    9.873   13.913
            0.620000  0.530000  0.380000
   -3.402   -0.814    3.889    4.517    8.118    9.150    9.826   13.903
            0.620000  0.530000  0.390000
   -3.417   -0.812    3.948    4.535    8.083    9.149    9.780   13.892
            0.620000  0.530000  0.400000
   -3.432   -0.809    4.005    4.554    8.046    9.151    9.736   13.881
            0.620000  0.530000  0.410000
   -3.449   -0.803    4.061    4.573    8.008    9.155    9.694   13.868
            0.620000  0.530000  0.420000
   -3.466   -0.796    4.114    4.593    7.969    9.163    9.654   13.856
            0.620000  0.530000  0.430000
   -3.483   -0.787    4.164    4.613    7.929    9.172    9.616   13.843
            0.620000  0.530000  0.440000
   -3.501   -0.776    4.213    4.633    7.890    9.183    9.579   13.830
            0.620000  0.530000  0.450000
   -3.519   -0.764    4.258    4.653    7.852    9.196    9.544   13.817
            0.620000  0.530000  0.460000
   -3.538   -0.749    4.300    4.673    7.815    9.210    9.512   13.805
            0.620000  0.530000  0.470000
   -3.557   -0.733    4.340    4.693    7.779    9.225    9.481   13.793
            0.620000  0.530000  0.480000
   -3.577   -0.715    4.376    4.713    7.746    9.240    9.452   13.782
            0.620000  0.530000  0.490000
   -3.597   -0.695    4.410    4.731    7.715    9.257    9.425   13.772
            0.620000  0.530000  0.500000
   -3.617   -0.674    4.442    4.748    7.687    9.273    9.400   13.762
            0.620000  0.530000  0.510000
   -3.637   -0.652    4.471    4.762    7.662    9.290    9.377   13.754
            0.620000  0.530000  0.520000
   -3.658   -0.627    4.497    4.774    7.640    9.307    9.356   13.746
            0.620000  0.530000  0.530000
   -3.678   -0.602    4.522    4.783    7.623    9.320    9.341   13.738
            0.620000  0.530000  0.540000
   -3.699   -0.574    4.545    4.789    7.609    9.314    9.348   13.732
            0.620000  0.530000  0.550000
   -3.720   -0.546    4.566    4.791    7.600    9.299    9.365   13.725
            0.620000  0.530000  0.560000
   -3.741   -0.516    4.586    4.789    7.595    9.285    9.383   13.718
            0.620000  0.530000  0.570000
   -3.762   -0.484    4.605    4.782    7.595    9.272    9.401   13.710
            0.620000  0.530000  0.580000
   -3.782   -0.452    4.622    4.771    7.600    9.261    9.420   13.701
            0.620000  0.530000  0.590000
   -3.803   -0.418    4.639    4.756    7.609    9.251    9.438   13.689
            0.620000  0.530000  0.600000
   -3.823   -0.383    4.654    4.736    7.622    9.243    9.457   13.672
            0.620000  0.530000  0.610000
   -3.844   -0.346    4.668    4.713    7.640    9.236    9.477   13.651
            0.620000  0.530000  0.620000
   -3.864   -0.309    4.673    4.693    7.662    9.231    9.496   13.623
            0.620000  0.530000  0.630000
   -3.884   -0.270    4.647    4.699    7.687    9.227    9.516   13.588
            0.620000  0.530000  0.640000
   -3.903   -0.231    4.612    4.711    7.716    9.224    9.537   13.545
            0.620000  0.530000  0.650000
   -3.923   -0.190    4.572    4.722    7.749    9.222    9.558   13.494
            0.620000  0.530000  0.660000
   -3.942   -0.148    4.529    4.733    7.784    9.221    9.580   13.435
            0.620000  0.530000  0.670000
   -3.960   -0.106    4.483    4.744    7.822    9.221    9.603   13.370
            0.620000  0.530000  0.680000
   -3.979   -0.062    4.434    4.754    7.862    9.222    9.627   13.299
            0.620000  0.530000  0.690000
   -3.997   -0.018    4.383    4.763    7.904    9.223    9.652   13.224
            0.620000  0.530000  0.700000
   -4.014    0.027    4.329    4.772    7.948    9.225    9.678   13.146
            0.620000  0.530000  0.710000
   -4.032    0.073    4.274    4.780    7.994    9.228    9.706   13.065
            0.620000  0.530000  0.720000
   -4.048    0.120    4.216    4.788    8.040    9.232    9.734   12.982
            0.620000  0.530000  0.730000
   -4.065    0.167    4.158    4.796    8.088    9.236    9.764   12.898
            0.620000  0.530000  0.740000
   -4.080    0.215    4.098    4.802    8.136    9.240    9.796   12.813
            0.620000  0.530000  0.750000
   -4.096    0.263    4.036    4.809    8.184    9.246    9.829   12.728
            0.620000  0.530000  0.760000
   -4.111    0.312    3.975    4.815    8.233    9.251    9.864   12.642
            0.620000  0.530000  0.770000
   -4.125    0.362    3.912    4.821    8.281    9.258    9.900   12.557
            0.620000  0.530000  0.780000
   -4.139    0.411    3.849    4.826    8.329    9.266    9.938   12.472
            0.620000  0.530000  0.790000
   -4.152    0.462    3.786    4.831    8.376    9.274    9.977   12.388
            0.620000  0.530000  0.800000
   -4.165    0.512    3.722    4.836    8.422    9.283   10.018   12.305
            0.620000  0.530000  0.810000
   -4.177    0.562    3.659    4.840    8.466    9.294   10.060   12.222
            0.620000  0.530000  0.820000
   -4.188    0.613    3.596    4.844    8.509    9.306   10.103   12.141
            0.620000  0.530000  0.830000
   -4.199    0.663    3.533    4.847    8.550    9.320   10.147   12.061
            0.620000  0.530000  0.840000
   -4.210    0.713    3.471    4.851    8.589    9.335   10.192   11.982
            0.620000  0.530000  0.850000
   -4.220    0.762    3.410    4.854    8.626    9.352   10.238   11.905
            0.620000  0.530000  0.860000
   -4.229    0.811    3.351    4.857    8.659    9.370   10.284   11.830
            0.620000  0.530000  0.870000
   -4.237    0.859    3.292    4.859    8.690    9.391   10.331   11.756
            0.620000  0.530000  0.880000
   -4.245    0.906    3.235    4.861    8.718    9.413   10.378   11.685
            0.620000  0.530000  0.890000
   -4.253    0.952    3.181    4.863    8.743    9.436   10.425   11.616
            0.620000  0.530000  0.900000
   -4.259    0.996    3.128    4.865    8.765    9.461   10.471   11.550
            0.620000  0.530000  0.910000
   -4.266    1.038    3.078    4.867    8.784    9.485   10.516   11.487
            0.620000  0.530000  0.920000
   -4.271    1.078    3.032    4.868    8.800    9.510   10.561   11.427
            0.620000  0.530000  0.930000
   -4.276    1.115    2.989    4.870    8.814    9.535   10.603   11.370
            0.620000  0.530000  0.940000
   -4.280    1.148    2.950    4.871    8.826    9.558   10.644   11.318
            0.620000  0.530000  0.950000
   -4.284    1.178    2.916    4.871    8.835    9.579   10.682   11.270
            0.620000  0.530000  0.960000
   -4.287    1.203    2.887    4.872    8.843    9.598   10.716   11.228
            0.620000  0.530000  0.970000
   -4.289    1.223    2.864    4.873    8.848    9.613   10.746   11.192
            0.620000  0.530000  0.980000
   -4.291    1.238    2.847    4.873    8.852    9.624   10.770   11.164
            0.620000  0.530000  0.990000
   -4.292    1.247    2.837    4.873    8.855    9.631   10.785   11.146
            0.620000  0.530000  1.000000
   -4.292    1.250    2.833    4.873    8.856    9.633   10.790   11.140
