 &plot nbnd=   8, nks=   101 /
            0.800000  0.490000  0.000000
   -2.541   -0.716    1.853    3.118    9.158   10.280   10.830   12.504
            0.800000  0.490000  0.010000
   -2.542   -0.716    1.854    3.119    9.159   10.269   10.842   12.505
            0.800000  0.490000  0.020000
   -2.544   -0.717    1.858    3.121    9.160   10.238   10.876   12.506
            0.800000  0.490000  0.030000
   -2.547   -0.718    1.863    3.126    9.162   10.193   10.926   12.508
            0.800000  0.490000  0.040000
   -2.551   -0.720    1.871    3.133    9.164   10.138   10.987   12.512
            0.800000  0.490000  0.050000
   -2.556   -0.722    1.880    3.141    9.167   10.078   11.055   12.516
            0.800000  0.490000  0.060000
   -2.562   -0.724    1.892    3.151    9.171   10.014   11.128   12.521
            0.800000  0.490000  0.070000
   -2.570   -0.726    1.906    3.163    9.176    9.949   11.205   12.527
            0.800000  0.490000  0.080000
   -2.578   -0.729    1.921    3.177    9.181    9.883   11.284   12.534
            0.800000  0.490000  0.090000
   -2.588   -0.732    1.938    3.193    9.187    9.816   11.366   12.542
            0.800000  0.490000  0.100000
   -2.599   -0.734    1.957    3.211    9.193    9.750   11.449   12.551
            0.800000  0.490000  0.110000
   -2.611   -0.737    1.977    3.231    9.201    9.684   11.534   12.562
            0.800000  0.490000  0.120000
   -2.625   -0.739    1.998    3.252    9.208    9.619   11.620   12.573
            0.800000  0.490000  0.130000
   -2.639   -0.741    2.021    3.276    9.216    9.555   11.706   12.585
            0.800000  0.490000  0.140000
   -2.655   -0.742    2.045    3.301    9.224    9.492   11.793   12.599
            0.800000  0.490000  0.150000
   -2.672   -0.743    2.069    3.328    9.232    9.431   11.880   12.614
            0.800000  0.490000  0.160000
   -2.689   -0.743    2.095    3.357    9.237    9.375   11.968   12.631
            0.800000  0.490000  0.170000
   -2.709   -0.743    2.122    3.387    9.233    9.329   12.055   12.649
            0.800000  0.490000  0.180000
   -2.729   -0.742    2.149    3.420    9.207    9.307   12.141   12.669
            0.800000  0.490000  0.190000
   -2.750   -0.740    2.176    3.453    9.161    9.307   12.226   12.689
            0.800000  0.490000  0.200000
   -2.772   -0.736    2.204    3.489    9.109    9.316   12.307   12.684
            0.800000  0.490000  0.210000
   -2.795   -0.732    2.233    3.526    9.055    9.327   12.380   12.606
            0.800000  0.490000  0.220000
   -2.819   -0.727    2.262    3.564    9.001    9.341   12.424   12.540
            0.800000  0.490000  0.230000
   -2.844   -0.721    2.291    3.604    8.949    9.356   12.376   12.557
            0.800000  0.490000  0.240000
   -2.870   -0.714    2.321    3.645    8.898    9.371   12.287   12.606
            0.800000  0.490000  0.250000
   -2.897   -0.706    2.351    3.687    8.848    9.388   12.192   12.652
            0.800000  0.490000  0.260000
   -2.924   -0.696    2.381    3.729    8.799    9.405   12.094   12.693
            0.800000  0.490000  0.270000
   -2.953   -0.685    2.411    3.773    8.752    9.422   11.997   12.730
            0.800000  0.490000  0.280000
   -2.981   -0.674    2.441    3.818    8.707    9.441   11.899   12.763
            0.800000  0.490000  0.290000
   -3.011   -0.661    2.472    3.863    8.664    9.460   11.801   12.795
            0.800000  0.490000  0.300000
   -3.041   -0.647    2.502    3.908    8.623    9.479   11.703   12.826
            0.800000  0.490000  0.310000
   -3.071   -0.631    2.533    3.954    8.583    9.499   11.605   12.857
            0.800000  0.490000  0.320000
   -3.102   -0.615    2.564    4.000    8.546    9.520   11.508   12.887
            0.800000  0.490000  0.330000
   -3.133   -0.597    2.595    4.046    8.511    9.541   11.411   12.918
            0.800000  0.490000  0.340000
   -3.165   -0.579    2.626    4.091    8.478    9.562   11.314   12.949
            0.800000  0.490000  0.350000
   -3.197   -0.559    2.658    4.136    8.447    9.584   11.218   12.980
            0.800000  0.490000  0.360000
   -3.229   -0.538    2.689    4.181    8.419    9.606   11.123   13.012
            0.800000  0.490000  0.370000
   -3.261   -0.516    2.721    4.225    8.394    9.628   11.028   13.045
            0.800000  0.490000  0.380000
   -3.294   -0.493    2.753    4.267    8.371    9.651   10.934   13.078
            0.800000  0.490000  0.390000
   -3.326   -0.469    2.785    4.309    8.351    9.674   10.841   13.112
            0.800000  0.490000  0.400000
   -3.359   -0.444    2.817    4.349    8.333    9.697   10.749   13.147
            0.800000  0.490000  0.410000
   -3.391   -0.417    2.850    4.388    8.319    9.720   10.658   13.182
            0.800000  0.490000  0.420000
   -3.424   -0.390    2.882    4.426    8.307    9.743   10.568   13.218
            0.800000  0.490000  0.430000
   -3.457   -0.362    2.915    4.461    8.299    9.765   10.480   13.255
            0.800000  0.490000  0.440000
   -3.489   -0.333    2.948    4.494    8.293    9.788   10.393   13.292
            0.800000  0.490000  0.450000
   -3.521   -0.303    2.981    4.526    8.291    9.809   10.309   13.330
            0.800000  0.490000  0.460000
   -3.553   -0.272    3.014    4.555    8.291    9.827   10.229   13.367
            0.800000  0.490000  0.470000
   -3.585   -0.240    3.047    4.582    8.295    9.842   10.155   13.403
            0.800000  0.490000  0.480000
   -3.617   -0.207    3.081    4.606    8.302    9.847   10.091   13.433
            0.800000  0.490000  0.490000
   -3.648   -0.173    3.114    4.628    8.311    9.834   10.047   13.432
            0.800000  0.490000  0.500000
   -3.679   -0.139    3.148    4.647    8.324    9.797   10.030   13.364
            0.800000  0.490000  0.510000
   -3.710   -0.103    3.182    4.663    8.339    9.742   10.033   13.264
            0.800000  0.490000  0.520000
   -3.741   -0.067    3.215    4.677    8.357    9.678   10.047   13.158
            0.800000  0.490000  0.530000
   -3.771   -0.030    3.249    4.687    8.376    9.612   10.066   13.050
            0.800000  0.490000  0.540000
   -3.800    0.008    3.283    4.695    8.398    9.546   10.087   12.942
            0.800000  0.490000  0.550000
   -3.830    0.047    3.317    4.701    8.420    9.482   10.109   12.834
            0.800000  0.490000  0.560000
   -3.859    0.086    3.351    4.703    8.443    9.422   10.133   12.727
            0.800000  0.490000  0.570000
   -3.887    0.126    3.385    4.703    8.465    9.367   10.157   12.621
            0.800000  0.490000  0.580000
   -3.915    0.167    3.418    4.701    8.486    9.317   10.181   12.515
            0.800000  0.490000  0.590000
   -3.942    0.209    3.452    4.696    8.503    9.275   10.205   12.411
            0.800000  0.490000  0.600000
   -3.969    0.251    3.485    4.688    8.515    9.242   10.229   12.307
            0.800000  0.490000  0.610000
   -3.996    0.294    3.518    4.678    8.521    9.220   10.254   12.204
            0.800000  0.490000  0.620000
   -4.022    0.337    3.551    4.666    8.519    9.209   10.278   12.102
            0.800000  0.490000  0.630000
   -4.047    0.381    3.584    4.651    8.509    9.211   10.302   12.002
            0.800000  0.490000  0.640000
   -4.072    0.426    3.616    4.635    8.491    9.224   10.326   11.902
            0.800000  0.490000  0.650000
   -4.096    0.471    3.648    4.616    8.467    9.247   10.350   11.804
            0.800000  0.490000  0.660000
   -4.120    0.517    3.679    4.596    8.438    9.279   10.374   11.707
            0.800000  0.490000  0.670000
   -4.143    0.563    3.710    4.574    8.405    9.318   10.398   11.611
            0.800000  0.490000  0.680000
   -4.166    0.610    3.740    4.550    8.370    9.362   10.423   11.517
            0.800000  0.490000  0.690000
   -4.188    0.657    3.769    4.525    8.334    9.410   10.447   11.424
            0.800000  0.490000  0.700000
   -4.209    0.705    3.798    4.499    8.298    9.460   10.471   11.332
            0.800000  0.490000  0.710000
   -4.230    0.752    3.825    4.471    8.263    9.513   10.496   11.242
            0.800000  0.490000  0.720000
   -4.250    0.801    3.851    4.443    8.228    9.567   10.521   11.155
            0.800000  0.490000  0.730000
   -4.269    0.849    3.876    4.414    8.195    9.622   10.546   11.069
            0.800000  0.490000  0.740000
   -4.288    0.898    3.899    4.385    8.163    9.677   10.573   10.985
            0.800000  0.490000  0.750000
   -4.306    0.946    3.919    4.357    8.133    9.730   10.600   10.903
            0.800000  0.490000  0.760000
   -4.324    0.995    3.937    4.329    8.105    9.782   10.627   10.825
            0.800000  0.490000  0.770000
   -4.340    1.044    3.951    4.304    8.079    9.832   10.654   10.752
            0.800000  0.490000  0.780000
   -4.357    1.093    3.960    4.282    8.056    9.877   10.656   10.709
            0.800000  0.490000  0.790000
   -4.372    1.142    3.963    4.264    8.034    9.919   10.600   10.731
            0.800000  0.490000  0.800000
   -4.387    1.190    3.958    4.251    8.015    9.954   10.539   10.765
            0.800000  0.490000  0.810000
   -4.401    1.239    3.947    4.245    7.998    9.981   10.485   10.803
            0.800000  0.490000  0.820000
   -4.414    1.286    3.928    4.245    7.983    9.997   10.439   10.843
            0.800000  0.490000  0.830000
   -4.427    1.334    3.904    4.248    7.971   10.000   10.406   10.886
            0.800000  0.490000  0.840000
   -4.439    1.380    3.876    4.255    7.960    9.989   10.385   10.931
            0.800000  0.490000  0.850000
   -4.450    1.426    3.845    4.264    7.951    9.965   10.376   10.978
            0.800000  0.490000  0.860000
   -4.461    1.471    3.812    4.274    7.945    9.932   10.376   11.026
            0.800000  0.490000  0.870000
   -4.470    1.515    3.779    4.285    7.940    9.894   10.382   11.075
            0.800000  0.490000  0.880000
   -4.480    1.557    3.745    4.295    7.936    9.852   10.390   11.125
            0.800000  0.490000  0.890000
   -4.488    1.597    3.711    4.305    7.934    9.810   10.399   11.174
            0.800000  0.490000  0.900000
   -4.496    1.636    3.678    4.315    7.933    9.769   10.409   11.223
            0.800000  0.490000  0.910000
   -4.503    1.673    3.647    4.324    7.933    9.729   10.418   11.270
            0.800000  0.490000  0.920000
   -4.509    1.706    3.617    4.332    7.934    9.692   10.427   11.315
            0.800000  0.490000  0.930000
   -4.514    1.738    3.589    4.340    7.936    9.659   10.435   11.356
            0.800000  0.490000  0.940000
   -4.519    1.766    3.564    4.347    7.938    9.629   10.441   11.395
            0.800000  0.490000  0.950000
   -4.523    1.790    3.542    4.352    7.940    9.603   10.447   11.428
            0.800000  0.490000  0.960000
   -4.526    1.811    3.523    4.357    7.942    9.581   10.452   11.457
            0.800000  0.490000  0.970000
   -4.529    1.827    3.508    4.360    7.944    9.564   10.455   11.480
            0.800000  0.490000  0.980000
   -4.531    1.839    3.497    4.363    7.945    9.551   10.458   11.497
            0.800000  0.490000  0.990000
   -4.532    1.846    3.491    4.365    7.946    9.544   10.459   11.508
            0.800000  0.490000  1.000000
   -4.532    1.848    3.489    4.365    7.946    9.541   10.460   11.511
