 &plot nbnd=   8, nks=   101 /
            0.090000  0.450000  0.000000
   -4.894    2.718    4.136    4.399    7.454    9.529   10.867   11.114
            0.090000  0.450000  0.010000
   -4.894    2.715    4.138    4.397    7.456    9.530   10.866   11.111
            0.090000  0.450000  0.020000
   -4.892    2.708    4.144    4.393    7.461    9.534   10.861   11.105
            0.090000  0.450000  0.030000
   -4.890    2.696    4.154    4.386    7.471    9.540   10.852   11.094
            0.090000  0.450000  0.040000
   -4.888    2.679    4.167    4.376    7.484    9.549   10.840   11.079
            0.090000  0.450000  0.050000
   -4.884    2.659    4.183    4.364    7.501    9.561   10.823   11.063
            0.090000  0.450000  0.060000
   -4.880    2.634    4.202    4.350    7.521    9.575   10.801   11.044
            0.090000  0.450000  0.070000
   -4.875    2.606    4.222    4.334    7.545    9.591   10.775   11.026
            0.090000  0.450000  0.080000
   -4.869    2.574    4.240    4.320    7.573    9.610   10.743   11.007
            0.090000  0.450000  0.090000
   -4.862    2.540    4.249    4.316    7.603    9.630   10.708   10.989
            0.090000  0.450000  0.100000
   -4.855    2.503    4.240    4.329    7.637    9.651   10.668   10.971
            0.090000  0.450000  0.110000
   -4.846    2.464    4.218    4.353    7.674    9.674   10.625   10.954
            0.090000  0.450000  0.120000
   -4.837    2.423    4.192    4.382    7.713    9.698   10.581   10.937
            0.090000  0.450000  0.130000
   -4.828    2.380    4.162    4.412    7.756    9.721   10.536   10.921
            0.090000  0.450000  0.140000
   -4.817    2.336    4.131    4.444    7.801    9.744   10.492   10.905
            0.090000  0.450000  0.150000
   -4.806    2.291    4.097    4.476    7.848    9.763   10.452   10.888
            0.090000  0.450000  0.160000
   -4.794    2.244    4.063    4.508    7.898    9.778   10.417   10.871
            0.090000  0.450000  0.170000
   -4.781    2.196    4.026    4.541    7.950    9.786   10.390   10.855
            0.090000  0.450000  0.180000
   -4.767    2.148    3.989    4.573    8.004    9.784   10.374   10.838
            0.090000  0.450000  0.190000
   -4.753    2.099    3.951    4.605    8.060    9.772   10.370   10.821
            0.090000  0.450000  0.200000
   -4.737    2.050    3.912    4.636    8.118    9.749   10.379   10.803
            0.090000  0.450000  0.210000
   -4.721    2.000    3.872    4.666    8.177    9.716   10.399   10.787
            0.090000  0.450000  0.220000
   -4.705    1.949    3.831    4.696    8.238    9.676   10.428   10.771
            0.090000  0.450000  0.230000
   -4.687    1.899    3.790    4.724    8.301    9.630   10.463   10.757
            0.090000  0.450000  0.240000
   -4.669    1.848    3.748    4.752    8.365    9.580   10.501   10.746
            0.090000  0.450000  0.250000
   -4.650    1.797    3.706    4.778    8.429    9.528   10.536   10.743
            0.090000  0.450000  0.260000
   -4.630    1.746    3.664    4.803    8.495    9.476   10.562   10.755
            0.090000  0.450000  0.270000
   -4.610    1.695    3.622    4.826    8.560    9.425   10.571   10.785
            0.090000  0.450000  0.280000
   -4.589    1.643    3.579    4.848    8.625    9.375   10.567   10.833
            0.090000  0.450000  0.290000
   -4.567    1.592    3.536    4.868    8.687    9.329   10.554   10.891
            0.090000  0.450000  0.300000
   -4.544    1.541    3.494    4.886    8.746    9.289   10.536   10.957
            0.090000  0.450000  0.310000
   -4.520    1.490    3.451    4.902    8.796    9.260   10.516   11.027
            0.090000  0.450000  0.320000
   -4.496    1.440    3.408    4.916    8.834    9.246   10.494   11.101
            0.090000  0.450000  0.330000
   -4.471    1.389    3.366    4.928    8.853    9.254   10.471   11.178
            0.090000  0.450000  0.340000
   -4.446    1.339    3.324    4.938    8.852    9.285   10.447   11.258
            0.090000  0.450000  0.350000
   -4.420    1.288    3.282    4.945    8.836    9.334   10.423   11.340
            0.090000  0.450000  0.360000
   -4.393    1.238    3.240    4.949    8.810    9.396   10.397   11.423
            0.090000  0.450000  0.370000
   -4.365    1.189    3.198    4.952    8.780    9.467   10.372   11.508
            0.090000  0.450000  0.380000
   -4.336    1.139    3.157    4.951    8.748    9.542   10.346   11.595
            0.090000  0.450000  0.390000
   -4.307    1.090    3.116    4.947    8.716    9.622   10.320   11.683
            0.090000  0.450000  0.400000
   -4.278    1.041    3.076    4.941    8.686    9.703   10.295   11.771
            0.090000  0.450000  0.410000
   -4.247    0.993    3.036    4.932    8.657    9.787   10.269   11.859
            0.090000  0.450000  0.420000
   -4.216    0.945    2.996    4.920    8.631    9.872   10.244   11.946
            0.090000  0.450000  0.430000
   -4.184    0.897    2.957    4.905    8.607    9.956   10.221   12.027
            0.090000  0.450000  0.440000
   -4.152    0.849    2.919    4.887    8.587   10.035   10.204   12.097
            0.090000  0.450000  0.450000
   -4.119    0.802    2.880    4.866    8.569   10.093   10.210   12.140
            0.090000  0.450000  0.460000
   -4.085    0.755    2.843    4.842    8.554   10.102   10.266   12.146
            0.090000  0.450000  0.470000
   -4.051    0.709    2.806    4.815    8.543   10.085   10.348   12.123
            0.090000  0.450000  0.480000
   -4.016    0.663    2.770    4.786    8.535   10.062   10.437   12.087
            0.090000  0.450000  0.490000
   -3.980    0.617    2.734    4.754    8.531   10.038   10.529   12.045
            0.090000  0.450000  0.500000
   -3.944    0.571    2.699    4.719    8.529   10.012   10.622   12.000
            0.090000  0.450000  0.510000
   -3.907    0.526    2.664    4.682    8.531    9.986   10.717   11.955
            0.090000  0.450000  0.520000
   -3.870    0.482    2.630    4.642    8.536    9.960   10.812   11.911
            0.090000  0.450000  0.530000
   -3.832    0.437    2.597    4.600    8.545    9.934   10.907   11.867
            0.090000  0.450000  0.540000
   -3.794    0.393    2.565    4.556    8.556    9.909   11.001   11.825
            0.090000  0.450000  0.550000
   -3.755    0.350    2.533    4.510    8.570    9.883   11.095   11.785
            0.090000  0.450000  0.560000
   -3.715    0.306    2.502    4.462    8.587    9.858   11.186   11.749
            0.090000  0.450000  0.570000
   -3.675    0.263    2.472    4.413    8.607    9.832   11.273   11.720
            0.090000  0.450000  0.580000
   -3.634    0.220    2.442    4.362    8.630    9.808   11.349   11.702
            0.090000  0.450000  0.590000
   -3.593    0.178    2.413    4.310    8.655    9.783   11.404   11.706
            0.090000  0.450000  0.600000
   -3.552    0.136    2.385    4.257    8.682    9.759   11.428   11.744
            0.090000  0.450000  0.610000
   -3.510    0.094    2.358    4.202    8.712    9.735   11.425   11.810
            0.090000  0.450000  0.620000
   -3.467    0.052    2.331    4.147    8.745    9.712   11.405   11.893
            0.090000  0.450000  0.630000
   -3.424    0.011    2.306    4.091    8.779    9.689   11.379   11.985
            0.090000  0.450000  0.640000
   -3.381   -0.030    2.281    4.035    8.815    9.666   11.349   12.082
            0.090000  0.450000  0.650000
   -3.337   -0.071    2.257    3.978    8.854    9.644   11.318   12.181
            0.090000  0.450000  0.660000
   -3.293   -0.111    2.234    3.921    8.894    9.623   11.287   12.282
            0.090000  0.450000  0.670000
   -3.249   -0.151    2.211    3.864    8.936    9.602   11.256   12.384
            0.090000  0.450000  0.680000
   -3.204   -0.192    2.190    3.807    8.979    9.582   11.225   12.487
            0.090000  0.450000  0.690000
   -3.159   -0.232    2.170    3.750    9.024    9.562   11.195   12.590
            0.090000  0.450000  0.700000
   -3.114   -0.271    2.150    3.693    9.071    9.543   11.166   12.694
            0.090000  0.450000  0.710000
   -3.068   -0.311    2.131    3.636    9.118    9.525   11.138   12.799
            0.090000  0.450000  0.720000
   -3.022   -0.350    2.113    3.580    9.167    9.508   11.110   12.903
            0.090000  0.450000  0.730000
   -2.976   -0.390    2.096    3.525    9.216    9.493   11.084   13.008
            0.090000  0.450000  0.740000
   -2.930   -0.429    2.080    3.470    9.264    9.480   11.059   13.113
            0.090000  0.450000  0.750000
   -2.884   -0.468    2.065    3.416    9.310    9.472   11.034   13.218
            0.090000  0.450000  0.760000
   -2.837   -0.507    2.051    3.363    9.347    9.474   11.011   13.322
            0.090000  0.450000  0.770000
   -2.791   -0.546    2.037    3.311    9.366    9.495   10.989   13.301
            0.090000  0.450000  0.780000
   -2.744   -0.585    2.025    3.260    9.368    9.536   10.968   13.205
            0.090000  0.450000  0.790000
   -2.698   -0.623    2.014    3.210    9.362    9.586   10.949   13.108
            0.090000  0.450000  0.800000
   -2.651   -0.662    2.003    3.161    9.353    9.641   10.930   13.012
            0.090000  0.450000  0.810000
   -2.605   -0.700    1.993    3.114    9.342    9.699   10.913   12.917
            0.090000  0.450000  0.820000
   -2.559   -0.739    1.985    3.069    9.331    9.758   10.898   12.822
            0.090000  0.450000  0.830000
   -2.513   -0.777    1.977    3.024    9.320    9.819   10.884   12.727
            0.090000  0.450000  0.840000
   -2.468   -0.815    1.970    2.982    9.310    9.880   10.871   12.633
            0.090000  0.450000  0.850000
   -2.423   -0.853    1.964    2.941    9.300    9.941   10.861   12.540
            0.090000  0.450000  0.860000
   -2.379   -0.890    1.958    2.902    9.290   10.003   10.852   12.447
            0.090000  0.450000  0.870000
   -2.335   -0.927    1.954    2.866    9.281   10.064   10.846   12.356
            0.090000  0.450000  0.880000
   -2.292   -0.964    1.950    2.831    9.272   10.124   10.843   12.265
            0.090000  0.450000  0.890000
   -2.250   -1.000    1.946    2.798    9.265   10.183   10.843   12.175
            0.090000  0.450000  0.900000
   -2.209   -1.035    1.944    2.768    9.257   10.239   10.848   12.085
            0.090000  0.450000  0.910000
   -2.170   -1.069    1.942    2.740    9.251   10.292   10.857   11.997
            0.090000  0.450000  0.920000
   -2.133   -1.101    1.940    2.715    9.245   10.341   10.873   11.910
            0.090000  0.450000  0.930000
   -2.097   -1.132    1.939    2.692    9.240   10.383   10.896   11.824
            0.090000  0.450000  0.940000
   -2.065   -1.161    1.939    2.672    9.235   10.420   10.927   11.739
            0.090000  0.450000  0.950000
   -2.035   -1.188    1.938    2.655    9.232   10.449   10.967   11.656
            0.090000  0.450000  0.960000
   -2.010   -1.211    1.938    2.641    9.228   10.471   11.014   11.574
            0.090000  0.450000  0.970000
   -1.989   -1.230    1.938    2.630    9.226   10.487   11.068   11.494
            0.090000  0.450000  0.980000
   -1.973   -1.244    1.938    2.621    9.224   10.498   11.128   11.417
            0.090000  0.450000  0.990000
   -1.963   -1.253    1.938    2.617    9.223   10.504   11.192   11.343
            0.090000  0.450000  1.000000
   -1.960   -1.256    1.938    2.615    9.223   10.506   11.243   11.289
