 &plot nbnd=   8, nks=   101 /
            0.240000  0.870000  0.000000
   -2.544   -0.772    2.600    2.873    7.753    8.112   12.653   14.747
            0.240000  0.870000  0.010000
   -2.544   -0.772    2.594    2.880    7.743    8.124   12.653   14.743
            0.240000  0.870000  0.020000
   -2.544   -0.773    2.577    2.898    7.716    8.157   12.654   14.732
            0.240000  0.870000  0.030000
   -2.543   -0.773    2.552    2.925    7.680    8.204   12.655   14.711
            0.240000  0.870000  0.040000
   -2.543   -0.774    2.523    2.957    7.638    8.260   12.656   14.682
            0.240000  0.870000  0.050000
   -2.543   -0.776    2.492    2.993    7.594    8.323   12.657   14.641
            0.240000  0.870000  0.060000
   -2.542   -0.777    2.459    3.030    7.550    8.389   12.659   14.590
            0.240000  0.870000  0.070000
   -2.542   -0.779    2.425    3.068    7.507    8.460   12.661   14.528
            0.240000  0.870000  0.080000
   -2.541   -0.781    2.392    3.107    7.465    8.533   12.663   14.456
            0.240000  0.870000  0.090000
   -2.540   -0.783    2.359    3.147    7.426    8.608   12.666   14.375
            0.240000  0.870000  0.100000
   -2.540   -0.786    2.326    3.185    7.388    8.686   12.669   14.287
            0.240000  0.870000  0.110000
   -2.539   -0.788    2.295    3.224    7.354    8.765   12.672   14.193
            0.240000  0.870000  0.120000
   -2.538   -0.791    2.264    3.262    7.322    8.847   12.676   14.094
            0.240000  0.870000  0.130000
   -2.538   -0.794    2.235    3.298    7.294    8.929   12.680   13.992
            0.240000  0.870000  0.140000
   -2.537   -0.797    2.206    3.334    7.269    9.014   12.684   13.886
            0.240000  0.870000  0.150000
   -2.537   -0.801    2.179    3.368    7.248    9.100   12.688   13.777
            0.240000  0.870000  0.160000
   -2.537   -0.804    2.154    3.401    7.230    9.187   12.693   13.666
            0.240000  0.870000  0.170000
   -2.536   -0.807    2.129    3.432    7.216    9.275   12.698   13.554
            0.240000  0.870000  0.180000
   -2.537   -0.811    2.106    3.461    7.206    9.365   12.703   13.440
            0.240000  0.870000  0.190000
   -2.537   -0.814    2.084    3.489    7.200    9.456   12.708   13.325
            0.240000  0.870000  0.200000
   -2.537   -0.817    2.064    3.514    7.198    9.548   12.714   13.209
            0.240000  0.870000  0.210000
   -2.538   -0.820    2.045    3.537    7.201    9.641   12.719   13.092
            0.240000  0.870000  0.220000
   -2.539   -0.823    2.028    3.558    7.208    9.735   12.724   12.976
            0.240000  0.870000  0.230000
   -2.540   -0.825    2.012    3.577    7.219    9.830   12.729   12.859
            0.240000  0.870000  0.240000
   -2.542   -0.828    1.998    3.593    7.235    9.927   12.718   12.758
            0.240000  0.870000  0.250000
   -2.544   -0.830    1.985    3.607    7.255   10.024   12.617   12.748
            0.240000  0.870000  0.260000
   -2.547   -0.831    1.974    3.619    7.280   10.121   12.501   12.753
            0.240000  0.870000  0.270000
   -2.550   -0.832    1.964    3.629    7.309   10.220   12.384   12.758
            0.240000  0.870000  0.280000
   -2.553   -0.833    1.955    3.636    7.342   10.319   12.267   12.765
            0.240000  0.870000  0.290000
   -2.557   -0.833    1.948    3.641    7.379   10.418   12.150   12.771
            0.240000  0.870000  0.300000
   -2.562   -0.833    1.943    3.644    7.421   10.518   12.035   12.777
            0.240000  0.870000  0.310000
   -2.567   -0.831    1.938    3.645    7.466   10.617   11.921   12.784
            0.240000  0.870000  0.320000
   -2.573   -0.830    1.936    3.644    7.516   10.715   11.809   12.790
            0.240000  0.870000  0.330000
   -2.579   -0.827    1.934    3.642    7.569   10.810   11.700   12.795
            0.240000  0.870000  0.340000
   -2.586   -0.824    1.934    3.638    7.625   10.900   11.599   12.801
            0.240000  0.870000  0.350000
   -2.594   -0.820    1.935    3.633    7.686   10.977   11.511   12.806
            0.240000  0.870000  0.360000
   -2.602   -0.815    1.937    3.626    7.749   11.026   11.454   12.810
            0.240000  0.870000  0.370000
   -2.611   -0.809    1.940    3.618    7.816   11.021   11.449   12.813
            0.240000  0.870000  0.380000
   -2.620   -0.802    1.945    3.610    7.886   10.965   11.499   12.814
            0.240000  0.870000  0.390000
   -2.630   -0.795    1.950    3.600    7.958   10.879   11.578   12.812
            0.240000  0.870000  0.400000
   -2.641   -0.786    1.957    3.590    8.034   10.781   11.671   12.806
            0.240000  0.870000  0.410000
   -2.652   -0.777    1.964    3.579    8.112   10.676   11.771   12.789
            0.240000  0.870000  0.420000
   -2.664   -0.767    1.973    3.568    8.192   10.569   11.873   12.758
            0.240000  0.870000  0.430000
   -2.676   -0.756    1.982    3.557    8.275   10.461   11.976   12.704
            0.240000  0.870000  0.440000
   -2.689   -0.744    1.993    3.545    8.360   10.352   12.075   12.632
            0.240000  0.870000  0.450000
   -2.703   -0.731    2.004    3.533    8.447   10.243   12.163   12.559
            0.240000  0.870000  0.460000
   -2.717   -0.718    2.016    3.522    8.536   10.135   12.212   12.516
            0.240000  0.870000  0.470000
   -2.731   -0.703    2.028    3.510    8.627   10.027   12.188   12.544
            0.240000  0.870000  0.480000
   -2.745   -0.688    2.041    3.499    8.720    9.919   12.109   12.625
            0.240000  0.870000  0.490000
   -2.760   -0.672    2.055    3.489    8.814    9.813   12.010   12.726
            0.240000  0.870000  0.500000
   -2.776   -0.655    2.069    3.479    8.910    9.707   11.903   12.832
            0.240000  0.870000  0.510000
   -2.791   -0.638    2.084    3.469    9.007    9.602   11.794   12.927
            0.240000  0.870000  0.520000
   -2.807   -0.620    2.100    3.460    9.104    9.500   11.683   12.960
            0.240000  0.870000  0.530000
   -2.823   -0.601    2.115    3.452    9.200    9.401   11.572   12.969
            0.240000  0.870000  0.540000
   -2.840   -0.582    2.131    3.444    9.258    9.342   11.461   12.974
            0.240000  0.870000  0.550000
   -2.856   -0.562    2.148    3.438    9.182    9.420   11.350   12.979
            0.240000  0.870000  0.560000
   -2.873   -0.542    2.164    3.432    9.085    9.519   11.240   12.984
            0.240000  0.870000  0.570000
   -2.889   -0.521    2.181    3.427    8.988    9.622   11.132   12.988
            0.240000  0.870000  0.580000
   -2.906   -0.500    2.198    3.423    8.892    9.725   11.024   12.992
            0.240000  0.870000  0.590000
   -2.923   -0.479    2.216    3.420    8.796    9.829   10.919   12.996
            0.240000  0.870000  0.600000
   -2.939   -0.457    2.233    3.418    8.703    9.931   10.816   12.999
            0.240000  0.870000  0.610000
   -2.956   -0.435    2.251    3.418    8.610   10.031   10.718   13.003
            0.240000  0.870000  0.620000
   -2.973   -0.413    2.268    3.418    8.519   10.123   10.630   13.006
            0.240000  0.870000  0.630000
   -2.989   -0.391    2.286    3.419    8.430   10.194   10.563   13.009
            0.240000  0.870000  0.640000
   -3.005   -0.368    2.304    3.421    8.343   10.216   10.548   13.012
            0.240000  0.870000  0.650000
   -3.021   -0.346    2.323    3.423    8.257   10.175   10.598   13.015
            0.240000  0.870000  0.660000
   -3.037   -0.324    2.341    3.427    8.174   10.099   10.684   13.017
            0.240000  0.870000  0.670000
   -3.053   -0.301    2.359    3.431    8.092   10.011   10.784   13.020
            0.240000  0.870000  0.680000
   -3.068   -0.279    2.378    3.436    8.013    9.918   10.890   13.022
            0.240000  0.870000  0.690000
   -3.083   -0.257    2.397    3.442    7.936    9.824   11.000   13.024
            0.240000  0.870000  0.700000
   -3.098   -0.235    2.416    3.448    7.861    9.729   11.111   13.026
            0.240000  0.870000  0.710000
   -3.113   -0.214    2.436    3.454    7.789    9.634   11.224   13.027
            0.240000  0.870000  0.720000
   -3.127   -0.193    2.456    3.460    7.719    9.540   11.338   13.029
            0.240000  0.870000  0.730000
   -3.141   -0.172    2.476    3.467    7.652    9.447   11.452   13.030
            0.240000  0.870000  0.740000
   -3.154   -0.152    2.497    3.473    7.588    9.354   11.567   13.032
            0.240000  0.870000  0.750000
   -3.168   -0.132    2.518    3.479    7.527    9.264   11.681   13.033
            0.240000  0.870000  0.760000
   -3.180   -0.113    2.540    3.485    7.468    9.174   11.796   13.034
            0.240000  0.870000  0.770000
   -3.193   -0.094    2.562    3.490    7.413    9.086   11.911   13.035
            0.240000  0.870000  0.780000
   -3.204   -0.076    2.585    3.494    7.361    8.999   12.026   13.036
            0.240000  0.870000  0.790000
   -3.216   -0.058    2.608    3.498    7.313    8.914   12.140   13.036
            0.240000  0.870000  0.800000
   -3.227   -0.041    2.632    3.501    7.267    8.831   12.254   13.037
            0.240000  0.870000  0.810000
   -3.237   -0.025    2.656    3.502    7.226    8.750   12.366   13.038
            0.240000  0.870000  0.820000
   -3.247   -0.009    2.681    3.502    7.188    8.670   12.478   13.040
            0.240000  0.870000  0.830000
   -3.257    0.006    2.707    3.501    7.153    8.593   12.589   13.041
            0.240000  0.870000  0.840000
   -3.266    0.020    2.733    3.499    7.122    8.517   12.697   13.043
            0.240000  0.870000  0.850000
   -3.275    0.033    2.760    3.494    7.095    8.444   12.802   13.048
            0.240000  0.870000  0.860000
   -3.283    0.045    2.787    3.489    7.071    8.374   12.899   13.058
            0.240000  0.870000  0.870000
   -3.290    0.057    2.815    3.481    7.051    8.306   12.975   13.088
            0.240000  0.870000  0.880000
   -3.297    0.068    2.843    3.472    7.034    8.240   13.008   13.157
            0.240000  0.870000  0.890000
   -3.303    0.078    2.871    3.461    7.021    8.178   13.019   13.246
            0.240000  0.870000  0.900000
   -3.309    0.087    2.899    3.449    7.011    8.120   13.023   13.338
            0.240000  0.870000  0.910000
   -3.315    0.095    2.928    3.435    7.003    8.065   13.025   13.427
            0.240000  0.870000  0.920000
   -3.320    0.103    2.956    3.420    6.998    8.013   13.027   13.513
            0.240000  0.870000  0.930000
   -3.324    0.109    2.985    3.403    6.996    7.967   13.028   13.593
            0.240000  0.870000  0.940000
   -3.327    0.115    3.012    3.386    6.995    7.925   13.028   13.666
            0.240000  0.870000  0.950000
   -3.331    0.120    3.039    3.368    6.995    7.888   13.028   13.732
            0.240000  0.870000  0.960000
   -3.333    0.124    3.063    3.350    6.997    7.857   13.029   13.788
            0.240000  0.870000  0.970000
   -3.335    0.127    3.086    3.333    6.998    7.832   13.029   13.833
            0.240000  0.870000  0.980000
   -3.337    0.129    3.104    3.318    7.000    7.814   13.029   13.866
            0.240000  0.870000  0.990000
   -3.337    0.130    3.117    3.308    7.001    7.803   13.029   13.887
            0.240000  0.870000  1.000000
   -3.338    0.131    3.122    3.304    7.001    7.799   13.029   13.894
