 &plot nbnd=   8, nks=   101 /
            0.960000  0.710000  0.000000
   -1.744   -1.568    2.326    2.696    8.014    8.571   13.087   13.185
            0.960000  0.710000  0.010000
   -1.765   -1.547    2.326    2.697    8.014    8.571   13.036   13.237
            0.960000  0.710000  0.020000
   -1.813   -1.499    2.326    2.700    8.015    8.574   12.955   13.319
            0.960000  0.710000  0.030000
   -1.869   -1.442    2.327    2.705    8.016    8.578   12.870   13.406
            0.960000  0.710000  0.040000
   -1.929   -1.381    2.328    2.713    8.018    8.583   12.786   13.494
            0.960000  0.710000  0.050000
   -1.991   -1.318    2.330    2.722    8.020    8.590   12.701   13.583
            0.960000  0.710000  0.060000
   -2.053   -1.254    2.332    2.733    8.022    8.599   12.616   13.672
            0.960000  0.710000  0.070000
   -2.115   -1.190    2.335    2.746    8.025    8.609   12.532   13.762
            0.960000  0.710000  0.080000
   -2.177   -1.126    2.338    2.762    8.028    8.620   12.449   13.851
            0.960000  0.710000  0.090000
   -2.240   -1.061    2.342    2.779    8.032    8.633   12.366   13.940
            0.960000  0.710000  0.100000
   -2.302   -0.996    2.346    2.797    8.037    8.648   12.284   14.029
            0.960000  0.710000  0.110000
   -2.364   -0.932    2.351    2.818    8.041    8.664   12.202   14.117
            0.960000  0.710000  0.120000
   -2.425   -0.867    2.356    2.840    8.047    8.681   12.121   14.202
            0.960000  0.710000  0.130000
   -2.487   -0.802    2.363    2.864    8.053    8.700   12.040   14.283
            0.960000  0.710000  0.140000
   -2.548   -0.737    2.370    2.890    8.059    8.720   11.960   14.354
            0.960000  0.710000  0.150000
   -2.609   -0.672    2.377    2.917    8.066    8.742   11.881   14.405
            0.960000  0.710000  0.160000
   -2.669   -0.608    2.386    2.946    8.074    8.765   11.803   14.414
            0.960000  0.710000  0.170000
   -2.729   -0.543    2.395    2.976    8.082    8.789   11.725   14.376
            0.960000  0.710000  0.180000
   -2.788   -0.479    2.405    3.008    8.091    8.815   11.647   14.306
            0.960000  0.710000  0.190000
   -2.847   -0.415    2.416    3.042    8.100    8.842   11.571   14.222
            0.960000  0.710000  0.200000
   -2.906   -0.351    2.428    3.077    8.110    8.871   11.495   14.131
            0.960000  0.710000  0.210000
   -2.964   -0.288    2.441    3.113    8.121    8.901   11.419   14.037
            0.960000  0.710000  0.220000
   -3.022   -0.224    2.454    3.151    8.132    8.932   11.345   13.941
            0.960000  0.710000  0.230000
   -3.079   -0.161    2.468    3.190    8.144    8.965   11.271   13.843
            0.960000  0.710000  0.240000
   -3.136   -0.098    2.483    3.230    8.157    8.998   11.198   13.745
            0.960000  0.710000  0.250000
   -3.192   -0.035    2.499    3.272    8.170    9.033   11.125   13.647
            0.960000  0.710000  0.260000
   -3.248    0.028    2.516    3.315    8.184    9.070   11.053   13.548
            0.960000  0.710000  0.270000
   -3.303    0.090    2.534    3.360    8.198    9.108   10.982   13.449
            0.960000  0.710000  0.280000
   -3.358    0.152    2.552    3.405    8.213    9.147   10.912   13.350
            0.960000  0.710000  0.290000
   -3.412    0.214    2.571    3.452    8.229    9.187   10.842   13.251
            0.960000  0.710000  0.300000
   -3.465    0.276    2.592    3.500    8.245    9.228   10.773   13.152
            0.960000  0.710000  0.310000
   -3.518    0.337    2.613    3.549    8.262    9.271   10.705   13.053
            0.960000  0.710000  0.320000
   -3.570    0.398    2.634    3.599    8.279    9.315   10.637   12.954
            0.960000  0.710000  0.330000
   -3.622    0.459    2.657    3.650    8.297    9.360   10.571   12.856
            0.960000  0.710000  0.340000
   -3.673    0.520    2.681    3.702    8.316    9.406   10.505   12.757
            0.960000  0.710000  0.350000
   -3.723    0.580    2.705    3.755    8.335    9.453   10.440   12.659
            0.960000  0.710000  0.360000
   -3.773    0.640    2.730    3.809    8.355    9.502   10.376   12.560
            0.960000  0.710000  0.370000
   -3.822    0.700    2.756    3.863    8.376    9.551   10.313   12.462
            0.960000  0.710000  0.380000
   -3.871    0.760    2.783    3.918    8.397    9.601   10.251   12.364
            0.960000  0.710000  0.390000
   -3.919    0.820    2.810    3.974    8.418    9.652   10.191   12.267
            0.960000  0.710000  0.400000
   -3.966    0.879    2.839    4.031    8.440    9.703   10.132   12.169
            0.960000  0.710000  0.410000
   -4.012    0.939    2.868    4.088    8.463    9.753   10.077   12.072
            0.960000  0.710000  0.420000
   -4.058    0.998    2.898    4.145    8.486    9.799   10.027   11.975
            0.960000  0.710000  0.430000
   -4.103    1.057    2.928    4.203    8.509    9.832    9.993   11.879
            0.960000  0.710000  0.440000
   -4.148    1.116    2.960    4.261    8.533    9.830    9.995   11.782
            0.960000  0.710000  0.450000
   -4.192    1.175    2.992    4.319    8.558    9.796   10.032   11.686
            0.960000  0.710000  0.460000
   -4.235    1.234    3.025    4.378    8.582    9.749   10.083   11.591
            0.960000  0.710000  0.470000
   -4.277    1.293    3.059    4.436    8.608    9.699   10.140   11.496
            0.960000  0.710000  0.480000
   -4.319    1.352    3.093    4.494    8.633    9.648   10.199   11.401
            0.960000  0.710000  0.490000
   -4.360    1.410    3.128    4.552    8.659    9.598   10.261   11.307
            0.960000  0.710000  0.500000
   -4.400    1.469    3.164    4.610    8.685    9.548   10.323   11.213
            0.960000  0.710000  0.510000
   -4.439    1.528    3.200    4.668    8.711    9.499   10.387   11.121
            0.960000  0.710000  0.520000
   -4.478    1.587    3.237    4.725    8.737    9.451   10.451   11.029
            0.960000  0.710000  0.530000
   -4.516    1.645    3.275    4.781    8.763    9.405   10.515   10.939
            0.960000  0.710000  0.540000
   -4.554    1.704    3.313    4.836    8.789    9.361   10.576   10.852
            0.960000  0.710000  0.550000
   -4.590    1.763    3.353    4.891    8.815    9.318   10.626   10.778
            0.960000  0.710000  0.560000
   -4.626    1.822    3.392    4.944    8.840    9.278   10.618   10.763
            0.960000  0.710000  0.570000
   -4.661    1.881    3.432    4.997    8.864    9.241   10.548   10.812
            0.960000  0.710000  0.580000
   -4.695    1.940    3.473    5.048    8.886    9.208   10.465   10.874
            0.960000  0.710000  0.590000
   -4.729    1.999    3.515    5.097    8.906    9.179   10.378   10.940
            0.960000  0.710000  0.600000
   -4.762    2.058    3.557    5.145    8.921    9.157   10.292   11.007
            0.960000  0.710000  0.610000
   -4.794    2.118    3.599    5.190    8.929    9.143   10.206   11.073
            0.960000  0.710000  0.620000
   -4.825    2.177    3.642    5.234    8.930    9.138   10.120   11.139
            0.960000  0.710000  0.630000
   -4.855    2.237    3.685    5.275    8.924    9.143   10.036   11.204
            0.960000  0.710000  0.640000
   -4.885    2.297    3.729    5.314    8.913    9.155    9.953   11.265
            0.960000  0.710000  0.650000
   -4.914    2.356    3.773    5.351    8.900    9.171    9.872   11.324
            0.960000  0.710000  0.660000
   -4.942    2.416    3.818    5.384    8.886    9.188    9.793   11.378
            0.960000  0.710000  0.670000
   -4.969    2.476    3.863    5.415    8.872    9.206    9.717   11.425
            0.960000  0.710000  0.680000
   -4.996    2.536    3.908    5.442    8.860    9.222    9.645   11.462
            0.960000  0.710000  0.690000
   -5.022    2.597    3.953    5.466    8.850    9.232    9.581   11.488
            0.960000  0.710000  0.700000
   -5.047    2.657    3.999    5.487    8.842    9.233    9.529   11.500
            0.960000  0.710000  0.710000
   -5.071    2.717    4.045    5.504    8.837    9.218    9.495   11.498
            0.960000  0.710000  0.720000
   -5.094    2.778    4.091    5.518    8.833    9.185    9.481   11.483
            0.960000  0.710000  0.730000
   -5.117    2.838    4.137    5.528    8.830    9.139    9.483   11.456
            0.960000  0.710000  0.740000
   -5.138    2.899    4.183    5.534    8.827    9.088    9.494   11.422
            0.960000  0.710000  0.750000
   -5.159    2.959    4.229    5.536    8.820    9.041    9.511   11.382
            0.960000  0.710000  0.760000
   -5.180    3.020    4.275    5.535    8.803    9.004    9.532   11.338
            0.960000  0.710000  0.770000
   -5.199    3.080    4.320    5.530    8.770    8.986    9.553   11.292
            0.960000  0.710000  0.780000
   -5.217    3.141    4.366    5.521    8.724    8.985    9.576   11.244
            0.960000  0.710000  0.790000
   -5.235    3.201    4.411    5.509    8.669    8.997    9.599   11.195
            0.960000  0.710000  0.800000
   -5.252    3.261    4.455    5.494    8.610    9.016    9.622   11.145
            0.960000  0.710000  0.810000
   -5.268    3.321    4.499    5.476    8.550    9.041    9.644   11.095
            0.960000  0.710000  0.820000
   -5.283    3.381    4.542    5.454    8.490    9.071    9.666   11.044
            0.960000  0.710000  0.830000
   -5.298    3.440    4.584    5.430    8.430    9.103    9.688   10.994
            0.960000  0.710000  0.840000
   -5.312    3.500    4.626    5.404    8.372    9.139    9.708   10.944
            0.960000  0.710000  0.850000
   -5.324    3.558    4.666    5.375    8.316    9.178    9.728   10.893
            0.960000  0.710000  0.860000
   -5.336    3.616    4.705    5.344    8.262    9.218    9.747   10.843
            0.960000  0.710000  0.870000
   -5.348    3.673    4.742    5.311    8.210    9.261    9.765   10.793
            0.960000  0.710000  0.880000
   -5.358    3.730    4.778    5.277    8.160    9.304    9.782   10.744
            0.960000  0.710000  0.890000
   -5.367    3.785    4.812    5.241    8.113    9.350    9.797   10.695
            0.960000  0.710000  0.900000
   -5.376    3.839    4.844    5.205    8.070    9.395    9.811   10.646
            0.960000  0.710000  0.910000
   -5.384    3.891    4.873    5.169    8.029    9.442    9.824   10.598
            0.960000  0.710000  0.920000
   -5.391    3.942    4.900    5.133    7.992    9.488    9.835   10.551
            0.960000  0.710000  0.930000
   -5.397    3.989    4.924    5.098    7.959    9.534    9.845   10.506
            0.960000  0.710000  0.940000
   -5.403    4.034    4.944    5.065    7.930    9.579    9.853   10.463
            0.960000  0.710000  0.950000
   -5.407    4.075    4.959    5.037    7.905    9.622    9.858   10.422
            0.960000  0.710000  0.960000
   -5.411    4.110    4.965    5.018    7.884    9.662    9.862   10.385
            0.960000  0.710000  0.970000
   -5.414    4.140    4.957    5.014    7.867    9.698    9.863   10.354
            0.960000  0.710000  0.980000
   -5.416    4.163    4.945    5.017    7.856    9.727    9.862   10.329
            0.960000  0.710000  0.990000
   -5.417    4.177    4.935    5.020    7.848    9.747    9.860   10.314
            0.960000  0.710000  1.000000
   -5.418    4.181    4.931    5.021    7.846    9.755    9.859   10.308
