 &plot nbnd=   8, nks=   101 /
            0.960000  0.960000 -1.000000
   -5.768    5.774    5.860    5.912    8.491    8.504    8.539    9.145
            0.960000  0.960000 -0.980000
   -5.766    5.746    5.872    5.905    8.500    8.508    8.536    9.159
            0.960000  0.960000 -0.960000
   -5.761    5.683    5.883    5.883    8.517    8.528    8.528    9.202
            0.960000  0.960000 -0.940000
   -5.753    5.603    5.849    5.881    8.504    8.545    8.572    9.269
            0.960000  0.960000 -0.920000
   -5.741    5.509    5.803    5.861    8.478    8.581    8.633    9.357
            0.960000  0.960000 -0.900000
   -5.725    5.405    5.746    5.825    8.444    8.632    8.707    9.460
            0.960000  0.960000 -0.880000
   -5.707    5.293    5.681    5.773    8.404    8.697    8.795    9.573
            0.960000  0.960000 -0.860000
   -5.684    5.172    5.609    5.708    8.357    8.777    8.893    9.694
            0.960000  0.960000 -0.840000
   -5.659    5.046    5.532    5.633    8.305    8.870    9.001    9.818
            0.960000  0.960000 -0.820000
   -5.630    4.913    5.450    5.549    8.248    8.973    9.118    9.942
            0.960000  0.960000 -0.800000
   -5.598    4.776    5.365    5.459    8.187    9.086    9.241   10.061
            0.960000  0.960000 -0.780000
   -5.562    4.634    5.278    5.365    8.124    9.207    9.371   10.170
            0.960000  0.960000 -0.760000
   -5.523    4.489    5.189    5.267    8.057    9.333    9.505   10.262
            0.960000  0.960000 -0.740000
   -5.481    4.340    5.100    5.168    7.989    9.464    9.645   10.332
            0.960000  0.960000 -0.720000
   -5.435    4.188    5.010    5.068    7.919    9.596    9.789   10.375
            0.960000  0.960000 -0.700000
   -5.386    4.033    4.920    4.968    7.848    9.726    9.936   10.389
            0.960000  0.960000 -0.680000
   -5.334    3.875    4.831    4.869    7.777    9.845   10.086   10.383
            0.960000  0.960000 -0.660000
   -5.278    3.716    4.743    4.771    7.706    9.930   10.240   10.382
            0.960000  0.960000 -0.640000
   -5.219    3.554    4.656    4.675    7.636    9.948   10.395   10.426
            0.960000  0.960000 -0.620000
   -5.157    3.391    4.571    4.580    7.566    9.894   10.526   10.553
            0.960000  0.960000 -0.600000
   -5.091    3.226    4.487    4.488    7.497    9.796   10.659   10.713
            0.960000  0.960000 -0.580000
   -5.023    3.060    4.397    4.405    7.430    9.675   10.808   10.875
            0.960000  0.960000 -0.560000
   -4.951    2.893    4.310    4.325    7.364    9.543   10.965   11.039
            0.960000  0.960000 -0.540000
   -4.875    2.725    4.224    4.247    7.300    9.404   11.128   11.204
            0.960000  0.960000 -0.520000
   -4.797    2.555    4.142    4.171    7.238    9.263   11.295   11.370
            0.960000  0.960000 -0.500000
   -4.715    2.386    4.062    4.098    7.179    9.121   11.464   11.538
            0.960000  0.960000 -0.480000
   -4.631    2.215    3.985    4.026    7.122    8.979   11.635   11.707
            0.960000  0.960000 -0.460000
   -4.543    2.045    3.911    3.958    7.067    8.839   11.808   11.877
            0.960000  0.960000 -0.440000
   -4.452    1.874    3.840    3.892    7.015    8.702   11.982   12.048
            0.960000  0.960000 -0.420000
   -4.358    1.703    3.772    3.828    6.967    8.568   12.158   12.220
            0.960000  0.960000 -0.400000
   -4.261    1.531    3.706    3.768    6.921    8.437   12.336   12.393
            0.960000  0.960000 -0.380000
   -4.161    1.360    3.644    3.710    6.878    8.310   12.514   12.566
            0.960000  0.960000 -0.360000
   -4.058    1.189    3.585    3.654    6.839    8.187   12.693   12.741
            0.960000  0.960000 -0.340000
   -3.952    1.018    3.529    3.602    6.802    8.069   12.873   12.916
            0.960000  0.960000 -0.320000
   -3.844    0.848    3.476    3.552    6.770    7.955   13.055   13.093
            0.960000  0.960000 -0.300000
   -3.732    0.678    3.426    3.505    6.740    7.846   13.237   13.270
            0.960000  0.960000 -0.280000
   -3.617    0.509    3.380    3.461    6.715    7.742   13.419   13.447
            0.960000  0.960000 -0.260000
   -3.500    0.340    3.336    3.421    6.693    7.642   13.603   13.626
            0.960000  0.960000 -0.240000
   -3.380    0.172    3.296    3.382    6.674    7.548   13.787   13.805
            0.960000  0.960000 -0.220000
   -3.257    0.006    3.259    3.347    6.660    7.458   13.971   13.984
            0.960000  0.960000 -0.200000
   -3.132   -0.160    3.225    3.315    6.649    7.373   14.156   14.164
            0.960000  0.960000 -0.180000
   -3.004   -0.325    3.194    3.286    6.643    7.294   14.341   14.343
            0.960000  0.960000 -0.160000
   -2.873   -0.489    3.167    3.260    6.640    7.219   14.523   14.525
            0.960000  0.960000 -0.140000
   -2.740   -0.651    3.142    3.237    6.641    7.149   14.701   14.709
            0.960000  0.960000 -0.120000
   -2.605   -0.812    3.121    3.217    6.646    7.085   14.878   14.891
            0.960000  0.960000 -0.100000
   -2.467   -0.972    3.103    3.200    6.655    7.026   15.051   15.070
            0.960000  0.960000 -0.080000
   -2.327   -1.129    3.089    3.187    6.667    6.972   15.218   15.244
            0.960000  0.960000 -0.060000
   -2.184   -1.286    3.077    3.176    6.683    6.925   15.374   15.408
            0.960000  0.960000 -0.040000
   -2.040   -1.440    3.069    3.168    6.700    6.885   15.510   15.553
            0.960000  0.960000 -0.020000
   -1.893   -1.593    3.064    3.164    6.715    6.855   15.608   15.661
            0.960000  0.960000  0.000000
   -1.754   -1.733    3.063    3.162    6.722    6.844   15.646   15.703
            0.960000  0.960000  0.020000
   -1.893   -1.593    3.064    3.164    6.715    6.855   15.608   15.661
            0.960000  0.960000  0.040000
   -2.040   -1.440    3.069    3.168    6.700    6.885   15.510   15.553
            0.960000  0.960000  0.060000
   -2.184   -1.286    3.077    3.176    6.683    6.925   15.374   15.408
            0.960000  0.960000  0.080000
   -2.327   -1.129    3.089    3.187    6.667    6.972   15.218   15.244
            0.960000  0.960000  0.100000
   -2.467   -0.972    3.103    3.200    6.655    7.026   15.051   15.070
            0.960000  0.960000  0.120000
   -2.605   -0.812    3.121    3.217    6.646    7.085   14.878   14.891
            0.960000  0.960000  0.140000
   -2.740   -0.651    3.142    3.237    6.641    7.149   14.701   14.709
            0.960000  0.960000  0.160000
   -2.873   -0.489    3.167    3.260    6.640    7.219   14.523   14.525
            0.960000  0.960000  0.180000
   -3.004   -0.325    3.194    3.286    6.643    7.294   14.341   14.343
            0.960000  0.960000  0.200000
   -3.132   -0.160    3.225    3.315    6.649    7.373   14.156   14.164
            0.960000  0.960000  0.220000
   -3.257    0.006    3.259    3.347    6.660    7.458   13.971   13.984
            0.960000  0.960000  0.240000
   -3.380    0.172    3.296    3.382    6.674    7.548   13.787   13.805
            0.960000  0.960000  0.260000
   -3.500    0.340    3.336    3.421    6.693    7.642   13.603   13.626
            0.960000  0.960000  0.280000
   -3.617    0.509    3.380    3.461    6.715    7.742   13.419   13.447
            0.960000  0.960000  0.300000
   -3.732    0.678    3.426    3.505    6.740    7.846   13.237   13.270
            0.960000  0.960000  0.320000
   -3.844    0.848    3.476    3.552    6.770    7.955   13.055   13.093
            0.960000  0.960000  0.340000
   -3.952    1.018    3.529    3.602    6.802    8.069   12.873   12.916
            0.960000  0.960000  0.360000
   -4.058    1.189    3.585    3.654    6.839    8.187   12.693   12.741
            0.960000  0.960000  0.380000
   -4.161    1.360    3.644    3.710    6.878    8.310   12.514   12.566
            0.960000  0.960000  0.400000
   -4.261    1.531    3.706    3.768    6.921    8.437   12.336   12.393
            0.960000  0.960000  0.420000
   -4.358    1.703    3.772    3.828    6.967    8.568   12.158   12.220
            0.960000  0.960000  0.440000
   -4.452    1.874    3.840    3.892    7.015    8.702   11.982   12.048
            0.960000  0.960000  0.460000
   -4.543    2.045    3.911    3.958    7.067    8.839   11.808   11.877
            0.960000  0.960000  0.480000
   -4.631    2.215    3.985    4.026    7.122    8.979   11.635   11.707
            0.960000  0.960000  0.500000
   -4.715    2.386    4.062    4.098    7.179    9.121   11.464   11.538
            0.960000  0.960000  0.520000
   -4.797    2.555    4.142    4.171    7.238    9.263   11.295   11.370
            0.960000  0.960000  0.540000
   -4.875    2.725    4.224    4.247    7.300    9.404   11.128   11.204
            0.960000  0.960000  0.560000
   -4.951    2.893    4.310    4.325    7.364    9.543   10.965   11.039
            0.960000  0.960000  0.580000
   -5.023    3.060    4.397    4.405    7.430    9.675   10.808   10.875
            0.960000  0.960000  0.600000
   -5.091    3.226    4.487    4.488    7.497    9.796   10.659   10.713
            0.960000  0.960000  0.620000
   -5.157    3.391    4.571    4.580    7.566    9.894   10.526   10.553
            0.960000  0.960000  0.640000
   -5.219    3.554    4.656    4.675    7.636    9.948   10.395   10.426
            0.960000  0.960000  0.660000
   -5.278    3.716    4.743    4.771    7.706    9.930   10.240   10.382
            0.960000  0.960000  0.680000
   -5.334    3.875    4.831    4.869    7.777    9.845   10.086   10.383
            0.960000  0.960000  0.700000
   -5.386    4.033    4.920    4.968    7.848    9.726    9.936   10.389
            0.960000  0.960000  0.720000
   -5.435    4.188    5.010    5.068    7.919    9.596    9.789   10.375
            0.960000  0.960000  0.740000
   -5.481    4.340    5.100    5.168    7.989    9.464    9.645   10.332
            0.960000  0.960000  0.760000
   -5.523    4.489    5.189    5.267    8.057    9.333    9.505   10.262
            0.960000  0.960000  0.780000
   -5.562    4.634    5.278    5.365    8.124    9.207    9.371   10.170
            0.960000  0.960000  0.800000
   -5.598    4.776    5.365    5.459    8.187    9.086    9.241   10.061
            0.960000  0.960000  0.820000
   -5.630    4.913    5.450    5.549    8.248    8.973    9.118    9.942
            0.960000  0.960000  0.840000
   -5.659    5.046    5.532    5.633    8.305    8.870    9.001    9.818
            0.960000  0.960000  0.860000
   -5.684    5.172    5.609    5.708    8.357    8.777    8.893    9.694
            0.960000  0.960000  0.880000
   -5.707    5.293    5.681    5.773    8.404    8.697    8.795    9.573
            0.960000  0.960000  0.900000
   -5.725    5.405    5.746    5.825    8.444    8.632    8.707    9.460
            0.960000  0.960000  0.920000
   -5.741    5.509    5.803    5.861    8.478    8.581    8.633    9.357
            0.960000  0.960000  0.940000
   -5.753    5.603    5.849    5.881    8.504    8.545    8.572    9.269
            0.960000  0.960000  0.960000
   -5.761    5.683    5.883    5.883    8.517    8.528    8.528    9.202
            0.960000  0.960000  0.980000
   -5.766    5.746    5.872    5.905    8.500    8.508    8.536    9.159
            0.960000  0.960000  1.000000
   -5.768    5.774    5.860    5.912    8.491    8.504    8.539    9.145
