 &plot nbnd=   8, nks=   101 /
            0.150000  0.520000  0.000000
   -4.557    1.968    3.666    4.204    7.570    9.251   10.942   11.667
            0.150000  0.520000  0.010000
   -4.557    1.966    3.668    4.203    7.570    9.253   10.941   11.663
            0.150000  0.520000  0.020000
   -4.555    1.960    3.672    4.201    7.573    9.259   10.939   11.652
            0.150000  0.520000  0.030000
   -4.554    1.950    3.680    4.198    7.576    9.270   10.934   11.635
            0.150000  0.520000  0.040000
   -4.551    1.936    3.690    4.193    7.581    9.285   10.928   11.611
            0.150000  0.520000  0.050000
   -4.548    1.918    3.703    4.187    7.588    9.304   10.920   11.581
            0.150000  0.520000  0.060000
   -4.544    1.897    3.718    4.180    7.596    9.328   10.910   11.546
            0.150000  0.520000  0.070000
   -4.539    1.872    3.735    4.173    7.606    9.355   10.898   11.507
            0.150000  0.520000  0.080000
   -4.533    1.844    3.753    4.164    7.618    9.386   10.882   11.466
            0.150000  0.520000  0.090000
   -4.527    1.814    3.772    4.155    7.631    9.420   10.863   11.422
            0.150000  0.520000  0.100000
   -4.520    1.782    3.791    4.147    7.646    9.459   10.841   11.378
            0.150000  0.520000  0.110000
   -4.512    1.747    3.809    4.139    7.664    9.500   10.815   11.334
            0.150000  0.520000  0.120000
   -4.503    1.710    3.825    4.133    7.683    9.545   10.783   11.291
            0.150000  0.520000  0.130000
   -4.494    1.671    3.839    4.129    7.705    9.592   10.747   11.250
            0.150000  0.520000  0.140000
   -4.484    1.631    3.847    4.130    7.729    9.642   10.706   11.212
            0.150000  0.520000  0.150000
   -4.473    1.590    3.851    4.135    7.755    9.694   10.660   11.177
            0.150000  0.520000  0.160000
   -4.462    1.547    3.848    4.145    7.783    9.748   10.610   11.145
            0.150000  0.520000  0.170000
   -4.450    1.504    3.840    4.159    7.814    9.803   10.557   11.116
            0.150000  0.520000  0.180000
   -4.437    1.459    3.827    4.178    7.847    9.859   10.502   11.090
            0.150000  0.520000  0.190000
   -4.423    1.414    3.810    4.200    7.882    9.912   10.449   11.065
            0.150000  0.520000  0.200000
   -4.409    1.369    3.789    4.224    7.920    9.960   10.400   11.043
            0.150000  0.520000  0.210000
   -4.394    1.322    3.766    4.249    7.960    9.995   10.363   11.022
            0.150000  0.520000  0.220000
   -4.378    1.276    3.740    4.275    8.002   10.007   10.350   11.002
            0.150000  0.520000  0.230000
   -4.362    1.229    3.713    4.302    8.046    9.990   10.367   10.983
            0.150000  0.520000  0.240000
   -4.344    1.182    3.684    4.329    8.093    9.949   10.408   10.966
            0.150000  0.520000  0.250000
   -4.327    1.135    3.654    4.356    8.141    9.893   10.464   10.950
            0.150000  0.520000  0.260000
   -4.308    1.087    3.623    4.382    8.192    9.830   10.526   10.937
            0.150000  0.520000  0.270000
   -4.289    1.040    3.591    4.408    8.244    9.764   10.591   10.928
            0.150000  0.520000  0.280000
   -4.269    0.993    3.558    4.433    8.298    9.696   10.651   10.926
            0.150000  0.520000  0.290000
   -4.248    0.945    3.524    4.457    8.354    9.628   10.700   10.939
            0.150000  0.520000  0.300000
   -4.227    0.898    3.490    4.481    8.410    9.560   10.729   10.975
            0.150000  0.520000  0.310000
   -4.205    0.851    3.456    4.503    8.468    9.494   10.737   11.033
            0.150000  0.520000  0.320000
   -4.183    0.805    3.421    4.525    8.525    9.430   10.732   11.107
            0.150000  0.520000  0.330000
   -4.160    0.759    3.386    4.545    8.580    9.371   10.721   11.188
            0.150000  0.520000  0.340000
   -4.136    0.712    3.351    4.564    8.633    9.317   10.705   11.275
            0.150000  0.520000  0.350000
   -4.111    0.667    3.315    4.581    8.681    9.272   10.687   11.365
            0.150000  0.520000  0.360000
   -4.086    0.621    3.279    4.597    8.718    9.240   10.668   11.458
            0.150000  0.520000  0.370000
   -4.061    0.576    3.243    4.611    8.741    9.226   10.647   11.554
            0.150000  0.520000  0.380000
   -4.035    0.532    3.208    4.623    8.745    9.234   10.626   11.651
            0.150000  0.520000  0.390000
   -4.008    0.488    3.172    4.634    8.732    9.263   10.604   11.750
            0.150000  0.520000  0.400000
   -3.980    0.444    3.136    4.643    8.705    9.310   10.582   11.850
            0.150000  0.520000  0.410000
   -3.952    0.401    3.100    4.649    8.670    9.369   10.559   11.952
            0.150000  0.520000  0.420000
   -3.924    0.358    3.065    4.654    8.630    9.436   10.536   12.055
            0.150000  0.520000  0.430000
   -3.895    0.316    3.029    4.656    8.589    9.509   10.512   12.159
            0.150000  0.520000  0.440000
   -3.865    0.275    2.994    4.656    8.548    9.587   10.489   12.264
            0.150000  0.520000  0.450000
   -3.835    0.234    2.959    4.653    8.507    9.667   10.465   12.370
            0.150000  0.520000  0.460000
   -3.805    0.193    2.925    4.648    8.469    9.750   10.441   12.477
            0.150000  0.520000  0.470000
   -3.774    0.153    2.890    4.641    8.432    9.835   10.418   12.585
            0.150000  0.520000  0.480000
   -3.742    0.114    2.856    4.631    8.398    9.922   10.394   12.693
            0.150000  0.520000  0.490000
   -3.710    0.075    2.823    4.618    8.368   10.009   10.372   12.801
            0.150000  0.520000  0.500000
   -3.678    0.037    2.790    4.603    8.340   10.097   10.350   12.908
            0.150000  0.520000  0.510000
   -3.645   -0.000    2.757    4.585    8.315   10.181   10.334   13.009
            0.150000  0.520000  0.520000
   -3.612   -0.037    2.724    4.564    8.294   10.242   10.342   13.080
            0.150000  0.520000  0.530000
   -3.578   -0.073    2.692    4.540    8.277   10.248   10.405   13.081
            0.150000  0.520000  0.540000
   -3.544   -0.108    2.661    4.514    8.263   10.232   10.493   13.050
            0.150000  0.520000  0.550000
   -3.510   -0.143    2.630    4.486    8.253   10.211   10.586   13.013
            0.150000  0.520000  0.560000
   -3.476   -0.177    2.599    4.455    8.246   10.189   10.681   12.975
            0.150000  0.520000  0.570000
   -3.441   -0.210    2.569    4.422    8.242   10.166   10.778   12.937
            0.150000  0.520000  0.580000
   -3.406   -0.243    2.540    4.386    8.242   10.143   10.876   12.899
            0.150000  0.520000  0.590000
   -3.371   -0.275    2.511    4.348    8.246   10.121   10.975   12.862
            0.150000  0.520000  0.600000
   -3.335   -0.306    2.482    4.309    8.253   10.098   11.075   12.825
            0.150000  0.520000  0.610000
   -3.300   -0.336    2.455    4.267    8.263   10.076   11.175   12.790
            0.150000  0.520000  0.620000
   -3.264   -0.366    2.427    4.224    8.277   10.053   11.276   12.755
            0.150000  0.520000  0.630000
   -3.228   -0.395    2.401    4.179    8.293   10.031   11.377   12.721
            0.150000  0.520000  0.640000
   -3.192   -0.423    2.375    4.133    8.313   10.010   11.479   12.687
            0.150000  0.520000  0.650000
   -3.156   -0.450    2.349    4.086    8.335    9.989   11.580   12.655
            0.150000  0.520000  0.660000
   -3.121   -0.477    2.325    4.038    8.360    9.968   11.682   12.624
            0.150000  0.520000  0.670000
   -3.085   -0.503    2.300    3.989    8.388    9.947   11.784   12.593
            0.150000  0.520000  0.680000
   -3.049   -0.528    2.277    3.939    8.419    9.928   11.885   12.564
            0.150000  0.520000  0.690000
   -3.014   -0.552    2.254    3.889    8.451    9.908   11.985   12.537
            0.150000  0.520000  0.700000
   -2.979   -0.576    2.232    3.838    8.487    9.889   12.083   12.512
            0.150000  0.520000  0.710000
   -2.944   -0.599    2.211    3.787    8.524    9.871   12.175   12.492
            0.150000  0.520000  0.720000
   -2.909   -0.620    2.190    3.736    8.563    9.853   12.254   12.485
            0.150000  0.520000  0.730000
   -2.874   -0.642    2.170    3.686    8.605    9.835   12.303   12.507
            0.150000  0.520000  0.740000
   -2.841   -0.662    2.150    3.635    8.649    9.819   12.310   12.566
            0.150000  0.520000  0.750000
   -2.807   -0.681    2.131    3.585    8.694    9.802   12.293   12.633
            0.150000  0.520000  0.760000
   -2.774   -0.700    2.113    3.535    8.741    9.787   12.264   12.645
            0.150000  0.520000  0.770000
   -2.742   -0.718    2.096    3.486    8.790    9.772   12.227   12.592
            0.150000  0.520000  0.780000
   -2.710   -0.735    2.079    3.438    8.840    9.758   12.181   12.531
            0.150000  0.520000  0.790000
   -2.680   -0.751    2.064    3.391    8.892    9.744   12.127   12.475
            0.150000  0.520000  0.800000
   -2.650   -0.767    2.048    3.345    8.946    9.732   12.065   12.427
            0.150000  0.520000  0.810000
   -2.620   -0.781    2.034    3.301    9.000    9.720   11.995   12.386
            0.150000  0.520000  0.820000
   -2.592   -0.795    2.020    3.257    9.056    9.709   11.920   12.353
            0.150000  0.520000  0.830000
   -2.565   -0.808    2.007    3.215    9.112    9.700   11.840   12.324
            0.150000  0.520000  0.840000
   -2.539   -0.821    1.995    3.175    9.169    9.691   11.758   12.300
            0.150000  0.520000  0.850000
   -2.514   -0.832    1.984    3.137    9.226    9.685   11.674   12.279
            0.150000  0.520000  0.860000
   -2.490   -0.843    1.973    3.100    9.283    9.680   11.589   12.261
            0.150000  0.520000  0.870000
   -2.468   -0.852    1.963    3.065    9.339    9.678   11.504   12.244
            0.150000  0.520000  0.880000
   -2.447   -0.861    1.954    3.033    9.392    9.681   11.419   12.229
            0.150000  0.520000  0.890000
   -2.427   -0.870    1.945    3.002    9.440    9.690   11.335   12.216
            0.150000  0.520000  0.900000
   -2.409   -0.877    1.937    2.974    9.480    9.709   11.251   12.205
            0.150000  0.520000  0.910000
   -2.392   -0.884    1.930    2.948    9.509    9.739   11.168   12.194
            0.150000  0.520000  0.920000
   -2.377   -0.890    1.924    2.925    9.527    9.782   11.087   12.185
            0.150000  0.520000  0.930000
   -2.364   -0.895    1.918    2.904    9.538    9.832   11.007   12.177
            0.150000  0.520000  0.940000
   -2.352   -0.900    1.914    2.886    9.543    9.888   10.930   12.171
            0.150000  0.520000  0.950000
   -2.342   -0.904    1.909    2.870    9.546    9.946   10.855   12.165
            0.150000  0.520000  0.960000
   -2.334   -0.907    1.906    2.858    9.547   10.003   10.786   12.160
            0.150000  0.520000  0.970000
   -2.327   -0.909    1.904    2.848    9.548   10.057   10.723   12.157
            0.150000  0.520000  0.980000
   -2.323   -0.911    1.902    2.840    9.548   10.103   10.670   12.154
            0.150000  0.520000  0.990000
   -2.320   -0.912    1.901    2.836    9.548   10.135   10.634   12.153
            0.150000  0.520000  1.000000
   -2.319   -0.912    1.900    2.835    9.548   10.147   10.620   12.152
