 &plot nbnd=   8, nks=   101 /
            0.090000  0.380000  0.000000
   -5.137    3.273    4.423    4.734    7.686    9.862   10.479   10.525
            0.090000  0.380000  0.010000
   -5.136    3.270    4.425    4.733    7.687    9.861   10.479   10.525
            0.090000  0.380000  0.020000
   -5.135    3.260    4.434    4.728    7.693    9.858   10.478   10.522
            0.090000  0.380000  0.030000
   -5.133    3.244    4.448    4.721    7.703    9.853   10.477   10.518
            0.090000  0.380000  0.040000
   -5.130    3.222    4.466    4.710    7.716    9.846   10.477   10.512
            0.090000  0.380000  0.050000
   -5.127    3.195    4.489    4.696    7.733    9.837   10.477   10.505
            0.090000  0.380000  0.060000
   -5.122    3.164    4.516    4.680    7.754    9.825   10.478   10.497
            0.090000  0.380000  0.070000
   -5.117    3.128    4.545    4.662    7.778    9.809   10.481   10.488
            0.090000  0.380000  0.080000
   -5.111    3.089    4.575    4.642    7.805    9.791   10.476   10.487
            0.090000  0.380000  0.090000
   -5.104    3.047    4.596    4.631    7.836    9.769   10.465   10.495
            0.090000  0.380000  0.100000
   -5.097    3.003    4.582    4.655    7.869    9.743   10.452   10.506
            0.090000  0.380000  0.110000
   -5.088    2.957    4.555    4.689    7.906    9.715   10.438   10.521
            0.090000  0.380000  0.120000
   -5.079    2.908    4.525    4.726    7.945    9.683   10.423   10.539
            0.090000  0.380000  0.130000
   -5.069    2.859    4.493    4.763    7.986    9.649   10.408   10.561
            0.090000  0.380000  0.140000
   -5.058    2.808    4.460    4.800    8.030    9.612   10.391   10.587
            0.090000  0.380000  0.150000
   -5.046    2.756    4.424    4.837    8.076    9.574   10.373   10.616
            0.090000  0.380000  0.160000
   -5.034    2.703    4.387    4.874    8.124    9.534   10.354   10.648
            0.090000  0.380000  0.170000
   -5.021    2.650    4.350    4.909    8.174    9.493   10.335   10.684
            0.090000  0.380000  0.180000
   -5.006    2.596    4.310    4.944    8.225    9.452   10.315   10.723
            0.090000  0.380000  0.190000
   -4.992    2.542    4.270    4.977    8.277    9.411   10.293   10.765
            0.090000  0.380000  0.200000
   -4.976    2.487    4.230    5.009    8.331    9.371   10.271   10.809
            0.090000  0.380000  0.210000
   -4.960    2.432    4.188    5.040    8.385    9.332   10.249   10.857
            0.090000  0.380000  0.220000
   -4.942    2.377    4.146    5.068    8.439    9.294   10.225   10.907
            0.090000  0.380000  0.230000
   -4.924    2.321    4.103    5.095    8.493    9.260   10.201   10.960
            0.090000  0.380000  0.240000
   -4.906    2.266    4.060    5.119    8.545    9.229   10.176   11.015
            0.090000  0.380000  0.250000
   -4.886    2.210    4.016    5.141    8.595    9.204   10.151   11.073
            0.090000  0.380000  0.260000
   -4.866    2.155    3.973    5.161    8.641    9.186   10.125   11.133
            0.090000  0.380000  0.270000
   -4.845    2.100    3.929    5.178    8.680    9.177   10.099   11.195
            0.090000  0.380000  0.280000
   -4.823    2.044    3.885    5.192    8.711    9.180   10.072   11.259
            0.090000  0.380000  0.290000
   -4.800    1.989    3.840    5.204    8.731    9.197   10.045   11.324
            0.090000  0.380000  0.300000
   -4.777    1.934    3.796    5.212    8.742    9.227   10.018   11.391
            0.090000  0.380000  0.310000
   -4.753    1.879    3.752    5.217    8.744    9.268    9.990   11.460
            0.090000  0.380000  0.320000
   -4.728    1.825    3.708    5.219    8.741    9.319    9.963   11.529
            0.090000  0.380000  0.330000
   -4.702    1.771    3.664    5.218    8.734    9.376    9.936   11.599
            0.090000  0.380000  0.340000
   -4.676    1.716    3.620    5.213    8.727    9.438    9.911   11.668
            0.090000  0.380000  0.350000
   -4.648    1.663    3.576    5.206    8.719    9.501    9.886   11.735
            0.090000  0.380000  0.360000
   -4.620    1.609    3.533    5.194    8.712    9.564    9.866   11.796
            0.090000  0.380000  0.370000
   -4.592    1.556    3.489    5.180    8.706    9.621    9.854   11.845
            0.090000  0.380000  0.380000
   -4.562    1.503    3.447    5.162    8.703    9.661    9.860   11.873
            0.090000  0.380000  0.390000
   -4.532    1.450    3.404    5.141    8.701    9.675    9.895   11.871
            0.090000  0.380000  0.400000
   -4.501    1.397    3.362    5.116    8.703    9.667    9.953   11.846
            0.090000  0.380000  0.410000
   -4.470    1.345    3.320    5.089    8.706    9.648   10.024   11.805
            0.090000  0.380000  0.420000
   -4.438    1.293    3.279    5.059    8.713    9.624   10.100   11.756
            0.090000  0.380000  0.430000
   -4.405    1.242    3.238    5.025    8.722    9.598   10.180   11.704
            0.090000  0.380000  0.440000
   -4.371    1.190    3.197    4.989    8.734    9.570   10.263   11.650
            0.090000  0.380000  0.450000
   -4.336    1.139    3.157    4.951    8.748    9.542   10.346   11.595
            0.090000  0.380000  0.460000
   -4.301    1.089    3.118    4.910    8.765    9.514   10.431   11.541
            0.090000  0.380000  0.470000
   -4.266    1.038    3.078    4.867    8.784    9.485   10.516   11.487
            0.090000  0.380000  0.480000
   -4.229    0.988    3.040    4.822    8.805    9.457   10.602   11.434
            0.090000  0.380000  0.490000
   -4.192    0.938    3.002    4.775    8.829    9.429   10.687   11.384
            0.090000  0.380000  0.500000
   -4.154    0.889    2.964    4.726    8.854    9.401   10.770   11.338
            0.090000  0.380000  0.510000
   -4.116    0.840    2.928    4.675    8.881    9.374   10.849   11.297
            0.090000  0.380000  0.520000
   -4.077    0.791    2.891    4.624    8.910    9.348   10.918   11.267
            0.090000  0.380000  0.530000
   -4.037    0.742    2.856    4.571    8.940    9.323   10.967   11.260
            0.090000  0.380000  0.540000
   -3.997    0.693    2.820    4.517    8.970    9.299   10.983   11.287
            0.090000  0.380000  0.550000
   -3.956    0.645    2.786    4.462    8.999    9.279   10.969   11.345
            0.090000  0.380000  0.560000
   -3.914    0.597    2.752    4.406    9.026    9.263   10.940   11.421
            0.090000  0.380000  0.570000
   -3.872    0.549    2.719    4.350    9.048    9.254   10.904   11.506
            0.090000  0.380000  0.580000
   -3.829    0.501    2.686    4.293    9.060    9.256   10.864   11.595
            0.090000  0.380000  0.590000
   -3.785    0.454    2.654    4.236    9.061    9.272   10.823   11.687
            0.090000  0.380000  0.600000
   -3.741    0.406    2.623    4.178    9.053    9.299   10.783   11.781
            0.090000  0.380000  0.610000
   -3.697    0.359    2.592    4.121    9.038    9.334   10.742   11.876
            0.090000  0.380000  0.620000
   -3.652    0.312    2.562    4.063    9.020    9.374   10.703   11.973
            0.090000  0.380000  0.630000
   -3.606    0.265    2.533    4.006    9.000    9.417   10.664   12.070
            0.090000  0.380000  0.640000
   -3.560    0.218    2.504    3.949    8.979    9.464   10.627   12.167
            0.090000  0.380000  0.650000
   -3.513    0.171    2.476    3.892    8.957    9.512   10.590   12.266
            0.090000  0.380000  0.660000
   -3.466    0.124    2.449    3.836    8.936    9.562   10.555   12.364
            0.090000  0.380000  0.670000
   -3.419    0.077    2.423    3.780    8.914    9.612   10.522   12.463
            0.090000  0.380000  0.680000
   -3.371    0.031    2.397    3.725    8.893    9.664   10.490   12.563
            0.090000  0.380000  0.690000
   -3.322   -0.016    2.371    3.671    8.872    9.716   10.460   12.662
            0.090000  0.380000  0.700000
   -3.273   -0.063    2.347    3.618    8.851    9.769   10.433   12.762
            0.090000  0.380000  0.710000
   -3.224   -0.110    2.323    3.565    8.831    9.820   10.408   12.862
            0.090000  0.380000  0.720000
   -3.174   -0.157    2.300    3.514    8.811    9.871   10.387   12.962
            0.090000  0.380000  0.730000
   -3.124   -0.204    2.278    3.464    8.792    9.919   10.371   13.063
            0.090000  0.380000  0.740000
   -3.073   -0.251    2.256    3.415    8.773    9.962   10.361   13.163
            0.090000  0.380000  0.750000
   -3.022   -0.298    2.236    3.367    8.755    9.999   10.360   13.263
            0.090000  0.380000  0.760000
   -2.971   -0.346    2.216    3.320    8.737   10.026   10.371   13.363
            0.090000  0.380000  0.770000
   -2.920   -0.393    2.196    3.275    8.721   10.042   10.395   13.462
            0.090000  0.380000  0.780000
   -2.868   -0.441    2.178    3.232    8.704   10.048   10.431   13.560
            0.090000  0.380000  0.790000
   -2.816   -0.488    2.160    3.190    8.689   10.047   10.478   13.653
            0.090000  0.380000  0.800000
   -2.764   -0.536    2.143    3.149    8.674   10.040   10.531   13.729
            0.090000  0.380000  0.810000
   -2.712   -0.584    2.126    3.110    8.659   10.030   10.589   13.731
            0.090000  0.380000  0.820000
   -2.660   -0.632    2.111    3.073    8.646   10.018   10.652   13.660
            0.090000  0.380000  0.830000
   -2.608   -0.680    2.096    3.038    8.633   10.005   10.717   13.573
            0.090000  0.380000  0.840000
   -2.556   -0.729    2.082    3.004    8.621    9.993   10.784   13.482
            0.090000  0.380000  0.850000
   -2.503   -0.777    2.069    2.973    8.609    9.980   10.854   13.389
            0.090000  0.380000  0.860000
   -2.452   -0.825    2.056    2.943    8.598    9.967   10.924   13.297
            0.090000  0.380000  0.870000
   -2.400   -0.873    2.045    2.915    8.588    9.955   10.997   13.204
            0.090000  0.380000  0.880000
   -2.349   -0.921    2.034    2.889    8.579    9.944   11.070   13.112
            0.090000  0.380000  0.890000
   -2.298   -0.968    2.024    2.865    8.570    9.933   11.145   13.020
            0.090000  0.380000  0.900000
   -2.248   -1.015    2.015    2.843    8.562    9.923   11.220   12.929
            0.090000  0.380000  0.910000
   -2.199   -1.062    2.007    2.823    8.555    9.914   11.297   12.838
            0.090000  0.380000  0.920000
   -2.151   -1.107    1.999    2.805    8.549    9.906   11.375   12.748
            0.090000  0.380000  0.930000
   -2.105   -1.151    1.993    2.790    8.543    9.899   11.453   12.659
            0.090000  0.380000  0.940000
   -2.061   -1.193    1.987    2.776    8.538    9.892   11.531   12.570
            0.090000  0.380000  0.950000
   -2.020   -1.232    1.982    2.764    8.534    9.887   11.611   12.483
            0.090000  0.380000  0.960000
   -1.983   -1.267    1.978    2.755    8.530    9.883   11.690   12.397
            0.090000  0.380000  0.970000
   -1.951   -1.298    1.975    2.747    8.528    9.879   11.768   12.313
            0.090000  0.380000  0.980000
   -1.927   -1.322    1.973    2.742    8.526    9.877   11.844   12.233
            0.090000  0.380000  0.990000
   -1.911   -1.337    1.972    2.739    8.525    9.875   11.911   12.164
            0.090000  0.380000  1.000000
   -1.906   -1.342    1.971    2.738    8.524    9.875   11.944   12.131
