 &plot nbnd=   8, nks=   101 /
            0.330000  0.070000  0.000000
   -5.299    3.748    4.694    4.919    7.784    9.835   10.143   10.431
            0.330000  0.070000  0.010000
   -5.299    3.744    4.697    4.917    7.786    9.830   10.143   10.433
            0.330000  0.070000  0.020000
   -5.298    3.733    4.707    4.913    7.793    9.818   10.144   10.441
            0.330000  0.070000  0.030000
   -5.295    3.714    4.722    4.905    7.804    9.798   10.144   10.453
            0.330000  0.070000  0.040000
   -5.293    3.688    4.742    4.895    7.818    9.772   10.144   10.470
            0.330000  0.070000  0.050000
   -5.289    3.657    4.765    4.884    7.837    9.742   10.142   10.491
            0.330000  0.070000  0.060000
   -5.284    3.621    4.786    4.875    7.860    9.707   10.138   10.515
            0.330000  0.070000  0.070000
   -5.279    3.580    4.797    4.875    7.887    9.670   10.132   10.542
            0.330000  0.070000  0.080000
   -5.273    3.537    4.790    4.894    7.917    9.630   10.125   10.571
            0.330000  0.070000  0.090000
   -5.266    3.490    4.771    4.923    7.950    9.589   10.116   10.603
            0.330000  0.070000  0.100000
   -5.258    3.442    4.746    4.957    7.987    9.546   10.105   10.636
            0.330000  0.070000  0.110000
   -5.250    3.391    4.717    4.993    8.027    9.503   10.093   10.671
            0.330000  0.070000  0.120000
   -5.240    3.339    4.685    5.029    8.069    9.459   10.079   10.708
            0.330000  0.070000  0.130000
   -5.230    3.286    4.652    5.066    8.114    9.416   10.064   10.746
            0.330000  0.070000  0.140000
   -5.219    3.231    4.616    5.102    8.162    9.373   10.048   10.785
            0.330000  0.070000  0.150000
   -5.207    3.176    4.579    5.137    8.211    9.331   10.030   10.826
            0.330000  0.070000  0.160000
   -5.194    3.120    4.541    5.171    8.262    9.289   10.012   10.868
            0.330000  0.070000  0.170000
   -5.181    3.063    4.501    5.203    8.315    9.250    9.992   10.912
            0.330000  0.070000  0.180000
   -5.167    3.006    4.460    5.234    8.369    9.212    9.972   10.957
            0.330000  0.070000  0.190000
   -5.152    2.949    4.418    5.262    8.423    9.177    9.951   11.004
            0.330000  0.070000  0.200000
   -5.136    2.891    4.375    5.289    8.478    9.146    9.929   11.052
            0.330000  0.070000  0.210000
   -5.119    2.833    4.332    5.313    8.531    9.118    9.906   11.101
            0.330000  0.070000  0.220000
   -5.101    2.775    4.288    5.334    8.583    9.096    9.882   11.151
            0.330000  0.070000  0.230000
   -5.083    2.717    4.244    5.353    8.632    9.081    9.859   11.203
            0.330000  0.070000  0.240000
   -5.064    2.659    4.199    5.368    8.674    9.075    9.835   11.256
            0.330000  0.070000  0.250000
   -5.044    2.601    4.154    5.381    8.708    9.082    9.810   11.309
            0.330000  0.070000  0.260000
   -5.023    2.543    4.109    5.390    8.732    9.102    9.786   11.364
            0.330000  0.070000  0.270000
   -5.002    2.485    4.064    5.396    8.747    9.135    9.762   11.418
            0.330000  0.070000  0.280000
   -4.980    2.427    4.018    5.398    8.754    9.178    9.739   11.472
            0.330000  0.070000  0.290000
   -4.957    2.369    3.973    5.397    8.757    9.228    9.718   11.524
            0.330000  0.070000  0.300000
   -4.933    2.311    3.927    5.392    8.757    9.281    9.699   11.572
            0.330000  0.070000  0.310000
   -4.908    2.254    3.882    5.384    8.758    9.334    9.685   11.615
            0.330000  0.070000  0.320000
   -4.883    2.197    3.837    5.372    8.759    9.380    9.681   11.646
            0.330000  0.070000  0.330000
   -4.856    2.139    3.792    5.356    8.761    9.414    9.692   11.663
            0.330000  0.070000  0.340000
   -4.829    2.082    3.747    5.337    8.766    9.431    9.723   11.659
            0.330000  0.070000  0.350000
   -4.802    2.025    3.702    5.315    8.772    9.431    9.772   11.637
            0.330000  0.070000  0.360000
   -4.773    1.969    3.658    5.289    8.781    9.420    9.833   11.600
            0.330000  0.070000  0.370000
   -4.744    1.912    3.614    5.261    8.792    9.403    9.902   11.552
            0.330000  0.070000  0.380000
   -4.714    1.856    3.570    5.229    8.806    9.383    9.976   11.498
            0.330000  0.070000  0.390000
   -4.683    1.800    3.527    5.194    8.821    9.361   10.053   11.440
            0.330000  0.070000  0.400000
   -4.652    1.744    3.484    5.157    8.838    9.338   10.133   11.380
            0.330000  0.070000  0.410000
   -4.619    1.689    3.442    5.117    8.856    9.316   10.214   11.319
            0.330000  0.070000  0.420000
   -4.586    1.633    3.400    5.075    8.875    9.295   10.296   11.257
            0.330000  0.070000  0.430000
   -4.552    1.578    3.359    5.030    8.894    9.276   10.379   11.195
            0.330000  0.070000  0.440000
   -4.518    1.523    3.318    4.984    8.912    9.260   10.461   11.135
            0.330000  0.070000  0.450000
   -4.483    1.468    3.277    4.935    8.927    9.248   10.543   11.077
            0.330000  0.070000  0.460000
   -4.447    1.414    3.237    4.885    8.939    9.242   10.621   11.024
            0.330000  0.070000  0.470000
   -4.410    1.359    3.198    4.834    8.945    9.244   10.690   10.982
            0.330000  0.070000  0.480000
   -4.373    1.305    3.159    4.781    8.944    9.254   10.733   10.967
            0.330000  0.070000  0.490000
   -4.334    1.251    3.121    4.727    8.937    9.273   10.732   10.997
            0.330000  0.070000  0.500000
   -4.296    1.197    3.083    4.673    8.925    9.298   10.698   11.062
            0.330000  0.070000  0.510000
   -4.256    1.143    3.046    4.617    8.909    9.329   10.651   11.142
            0.330000  0.070000  0.520000
   -4.216    1.089    3.010    4.560    8.890    9.365   10.600   11.227
            0.330000  0.070000  0.530000
   -4.175    1.036    2.974    4.503    8.869    9.404   10.546   11.316
            0.330000  0.070000  0.540000
   -4.133    0.982    2.939    4.446    8.847    9.446   10.493   11.407
            0.330000  0.070000  0.550000
   -4.091    0.929    2.904    4.388    8.824    9.491   10.439   11.500
            0.330000  0.070000  0.560000
   -4.048    0.875    2.870    4.330    8.801    9.538   10.386   11.593
            0.330000  0.070000  0.570000
   -4.005    0.822    2.837    4.272    8.777    9.586   10.335   11.687
            0.330000  0.070000  0.580000
   -3.960    0.769    2.805    4.214    8.754    9.636   10.284   11.782
            0.330000  0.070000  0.590000
   -3.915    0.715    2.773    4.156    8.730    9.688   10.234   11.877
            0.330000  0.070000  0.600000
   -3.870    0.662    2.742    4.098    8.706    9.740   10.186   11.973
            0.330000  0.070000  0.610000
   -3.824    0.609    2.711    4.041    8.683    9.793   10.139   12.069
            0.330000  0.070000  0.620000
   -3.777    0.555    2.682    3.984    8.660    9.846   10.095   12.166
            0.330000  0.070000  0.630000
   -3.730    0.502    2.653    3.928    8.637    9.896   10.057   12.263
            0.330000  0.070000  0.640000
   -3.682    0.448    2.624    3.872    8.614    9.931   10.035   12.360
            0.330000  0.070000  0.650000
   -3.633    0.395    2.597    3.817    8.592    9.925   10.056   12.458
            0.330000  0.070000  0.660000
   -3.584    0.341    2.570    3.762    8.570    9.894   10.105   12.556
            0.330000  0.070000  0.670000
   -3.534    0.287    2.544    3.709    8.549    9.857   10.162   12.654
            0.330000  0.070000  0.680000
   -3.484    0.233    2.518    3.656    8.528    9.820   10.222   12.752
            0.330000  0.070000  0.690000
   -3.433    0.179    2.494    3.604    8.508    9.782   10.284   12.851
            0.330000  0.070000  0.700000
   -3.382    0.124    2.470    3.554    8.488    9.746   10.348   12.949
            0.330000  0.070000  0.710000
   -3.330    0.070    2.447    3.504    8.469    9.710   10.412   13.048
            0.330000  0.070000  0.720000
   -3.278    0.015    2.424    3.456    8.450    9.675   10.478   13.147
            0.330000  0.070000  0.730000
   -3.225   -0.040    2.403    3.409    8.432    9.642   10.544   13.246
            0.330000  0.070000  0.740000
   -3.171   -0.096    2.382    3.363    8.414    9.610   10.612   13.345
            0.330000  0.070000  0.750000
   -3.118   -0.151    2.362    3.318    8.397    9.579   10.680   13.443
            0.330000  0.070000  0.760000
   -3.063   -0.207    2.342    3.275    8.381    9.549   10.749   13.542
            0.330000  0.070000  0.770000
   -3.009   -0.263    2.324    3.234    8.365    9.520   10.819   13.640
            0.330000  0.070000  0.780000
   -2.954   -0.319    2.306    3.194    8.350    9.492   10.890   13.737
            0.330000  0.070000  0.790000
   -2.898   -0.375    2.289    3.155    8.335    9.466   10.962   13.832
            0.330000  0.070000  0.800000
   -2.842   -0.432    2.273    3.118    8.321    9.441   11.034   13.924
            0.330000  0.070000  0.810000
   -2.786   -0.489    2.257    3.082    8.308    9.417   11.108   14.010
            0.330000  0.070000  0.820000
   -2.730   -0.546    2.243    3.049    8.295    9.395   11.182   14.077
            0.330000  0.070000  0.830000
   -2.673   -0.603    2.229    3.016    8.283    9.374   11.256   14.096
            0.330000  0.070000  0.840000
   -2.616   -0.661    2.216    2.986    8.272    9.353   11.332   14.054
            0.330000  0.070000  0.850000
   -2.559   -0.718    2.203    2.957    8.261    9.335   11.408   13.981
            0.330000  0.070000  0.860000
   -2.502   -0.776    2.192    2.930    8.251    9.317   11.485   13.898
            0.330000  0.070000  0.870000
   -2.444   -0.834    2.181    2.905    8.242    9.300   11.563   13.810
            0.330000  0.070000  0.880000
   -2.387   -0.892    2.171    2.882    8.233    9.285   11.641   13.721
            0.330000  0.070000  0.890000
   -2.329   -0.949    2.162    2.860    8.225    9.271   11.720   13.631
            0.330000  0.070000  0.900000
   -2.272   -1.007    2.154    2.840    8.218    9.258   11.800   13.540
            0.330000  0.070000  0.910000
   -2.215   -1.064    2.146    2.823    8.211    9.247   11.881   13.450
            0.330000  0.070000  0.920000
   -2.158   -1.121    2.139    2.806    8.205    9.237   11.962   13.359
            0.330000  0.070000  0.930000
   -2.102   -1.177    2.133    2.792    8.200    9.227   12.043   13.269
            0.330000  0.070000  0.940000
   -2.047   -1.232    2.128    2.780    8.195    9.220   12.125   13.180
            0.330000  0.070000  0.950000
   -1.994   -1.285    2.124    2.770    8.191    9.213   12.207   13.092
            0.330000  0.070000  0.960000
   -1.944   -1.336    2.120    2.761    8.188    9.207   12.290   13.004
            0.330000  0.070000  0.970000
   -1.897   -1.382    2.117    2.754    8.186    9.203   12.372   12.918
            0.330000  0.070000  0.980000
   -1.859   -1.421    2.115    2.750    8.184    9.200   12.452   12.835
            0.330000  0.070000  0.990000
   -1.831   -1.448    2.114    2.747    8.183    9.198   12.524   12.761
            0.330000  0.070000  1.000000
   -1.821   -1.458    2.114    2.746    8.182    9.198   12.561   12.723
