 &plot nbnd=   8, nks=   101 /
            0.950000  0.680000  0.000000
   -1.767   -1.518    2.213    2.669    8.217    8.937   12.701   12.819
            0.950000  0.680000  0.010000
   -1.782   -1.504    2.213    2.671    8.217    8.938   12.655   12.865
            0.950000  0.680000  0.020000
   -1.819   -1.466    2.213    2.674    8.218    8.940   12.577   12.945
            0.950000  0.680000  0.030000
   -1.867   -1.418    2.214    2.679    8.220    8.943   12.494   13.031
            0.950000  0.680000  0.040000
   -1.921   -1.363    2.216    2.687    8.222    8.948   12.411   13.118
            0.950000  0.680000  0.050000
   -1.978   -1.306    2.217    2.697    8.224    8.954   12.327   13.207
            0.950000  0.680000  0.060000
   -2.036   -1.248    2.220    2.709    8.228    8.962   12.244   13.296
            0.950000  0.680000  0.070000
   -2.095   -1.188    2.222    2.723    8.231    8.970   12.161   13.386
            0.950000  0.680000  0.080000
   -2.154   -1.128    2.226    2.739    8.236    8.981   12.079   13.476
            0.950000  0.680000  0.090000
   -2.214   -1.067    2.230    2.757    8.241    8.992   11.997   13.567
            0.950000  0.680000  0.100000
   -2.273   -1.007    2.234    2.777    8.246    9.005   11.916   13.658
            0.950000  0.680000  0.110000
   -2.333   -0.946    2.239    2.799    8.252    9.019   11.836   13.749
            0.950000  0.680000  0.120000
   -2.392   -0.885    2.245    2.823    8.259    9.035   11.756   13.839
            0.950000  0.680000  0.130000
   -2.451   -0.824    2.252    2.849    8.266    9.052   11.677   13.929
            0.950000  0.680000  0.140000
   -2.511   -0.763    2.259    2.876    8.274    9.070   11.599   14.016
            0.950000  0.680000  0.150000
   -2.569   -0.703    2.267    2.906    8.283    9.089   11.521   14.100
            0.950000  0.680000  0.160000
   -2.628   -0.642    2.275    2.936    8.292    9.110   11.444   14.174
            0.950000  0.680000  0.170000
   -2.686   -0.582    2.285    2.969    8.301    9.132   11.368   14.221
            0.950000  0.680000  0.180000
   -2.744   -0.521    2.295    3.003    8.312    9.156   11.293   14.210
            0.950000  0.680000  0.190000
   -2.802   -0.462    2.306    3.039    8.322    9.181   11.218   14.148
            0.950000  0.680000  0.200000
   -2.859   -0.402    2.318    3.076    8.334    9.207   11.144   14.064
            0.950000  0.680000  0.210000
   -2.916   -0.342    2.331    3.115    8.346    9.234   11.071   13.972
            0.950000  0.680000  0.220000
   -2.972   -0.283    2.344    3.156    8.359    9.263   10.998   13.876
            0.950000  0.680000  0.230000
   -3.028   -0.224    2.359    3.197    8.372    9.293   10.926   13.778
            0.950000  0.680000  0.240000
   -3.084   -0.165    2.374    3.240    8.386    9.324   10.855   13.679
            0.950000  0.680000  0.250000
   -3.139   -0.106    2.390    3.285    8.400    9.357   10.785   13.580
            0.950000  0.680000  0.260000
   -3.193   -0.048    2.407    3.331    8.415    9.391   10.716   13.480
            0.950000  0.680000  0.270000
   -3.247    0.010    2.425    3.378    8.431    9.426   10.647   13.380
            0.950000  0.680000  0.280000
   -3.301    0.068    2.444    3.426    8.447    9.462   10.580   13.280
            0.950000  0.680000  0.290000
   -3.354    0.126    2.463    3.475    8.464    9.500   10.513   13.180
            0.950000  0.680000  0.300000
   -3.406    0.183    2.483    3.526    8.481    9.539   10.446   13.080
            0.950000  0.680000  0.310000
   -3.458    0.240    2.505    3.578    8.499    9.579   10.381   12.980
            0.950000  0.680000  0.320000
   -3.510    0.297    2.527    3.630    8.518    9.621   10.317   12.880
            0.950000  0.680000  0.330000
   -3.560    0.354    2.549    3.684    8.537    9.663   10.253   12.780
            0.950000  0.680000  0.340000
   -3.611    0.411    2.573    3.738    8.556    9.707   10.191   12.680
            0.950000  0.680000  0.350000
   -3.660    0.467    2.598    3.793    8.576    9.752   10.129   12.581
            0.950000  0.680000  0.360000
   -3.709    0.523    2.623    3.849    8.597    9.799   10.069   12.482
            0.950000  0.680000  0.370000
   -3.758    0.580    2.649    3.905    8.618    9.846   10.009   12.383
            0.950000  0.680000  0.380000
   -3.805    0.636    2.676    3.962    8.639    9.893    9.951   12.284
            0.950000  0.680000  0.390000
   -3.853    0.692    2.704    4.020    8.661    9.890    9.947   12.186
            0.950000  0.680000  0.400000
   -3.899    0.747    2.732    4.078    8.683    9.835    9.997   12.087
            0.950000  0.680000  0.410000
   -3.945    0.803    2.762    4.136    8.706    9.779   10.049   11.989
            0.950000  0.680000  0.420000
   -3.990    0.859    2.792    4.195    8.729    9.725   10.102   11.892
            0.950000  0.680000  0.430000
   -4.035    0.915    2.822    4.254    8.752    9.672   10.156   11.795
            0.950000  0.680000  0.440000
   -4.079    0.970    2.854    4.313    8.776    9.620   10.212   11.698
            0.950000  0.680000  0.450000
   -4.122    1.026    2.886    4.371    8.799    9.570   10.268   11.602
            0.950000  0.680000  0.460000
   -4.165    1.081    2.919    4.430    8.823    9.521   10.325   11.506
            0.950000  0.680000  0.470000
   -4.206    1.137    2.953    4.488    8.847    9.474   10.383   11.411
            0.950000  0.680000  0.480000
   -4.248    1.193    2.988    4.546    8.871    9.429   10.442   11.317
            0.950000  0.680000  0.490000
   -4.288    1.248    3.023    4.604    8.894    9.386   10.501   11.224
            0.950000  0.680000  0.500000
   -4.328    1.304    3.059    4.661    8.916    9.345   10.560   11.132
            0.950000  0.680000  0.510000
   -4.367    1.360    3.095    4.717    8.937    9.308   10.618   11.043
            0.950000  0.680000  0.520000
   -4.405    1.416    3.132    4.772    8.956    9.274   10.671   10.960
            0.950000  0.680000  0.530000
   -4.443    1.472    3.170    4.826    8.971    9.247   10.706   10.896
            0.950000  0.680000  0.540000
   -4.480    1.528    3.209    4.879    8.981    9.226   10.691   10.885
            0.950000  0.680000  0.550000
   -4.516    1.585    3.248    4.931    8.984    9.214   10.626   10.923
            0.950000  0.680000  0.560000
   -4.552    1.641    3.288    4.981    8.979    9.212   10.545   10.979
            0.950000  0.680000  0.570000
   -4.586    1.698    3.328    5.029    8.968    9.219   10.460   11.040
            0.950000  0.680000  0.580000
   -4.620    1.754    3.369    5.076    8.952    9.232   10.374   11.103
            0.950000  0.680000  0.590000
   -4.653    1.811    3.410    5.120    8.934    9.250   10.287   11.167
            0.950000  0.680000  0.600000
   -4.686    1.868    3.452    5.163    8.915    9.271   10.202   11.230
            0.950000  0.680000  0.610000
   -4.718    1.925    3.495    5.202    8.897    9.292   10.117   11.293
            0.950000  0.680000  0.620000
   -4.749    1.983    3.537    5.240    8.880    9.315   10.034   11.353
            0.950000  0.680000  0.630000
   -4.779    2.040    3.581    5.275    8.865    9.336    9.954   11.411
            0.950000  0.680000  0.640000
   -4.808    2.098    3.625    5.306    8.852    9.357    9.876   11.464
            0.950000  0.680000  0.650000
   -4.837    2.155    3.669    5.335    8.842    9.374    9.803   11.509
            0.950000  0.680000  0.660000
   -4.865    2.213    3.713    5.361    8.834    9.385    9.737   11.544
            0.950000  0.680000  0.670000
   -4.892    2.271    3.758    5.383    8.828    9.386    9.683   11.565
            0.950000  0.680000  0.680000
   -4.918    2.330    3.803    5.402    8.825    9.369    9.648   11.568
            0.950000  0.680000  0.690000
   -4.944    2.388    3.848    5.417    8.824    9.334    9.634   11.555
            0.950000  0.680000  0.700000
   -4.968    2.446    3.894    5.429    8.824    9.284    9.637   11.527
            0.950000  0.680000  0.710000
   -4.992    2.505    3.940    5.437    8.826    9.228    9.649   11.490
            0.950000  0.680000  0.720000
   -5.016    2.564    3.986    5.442    8.827    9.171    9.667   11.447
            0.950000  0.680000  0.730000
   -5.038    2.622    4.031    5.443    8.824    9.119    9.688   11.400
            0.950000  0.680000  0.740000
   -5.060    2.681    4.077    5.440    8.812    9.078    9.711   11.351
            0.950000  0.680000  0.750000
   -5.080    2.740    4.123    5.435    8.787    9.053    9.734   11.300
            0.950000  0.680000  0.760000
   -5.100    2.799    4.169    5.425    8.747    9.047    9.758   11.250
            0.950000  0.680000  0.770000
   -5.120    2.858    4.214    5.413    8.696    9.055    9.782   11.200
            0.950000  0.680000  0.780000
   -5.138    2.917    4.259    5.397    8.640    9.073    9.806   11.150
            0.950000  0.680000  0.790000
   -5.155    2.975    4.304    5.379    8.580    9.098    9.829   11.101
            0.950000  0.680000  0.800000
   -5.172    3.034    4.348    5.357    8.519    9.128    9.852   11.052
            0.950000  0.680000  0.810000
   -5.188    3.092    4.391    5.333    8.458    9.162    9.874   11.005
            0.950000  0.680000  0.820000
   -5.203    3.150    4.434    5.307    8.397    9.199    9.896   10.958
            0.950000  0.680000  0.830000
   -5.218    3.207    4.476    5.279    8.338    9.238    9.917   10.912
            0.950000  0.680000  0.840000
   -5.231    3.265    4.517    5.248    8.280    9.279    9.937   10.868
            0.950000  0.680000  0.850000
   -5.244    3.321    4.557    5.216    8.224    9.322    9.956   10.824
            0.950000  0.680000  0.860000
   -5.256    3.377    4.595    5.182    8.171    9.366    9.974   10.781
            0.950000  0.680000  0.870000
   -5.267    3.432    4.632    5.147    8.119    9.411    9.991   10.739
            0.950000  0.680000  0.880000
   -5.277    3.486    4.668    5.112    8.070    9.457   10.007   10.698
            0.950000  0.680000  0.890000
   -5.287    3.539    4.701    5.075    8.024    9.504   10.022   10.658
            0.950000  0.680000  0.900000
   -5.295    3.591    4.732    5.039    7.981    9.550   10.035   10.619
            0.950000  0.680000  0.910000
   -5.303    3.640    4.761    5.003    7.942    9.596   10.047   10.581
            0.950000  0.680000  0.920000
   -5.310    3.687    4.787    4.968    7.905    9.641   10.058   10.544
            0.950000  0.680000  0.930000
   -5.316    3.732    4.810    4.935    7.873    9.686   10.067   10.508
            0.950000  0.680000  0.940000
   -5.322    3.773    4.827    4.907    7.844    9.728   10.074   10.474
            0.950000  0.680000  0.950000
   -5.326    3.810    4.834    4.888    7.819    9.768   10.079   10.443
            0.950000  0.680000  0.960000
   -5.330    3.843    4.824    4.887    7.799    9.805   10.082   10.415
            0.950000  0.680000  0.970000
   -5.333    3.869    4.808    4.893    7.782    9.837   10.083   10.391
            0.950000  0.680000  0.980000
   -5.335    3.889    4.793    4.900    7.771    9.863   10.083   10.372
            0.950000  0.680000  0.990000
   -5.336    3.902    4.784    4.904    7.764    9.879   10.082   10.360
            0.950000  0.680000  1.000000
   -5.336    3.906    4.780    4.906    7.761    9.885   10.082   10.356
