 &plot nbnd=   8, nks=   101 /
            0.590000  0.050000  0.000000
   -4.313    1.625    3.744    3.800    6.928    8.489   12.234   12.360
            0.590000  0.050000  0.010000
   -4.312    1.624    3.743    3.800    6.930    8.491   12.233   12.355
            0.590000  0.050000  0.020000
   -4.311    1.620    3.740    3.799    6.937    8.496   12.230   12.341
            0.590000  0.050000  0.030000
   -4.309    1.615    3.734    3.800    6.949    8.505   12.223   12.320
            0.590000  0.050000  0.040000
   -4.307    1.608    3.725    3.801    6.965    8.517   12.210   12.295
            0.590000  0.050000  0.050000
   -4.303    1.598    3.713    3.803    6.985    8.532   12.184   12.272
            0.590000  0.050000  0.060000
   -4.299    1.586    3.698    3.806    7.010    8.551   12.142   12.258
            0.590000  0.050000  0.070000
   -4.295    1.573    3.680    3.811    7.040    8.574   12.087   12.248
            0.590000  0.050000  0.080000
   -4.289    1.557    3.659    3.817    7.073    8.599   12.024   12.240
            0.590000  0.050000  0.090000
   -4.283    1.540    3.635    3.824    7.110    8.628   11.953   12.234
            0.590000  0.050000  0.100000
   -4.276    1.521    3.609    3.832    7.151    8.660   11.877   12.227
            0.590000  0.050000  0.110000
   -4.268    1.500    3.581    3.841    7.195    8.695   11.797   12.221
            0.590000  0.050000  0.120000
   -4.260    1.477    3.551    3.851    7.243    8.733   11.713   12.214
            0.590000  0.050000  0.130000
   -4.251    1.453    3.519    3.861    7.294    8.775   11.626   12.207
            0.590000  0.050000  0.140000
   -4.241    1.428    3.485    3.872    7.348    8.819   11.537   12.199
            0.590000  0.050000  0.150000
   -4.230    1.401    3.450    3.884    7.405    8.866   11.445   12.191
            0.590000  0.050000  0.160000
   -4.219    1.373    3.414    3.896    7.465    8.916   11.351   12.182
            0.590000  0.050000  0.170000
   -4.207    1.343    3.377    3.909    7.527    8.969   11.256   12.173
            0.590000  0.050000  0.180000
   -4.195    1.312    3.338    3.922    7.592    9.025   11.160   12.164
            0.590000  0.050000  0.190000
   -4.181    1.281    3.299    3.936    7.660    9.083   11.063   12.154
            0.590000  0.050000  0.200000
   -4.167    1.248    3.259    3.950    7.729    9.143   10.965   12.144
            0.590000  0.050000  0.210000
   -4.152    1.214    3.219    3.964    7.801    9.206   10.866   12.133
            0.590000  0.050000  0.220000
   -4.137    1.180    3.178    3.979    7.875    9.272   10.767   12.122
            0.590000  0.050000  0.230000
   -4.121    1.145    3.136    3.994    7.950    9.340   10.668   12.110
            0.590000  0.050000  0.240000
   -4.104    1.109    3.095    4.010    8.028    9.410   10.569   12.098
            0.590000  0.050000  0.250000
   -4.086    1.072    3.053    4.025    8.107    9.482   10.469   12.086
            0.590000  0.050000  0.260000
   -4.068    1.035    3.011    4.041    8.188    9.556   10.370   12.073
            0.590000  0.050000  0.270000
   -4.049    0.997    2.969    4.057    8.271    9.633   10.271   12.060
            0.590000  0.050000  0.280000
   -4.030    0.959    2.927    4.073    8.355    9.711   10.173   12.047
            0.590000  0.050000  0.290000
   -4.009    0.921    2.886    4.089    8.441    9.790   10.076   12.033
            0.590000  0.050000  0.300000
   -3.989    0.882    2.844    4.105    8.528    9.867    9.984   12.019
            0.590000  0.050000  0.310000
   -3.967    0.843    2.803    4.121    8.616    9.869    9.969   12.004
            0.590000  0.050000  0.320000
   -3.945    0.803    2.762    4.136    8.706    9.779   10.049   11.989
            0.590000  0.050000  0.330000
   -3.922    0.764    2.721    4.152    8.797    9.686   10.135   11.975
            0.590000  0.050000  0.340000
   -3.899    0.724    2.680    4.167    8.888    9.592   10.224   11.959
            0.590000  0.050000  0.350000
   -3.875    0.684    2.640    4.182    8.981    9.501   10.314   11.944
            0.590000  0.050000  0.360000
   -3.850    0.644    2.601    4.197    9.073    9.411   10.406   11.929
            0.590000  0.050000  0.370000
   -3.825    0.604    2.562    4.211    9.161    9.328   10.499   11.913
            0.590000  0.050000  0.380000
   -3.799    0.563    2.524    4.225    9.196    9.301   10.594   11.897
            0.590000  0.050000  0.390000
   -3.773    0.523    2.486    4.238    9.128    9.380   10.690   11.882
            0.590000  0.050000  0.400000
   -3.746    0.483    2.449    4.250    9.045    9.475   10.787   11.866
            0.590000  0.050000  0.410000
   -3.718    0.443    2.412    4.262    8.963    9.573   10.885   11.851
            0.590000  0.050000  0.420000
   -3.690    0.403    2.376    4.273    8.881    9.673   10.984   11.836
            0.590000  0.050000  0.430000
   -3.662    0.364    2.341    4.282    8.802    9.773   11.083   11.822
            0.590000  0.050000  0.440000
   -3.633    0.324    2.307    4.291    8.724    9.875   11.183   11.808
            0.590000  0.050000  0.450000
   -3.603    0.284    2.273    4.298    8.649    9.978   11.281   11.797
            0.590000  0.050000  0.460000
   -3.573    0.245    2.240    4.304    8.576   10.082   11.378   11.789
            0.590000  0.050000  0.470000
   -3.542    0.206    2.208    4.309    8.506   10.186   11.468   11.788
            0.590000  0.050000  0.480000
   -3.511    0.167    2.177    4.312    8.438   10.291   11.544   11.802
            0.590000  0.050000  0.490000
   -3.480    0.128    2.147    4.313    8.374   10.397   11.595   11.843
            0.590000  0.050000  0.500000
   -3.448    0.090    2.117    4.313    8.312   10.503   11.616   11.913
            0.590000  0.050000  0.510000
   -3.415    0.052    2.089    4.310    8.254   10.609   11.619   12.003
            0.590000  0.050000  0.520000
   -3.382    0.014    2.061    4.306    8.200   10.716   11.614   12.102
            0.590000  0.050000  0.530000
   -3.349   -0.024    2.035    4.299    8.149   10.822   11.605   12.206
            0.590000  0.050000  0.540000
   -3.315   -0.061    2.009    4.290    8.101   10.929   11.594   12.311
            0.590000  0.050000  0.550000
   -3.281   -0.098    1.985    4.278    8.058   11.034   11.583   12.417
            0.590000  0.050000  0.560000
   -3.247   -0.135    1.961    4.265    8.018   11.138   11.574   12.520
            0.590000  0.050000  0.570000
   -3.212   -0.172    1.939    4.248    7.982   11.238   11.568   12.618
            0.590000  0.050000  0.580000
   -3.177   -0.208    1.917    4.229    7.951   11.328   11.572   12.703
            0.590000  0.050000  0.590000
   -3.142   -0.244    1.897    4.208    7.923   11.394   11.599   12.758
            0.590000  0.050000  0.600000
   -3.106   -0.279    1.878    4.184    7.900   11.424   11.662   12.775
            0.590000  0.050000  0.610000
   -3.070   -0.314    1.860    4.157    7.881   11.429   11.750   12.764
            0.590000  0.050000  0.620000
   -3.034   -0.349    1.843    4.128    7.866   11.423   11.848   12.738
            0.590000  0.050000  0.630000
   -2.998   -0.384    1.828    4.096    7.855   11.412   11.949   12.705
            0.590000  0.050000  0.640000
   -2.961   -0.418    1.814    4.062    7.848   11.399   12.050   12.667
            0.590000  0.050000  0.650000
   -2.925   -0.452    1.801    4.026    7.845   11.385   12.148   12.624
            0.590000  0.050000  0.660000
   -2.888   -0.485    1.789    3.987    7.846   11.370   12.240   12.575
            0.590000  0.050000  0.670000
   -2.851   -0.519    1.778    3.947    7.851   11.354   12.319   12.519
            0.590000  0.050000  0.680000
   -2.814   -0.552    1.769    3.904    7.860   11.337   12.371   12.466
            0.590000  0.050000  0.690000
   -2.777   -0.584    1.761    3.859    7.872   11.320   12.349   12.454
            0.590000  0.050000  0.700000
   -2.740   -0.616    1.755    3.813    7.888   11.302   12.279   12.460
            0.590000  0.050000  0.710000
   -2.703   -0.648    1.750    3.766    7.908   11.284   12.198   12.455
            0.590000  0.050000  0.720000
   -2.666   -0.680    1.746    3.717    7.930   11.264   12.114   12.441
            0.590000  0.050000  0.730000
   -2.629   -0.711    1.744    3.666    7.956   11.243   12.030   12.423
            0.590000  0.050000  0.740000
   -2.592   -0.742    1.743    3.615    7.984   11.220   11.946   12.402
            0.590000  0.050000  0.750000
   -2.556   -0.773    1.743    3.563    8.016   11.195   11.864   12.380
            0.590000  0.050000  0.760000
   -2.519   -0.803    1.745    3.510    8.050   11.167   11.786   12.359
            0.590000  0.050000  0.770000
   -2.483   -0.834    1.749    3.456    8.087   11.135   11.711   12.337
            0.590000  0.050000  0.780000
   -2.447   -0.863    1.754    3.402    8.127   11.098   11.643   12.316
            0.590000  0.050000  0.790000
   -2.411   -0.893    1.760    3.347    8.169   11.055   11.581   12.295
            0.590000  0.050000  0.800000
   -2.375   -0.922    1.768    3.293    8.213   11.005   11.526   12.276
            0.590000  0.050000  0.810000
   -2.340   -0.951    1.778    3.238    8.259   10.949   11.479   12.257
            0.590000  0.050000  0.820000
   -2.305   -0.979    1.789    3.183    8.308   10.886   11.439   12.238
            0.590000  0.050000  0.830000
   -2.271   -1.007    1.801    3.128    8.358   10.818   11.406   12.221
            0.590000  0.050000  0.840000
   -2.238   -1.035    1.815    3.074    8.411   10.745   11.378   12.205
            0.590000  0.050000  0.850000
   -2.204   -1.062    1.831    3.020    8.465   10.670   11.355   12.190
            0.590000  0.050000  0.860000
   -2.172   -1.089    1.848    2.967    8.522   10.591   11.335   12.175
            0.590000  0.050000  0.870000
   -2.140   -1.115    1.867    2.914    8.579   10.512   11.319   12.162
            0.590000  0.050000  0.880000
   -2.109   -1.141    1.887    2.862    8.639   10.431   11.304   12.149
            0.590000  0.050000  0.890000
   -2.080   -1.166    1.908    2.810    8.700   10.349   11.292   12.138
            0.590000  0.050000  0.900000
   -2.051   -1.190    1.931    2.760    8.763   10.267   11.282   12.127
            0.590000  0.050000  0.910000
   -2.024   -1.213    1.955    2.711    8.827   10.185   11.273   12.118
            0.590000  0.050000  0.920000
   -1.998   -1.235    1.980    2.663    8.893   10.104   11.265   12.109
            0.590000  0.050000  0.930000
   -1.974   -1.256    2.006    2.617    8.960   10.022   11.258   12.102
            0.590000  0.050000  0.940000
   -1.952   -1.275    2.033    2.573    9.028    9.942   11.252   12.095
            0.590000  0.050000  0.950000
   -1.932   -1.292    2.060    2.531    9.097    9.862   11.248   12.090
            0.590000  0.050000  0.960000
   -1.915   -1.307    2.087    2.492    9.167    9.783   11.244   12.085
            0.590000  0.050000  0.970000
   -1.901   -1.319    2.112    2.457    9.238    9.705   11.241   12.082
            0.590000  0.050000  0.980000
   -1.891   -1.328    2.134    2.429    9.308    9.629   11.239   12.079
            0.590000  0.050000  0.990000
   -1.885   -1.334    2.149    2.409    9.376    9.559   11.238   12.078
            0.590000  0.050000  1.000000
   -1.883   -1.336    2.155    2.402    9.416    9.518   11.238   12.077
