 &plot nbnd=   8, nks=   101 /
            0.780000  0.550000  0.000000
   -2.505   -0.777    1.753    3.324    8.469   10.937   11.571   12.031
            0.780000  0.550000  0.010000
   -2.506   -0.777    1.754    3.325    8.470   10.928   11.580   12.033
            0.780000  0.550000  0.020000
   -2.508   -0.777    1.759    3.327    8.471   10.900   11.606   12.038
            0.780000  0.550000  0.030000
   -2.512   -0.777    1.766    3.330    8.473   10.859   11.644   12.047
            0.780000  0.550000  0.040000
   -2.518   -0.777    1.777    3.334    8.476   10.808   11.690   12.060
            0.780000  0.550000  0.050000
   -2.525   -0.777    1.790    3.340    8.480   10.750   11.739   12.080
            0.780000  0.550000  0.060000
   -2.534   -0.777    1.806    3.347    8.484   10.688   11.786   12.108
            0.780000  0.550000  0.070000
   -2.545   -0.777    1.824    3.355    8.489   10.623   11.830   12.144
            0.780000  0.550000  0.080000
   -2.557   -0.776    1.845    3.364    8.495   10.556   11.867   12.191
            0.780000  0.550000  0.090000
   -2.571   -0.775    1.869    3.375    8.502   10.488   11.898   12.248
            0.780000  0.550000  0.100000
   -2.586   -0.774    1.895    3.387    8.510   10.420   11.924   12.312
            0.780000  0.550000  0.110000
   -2.603   -0.772    1.923    3.400    8.519   10.351   11.946   12.382
            0.780000  0.550000  0.120000
   -2.621   -0.770    1.953    3.415    8.528   10.283   11.965   12.456
            0.780000  0.550000  0.130000
   -2.641   -0.767    1.985    3.431    8.538   10.214   11.983   12.533
            0.780000  0.550000  0.140000
   -2.662   -0.764    2.018    3.448    8.549   10.146   12.000   12.609
            0.780000  0.550000  0.150000
   -2.685   -0.760    2.054    3.467    8.560   10.079   12.017   12.678
            0.780000  0.550000  0.160000
   -2.708   -0.755    2.090    3.487    8.572   10.012   12.033   12.724
            0.780000  0.550000  0.170000
   -2.733   -0.749    2.128    3.508    8.585    9.946   12.050   12.710
            0.780000  0.550000  0.180000
   -2.759   -0.742    2.167    3.531    8.599    9.881   12.068   12.647
            0.780000  0.550000  0.190000
   -2.786   -0.735    2.208    3.556    8.613    9.816   12.085   12.567
            0.780000  0.550000  0.200000
   -2.814   -0.726    2.248    3.581    8.628    9.753   12.103   12.481
            0.780000  0.550000  0.210000
   -2.844   -0.717    2.290    3.609    8.644    9.691   12.122   12.393
            0.780000  0.550000  0.220000
   -2.874   -0.706    2.332    3.637    8.660    9.629   12.140   12.305
            0.780000  0.550000  0.230000
   -2.904   -0.695    2.375    3.667    8.676    9.569   12.151   12.223
            0.780000  0.550000  0.240000
   -2.936   -0.682    2.418    3.699    8.693    9.511   12.108   12.197
            0.780000  0.550000  0.250000
   -2.968   -0.668    2.462    3.731    8.710    9.454   12.023   12.213
            0.780000  0.550000  0.260000
   -3.001   -0.654    2.505    3.766    8.727    9.398   11.934   12.234
            0.780000  0.550000  0.270000
   -3.035   -0.638    2.549    3.801    8.744    9.345   11.843   12.257
            0.780000  0.550000  0.280000
   -3.069   -0.621    2.592    3.838    8.760    9.294   11.753   12.282
            0.780000  0.550000  0.290000
   -3.103   -0.603    2.636    3.876    8.775    9.246   11.663   12.307
            0.780000  0.550000  0.300000
   -3.138   -0.585    2.679    3.915    8.788    9.201   11.573   12.333
            0.780000  0.550000  0.310000
   -3.174   -0.565    2.722    3.955    8.798    9.162   11.483   12.360
            0.780000  0.550000  0.320000
   -3.209   -0.544    2.765    3.996    8.804    9.129   11.394   12.388
            0.780000  0.550000  0.330000
   -3.245   -0.522    2.808    4.038    8.803    9.105   11.305   12.417
            0.780000  0.550000  0.340000
   -3.281   -0.499    2.850    4.081    8.794    9.091   11.217   12.447
            0.780000  0.550000  0.350000
   -3.317   -0.475    2.892    4.124    8.776    9.087   11.130   12.477
            0.780000  0.550000  0.360000
   -3.353   -0.450    2.934    4.168    8.752    9.092   11.043   12.509
            0.780000  0.550000  0.370000
   -3.389   -0.425    2.975    4.212    8.723    9.103   10.957   12.542
            0.780000  0.550000  0.380000
   -3.425   -0.398    3.016    4.256    8.691    9.120   10.871   12.575
            0.780000  0.550000  0.390000
   -3.461   -0.370    3.057    4.301    8.658    9.140   10.787   12.609
            0.780000  0.550000  0.400000
   -3.497   -0.341    3.098    4.345    8.624    9.162   10.704   12.645
            0.780000  0.550000  0.410000
   -3.533   -0.312    3.138    4.389    8.591    9.187   10.621   12.681
            0.780000  0.550000  0.420000
   -3.568   -0.281    3.178    4.432    8.558    9.212   10.540   12.718
            0.780000  0.550000  0.430000
   -3.604   -0.250    3.217    4.475    8.526    9.239   10.460   12.756
            0.780000  0.550000  0.440000
   -3.639   -0.218    3.257    4.517    8.496    9.267   10.381   12.795
            0.780000  0.550000  0.450000
   -3.674   -0.185    3.296    4.557    8.468    9.296   10.304   12.835
            0.780000  0.550000  0.460000
   -3.708   -0.151    3.335    4.597    8.441    9.325   10.228   12.876
            0.780000  0.550000  0.470000
   -3.743   -0.116    3.374    4.635    8.416    9.354   10.153   12.918
            0.780000  0.550000  0.480000
   -3.777   -0.080    3.412    4.671    8.393    9.384   10.081   12.961
            0.780000  0.550000  0.490000
   -3.810   -0.044    3.451    4.705    8.371    9.414   10.010   13.004
            0.780000  0.550000  0.500000
   -3.844   -0.006    3.489    4.737    8.352    9.445    9.941   13.048
            0.780000  0.550000  0.510000
   -3.877    0.032    3.527    4.767    8.336    9.475    9.875   13.093
            0.780000  0.550000  0.520000
   -3.909    0.071    3.565    4.794    8.321    9.505    9.812   13.137
            0.780000  0.550000  0.530000
   -3.941    0.111    3.603    4.818    8.308    9.533    9.752   13.180
            0.780000  0.550000  0.540000
   -3.972    0.151    3.640    4.840    8.298    9.558    9.699   13.217
            0.780000  0.550000  0.550000
   -4.003    0.192    3.678    4.859    8.289    9.569    9.662   13.223
            0.780000  0.550000  0.560000
   -4.034    0.234    3.715    4.874    8.283    9.547    9.661   13.164
            0.780000  0.550000  0.570000
   -4.064    0.277    3.752    4.887    8.278    9.506    9.682   13.073
            0.780000  0.550000  0.580000
   -4.093    0.320    3.789    4.896    8.275    9.462    9.710   12.975
            0.780000  0.550000  0.590000
   -4.122    0.364    3.825    4.902    8.273    9.419    9.740   12.876
            0.780000  0.550000  0.600000
   -4.151    0.409    3.861    4.904    8.272    9.380    9.770   12.776
            0.780000  0.550000  0.610000
   -4.178    0.454    3.897    4.903    8.273    9.344    9.800   12.677
            0.780000  0.550000  0.620000
   -4.206    0.500    3.933    4.899    8.273    9.312    9.831   12.578
            0.780000  0.550000  0.630000
   -4.232    0.547    3.968    4.891    8.274    9.285    9.861   12.481
            0.780000  0.550000  0.640000
   -4.258    0.594    4.003    4.880    8.275    9.263    9.892   12.384
            0.780000  0.550000  0.650000
   -4.284    0.642    4.038    4.866    8.275    9.246    9.922   12.288
            0.780000  0.550000  0.660000
   -4.308    0.691    4.072    4.849    8.275    9.234    9.952   12.194
            0.780000  0.550000  0.670000
   -4.332    0.740    4.106    4.828    8.274    9.227    9.982   12.100
            0.780000  0.550000  0.680000
   -4.356    0.789    4.139    4.805    8.271    9.225   10.012   12.008
            0.780000  0.550000  0.690000
   -4.379    0.839    4.172    4.779    8.268    9.229   10.042   11.917
            0.780000  0.550000  0.700000
   -4.401    0.889    4.204    4.750    8.264    9.236   10.071   11.828
            0.780000  0.550000  0.710000
   -4.422    0.940    4.235    4.720    8.259    9.249   10.101   11.740
            0.780000  0.550000  0.720000
   -4.443    0.992    4.266    4.686    8.254    9.264   10.130   11.653
            0.780000  0.550000  0.730000
   -4.463    1.043    4.295    4.651    8.248    9.284   10.160   11.568
            0.780000  0.550000  0.740000
   -4.483    1.095    4.324    4.615    8.242    9.306   10.190   11.485
            0.780000  0.550000  0.750000
   -4.502    1.147    4.351    4.577    8.236    9.330   10.220   11.404
            0.780000  0.550000  0.760000
   -4.520    1.200    4.376    4.539    8.230    9.356   10.250   11.325
            0.780000  0.550000  0.770000
   -4.537    1.252    4.394    4.505    8.225    9.384   10.280   11.247
            0.780000  0.550000  0.780000
   -4.554    1.305    4.397    4.484    8.220    9.412   10.310   11.172
            0.780000  0.550000  0.790000
   -4.570    1.358    4.374    4.488    8.216    9.440   10.341   11.100
            0.780000  0.550000  0.800000
   -4.585    1.410    4.335    4.505    8.213    9.469   10.373   11.030
            0.780000  0.550000  0.810000
   -4.600    1.463    4.292    4.525    8.211    9.496   10.404   10.962
            0.780000  0.550000  0.820000
   -4.613    1.515    4.246    4.546    8.210    9.523   10.435   10.898
            0.780000  0.550000  0.830000
   -4.627    1.567    4.199    4.566    8.210    9.548   10.467   10.838
            0.780000  0.550000  0.840000
   -4.639    1.618    4.151    4.586    8.211    9.572   10.496   10.783
            0.780000  0.550000  0.850000
   -4.650    1.669    4.103    4.605    8.213    9.594   10.523   10.734
            0.780000  0.550000  0.860000
   -4.661    1.719    4.055    4.623    8.215    9.613   10.541   10.698
            0.780000  0.550000  0.870000
   -4.672    1.768    4.008    4.640    8.219    9.631   10.541   10.683
            0.780000  0.550000  0.880000
   -4.681    1.816    3.962    4.656    8.223    9.646   10.521   10.692
            0.780000  0.550000  0.890000
   -4.690    1.862    3.917    4.670    8.228    9.658   10.491   10.714
            0.780000  0.550000  0.900000
   -4.697    1.907    3.873    4.684    8.233    9.668   10.459   10.742
            0.780000  0.550000  0.910000
   -4.705    1.949    3.831    4.696    8.238    9.676   10.428   10.771
            0.780000  0.550000  0.920000
   -4.711    1.989    3.791    4.707    8.244    9.681   10.400   10.799
            0.780000  0.550000  0.930000
   -4.717    2.026    3.755    4.716    8.249    9.685   10.376   10.826
            0.780000  0.550000  0.940000
   -4.722    2.060    3.721    4.725    8.254    9.686   10.355   10.851
            0.780000  0.550000  0.950000
   -4.726    2.089    3.692    4.732    8.259    9.687   10.338   10.874
            0.780000  0.550000  0.960000
   -4.729    2.114    3.667    4.738    8.263    9.687   10.324   10.893
            0.780000  0.550000  0.970000
   -4.732    2.135    3.647    4.743    8.267    9.686   10.314   10.908
            0.780000  0.550000  0.980000
   -4.734    2.149    3.632    4.746    8.269    9.686   10.307   10.919
            0.780000  0.550000  0.990000
   -4.735    2.158    3.623    4.748    8.271    9.685   10.302   10.926
            0.780000  0.550000  1.000000
   -4.735    2.161    3.620    4.748    8.271    9.685   10.301   10.929
