 &plot nbnd=   8, nks=   101 /
            0.730000  0.260000  0.000000
   -3.356    0.170    2.657    3.334    8.003    8.761   11.323   13.565
            0.730000  0.260000  0.010000
   -3.356    0.169    2.656    3.336    7.998    8.767   11.323   13.558
            0.730000  0.260000  0.020000
   -3.355    0.166    2.655    3.341    7.985    8.786   11.323   13.539
            0.730000  0.260000  0.030000
   -3.354    0.162    2.652    3.349    7.965    8.816   11.324   13.507
            0.730000  0.260000  0.040000
   -3.353    0.155    2.649    3.360    7.939    8.856   11.324   13.465
            0.730000  0.260000  0.050000
   -3.351    0.147    2.645    3.374    7.909    8.903   11.325   13.412
            0.730000  0.260000  0.060000
   -3.348    0.136    2.640    3.390    7.877    8.957   11.327   13.351
            0.730000  0.260000  0.070000
   -3.345    0.124    2.635    3.409    7.843    9.016   11.328   13.282
            0.730000  0.260000  0.080000
   -3.342    0.111    2.630    3.429    7.808    9.080   11.329   13.207
            0.730000  0.260000  0.090000
   -3.338    0.096    2.625    3.451    7.774    9.147   11.331   13.127
            0.730000  0.260000  0.100000
   -3.334    0.079    2.620    3.475    7.741    9.218   11.333   13.042
            0.730000  0.260000  0.110000
   -3.329    0.061    2.616    3.499    7.709    9.291   11.335   12.953
            0.730000  0.260000  0.120000
   -3.324    0.042    2.611    3.525    7.679    9.367   11.337   12.861
            0.730000  0.260000  0.130000
   -3.319    0.021    2.608    3.551    7.651    9.445   11.339   12.767
            0.730000  0.260000  0.140000
   -3.313   -0.000    2.604    3.577    7.626    9.525   11.341   12.670
            0.730000  0.260000  0.150000
   -3.307   -0.023    2.602    3.603    7.603    9.607   11.343   12.572
            0.730000  0.260000  0.160000
   -3.301   -0.047    2.600    3.630    7.583    9.691   11.345   12.472
            0.730000  0.260000  0.170000
   -3.294   -0.071    2.598    3.655    7.566    9.776   11.347   12.371
            0.730000  0.260000  0.180000
   -3.287   -0.096    2.598    3.681    7.553    9.863   11.348   12.270
            0.730000  0.260000  0.190000
   -3.279   -0.122    2.598    3.705    7.542    9.951   11.349   12.169
            0.730000  0.260000  0.200000
   -3.272   -0.148    2.598    3.729    7.536   10.040   11.349   12.068
            0.730000  0.260000  0.210000
   -3.264   -0.175    2.599    3.751    7.533   10.131   11.347   11.968
            0.730000  0.260000  0.220000
   -3.256   -0.202    2.601    3.773    7.533   10.223   11.344   11.870
            0.730000  0.260000  0.230000
   -3.247   -0.229    2.603    3.793    7.538   10.315   11.337   11.775
            0.730000  0.260000  0.240000
   -3.239   -0.256    2.606    3.811    7.546   10.408   11.323   11.688
            0.730000  0.260000  0.250000
   -3.230   -0.283    2.610    3.829    7.558   10.502   11.299   11.611
            0.730000  0.260000  0.260000
   -3.221   -0.310    2.614    3.845    7.575   10.595   11.259   11.552
            0.730000  0.260000  0.270000
   -3.212   -0.337    2.618    3.859    7.595   10.686   11.202   11.512
            0.730000  0.260000  0.280000
   -3.203   -0.364    2.623    3.872    7.619   10.771   11.136   11.489
            0.730000  0.260000  0.290000
   -3.194   -0.390    2.628    3.883    7.647   10.834   11.083   11.477
            0.730000  0.260000  0.300000
   -3.185   -0.416    2.633    3.893    7.679   10.833   11.088   11.470
            0.730000  0.260000  0.310000
   -3.176   -0.441    2.638    3.901    7.715   10.769   11.155   11.467
            0.730000  0.260000  0.320000
   -3.167   -0.466    2.644    3.908    7.755   10.682   11.243   11.466
            0.730000  0.260000  0.330000
   -3.158   -0.490    2.649    3.914    7.799   10.586   11.339   11.468
            0.730000  0.260000  0.340000
   -3.149   -0.513    2.655    3.919    7.845   10.487   11.429   11.480
            0.730000  0.260000  0.350000
   -3.141   -0.535    2.661    3.923    7.896   10.387   11.459   11.554
            0.730000  0.260000  0.360000
   -3.132   -0.556    2.666    3.926    7.950   10.286   11.464   11.655
            0.730000  0.260000  0.370000
   -3.124   -0.577    2.672    3.927    8.007   10.185   11.466   11.760
            0.730000  0.260000  0.380000
   -3.116   -0.596    2.677    3.929    8.067   10.085   11.468   11.867
            0.730000  0.260000  0.390000
   -3.109   -0.614    2.682    3.929    8.130    9.984   11.470   11.975
            0.730000  0.260000  0.400000
   -3.102   -0.631    2.686    3.930    8.196    9.885   11.472   12.083
            0.730000  0.260000  0.410000
   -3.095   -0.647    2.690    3.930    8.264    9.786   11.474   12.193
            0.730000  0.260000  0.420000
   -3.088   -0.661    2.694    3.929    8.335    9.688   11.475   12.303
            0.730000  0.260000  0.430000
   -3.083   -0.674    2.697    3.929    8.408    9.591   11.476   12.414
            0.730000  0.260000  0.440000
   -3.077   -0.686    2.700    3.929    8.483    9.495   11.477   12.526
            0.730000  0.260000  0.450000
   -3.072   -0.696    2.702    3.928    8.560    9.402   11.478   12.638
            0.730000  0.260000  0.460000
   -3.068   -0.705    2.703    3.928    8.638    9.310   11.478   12.750
            0.730000  0.260000  0.470000
   -3.064   -0.712    2.704    3.928    8.715    9.222   11.478   12.862
            0.730000  0.260000  0.480000
   -3.061   -0.717    2.704    3.928    8.790    9.141   11.478   12.972
            0.730000  0.260000  0.490000
   -3.059   -0.721    2.703    3.928    8.849    9.078   11.477   13.078
            0.730000  0.260000  0.500000
   -3.057   -0.724    2.702    3.929    8.858    9.068   11.477   13.157
            0.730000  0.260000  0.510000
   -3.056   -0.725    2.700    3.930    8.808    9.122   11.476   13.136
            0.730000  0.260000  0.520000
   -3.055   -0.724    2.697    3.931    8.736    9.200   11.474   13.042
            0.730000  0.260000  0.530000
   -3.055   -0.722    2.694    3.932    8.659    9.287   11.473   12.935
            0.730000  0.260000  0.540000
   -3.056   -0.718    2.690    3.934    8.581    9.377   11.471   12.824
            0.730000  0.260000  0.550000
   -3.057   -0.712    2.685    3.935    8.504    9.471   11.469   12.713
            0.730000  0.260000  0.560000
   -3.059   -0.705    2.680    3.937    8.428    9.566   11.467   12.601
            0.730000  0.260000  0.570000
   -3.062   -0.697    2.675    3.938    8.355    9.662   11.464   12.490
            0.730000  0.260000  0.580000
   -3.065   -0.687    2.669    3.940    8.283    9.760   11.461   12.379
            0.730000  0.260000  0.590000
   -3.068   -0.676    2.662    3.941    8.215    9.859   11.458   12.269
            0.730000  0.260000  0.600000
   -3.072   -0.663    2.655    3.941    8.148    9.959   11.455   12.160
            0.730000  0.260000  0.610000
   -3.077   -0.649    2.648    3.941    8.085   10.059   11.452   12.052
            0.730000  0.260000  0.620000
   -3.082   -0.633    2.641    3.941    8.024   10.160   11.448   11.944
            0.730000  0.260000  0.630000
   -3.088   -0.617    2.634    3.939    7.967   10.261   11.445   11.838
            0.730000  0.260000  0.640000
   -3.093   -0.599    2.626    3.937    7.912   10.363   11.441   11.733
            0.730000  0.260000  0.650000
   -3.100   -0.580    2.618    3.933    7.862   10.464   11.436   11.631
            0.730000  0.260000  0.660000
   -3.106   -0.560    2.611    3.929    7.814   10.564   11.427   11.534
            0.730000  0.260000  0.670000
   -3.113   -0.539    2.604    3.923    7.770   10.662   11.393   11.466
            0.730000  0.260000  0.680000
   -3.120   -0.518    2.596    3.916    7.730   10.756   11.314   11.449
            0.730000  0.260000  0.690000
   -3.127   -0.495    2.589    3.907    7.694   10.840   11.231   11.446
            0.730000  0.260000  0.700000
   -3.134   -0.472    2.582    3.897    7.661   10.899   11.169   11.449
            0.730000  0.260000  0.710000
   -3.142   -0.448    2.576    3.886    7.633   10.896   11.163   11.458
            0.730000  0.260000  0.720000
   -3.149   -0.424    2.570    3.873    7.608   10.835   11.205   11.479
            0.730000  0.260000  0.730000
   -3.157   -0.399    2.564    3.858    7.587   10.752   11.253   11.517
            0.730000  0.260000  0.740000
   -3.164   -0.374    2.559    3.841    7.571   10.662   11.288   11.577
            0.730000  0.260000  0.750000
   -3.172   -0.349    2.554    3.823    7.558   10.569   11.308   11.656
            0.730000  0.260000  0.760000
   -3.179   -0.323    2.550    3.804    7.550   10.475   11.318   11.745
            0.730000  0.260000  0.770000
   -3.187   -0.297    2.547    3.783    7.545   10.382   11.322   11.842
            0.730000  0.260000  0.780000
   -3.194   -0.272    2.544    3.760    7.544   10.289   11.323   11.941
            0.730000  0.260000  0.790000
   -3.201   -0.246    2.542    3.737    7.547   10.197   11.323   12.043
            0.730000  0.260000  0.800000
   -3.208   -0.221    2.540    3.712    7.554   10.106   11.321   12.145
            0.730000  0.260000  0.810000
   -3.215   -0.196    2.539    3.686    7.564   10.016   11.319   12.248
            0.730000  0.260000  0.820000
   -3.222   -0.172    2.539    3.659    7.578    9.927   11.316   12.351
            0.730000  0.260000  0.830000
   -3.228   -0.148    2.540    3.632    7.595    9.840   11.313   12.453
            0.730000  0.260000  0.840000
   -3.234   -0.124    2.541    3.604    7.616    9.754   11.310   12.555
            0.730000  0.260000  0.850000
   -3.240   -0.102    2.543    3.576    7.639    9.669   11.307   12.656
            0.730000  0.260000  0.860000
   -3.245   -0.080    2.545    3.548    7.665    9.586   11.304   12.755
            0.730000  0.260000  0.870000
   -3.250   -0.059    2.549    3.520    7.694    9.505   11.301   12.852
            0.730000  0.260000  0.880000
   -3.255   -0.039    2.553    3.492    7.725    9.426   11.299   12.948
            0.730000  0.260000  0.890000
   -3.260   -0.021    2.557    3.465    7.758    9.348   11.296   13.040
            0.730000  0.260000  0.900000
   -3.264   -0.004    2.562    3.439    7.793    9.273   11.293   13.130
            0.730000  0.260000  0.910000
   -3.268    0.012    2.567    3.414    7.829    9.201   11.291   13.216
            0.730000  0.260000  0.920000
   -3.271    0.027    2.572    3.390    7.866    9.132   11.289   13.297
            0.730000  0.260000  0.930000
   -3.274    0.040    2.578    3.369    7.904    9.066   11.287   13.373
            0.730000  0.260000  0.940000
   -3.277    0.051    2.583    3.349    7.941    9.005   11.285   13.442
            0.730000  0.260000  0.950000
   -3.279    0.061    2.588    3.332    7.976    8.949   11.284   13.504
            0.730000  0.260000  0.960000
   -3.281    0.069    2.592    3.317    8.009    8.899   11.283   13.558
            0.730000  0.260000  0.970000
   -3.282    0.076    2.595    3.306    8.038    8.858   11.282   13.601
            0.730000  0.260000  0.980000
   -3.283    0.080    2.598    3.297    8.061    8.826   11.281   13.633
            0.730000  0.260000  0.990000
   -3.284    0.083    2.600    3.292    8.076    8.806   11.281   13.652
            0.730000  0.260000  1.000000
   -3.284    0.084    2.600    3.290    8.081    8.799   11.281   13.659
