 &plot nbnd=   8, nks=   101 /
            0.990000  0.690000  0.000000
   -1.670   -1.623    2.408    2.501    8.393    8.536   12.867   12.891
            0.990000  0.690000  0.010000
   -1.715   -1.578    2.406    2.504    8.392    8.537   12.791   12.967
            0.990000  0.690000  0.020000
   -1.776   -1.516    2.401    2.513    8.391    8.542   12.704   13.055
            0.990000  0.690000  0.030000
   -1.839   -1.453    2.394    2.526    8.388    8.549   12.618   13.144
            0.990000  0.690000  0.040000
   -1.902   -1.389    2.387    2.542    8.385    8.559   12.533   13.233
            0.990000  0.690000  0.050000
   -1.965   -1.325    2.379    2.561    8.382    8.571   12.448   13.323
            0.990000  0.690000  0.060000
   -2.028   -1.261    2.372    2.582    8.379    8.585   12.364   13.413
            0.990000  0.690000  0.070000
   -2.090   -1.197    2.366    2.604    8.376    8.601   12.280   13.503
            0.990000  0.690000  0.080000
   -2.153   -1.133    2.360    2.628    8.373    8.618   12.197   13.594
            0.990000  0.690000  0.090000
   -2.215   -1.069    2.356    2.654    8.371    8.637   12.115   13.685
            0.990000  0.690000  0.100000
   -2.277   -1.005    2.352    2.681    8.369    8.657   12.034   13.776
            0.990000  0.690000  0.110000
   -2.338   -0.941    2.350    2.710    8.368    8.679   11.953   13.867
            0.990000  0.690000  0.120000
   -2.399   -0.877    2.349    2.739    8.368    8.701   11.872   13.958
            0.990000  0.690000  0.130000
   -2.460   -0.814    2.348    2.771    8.368    8.725   11.793   14.048
            0.990000  0.690000  0.140000
   -2.521   -0.750    2.349    2.803    8.370    8.751   11.714   14.136
            0.990000  0.690000  0.150000
   -2.581   -0.687    2.351    2.837    8.372    8.777   11.636   14.221
            0.990000  0.690000  0.160000
   -2.641   -0.623    2.354    2.873    8.374    8.804   11.558   14.297
            0.990000  0.690000  0.170000
   -2.700   -0.560    2.358    2.909    8.378    8.833   11.481   14.351
            0.990000  0.690000  0.180000
   -2.759   -0.497    2.363    2.947    8.382    8.863   11.405   14.356
            0.990000  0.690000  0.190000
   -2.818   -0.434    2.369    2.987    8.387    8.894   11.330   14.303
            0.990000  0.690000  0.200000
   -2.876   -0.372    2.376    3.027    8.393    8.926   11.255   14.222
            0.990000  0.690000  0.210000
   -2.934   -0.310    2.384    3.069    8.400    8.959   11.181   14.130
            0.990000  0.690000  0.220000
   -2.991   -0.247    2.393    3.112    8.407    8.993   11.108   14.034
            0.990000  0.690000  0.230000
   -3.048   -0.185    2.403    3.156    8.415    9.029   11.036   13.935
            0.990000  0.690000  0.240000
   -3.104   -0.124    2.414    3.202    8.424    9.066   10.964   13.835
            0.990000  0.690000  0.250000
   -3.160   -0.062    2.426    3.248    8.434    9.103   10.893   13.734
            0.990000  0.690000  0.260000
   -3.215   -0.001    2.439    3.296    8.445    9.142   10.823   13.633
            0.990000  0.690000  0.270000
   -3.270    0.060    2.454    3.345    8.456    9.182   10.754   13.531
            0.990000  0.690000  0.280000
   -3.324    0.121    2.469    3.394    8.468    9.223   10.685   13.429
            0.990000  0.690000  0.290000
   -3.378    0.181    2.485    3.445    8.481    9.266   10.617   13.328
            0.990000  0.690000  0.300000
   -3.431    0.242    2.502    3.497    8.494    9.309   10.550   13.226
            0.990000  0.690000  0.310000
   -3.483    0.302    2.520    3.550    8.508    9.354   10.484   13.124
            0.990000  0.690000  0.320000
   -3.535    0.362    2.539    3.603    8.523    9.399   10.419   13.022
            0.990000  0.690000  0.330000
   -3.586    0.421    2.559    3.658    8.539    9.446   10.354   12.921
            0.990000  0.690000  0.340000
   -3.637    0.481    2.579    3.713    8.555    9.494   10.291   12.819
            0.990000  0.690000  0.350000
   -3.687    0.540    2.601    3.769    8.572    9.543   10.228   12.718
            0.990000  0.690000  0.360000
   -3.737    0.599    2.624    3.826    8.590    9.593   10.167   12.616
            0.990000  0.690000  0.370000
   -3.785    0.658    2.647    3.883    8.608    9.643   10.106   12.515
            0.990000  0.690000  0.380000
   -3.834    0.717    2.672    3.941    8.627    9.695   10.047   12.414
            0.990000  0.690000  0.390000
   -3.881    0.776    2.697    3.999    8.647    9.747    9.989   12.314
            0.990000  0.690000  0.400000
   -3.928    0.834    2.723    4.058    8.667    9.797    9.935   12.213
            0.990000  0.690000  0.410000
   -3.974    0.893    2.750    4.117    8.687    9.830    9.901   12.113
            0.990000  0.690000  0.420000
   -4.020    0.951    2.778    4.176    8.709    9.801    9.930   12.013
            0.990000  0.690000  0.430000
   -4.065    1.010    2.807    4.236    8.731    9.751    9.983   11.913
            0.990000  0.690000  0.440000
   -4.109    1.068    2.836    4.295    8.753    9.699   10.040   11.813
            0.990000  0.690000  0.450000
   -4.153    1.126    2.867    4.355    8.776    9.646   10.099   11.714
            0.990000  0.690000  0.460000
   -4.195    1.184    2.898    4.414    8.799    9.595   10.159   11.615
            0.990000  0.690000  0.470000
   -4.238    1.242    2.930    4.473    8.823    9.545   10.221   11.517
            0.990000  0.690000  0.480000
   -4.279    1.300    2.963    4.532    8.848    9.496   10.283   11.418
            0.990000  0.690000  0.490000
   -4.320    1.359    2.996    4.591    8.872    9.448   10.346   11.320
            0.990000  0.690000  0.500000
   -4.360    1.417    3.031    4.649    8.898    9.402   10.411   11.223
            0.990000  0.690000  0.510000
   -4.399    1.475    3.066    4.706    8.923    9.357   10.475   11.126
            0.990000  0.690000  0.520000
   -4.438    1.533    3.102    4.762    8.949    9.313   10.541   11.029
            0.990000  0.690000  0.530000
   -4.476    1.591    3.138    4.818    8.975    9.272   10.607   10.934
            0.990000  0.690000  0.540000
   -4.513    1.649    3.175    4.872    9.001    9.232   10.673   10.839
            0.990000  0.690000  0.550000
   -4.549    1.708    3.213    4.925    9.027    9.195   10.724   10.760
            0.990000  0.690000  0.560000
   -4.585    1.766    3.252    4.977    9.052    9.160   10.645   10.812
            0.990000  0.690000  0.570000
   -4.620    1.825    3.291    5.027    9.073    9.132   10.552   10.879
            0.990000  0.690000  0.580000
   -4.654    1.883    3.331    5.076    9.073    9.127   10.459   10.946
            0.990000  0.690000  0.590000
   -4.687    1.942    3.371    5.122    9.051    9.147   10.367   11.013
            0.990000  0.690000  0.600000
   -4.720    2.000    3.413    5.167    9.025    9.171   10.276   11.080
            0.990000  0.690000  0.610000
   -4.752    2.059    3.454    5.209    9.001    9.197   10.185   11.145
            0.990000  0.690000  0.620000
   -4.783    2.118    3.496    5.249    8.979    9.224   10.096   11.209
            0.990000  0.690000  0.630000
   -4.813    2.177    3.539    5.286    8.960    9.249   10.008   11.270
            0.990000  0.690000  0.640000
   -4.843    2.236    3.582    5.321    8.943    9.274    9.922   11.327
            0.990000  0.690000  0.650000
   -4.871    2.296    3.626    5.353    8.929    9.297    9.838   11.378
            0.990000  0.690000  0.660000
   -4.899    2.355    3.670    5.382    8.919    9.317    9.758   11.421
            0.990000  0.690000  0.670000
   -4.927    2.414    3.715    5.407    8.911    9.331    9.685   11.453
            0.990000  0.690000  0.680000
   -4.953    2.474    3.759    5.429    8.907    9.335    9.624   11.472
            0.990000  0.690000  0.690000
   -4.979    2.534    3.805    5.448    8.906    9.320    9.582   11.475
            0.990000  0.690000  0.700000
   -5.004    2.593    3.850    5.463    8.909    9.281    9.565   11.464
            0.990000  0.690000  0.710000
   -5.028    2.653    3.896    5.475    8.914    9.224    9.566   11.440
            0.990000  0.690000  0.720000
   -5.051    2.713    3.942    5.483    8.923    9.157    9.579   11.408
            0.990000  0.690000  0.730000
   -5.073    2.772    3.988    5.488    8.935    9.086    9.598   11.369
            0.990000  0.690000  0.740000
   -5.095    2.832    4.034    5.489    8.945    9.017    9.620   11.326
            0.990000  0.690000  0.750000
   -5.116    2.892    4.080    5.487    8.919    8.987    9.643   11.281
            0.990000  0.690000  0.760000
   -5.136    2.952    4.126    5.481    8.851    9.003    9.666   11.234
            0.990000  0.690000  0.770000
   -5.155    3.011    4.172    5.471    8.779    9.027    9.690   11.187
            0.990000  0.690000  0.780000
   -5.174    3.071    4.217    5.459    8.706    9.056    9.714   11.139
            0.990000  0.690000  0.790000
   -5.191    3.130    4.263    5.443    8.634    9.087    9.738   11.091
            0.990000  0.690000  0.800000
   -5.208    3.190    4.307    5.425    8.564    9.121    9.761   11.044
            0.990000  0.690000  0.810000
   -5.224    3.249    4.352    5.404    8.495    9.158    9.784   10.997
            0.990000  0.690000  0.820000
   -5.239    3.307    4.395    5.380    8.428    9.197    9.806   10.950
            0.990000  0.690000  0.830000
   -5.254    3.366    4.438    5.354    8.362    9.239    9.828   10.903
            0.990000  0.690000  0.840000
   -5.267    3.424    4.480    5.325    8.299    9.282    9.848   10.857
            0.990000  0.690000  0.850000
   -5.280    3.481    4.521    5.295    8.238    9.327    9.868   10.812
            0.990000  0.690000  0.860000
   -5.292    3.538    4.560    5.263    8.180    9.374    9.887   10.766
            0.990000  0.690000  0.870000
   -5.303    3.594    4.599    5.230    8.124    9.421    9.905   10.721
            0.990000  0.690000  0.880000
   -5.314    3.649    4.635    5.195    8.071    9.470    9.922   10.676
            0.990000  0.690000  0.890000
   -5.323    3.703    4.670    5.159    8.021    9.520    9.937   10.631
            0.990000  0.690000  0.900000
   -5.332    3.755    4.703    5.123    7.975    9.571    9.952   10.587
            0.990000  0.690000  0.910000
   -5.340    3.806    4.733    5.087    7.932    9.621    9.965   10.542
            0.990000  0.690000  0.920000
   -5.347    3.854    4.761    5.052    7.893    9.673    9.977   10.497
            0.990000  0.690000  0.930000
   -5.353    3.900    4.787    5.017    7.857    9.724    9.988   10.452
            0.990000  0.690000  0.940000
   -5.358    3.943    4.809    4.983    7.826    9.774    9.997   10.408
            0.990000  0.690000  0.950000
   -5.363    3.982    4.829    4.953    7.799    9.825   10.005   10.363
            0.990000  0.690000  0.960000
   -5.366    4.016    4.845    4.925    7.777    9.873   10.012   10.319
            0.990000  0.690000  0.970000
   -5.369    4.044    4.857    4.902    7.760    9.920   10.017   10.277
            0.990000  0.690000  0.980000
   -5.371    4.065    4.867    4.884    7.747    9.961   10.020   10.238
            0.990000  0.690000  0.990000
   -5.373    4.078    4.871    4.874    7.740    9.994   10.022   10.208
            0.990000  0.690000  1.000000
   -5.373    4.083    4.869    4.875    7.737   10.008   10.022   10.195
