 &plot nbnd=   8, nks=   101 /
            0.860000  0.080000 -1.000000
   -2.293   -1.125    2.931    2.997    7.046    7.300   14.295   15.253
            0.860000  0.080000 -0.980000
   -2.292   -1.125    2.884    3.041    7.023    7.336   14.295   15.231
            0.860000  0.080000 -0.960000
   -2.291   -1.124    2.812    3.102    6.976    7.421   14.295   15.164
            0.860000  0.080000 -0.940000
   -2.288   -1.124    2.736    3.159    6.931    7.531   14.295   15.054
            0.860000  0.080000 -0.920000
   -2.285   -1.122    2.659    3.209    6.896    7.655   14.294   14.906
            0.860000  0.080000 -0.900000
   -2.281   -1.121    2.583    3.251    6.877    7.790   14.292   14.728
            0.860000  0.080000 -0.880000
   -2.277   -1.119    2.508    3.284    6.874    7.935   14.284   14.534
            0.860000  0.080000 -0.860000
   -2.272   -1.116    2.435    3.308    6.888    8.088   14.235   14.364
            0.860000  0.080000 -0.840000
   -2.267   -1.114    2.365    3.322    6.920    8.249   14.051   14.316
            0.860000  0.080000 -0.820000
   -2.261   -1.111    2.298    3.326    6.971    8.416   13.823   14.304
            0.860000  0.080000 -0.800000
   -2.255   -1.107    2.235    3.321    7.038    8.589   13.584   14.292
            0.860000  0.080000 -0.780000
   -2.250   -1.103    2.176    3.308    7.122    8.768   13.341   14.272
            0.860000  0.080000 -0.760000
   -2.245   -1.098    2.122    3.288    7.222    8.952   13.096   14.230
            0.860000  0.080000 -0.740000
   -2.241   -1.093    2.073    3.263    7.336    9.141   12.850   14.138
            0.860000  0.080000 -0.720000
   -2.238   -1.087    2.030    3.232    7.463    9.335   12.604   13.976
            0.860000  0.080000 -0.700000
   -2.236   -1.080    1.991    3.198    7.603    9.532   12.358   13.763
            0.860000  0.080000 -0.680000
   -2.235   -1.072    1.959    3.162    7.753    9.732   12.115   13.529
            0.860000  0.080000 -0.660000
   -2.236   -1.063    1.932    3.125    7.913    9.935   11.875   13.286
            0.860000  0.080000 -0.640000
   -2.239   -1.053    1.910    3.088    8.082   10.137   11.640   13.041
            0.860000  0.080000 -0.620000
   -2.243   -1.041    1.894    3.051    8.259   10.334   11.416   12.795
            0.860000  0.080000 -0.600000
   -2.250   -1.028    1.884    3.017    8.443   10.510   11.217   12.552
            0.860000  0.080000 -0.580000
   -2.259   -1.014    1.878    2.984    8.633   10.606   11.102   12.313
            0.860000  0.080000 -0.560000
   -2.271   -0.998    1.878    2.955    8.829   10.527   11.163   12.083
            0.860000  0.080000 -0.540000
   -2.284   -0.981    1.883    2.930    9.029   10.347   11.311   11.876
            0.860000  0.080000 -0.520000
   -2.299   -0.963    1.893    2.909    9.230   10.144   11.391   11.773
            0.860000  0.080000 -0.500000
   -2.316   -0.945    1.906    2.892    9.426    9.943   11.269   11.890
            0.860000  0.080000 -0.480000
   -2.335   -0.925    1.924    2.881    9.560    9.804   11.072   12.095
            0.860000  0.080000 -0.460000
   -2.355   -0.905    1.946    2.875    9.449    9.907   10.870   12.323
            0.860000  0.080000 -0.440000
   -2.376   -0.885    1.972    2.875    9.255   10.075   10.690   12.559
            0.860000  0.080000 -0.420000
   -2.399   -0.864    2.000    2.880    9.054   10.159   10.611   12.800
            0.860000  0.080000 -0.400000
   -2.422   -0.844    2.033    2.891    8.855   10.064   10.719   13.045
            0.860000  0.080000 -0.380000
   -2.445   -0.824    2.068    2.907    8.659    9.887   10.916   13.291
            0.860000  0.080000 -0.360000
   -2.469   -0.805    2.107    2.928    8.469    9.693   11.139   13.537
            0.860000  0.080000 -0.340000
   -2.492   -0.787    2.149    2.954    8.284    9.494   11.371   13.780
            0.860000  0.080000 -0.320000
   -2.516   -0.770    2.195    2.983    8.106    9.298   11.608   14.010
            0.860000  0.080000 -0.300000
   -2.539   -0.754    2.243    3.016    7.936    9.104   11.849   14.202
            0.860000  0.080000 -0.280000
   -2.561   -0.739    2.295    3.051    7.773    8.914   12.092   14.317
            0.860000  0.080000 -0.260000
   -2.583   -0.726    2.349    3.087    7.619    8.730   12.337   14.365
            0.860000  0.080000 -0.240000
   -2.603   -0.714    2.407    3.123    7.475    8.551   12.581   14.385
            0.860000  0.080000 -0.220000
   -2.622   -0.703    2.467    3.158    7.341    8.379   12.826   14.395
            0.860000  0.080000 -0.200000
   -2.641   -0.693    2.530    3.191    7.219    8.213   13.069   14.400
            0.860000  0.080000 -0.180000
   -2.657   -0.685    2.595    3.220    7.109    8.055   13.310   14.402
            0.860000  0.080000 -0.160000
   -2.672   -0.678    2.661    3.244    7.013    7.905   13.546   14.404
            0.860000  0.080000 -0.140000
   -2.686   -0.671    2.728    3.262    6.931    7.765   13.777   14.404
            0.860000  0.080000 -0.120000
   -2.698   -0.666    2.795    3.273    6.864    7.636   14.000   14.404
            0.860000  0.080000 -0.100000
   -2.708   -0.662    2.862    3.276    6.812    7.519   14.210   14.404
            0.860000  0.080000 -0.080000
   -2.717   -0.659    2.927    3.269    6.774    7.416   14.394   14.413
            0.860000  0.080000 -0.060000
   -2.723   -0.656    2.990    3.254    6.749    7.331   14.403   14.572
            0.860000  0.080000 -0.040000
   -2.728   -0.655    3.048    3.230    6.734    7.265   14.403   14.704
            0.860000  0.080000 -0.020000
   -2.731   -0.654    3.100    3.199    6.728    7.224   14.403   14.791
            0.860000  0.080000  0.000000
   -2.732   -0.653    3.132    3.174    6.726    7.209   14.403   14.821
            0.860000  0.080000  0.020000
   -2.731   -0.654    3.100    3.199    6.728    7.224   14.403   14.791
            0.860000  0.080000  0.040000
   -2.728   -0.655    3.048    3.230    6.734    7.265   14.403   14.704
            0.860000  0.080000  0.060000
   -2.723   -0.656    2.990    3.254    6.749    7.331   14.403   14.572
            0.860000  0.080000  0.080000
   -2.717   -0.659    2.927    3.269    6.774    7.416   14.394   14.413
            0.860000  0.080000  0.100000
   -2.708   -0.662    2.862    3.276    6.812    7.519   14.210   14.404
            0.860000  0.080000  0.120000
   -2.698   -0.666    2.795    3.273    6.864    7.636   14.000   14.404
            0.860000  0.080000  0.140000
   -2.686   -0.671    2.728    3.262    6.931    7.765   13.777   14.404
            0.860000  0.080000  0.160000
   -2.672   -0.678    2.661    3.244    7.013    7.905   13.546   14.404
            0.860000  0.080000  0.180000
   -2.657   -0.685    2.595    3.220    7.109    8.055   13.310   14.402
            0.860000  0.080000  0.200000
   -2.641   -0.693    2.530    3.191    7.219    8.213   13.069   14.400
            0.860000  0.080000  0.220000
   -2.622   -0.703    2.467    3.158    7.341    8.379   12.826   14.395
            0.860000  0.080000  0.240000
   -2.603   -0.714    2.407    3.123    7.475    8.551   12.581   14.385
            0.860000  0.080000  0.260000
   -2.583   -0.726    2.349    3.087    7.619    8.730   12.337   14.365
            0.860000  0.080000  0.280000
   -2.561   -0.739    2.295    3.051    7.773    8.914   12.092   14.317
            0.860000  0.080000  0.300000
   -2.539   -0.754    2.243    3.016    7.936    9.104   11.849   14.202
            0.860000  0.080000  0.320000
   -2.516   -0.770    2.195    2.983    8.106    9.298   11.608   14.010
            0.860000  0.080000  0.340000
   -2.492   -0.787    2.149    2.954    8.284    9.494   11.371   13.780
            0.860000  0.080000  0.360000
   -2.469   -0.805    2.107    2.928    8.469    9.693   11.139   13.537
            0.860000  0.080000  0.380000
   -2.445   -0.824    2.068    2.907    8.659    9.887   10.916   13.291
            0.860000  0.080000  0.400000
   -2.422   -0.844    2.033    2.891    8.855   10.064   10.719   13.045
            0.860000  0.080000  0.420000
   -2.399   -0.864    2.000    2.880    9.054   10.159   10.611   12.800
            0.860000  0.080000  0.440000
   -2.376   -0.885    1.972    2.875    9.255   10.075   10.690   12.559
            0.860000  0.080000  0.460000
   -2.355   -0.905    1.946    2.875    9.449    9.907   10.870   12.323
            0.860000  0.080000  0.480000
   -2.335   -0.925    1.924    2.881    9.560    9.804   11.072   12.095
            0.860000  0.080000  0.500000
   -2.316   -0.945    1.906    2.892    9.426    9.943   11.269   11.890
            0.860000  0.080000  0.520000
   -2.299   -0.963    1.893    2.909    9.230   10.144   11.391   11.773
            0.860000  0.080000  0.540000
   -2.284   -0.981    1.883    2.930    9.029   10.347   11.311   11.876
            0.860000  0.080000  0.560000
   -2.271   -0.998    1.878    2.955    8.829   10.527   11.163   12.083
            0.860000  0.080000  0.580000
   -2.259   -1.014    1.878    2.984    8.633   10.606   11.102   12.313
            0.860000  0.080000  0.600000
   -2.250   -1.028    1.884    3.017    8.443   10.510   11.217   12.552
            0.860000  0.080000  0.620000
   -2.243   -1.041    1.894    3.051    8.259   10.334   11.416   12.795
            0.860000  0.080000  0.640000
   -2.239   -1.053    1.910    3.088    8.082   10.137   11.640   13.041
            0.860000  0.080000  0.660000
   -2.236   -1.063    1.932    3.125    7.913    9.935   11.875   13.286
            0.860000  0.080000  0.680000
   -2.235   -1.072    1.959    3.162    7.753    9.732   12.115   13.529
            0.860000  0.080000  0.700000
   -2.236   -1.080    1.991    3.198    7.603    9.532   12.358   13.763
            0.860000  0.080000  0.720000
   -2.238   -1.087    2.030    3.232    7.463    9.335   12.604   13.976
            0.860000  0.080000  0.740000
   -2.241   -1.093    2.073    3.263    7.336    9.141   12.850   14.138
            0.860000  0.080000  0.760000
   -2.245   -1.098    2.122    3.288    7.222    8.952   13.096   14.230
            0.860000  0.080000  0.780000
   -2.250   -1.103    2.176    3.308    7.122    8.768   13.341   14.272
            0.860000  0.080000  0.800000
   -2.255   -1.107    2.235    3.321    7.038    8.589   13.584   14.292
            0.860000  0.080000  0.820000
   -2.261   -1.111    2.298    3.326    6.971    8.416   13.823   14.304
            0.860000  0.080000  0.840000
   -2.267   -1.114    2.365    3.322    6.920    8.249   14.051   14.316
            0.860000  0.080000  0.860000
   -2.272   -1.116    2.435    3.308    6.888    8.088   14.235   14.364
            0.860000  0.080000  0.880000
   -2.277   -1.119    2.508    3.284    6.874    7.935   14.284   14.534
            0.860000  0.080000  0.900000
   -2.281   -1.121    2.583    3.251    6.877    7.790   14.292   14.728
            0.860000  0.080000  0.920000
   -2.285   -1.122    2.659    3.209    6.896    7.655   14.294   14.906
            0.860000  0.080000  0.940000
   -2.288   -1.124    2.736    3.159    6.931    7.531   14.295   15.054
            0.860000  0.080000  0.960000
   -2.291   -1.124    2.812    3.102    6.976    7.421   14.295   15.164
            0.860000  0.080000  0.980000
   -2.292   -1.125    2.884    3.041    7.023    7.336   14.295   15.231
            0.860000  0.080000  1.000000
   -2.293   -1.125    2.931    2.997    7.046    7.300   14.295   15.253
