 &plot nbnd=   8, nks=   101 /
            0.210000  0.390000  0.000000
   -4.960    2.608    3.908    5.054    8.380    9.460   10.413   10.624
            0.210000  0.390000  0.010000
   -4.959    2.605    3.911    5.053    8.379    9.459   10.412   10.626
            0.210000  0.390000  0.020000
   -4.958    2.594    3.922    5.050    8.378    9.456   10.407   10.633
            0.210000  0.390000  0.030000
   -4.956    2.577    3.939    5.046    8.377    9.452   10.400   10.645
            0.210000  0.390000  0.040000
   -4.953    2.554    3.961    5.040    8.375    9.445   10.390   10.660
            0.210000  0.390000  0.050000
   -4.950    2.526    3.990    5.033    8.372    9.437   10.379   10.679
            0.210000  0.390000  0.060000
   -4.946    2.492    4.022    5.024    8.369    9.426   10.366   10.702
            0.210000  0.390000  0.070000
   -4.940    2.455    4.059    5.013    8.365    9.414   10.351   10.729
            0.210000  0.390000  0.080000
   -4.935    2.414    4.099    5.001    8.361    9.401   10.336   10.759
            0.210000  0.390000  0.090000
   -4.928    2.370    4.142    4.988    8.357    9.386   10.319   10.792
            0.210000  0.390000  0.100000
   -4.920    2.324    4.187    4.972    8.352    9.370   10.302   10.829
            0.210000  0.390000  0.110000
   -4.912    2.275    4.234    4.956    8.347    9.353   10.283   10.868
            0.210000  0.390000  0.120000
   -4.903    2.225    4.282    4.938    8.341    9.335   10.265   10.911
            0.210000  0.390000  0.130000
   -4.894    2.174    4.330    4.919    8.335    9.317   10.245   10.957
            0.210000  0.390000  0.140000
   -4.883    2.121    4.379    4.898    8.328    9.298   10.225   11.006
            0.210000  0.390000  0.150000
   -4.872    2.068    4.429    4.876    8.321    9.280   10.205   11.058
            0.210000  0.390000  0.160000
   -4.860    2.014    4.477    4.853    8.314    9.262   10.184   11.112
            0.210000  0.390000  0.170000
   -4.847    1.959    4.526    4.830    8.306    9.245   10.162   11.170
            0.210000  0.390000  0.180000
   -4.833    1.904    4.572    4.805    8.297    9.230   10.140   11.229
            0.210000  0.390000  0.190000
   -4.819    1.849    4.617    4.781    8.288    9.216   10.117   11.292
            0.210000  0.390000  0.200000
   -4.804    1.793    4.656    4.760    8.279    9.204   10.094   11.357
            0.210000  0.390000  0.210000
   -4.788    1.738    4.678    4.754    8.269    9.194   10.071   11.424
            0.210000  0.390000  0.220000
   -4.771    1.682    4.670    4.776    8.258    9.187   10.046   11.493
            0.210000  0.390000  0.230000
   -4.754    1.627    4.645    4.811    8.247    9.182   10.022   11.565
            0.210000  0.390000  0.240000
   -4.736    1.572    4.616    4.848    8.236    9.181    9.996   11.638
            0.210000  0.390000  0.250000
   -4.717    1.517    4.585    4.883    8.225    9.182    9.970   11.714
            0.210000  0.390000  0.260000
   -4.697    1.462    4.553    4.917    8.215    9.186    9.944   11.791
            0.210000  0.390000  0.270000
   -4.677    1.408    4.520    4.948    8.204    9.194    9.917   11.870
            0.210000  0.390000  0.280000
   -4.656    1.353    4.486    4.976    8.195    9.205    9.890   11.951
            0.210000  0.390000  0.290000
   -4.634    1.300    4.451    5.001    8.186    9.219    9.862   12.033
            0.210000  0.390000  0.300000
   -4.612    1.246    4.416    5.023    8.178    9.235    9.833   12.117
            0.210000  0.390000  0.310000
   -4.589    1.193    4.380    5.042    8.173    9.255    9.804   12.202
            0.210000  0.390000  0.320000
   -4.565    1.141    4.343    5.056    8.168    9.278    9.775   12.289
            0.210000  0.390000  0.330000
   -4.540    1.088    4.306    5.067    8.166    9.303    9.745   12.377
            0.210000  0.390000  0.340000
   -4.515    1.037    4.268    5.074    8.166    9.331    9.716   12.466
            0.210000  0.390000  0.350000
   -4.489    0.986    4.230    5.078    8.168    9.362    9.686   12.556
            0.210000  0.390000  0.360000
   -4.462    0.935    4.192    5.077    8.173    9.394    9.658   12.646
            0.210000  0.390000  0.370000
   -4.434    0.885    4.154    5.072    8.180    9.427    9.630   12.735
            0.210000  0.390000  0.380000
   -4.406    0.836    4.115    5.064    8.190    9.458    9.607   12.819
            0.210000  0.390000  0.390000
   -4.378    0.787    4.075    5.052    8.202    9.480    9.595   12.872
            0.210000  0.390000  0.400000
   -4.348    0.738    4.036    5.036    8.216    9.482    9.606   12.856
            0.210000  0.390000  0.410000
   -4.318    0.690    3.996    5.017    8.233    9.466    9.638   12.809
            0.210000  0.390000  0.420000
   -4.288    0.643    3.955    4.994    8.252    9.441    9.680   12.756
            0.210000  0.390000  0.430000
   -4.256    0.597    3.915    4.968    8.273    9.414    9.728   12.701
            0.210000  0.390000  0.440000
   -4.224    0.550    3.874    4.940    8.296    9.385    9.779   12.647
            0.210000  0.390000  0.450000
   -4.192    0.505    3.833    4.908    8.320    9.357    9.833   12.593
            0.210000  0.390000  0.460000
   -4.159    0.460    3.792    4.875    8.346    9.329    9.890   12.540
            0.210000  0.390000  0.470000
   -4.125    0.416    3.750    4.839    8.372    9.302    9.949   12.488
            0.210000  0.390000  0.480000
   -4.091    0.373    3.709    4.800    8.399    9.276   10.009   12.437
            0.210000  0.390000  0.490000
   -4.056    0.330    3.667    4.761    8.426    9.253   10.072   12.386
            0.210000  0.390000  0.500000
   -4.020    0.288    3.624    4.719    8.453    9.231   10.136   12.337
            0.210000  0.390000  0.510000
   -3.984    0.246    3.581    4.677    8.479    9.212   10.202   12.289
            0.210000  0.390000  0.520000
   -3.948    0.205    3.538    4.633    8.502    9.197   10.270   12.242
            0.210000  0.390000  0.530000
   -3.911    0.165    3.495    4.589    8.524    9.186   10.339   12.196
            0.210000  0.390000  0.540000
   -3.874    0.125    3.451    4.543    8.541    9.180   10.410   12.151
            0.210000  0.390000  0.550000
   -3.836    0.086    3.407    4.498    8.555    9.180   10.482   12.107
            0.210000  0.390000  0.560000
   -3.797    0.048    3.362    4.452    8.564    9.186   10.555   12.064
            0.210000  0.390000  0.570000
   -3.758    0.010    3.317    4.406    8.568    9.198   10.629   12.022
            0.210000  0.390000  0.580000
   -3.719   -0.027    3.272    4.360    8.567    9.217   10.705   11.982
            0.210000  0.390000  0.590000
   -3.680   -0.063    3.226    4.315    8.561    9.242   10.782   11.942
            0.210000  0.390000  0.600000
   -3.640   -0.099    3.179    4.269    8.552    9.273   10.860   11.904
            0.210000  0.390000  0.610000
   -3.599   -0.134    3.132    4.225    8.539    9.308   10.939   11.867
            0.210000  0.390000  0.620000
   -3.559   -0.168    3.085    4.181    8.524    9.347   11.019   11.831
            0.210000  0.390000  0.630000
   -3.518   -0.202    3.037    4.137    8.507    9.390   11.099   11.796
            0.210000  0.390000  0.640000
   -3.476   -0.235    2.989    4.095    8.488    9.436   11.180   11.762
            0.210000  0.390000  0.650000
   -3.435   -0.268    2.941    4.054    8.467    9.484   11.262   11.730
            0.210000  0.390000  0.660000
   -3.393   -0.300    2.892    4.014    8.446    9.534   11.343   11.700
            0.210000  0.390000  0.670000
   -3.352   -0.331    2.843    3.974    8.425    9.587   11.424   11.672
            0.210000  0.390000  0.680000
   -3.310   -0.362    2.794    3.936    8.403    9.641   11.500   11.650
            0.210000  0.390000  0.690000
   -3.268   -0.392    2.744    3.900    8.381    9.697   11.554   11.653
            0.210000  0.390000  0.700000
   -3.226   -0.421    2.695    3.864    8.359    9.754   11.556   11.709
            0.210000  0.390000  0.710000
   -3.184   -0.450    2.645    3.830    8.338    9.813   11.538   11.787
            0.210000  0.390000  0.720000
   -3.142   -0.478    2.596    3.797    8.316    9.872   11.516   11.871
            0.210000  0.390000  0.730000
   -3.100   -0.505    2.547    3.765    8.295    9.933   11.493   11.956
            0.210000  0.390000  0.740000
   -3.058   -0.532    2.498    3.735    8.275    9.994   11.471   12.042
            0.210000  0.390000  0.750000
   -3.017   -0.559    2.450    3.706    8.254   10.056   11.449   12.129
            0.210000  0.390000  0.760000
   -2.976   -0.584    2.402    3.678    8.235   10.119   11.429   12.217
            0.210000  0.390000  0.770000
   -2.935   -0.610    2.355    3.652    8.216   10.183   11.410   12.304
            0.210000  0.390000  0.780000
   -2.894   -0.634    2.308    3.627    8.197   10.247   11.392   12.392
            0.210000  0.390000  0.790000
   -2.855   -0.658    2.262    3.603    8.180   10.311   11.376   12.480
            0.210000  0.390000  0.800000
   -2.815   -0.681    2.218    3.580    8.163   10.375   11.361   12.567
            0.210000  0.390000  0.810000
   -2.777   -0.704    2.174    3.558    8.146   10.440   11.348   12.654
            0.210000  0.390000  0.820000
   -2.739   -0.726    2.132    3.538    8.131   10.504   11.337   12.739
            0.210000  0.390000  0.830000
   -2.702   -0.747    2.091    3.519    8.116   10.567   11.328   12.823
            0.210000  0.390000  0.840000
   -2.666   -0.768    2.052    3.501    8.102   10.630   11.323   12.904
            0.210000  0.390000  0.850000
   -2.631   -0.787    2.015    3.485    8.088   10.690   11.320   12.978
            0.210000  0.390000  0.860000
   -2.598   -0.806    1.979    3.469    8.076   10.748   11.322   13.037
            0.210000  0.390000  0.870000
   -2.566   -0.825    1.945    3.455    8.064   10.802   11.328   13.066
            0.210000  0.390000  0.880000
   -2.535   -0.842    1.913    3.441    8.053   10.852   11.342   13.047
            0.210000  0.390000  0.890000
   -2.506   -0.858    1.883    3.429    8.043   10.895   11.362   12.993
            0.210000  0.390000  0.900000
   -2.479   -0.874    1.855    3.418    8.034   10.930   11.391   12.923
            0.210000  0.390000  0.910000
   -2.454   -0.888    1.830    3.408    8.026   10.959   11.429   12.846
            0.210000  0.390000  0.920000
   -2.430   -0.901    1.807    3.399    8.018   10.980   11.475   12.766
            0.210000  0.390000  0.930000
   -2.410   -0.913    1.786    3.391    8.012   10.995   11.527   12.686
            0.210000  0.390000  0.940000
   -2.391   -0.923    1.768    3.384    8.006   11.006   11.584   12.607
            0.210000  0.390000  0.950000
   -2.375   -0.932    1.753    3.379    8.001   11.014   11.644   12.529
            0.210000  0.390000  0.960000
   -2.362   -0.940    1.740    3.374    7.997   11.019   11.704   12.455
            0.210000  0.390000  0.970000
   -2.352   -0.946    1.730    3.370    7.994   11.022   11.763   12.386
            0.210000  0.390000  0.980000
   -2.344   -0.950    1.723    3.368    7.992   11.024   11.815   12.327
            0.210000  0.390000  0.990000
   -2.340   -0.953    1.719    3.366    7.991   11.025   11.854   12.284
            0.210000  0.390000  1.000000
   -2.338   -0.954    1.717    3.366    7.990   11.026   11.868   12.268
