 &plot nbnd=   8, nks=   101 /
            0.140000  0.970000  0.000000
   -1.940   -1.501    2.927    2.952    7.096    7.190   14.727   15.187
            0.140000  0.970000  0.010000
   -1.940   -1.501    2.901    2.977    7.078    7.211   14.727   15.187
            0.140000  0.970000  0.020000
   -1.940   -1.500    2.864    3.011    7.045    7.253   14.726   15.185
            0.140000  0.970000  0.030000
   -1.940   -1.499    2.826    3.044    7.011    7.304   14.724   15.181
            0.140000  0.970000  0.040000
   -1.941   -1.497    2.788    3.076    6.978    7.359   14.721   15.176
            0.140000  0.970000  0.050000
   -1.941   -1.495    2.749    3.106    6.949    7.417   14.717   15.168
            0.140000  0.970000  0.060000
   -1.942   -1.492    2.710    3.135    6.923    7.478   14.713   15.156
            0.140000  0.970000  0.070000
   -1.943   -1.489    2.670    3.162    6.901    7.542   14.706   15.139
            0.140000  0.970000  0.080000
   -1.944   -1.485    2.631    3.187    6.883    7.608   14.699   15.115
            0.140000  0.970000  0.090000
   -1.945   -1.480    2.592    3.209    6.869    7.677   14.689   15.084
            0.140000  0.970000  0.100000
   -1.947   -1.475    2.552    3.230    6.859    7.747   14.675   15.042
            0.140000  0.970000  0.110000
   -1.948   -1.470    2.514    3.248    6.854    7.820   14.657   14.992
            0.140000  0.970000  0.120000
   -1.950   -1.464    2.475    3.263    6.853    7.895   14.632   14.935
            0.140000  0.970000  0.130000
   -1.952   -1.458    2.438    3.277    6.857    7.972   14.596   14.877
            0.140000  0.970000  0.140000
   -1.954   -1.451    2.400    3.287    6.866    8.050   14.545   14.822
            0.140000  0.970000  0.150000
   -1.957   -1.444    2.364    3.295    6.879    8.130   14.476   14.774
            0.140000  0.970000  0.160000
   -1.959   -1.436    2.328    3.301    6.897    8.212   14.391   14.731
            0.140000  0.970000  0.170000
   -1.962   -1.428    2.293    3.304    6.920    8.296   14.295   14.688
            0.140000  0.970000  0.180000
   -1.965   -1.419    2.259    3.305    6.947    8.381   14.190   14.641
            0.140000  0.970000  0.190000
   -1.969   -1.410    2.226    3.303    6.978    8.467   14.080   14.582
            0.140000  0.970000  0.200000
   -1.973   -1.400    2.194    3.300    7.014    8.555   13.966   14.511
            0.140000  0.970000  0.210000
   -1.977   -1.390    2.164    3.294    7.053    8.645   13.849   14.424
            0.140000  0.970000  0.220000
   -1.981   -1.380    2.134    3.286    7.097    8.735   13.730   14.326
            0.140000  0.970000  0.230000
   -1.986   -1.369    2.105    3.276    7.145    8.827   13.610   14.220
            0.140000  0.970000  0.240000
   -1.991   -1.357    2.078    3.265    7.197    8.920   13.488   14.106
            0.140000  0.970000  0.250000
   -1.996   -1.346    2.052    3.252    7.252    9.015   13.366   13.989
            0.140000  0.970000  0.260000
   -2.002   -1.334    2.027    3.237    7.311    9.110   13.243   13.869
            0.140000  0.970000  0.270000
   -2.008   -1.321    2.004    3.222    7.373    9.207   13.120   13.746
            0.140000  0.970000  0.280000
   -2.015   -1.309    1.982    3.205    7.439    9.304   12.997   13.623
            0.140000  0.970000  0.290000
   -2.021   -1.296    1.962    3.188    7.507    9.403   12.874   13.498
            0.140000  0.970000  0.300000
   -2.029   -1.282    1.943    3.169    7.578    9.502   12.751   13.373
            0.140000  0.970000  0.310000
   -2.036   -1.269    1.925    3.150    7.652    9.603   12.628   13.248
            0.140000  0.970000  0.320000
   -2.044   -1.255    1.909    3.131    7.729    9.703   12.505   13.123
            0.140000  0.970000  0.330000
   -2.053   -1.240    1.895    3.111    7.808    9.805   12.384   12.997
            0.140000  0.970000  0.340000
   -2.062   -1.226    1.882    3.091    7.889    9.907   12.263   12.872
            0.140000  0.970000  0.350000
   -2.071   -1.211    1.870    3.071    7.973   10.009   12.143   12.748
            0.140000  0.970000  0.360000
   -2.081   -1.197    1.860    3.051    8.059   10.111   12.024   12.623
            0.140000  0.970000  0.370000
   -2.091   -1.182    1.852    3.030    8.146   10.213   11.907   12.500
            0.140000  0.970000  0.380000
   -2.101   -1.166    1.845    3.010    8.236   10.314   11.792   12.377
            0.140000  0.970000  0.390000
   -2.112   -1.151    1.840    2.991    8.327   10.412   11.680   12.255
            0.140000  0.970000  0.400000
   -2.123   -1.136    1.837    2.972    8.420   10.507   11.573   12.134
            0.140000  0.970000  0.410000
   -2.135   -1.120    1.835    2.953    8.515   10.595   11.473   12.015
            0.140000  0.970000  0.420000
   -2.146   -1.105    1.834    2.935    8.611   10.669   11.387   11.898
            0.140000  0.970000  0.430000
   -2.159   -1.089    1.835    2.917    8.708   10.720   11.322   11.784
            0.140000  0.970000  0.440000
   -2.171   -1.074    1.838    2.900    8.807   10.734   11.291   11.678
            0.140000  0.970000  0.450000
   -2.184   -1.058    1.842    2.884    8.907   10.705   11.287   11.589
            0.140000  0.970000  0.460000
   -2.197   -1.043    1.848    2.869    9.007   10.641   11.275   11.546
            0.140000  0.970000  0.470000
   -2.210   -1.027    1.855    2.854    9.109   10.557   11.215   11.575
            0.140000  0.970000  0.480000
   -2.224   -1.012    1.863    2.841    9.210   10.462   11.123   11.648
            0.140000  0.970000  0.490000
   -2.237   -0.997    1.873    2.828    9.312   10.361   11.021   11.741
            0.140000  0.970000  0.500000
   -2.251   -0.982    1.885    2.817    9.413   10.259   10.916   11.844
            0.140000  0.970000  0.510000
   -2.265   -0.967    1.898    2.807    9.511   10.155   10.811   11.953
            0.140000  0.970000  0.520000
   -2.280   -0.952    1.912    2.798    9.605   10.055   10.709   12.065
            0.140000  0.970000  0.530000
   -2.294   -0.937    1.927    2.790    9.684    9.963   10.612   12.180
            0.140000  0.970000  0.540000
   -2.308   -0.923    1.944    2.783    9.718    9.910   10.524   12.297
            0.140000  0.970000  0.550000
   -2.323   -0.909    1.962    2.777    9.668    9.923   10.456   12.416
            0.140000  0.970000  0.560000
   -2.338   -0.896    1.982    2.773    9.578    9.944   10.422   12.535
            0.140000  0.970000  0.570000
   -2.352   -0.882    2.002    2.770    9.479    9.927   10.437   12.656
            0.140000  0.970000  0.580000
   -2.367   -0.869    2.024    2.768    9.377    9.872   10.495   12.778
            0.140000  0.970000  0.590000
   -2.381   -0.857    2.046    2.768    9.274    9.795   10.579   12.901
            0.140000  0.970000  0.600000
   -2.396   -0.844    2.070    2.769    9.171    9.707   10.677   13.024
            0.140000  0.970000  0.610000
   -2.410   -0.832    2.095    2.771    9.069    9.613   10.782   13.148
            0.140000  0.970000  0.620000
   -2.425   -0.821    2.121    2.775    8.968    9.517   10.892   13.272
            0.140000  0.970000  0.630000
   -2.439   -0.810    2.148    2.780    8.868    9.419   11.005   13.397
            0.140000  0.970000  0.640000
   -2.453   -0.799    2.175    2.786    8.768    9.322   11.120   13.522
            0.140000  0.970000  0.650000
   -2.467   -0.789    2.204    2.793    8.670    9.224   11.237   13.646
            0.140000  0.970000  0.660000
   -2.481   -0.779    2.233    2.802    8.573    9.128   11.356   13.770
            0.140000  0.970000  0.670000
   -2.495   -0.769    2.263    2.812    8.477    9.032   11.475   13.894
            0.140000  0.970000  0.680000
   -2.509   -0.760    2.294    2.823    8.383    8.937   11.595   14.016
            0.140000  0.970000  0.690000
   -2.522   -0.752    2.326    2.835    8.290    8.843   11.716   14.135
            0.140000  0.970000  0.700000
   -2.535   -0.743    2.358    2.848    8.198    8.750   11.837   14.251
            0.140000  0.970000  0.710000
   -2.548   -0.736    2.391    2.863    8.108    8.659   11.959   14.360
            0.140000  0.970000  0.720000
   -2.560   -0.728    2.424    2.878    8.020    8.570   12.081   14.459
            0.140000  0.970000  0.730000
   -2.572   -0.722    2.457    2.894    7.933    8.481   12.204   14.541
            0.140000  0.970000  0.740000
   -2.584   -0.715    2.491    2.911    7.848    8.395   12.327   14.605
            0.140000  0.970000  0.750000
   -2.595   -0.709    2.526    2.929    7.765    8.310   12.449   14.649
            0.140000  0.970000  0.760000
   -2.607   -0.703    2.560    2.947    7.684    8.227   12.572   14.679
            0.140000  0.970000  0.770000
   -2.618   -0.698    2.595    2.965    7.605    8.146   12.695   14.699
            0.140000  0.970000  0.780000
   -2.628   -0.693    2.630    2.985    7.527    8.067   12.818   14.713
            0.140000  0.970000  0.790000
   -2.638   -0.688    2.665    3.004    7.452    7.991   12.940   14.723
            0.140000  0.970000  0.800000
   -2.648   -0.684    2.699    3.024    7.380    7.916   13.062   14.730
            0.140000  0.970000  0.810000
   -2.657   -0.680    2.734    3.043    7.310    7.844   13.183   14.735
            0.140000  0.970000  0.820000
   -2.666   -0.676    2.768    3.063    7.242    7.774   13.304   14.739
            0.140000  0.970000  0.830000
   -2.674   -0.673    2.802    3.082    7.177    7.707   13.423   14.743
            0.140000  0.970000  0.840000
   -2.682   -0.670    2.836    3.101    7.114    7.642   13.542   14.745
            0.140000  0.970000  0.850000
   -2.690   -0.667    2.869    3.119    7.055    7.581   13.659   14.747
            0.140000  0.970000  0.860000
   -2.697   -0.665    2.902    3.136    6.999    7.522   13.774   14.749
            0.140000  0.970000  0.870000
   -2.704   -0.662    2.933    3.153    6.945    7.467   13.887   14.750
            0.140000  0.970000  0.880000
   -2.710   -0.660    2.964    3.168    6.895    7.414   13.997   14.751
            0.140000  0.970000  0.890000
   -2.716   -0.658    2.994    3.182    6.848    7.366   14.105   14.752
            0.140000  0.970000  0.900000
   -2.721   -0.657    3.022    3.195    6.805    7.320   14.209   14.753
            0.140000  0.970000  0.910000
   -2.726   -0.655    3.049    3.206    6.766    7.279   14.308   14.753
            0.140000  0.970000  0.920000
   -2.730   -0.654    3.075    3.215    6.730    7.241   14.403   14.754
            0.140000  0.970000  0.930000
   -2.734   -0.653    3.099    3.223    6.698    7.207   14.491   14.754
            0.140000  0.970000  0.940000
   -2.737   -0.652    3.122    3.229    6.670    7.178   14.571   14.755
            0.140000  0.970000  0.950000
   -2.740   -0.651    3.143    3.232    6.647    7.153   14.643   14.755
            0.140000  0.970000  0.960000
   -2.742   -0.651    3.162    3.233    6.627    7.132   14.705   14.755
            0.140000  0.970000  0.970000
   -2.744   -0.650    3.178    3.233    6.612    7.116   14.753   14.757
            0.140000  0.970000  0.980000
   -2.745   -0.650    3.193    3.229    6.601    7.104   14.755   14.792
            0.140000  0.970000  0.990000
   -2.746   -0.650    3.205    3.224    6.594    7.097   14.755   14.815
            0.140000  0.970000  1.000000
   -2.746   -0.650    3.213    3.219    6.592    7.095   14.755   14.822
