 &plot nbnd=   8, nks=   101 /
            0.090000  0.430000  0.000000
   -4.967    2.878    4.215    4.492    7.518    9.654   10.728   10.943
            0.090000  0.430000  0.010000
   -4.967    2.875    4.218    4.490    7.520    9.656   10.727   10.942
            0.090000  0.430000  0.020000
   -4.966    2.867    4.225    4.486    7.526    9.659   10.722   10.936
            0.090000  0.430000  0.030000
   -4.964    2.854    4.236    4.478    7.535    9.664   10.714   10.927
            0.090000  0.430000  0.040000
   -4.961    2.836    4.251    4.468    7.549    9.671   10.702   10.915
            0.090000  0.430000  0.050000
   -4.957    2.814    4.269    4.455    7.566    9.680   10.686   10.901
            0.090000  0.430000  0.060000
   -4.953    2.787    4.291    4.440    7.586    9.691   10.666   10.886
            0.090000  0.430000  0.070000
   -4.948    2.757    4.315    4.422    7.610    9.703   10.643   10.870
            0.090000  0.430000  0.080000
   -4.942    2.723    4.340    4.404    7.638    9.716   10.617   10.854
            0.090000  0.430000  0.090000
   -4.935    2.687    4.356    4.393    7.668    9.729   10.587   10.837
            0.090000  0.430000  0.100000
   -4.928    2.647    4.343    4.412    7.702    9.743   10.556   10.821
            0.090000  0.430000  0.110000
   -4.919    2.606    4.318    4.442    7.739    9.756   10.525   10.805
            0.090000  0.430000  0.120000
   -4.910    2.563    4.289    4.474    7.778    9.766   10.495   10.789
            0.090000  0.430000  0.130000
   -4.900    2.518    4.258    4.508    7.821    9.774   10.467   10.773
            0.090000  0.430000  0.140000
   -4.890    2.472    4.225    4.542    7.865    9.778   10.445   10.756
            0.090000  0.430000  0.150000
   -4.878    2.424    4.191    4.576    7.913    9.775   10.429   10.740
            0.090000  0.430000  0.160000
   -4.866    2.376    4.155    4.610    7.962    9.765   10.421   10.723
            0.090000  0.430000  0.170000
   -4.853    2.327    4.118    4.644    8.014    9.748   10.422   10.707
            0.090000  0.430000  0.180000
   -4.839    2.277    4.080    4.678    8.067    9.722   10.431   10.690
            0.090000  0.430000  0.190000
   -4.825    2.226    4.041    4.711    8.123    9.690   10.448   10.675
            0.090000  0.430000  0.200000
   -4.809    2.175    4.002    4.743    8.180    9.653   10.471   10.661
            0.090000  0.430000  0.210000
   -4.793    2.123    3.961    4.774    8.238    9.611   10.495   10.653
            0.090000  0.430000  0.220000
   -4.776    2.071    3.920    4.804    8.298    9.566   10.514   10.655
            0.090000  0.430000  0.230000
   -4.759    2.019    3.878    4.833    8.359    9.519   10.520   10.674
            0.090000  0.430000  0.240000
   -4.740    1.967    3.836    4.860    8.421    9.472   10.514   10.710
            0.090000  0.430000  0.250000
   -4.721    1.914    3.794    4.886    8.484    9.424   10.500   10.758
            0.090000  0.430000  0.260000
   -4.701    1.862    3.751    4.910    8.546    9.378   10.481   10.812
            0.090000  0.430000  0.270000
   -4.681    1.810    3.708    4.932    8.607    9.335   10.460   10.872
            0.090000  0.430000  0.280000
   -4.659    1.757    3.665    4.953    8.666    9.296   10.438   10.936
            0.090000  0.430000  0.290000
   -4.637    1.705    3.622    4.971    8.720    9.264   10.414   11.003
            0.090000  0.430000  0.300000
   -4.614    1.653    3.578    4.987    8.767    9.241   10.390   11.073
            0.090000  0.430000  0.310000
   -4.590    1.600    3.535    5.001    8.802    9.234   10.365   11.145
            0.090000  0.430000  0.320000
   -4.566    1.549    3.492    5.013    8.820    9.246   10.339   11.220
            0.090000  0.430000  0.330000
   -4.541    1.497    3.449    5.022    8.823    9.277   10.313   11.297
            0.090000  0.430000  0.340000
   -4.515    1.445    3.406    5.028    8.812    9.324   10.287   11.376
            0.090000  0.430000  0.350000
   -4.489    1.394    3.364    5.032    8.794    9.383   10.261   11.456
            0.090000  0.430000  0.360000
   -4.461    1.343    3.321    5.032    8.771    9.450   10.234   11.538
            0.090000  0.430000  0.370000
   -4.433    1.292    3.279    5.030    8.747    9.522   10.207   11.621
            0.090000  0.430000  0.380000
   -4.405    1.242    3.238    5.025    8.722    9.598   10.180   11.704
            0.090000  0.430000  0.390000
   -4.375    1.191    3.196    5.017    8.699    9.676   10.154   11.787
            0.090000  0.430000  0.400000
   -4.345    1.142    3.155    5.006    8.677    9.755   10.129   11.868
            0.090000  0.430000  0.410000
   -4.314    1.092    3.115    4.992    8.657    9.834   10.106   11.944
            0.090000  0.430000  0.420000
   -4.283    1.043    3.075    4.975    8.641    9.908   10.089   12.008
            0.090000  0.430000  0.430000
   -4.251    0.994    3.035    4.954    8.626    9.961   10.095   12.047
            0.090000  0.430000  0.440000
   -4.218    0.945    2.996    4.931    8.615    9.971   10.145   12.051
            0.090000  0.430000  0.450000
   -4.184    0.897    2.957    4.905    8.607    9.956   10.221   12.027
            0.090000  0.430000  0.460000
   -4.150    0.849    2.919    4.876    8.602    9.933   10.306   11.989
            0.090000  0.430000  0.470000
   -4.115    0.801    2.881    4.844    8.600    9.908   10.394   11.945
            0.090000  0.430000  0.480000
   -4.080    0.754    2.844    4.809    8.602    9.881   10.484   11.899
            0.090000  0.430000  0.490000
   -4.044    0.707    2.808    4.772    8.606    9.854   10.576   11.851
            0.090000  0.430000  0.500000
   -4.007    0.660    2.772    4.733    8.613    9.827   10.668   11.804
            0.090000  0.430000  0.510000
   -3.970    0.614    2.737    4.691    8.624    9.800   10.760   11.757
            0.090000  0.430000  0.520000
   -3.932    0.568    2.702    4.647    8.637    9.773   10.852   11.712
            0.090000  0.430000  0.530000
   -3.894    0.523    2.668    4.601    8.653    9.746   10.944   11.668
            0.090000  0.430000  0.540000
   -3.854    0.477    2.635    4.554    8.672    9.719   11.034   11.629
            0.090000  0.430000  0.550000
   -3.815    0.432    2.603    4.504    8.693    9.692   11.119   11.594
            0.090000  0.430000  0.560000
   -3.775    0.388    2.571    4.454    8.717    9.666   11.197   11.570
            0.090000  0.430000  0.570000
   -3.734    0.343    2.540    4.401    8.744    9.640   11.256   11.565
            0.090000  0.430000  0.580000
   -3.693    0.299    2.509    4.348    8.773    9.614   11.286   11.591
            0.090000  0.430000  0.590000
   -3.651    0.255    2.479    4.294    8.804    9.589   11.286   11.649
            0.090000  0.430000  0.600000
   -3.608    0.212    2.450    4.239    8.837    9.563   11.267   11.727
            0.090000  0.430000  0.610000
   -3.566    0.169    2.422    4.183    8.872    9.539   11.239   11.815
            0.090000  0.430000  0.620000
   -3.522    0.125    2.395    4.126    8.909    9.514   11.207   11.909
            0.090000  0.430000  0.630000
   -3.478    0.083    2.368    4.069    8.949    9.491   11.174   12.006
            0.090000  0.430000  0.640000
   -3.434    0.040    2.342    4.012    8.989    9.467   11.140   12.104
            0.090000  0.430000  0.650000
   -3.390   -0.002    2.317    3.955    9.032    9.444   11.107   12.204
            0.090000  0.430000  0.660000
   -3.345   -0.045    2.293    3.897    9.076    9.422   11.074   12.305
            0.090000  0.430000  0.670000
   -3.299   -0.087    2.269    3.840    9.122    9.400   11.041   12.407
            0.090000  0.430000  0.680000
   -3.253   -0.129    2.247    3.783    9.169    9.379   11.010   12.509
            0.090000  0.430000  0.690000
   -3.207   -0.171    2.225    3.726    9.217    9.359   10.979   12.612
            0.090000  0.430000  0.700000
   -3.161   -0.212    2.204    3.669    9.265    9.341   10.950   12.715
            0.090000  0.430000  0.710000
   -3.114   -0.254    2.183    3.614    9.300    9.338   10.921   12.818
            0.090000  0.430000  0.720000
   -3.067   -0.296    2.164    3.558    9.292    9.379   10.894   12.922
            0.090000  0.430000  0.730000
   -3.019   -0.337    2.146    3.504    9.275    9.431   10.867   13.026
            0.090000  0.430000  0.740000
   -2.972   -0.378    2.128    3.450    9.258    9.485   10.842   13.130
            0.090000  0.430000  0.750000
   -2.924   -0.420    2.111    3.398    9.241    9.540   10.819   13.234
            0.090000  0.430000  0.760000
   -2.876   -0.461    2.095    3.346    9.224    9.597   10.796   13.338
            0.090000  0.430000  0.770000
   -2.828   -0.502    2.080    3.296    9.208    9.654   10.775   13.441
            0.090000  0.430000  0.780000
   -2.780   -0.544    2.066    3.246    9.192    9.712   10.756   13.445
            0.090000  0.430000  0.790000
   -2.732   -0.585    2.052    3.199    9.177    9.771   10.739   13.349
            0.090000  0.430000  0.800000
   -2.684   -0.626    2.040    3.152    9.163    9.830   10.723   13.253
            0.090000  0.430000  0.810000
   -2.636   -0.667    2.028    3.107    9.149    9.889   10.710   13.158
            0.090000  0.430000  0.820000
   -2.588   -0.708    2.017    3.064    9.136    9.947   10.699   13.062
            0.090000  0.430000  0.830000
   -2.540   -0.749    2.007    3.022    9.123   10.004   10.691   12.967
            0.090000  0.430000  0.840000
   -2.492   -0.790    1.998    2.982    9.112   10.060   10.686   12.873
            0.090000  0.430000  0.850000
   -2.445   -0.831    1.990    2.944    9.100   10.113   10.686   12.779
            0.090000  0.430000  0.860000
   -2.398   -0.872    1.982    2.907    9.090   10.163   10.692   12.686
            0.090000  0.430000  0.870000
   -2.352   -0.912    1.975    2.873    9.080   10.209   10.704   12.593
            0.090000  0.430000  0.880000
   -2.307   -0.952    1.969    2.841    9.071   10.248   10.724   12.502
            0.090000  0.430000  0.890000
   -2.262   -0.991    1.964    2.811    9.063   10.280   10.753   12.410
            0.090000  0.430000  0.900000
   -2.218   -1.029    1.959    2.783    9.055   10.306   10.790   12.320
            0.090000  0.430000  0.910000
   -2.176   -1.067    1.955    2.758    9.048   10.325   10.836   12.230
            0.090000  0.430000  0.920000
   -2.136   -1.103    1.951    2.734    9.042   10.339   10.889   12.142
            0.090000  0.430000  0.930000
   -2.097   -1.138    1.948    2.714    9.037   10.348   10.947   12.054
            0.090000  0.430000  0.940000
   -2.061   -1.171    1.946    2.696    9.032   10.354   11.011   11.967
            0.090000  0.430000  0.950000
   -2.028   -1.201    1.944    2.681    9.028   10.358   11.078   11.881
            0.090000  0.430000  0.960000
   -2.000   -1.227    1.942    2.668    9.025   10.361   11.148   11.797
            0.090000  0.430000  0.970000
   -1.976   -1.249    1.941    2.658    9.022   10.363   11.219   11.715
            0.090000  0.430000  0.980000
   -1.958   -1.266    1.940    2.651    9.020   10.364   11.291   11.635
            0.090000  0.430000  0.990000
   -1.947   -1.276    1.940    2.647    9.019   10.364   11.359   11.563
            0.090000  0.430000  1.000000
   -1.943   -1.280    1.939    2.645    9.019   10.364   11.397   11.524
