 &plot nbnd=   8, nks=   101 /
            0.140000  0.360000  0.000000
   -5.152    3.186    4.335    5.004    8.008    9.643   10.291   10.566
            0.140000  0.360000  0.010000
   -5.152    3.183    4.339    5.003    8.009    9.641   10.291   10.567
            0.140000  0.360000  0.020000
   -5.151    3.172    4.348    4.999    8.013    9.635   10.289   10.572
            0.140000  0.360000  0.030000
   -5.149    3.154    4.365    4.993    8.018    9.625   10.287   10.580
            0.140000  0.360000  0.040000
   -5.146    3.130    4.386    4.984    8.026    9.611   10.284   10.591
            0.140000  0.360000  0.050000
   -5.142    3.101    4.413    4.973    8.036    9.594   10.279   10.604
            0.140000  0.360000  0.060000
   -5.138    3.066    4.444    4.959    8.048    9.574   10.274   10.621
            0.140000  0.360000  0.070000
   -5.132    3.028    4.478    4.944    8.062    9.550   10.267   10.641
            0.140000  0.360000  0.080000
   -5.126    2.986    4.514    4.926    8.078    9.524   10.259   10.664
            0.140000  0.360000  0.090000
   -5.120    2.941    4.553    4.907    8.096    9.496   10.250   10.690
            0.140000  0.360000  0.100000
   -5.112    2.894    4.592    4.886    8.115    9.467   10.239   10.718
            0.140000  0.360000  0.110000
   -5.103    2.845    4.631    4.864    8.136    9.436   10.228   10.750
            0.140000  0.360000  0.120000
   -5.094    2.794    4.669    4.842    8.158    9.404   10.215   10.784
            0.140000  0.360000  0.130000
   -5.084    2.741    4.701    4.825    8.181    9.372   10.201   10.821
            0.140000  0.360000  0.140000
   -5.073    2.688    4.718    4.822    8.205    9.339   10.186   10.860
            0.140000  0.360000  0.150000
   -5.062    2.634    4.710    4.840    8.230    9.308   10.169   10.902
            0.140000  0.360000  0.160000
   -5.049    2.579    4.688    4.872    8.255    9.277   10.152   10.947
            0.140000  0.360000  0.170000
   -5.036    2.523    4.658    4.908    8.281    9.248   10.133   10.994
            0.140000  0.360000  0.180000
   -5.022    2.468    4.626    4.945    8.306    9.221   10.113   11.043
            0.140000  0.360000  0.190000
   -5.007    2.411    4.592    4.981    8.330    9.197   10.093   11.095
            0.140000  0.360000  0.200000
   -4.992    2.355    4.556    5.017    8.353    9.177   10.071   11.150
            0.140000  0.360000  0.210000
   -4.975    2.298    4.518    5.050    8.375    9.160   10.048   11.206
            0.140000  0.360000  0.220000
   -4.958    2.242    4.480    5.082    8.394    9.149   10.025   11.265
            0.140000  0.360000  0.230000
   -4.940    2.185    4.441    5.111    8.411    9.143   10.001   11.326
            0.140000  0.360000  0.240000
   -4.921    2.129    4.402    5.137    8.426    9.142    9.976   11.389
            0.140000  0.360000  0.250000
   -4.902    2.072    4.361    5.161    8.438    9.148    9.950   11.454
            0.140000  0.360000  0.260000
   -4.881    2.016    4.320    5.182    8.447    9.160    9.924   11.521
            0.140000  0.360000  0.270000
   -4.860    1.960    4.279    5.200    8.453    9.178    9.897   11.589
            0.140000  0.360000  0.280000
   -4.839    1.904    4.237    5.215    8.458    9.202    9.870   11.660
            0.140000  0.360000  0.290000
   -4.816    1.848    4.195    5.226    8.461    9.231    9.843   11.731
            0.140000  0.360000  0.300000
   -4.793    1.793    4.153    5.234    8.463    9.265    9.816   11.804
            0.140000  0.360000  0.310000
   -4.769    1.738    4.111    5.238    8.465    9.302    9.789   11.878
            0.140000  0.360000  0.320000
   -4.744    1.683    4.068    5.238    8.468    9.343    9.762   11.952
            0.140000  0.360000  0.330000
   -4.718    1.629    4.025    5.235    8.472    9.384    9.738   12.025
            0.140000  0.360000  0.340000
   -4.692    1.575    3.982    5.228    8.477    9.426    9.716   12.093
            0.140000  0.360000  0.350000
   -4.665    1.521    3.939    5.217    8.483    9.463    9.702   12.151
            0.140000  0.360000  0.360000
   -4.637    1.468    3.896    5.203    8.491    9.491    9.700   12.183
            0.140000  0.360000  0.370000
   -4.608    1.415    3.853    5.185    8.501    9.502    9.716   12.178
            0.140000  0.360000  0.380000
   -4.579    1.362    3.810    5.164    8.513    9.496    9.752   12.144
            0.140000  0.360000  0.390000
   -4.549    1.310    3.767    5.139    8.527    9.479    9.801   12.095
            0.140000  0.360000  0.400000
   -4.518    1.258    3.724    5.111    8.543    9.457    9.857   12.041
            0.140000  0.360000  0.410000
   -4.487    1.207    3.682    5.080    8.560    9.432    9.919   11.984
            0.140000  0.360000  0.420000
   -4.454    1.156    3.639    5.047    8.579    9.406    9.983   11.927
            0.140000  0.360000  0.430000
   -4.422    1.105    3.597    5.010    8.600    9.380   10.051   11.869
            0.140000  0.360000  0.440000
   -4.388    1.055    3.554    4.972    8.621    9.354   10.120   11.811
            0.140000  0.360000  0.450000
   -4.354    1.005    3.512    4.931    8.643    9.329   10.191   11.754
            0.140000  0.360000  0.460000
   -4.319    0.956    3.470    4.888    8.666    9.306   10.264   11.697
            0.140000  0.360000  0.470000
   -4.283    0.907    3.429    4.843    8.688    9.285   10.338   11.642
            0.140000  0.360000  0.480000
   -4.247    0.858    3.387    4.797    8.709    9.267   10.413   11.588
            0.140000  0.360000  0.490000
   -4.210    0.810    3.346    4.749    8.728    9.252   10.490   11.535
            0.140000  0.360000  0.500000
   -4.172    0.762    3.305    4.699    8.743    9.242   10.566   11.484
            0.140000  0.360000  0.510000
   -4.134    0.715    3.264    4.649    8.755    9.239   10.644   11.434
            0.140000  0.360000  0.520000
   -4.095    0.668    3.223    4.598    8.762    9.241   10.720   11.388
            0.140000  0.360000  0.530000
   -4.056    0.621    3.183    4.546    8.763    9.251   10.796   11.344
            0.140000  0.360000  0.540000
   -4.016    0.575    3.142    4.493    8.759    9.268   10.868   11.306
            0.140000  0.360000  0.550000
   -3.975    0.529    3.102    4.441    8.751    9.291   10.934   11.277
            0.140000  0.360000  0.560000
   -3.933    0.483    3.063    4.387    8.738    9.320   10.983   11.265
            0.140000  0.360000  0.570000
   -3.892    0.438    3.023    4.334    8.721    9.354   11.006   11.283
            0.140000  0.360000  0.580000
   -3.849    0.393    2.983    4.281    8.702    9.392   11.001   11.330
            0.140000  0.360000  0.590000
   -3.806    0.348    2.944    4.227    8.682    9.433   10.978   11.397
            0.140000  0.360000  0.600000
   -3.762    0.303    2.905    4.175    8.659    9.477   10.948   11.473
            0.140000  0.360000  0.610000
   -3.718    0.259    2.866    4.122    8.636    9.524   10.915   11.554
            0.140000  0.360000  0.620000
   -3.674    0.215    2.828    4.070    8.613    9.572   10.880   11.639
            0.140000  0.360000  0.630000
   -3.628    0.171    2.789    4.019    8.588    9.622   10.845   11.725
            0.140000  0.360000  0.640000
   -3.583    0.128    2.751    3.968    8.564    9.674   10.811   11.813
            0.140000  0.360000  0.650000
   -3.537    0.084    2.713    3.919    8.540    9.727   10.777   11.902
            0.140000  0.360000  0.660000
   -3.490    0.041    2.675    3.870    8.515    9.781   10.745   11.992
            0.140000  0.360000  0.670000
   -3.443   -0.002    2.638    3.822    8.491    9.836   10.714   12.083
            0.140000  0.360000  0.680000
   -3.396   -0.045    2.600    3.776    8.468    9.892   10.684   12.174
            0.140000  0.360000  0.690000
   -3.348   -0.088    2.563    3.730    8.444    9.947   10.657   12.266
            0.140000  0.360000  0.700000
   -3.300   -0.131    2.527    3.686    8.421   10.003   10.631   12.358
            0.140000  0.360000  0.710000
   -3.251   -0.174    2.490    3.643    8.399   10.057   10.609   12.450
            0.140000  0.360000  0.720000
   -3.203   -0.216    2.454    3.602    8.377   10.110   10.590   12.543
            0.140000  0.360000  0.730000
   -3.153   -0.259    2.419    3.562    8.355   10.160   10.577   12.636
            0.140000  0.360000  0.740000
   -3.104   -0.302    2.384    3.523    8.334   10.204   10.571   12.730
            0.140000  0.360000  0.750000
   -3.054   -0.345    2.349    3.486    8.314   10.240   10.575   12.823
            0.140000  0.360000  0.760000
   -3.005   -0.387    2.315    3.451    8.294   10.265   10.592   12.916
            0.140000  0.360000  0.770000
   -2.955   -0.430    2.282    3.417    8.275   10.278   10.623   13.010
            0.140000  0.360000  0.780000
   -2.905   -0.473    2.250    3.384    8.257   10.281   10.666   13.102
            0.140000  0.360000  0.790000
   -2.855   -0.516    2.218    3.353    8.240   10.277   10.718   13.195
            0.140000  0.360000  0.800000
   -2.805   -0.559    2.187    3.324    8.223   10.268   10.776   13.286
            0.140000  0.360000  0.810000
   -2.755   -0.601    2.157    3.296    8.207   10.258   10.838   13.375
            0.140000  0.360000  0.820000
   -2.705   -0.644    2.128    3.269    8.191   10.245   10.904   13.460
            0.140000  0.360000  0.830000
   -2.655   -0.687    2.100    3.244    8.177   10.233   10.972   13.537
            0.140000  0.360000  0.840000
   -2.606   -0.729    2.074    3.221    8.163   10.220   11.041   13.590
            0.140000  0.360000  0.850000
   -2.557   -0.772    2.048    3.199    8.150   10.207   11.113   13.592
            0.140000  0.360000  0.860000
   -2.508   -0.814    2.024    3.179    8.138   10.195   11.185   13.543
            0.140000  0.360000  0.870000
   -2.460   -0.856    2.001    3.160    8.127   10.184   11.259   13.470
            0.140000  0.360000  0.880000
   -2.413   -0.897    1.980    3.143    8.116   10.173   11.334   13.388
            0.140000  0.360000  0.890000
   -2.368   -0.937    1.960    3.127    8.106   10.163   11.409   13.303
            0.140000  0.360000  0.900000
   -2.323   -0.977    1.942    3.113    8.097   10.153   11.486   13.215
            0.140000  0.360000  0.910000
   -2.280   -1.016    1.925    3.100    8.089   10.145   11.563   13.128
            0.140000  0.360000  0.920000
   -2.239   -1.053    1.910    3.088    8.082   10.137   11.640   13.041
            0.140000  0.360000  0.930000
   -2.200   -1.088    1.897    3.078    8.076   10.130   11.718   12.954
            0.140000  0.360000  0.940000
   -2.164   -1.120    1.885    3.069    8.070   10.124   11.796   12.868
            0.140000  0.360000  0.950000
   -2.132   -1.150    1.875    3.061    8.065   10.119   11.874   12.784
            0.140000  0.360000  0.960000
   -2.104   -1.175    1.867    3.055    8.062   10.115   11.950   12.702
            0.140000  0.360000  0.970000
   -2.081   -1.197    1.860    3.051    8.059   10.111   12.024   12.623
            0.140000  0.360000  0.980000
   -2.064   -1.212    1.856    3.047    8.056   10.109   12.091   12.553
            0.140000  0.360000  0.990000
   -2.053   -1.222    1.853    3.045    8.055   10.108   12.144   12.498
            0.140000  0.360000  1.000000
   -2.049   -1.226    1.852    3.044    8.055   10.107   12.166   12.475
