 &plot nbnd=   8, nks=   100 /
            0.384600  0.641000 -1.000000
   -4.455   -0.454    1.649    3.073    7.859    8.127    8.880   10.803
            0.384600  0.641000 -0.979800
   -4.455   -0.461    1.657    3.074    7.836    8.137    8.898   10.786
            0.384600  0.641000 -0.959600
   -4.452   -0.480    1.678    3.077    7.776    8.157    8.951   10.735
            0.384600  0.641000 -0.939400
   -4.448   -0.510    1.713    3.082    7.697    8.178    9.032   10.658
            0.384600  0.641000 -0.919200
   -4.442   -0.550    1.760    3.089    7.609    8.196    9.135   10.560
            0.384600  0.641000 -0.899000
   -4.435   -0.598    1.816    3.098    7.516    8.210    9.254   10.450
            0.384600  0.641000 -0.878800
   -4.425   -0.653    1.881    3.110    7.423    8.221    9.382   10.332
            0.384600  0.641000 -0.858600
   -4.415   -0.714    1.952    3.123    7.332    8.231    9.513   10.215
            0.384600  0.641000 -0.838400
   -4.403   -0.778    2.028    3.138    7.244    8.239    9.631   10.115
            0.384600  0.641000 -0.818200
   -4.389   -0.845    2.106    3.155    7.161    8.246    9.695   10.073
            0.384600  0.641000 -0.798000
   -4.375   -0.913    2.185    3.174    7.083    8.251    9.658   10.138
            0.384600  0.641000 -0.777800
   -4.359   -0.981    2.265    3.195    7.011    8.254    9.562   10.272
            0.384600  0.641000 -0.757600
   -4.343   -1.049    2.341    3.218    6.945    8.254    9.448   10.428
            0.384600  0.641000 -0.737400
   -4.326   -1.115    2.415    3.242    6.887    8.251    9.333   10.596
            0.384600  0.641000 -0.717200
   -4.308   -1.179    2.484    3.267    6.836    8.244    9.221   10.769
            0.384600  0.641000 -0.697000
   -4.291   -1.240    2.548    3.294    6.793    8.232    9.118   10.945
            0.384600  0.641000 -0.676800
   -4.273   -1.298    2.606    3.321    6.758    8.214    9.025   11.124
            0.384600  0.641000 -0.656600
   -4.255   -1.352    2.656    3.348    6.730    8.189    8.944   11.302
            0.384600  0.641000 -0.636400
   -4.238   -1.402    2.699    3.375    6.709    8.158    8.877   11.480
            0.384600  0.641000 -0.616200
   -4.222   -1.447    2.734    3.400    6.694    8.124    8.823   11.654
            0.384600  0.641000 -0.596000
   -4.206   -1.487    2.762    3.424    6.685    8.088    8.782   11.822
            0.384600  0.641000 -0.575800
   -4.192   -1.521    2.782    3.444    6.680    8.055    8.751   11.980
            0.384600  0.641000 -0.555600
   -4.179   -1.549    2.794    3.461    6.677    8.028    8.729   12.122
            0.384600  0.641000 -0.535400
   -4.168   -1.571    2.799    3.473    6.676    8.010    8.714   12.240
            0.384600  0.641000 -0.515200
   -4.158   -1.587    2.797    3.481    6.675    8.005    8.705   12.322
            0.384600  0.641000 -0.494900
   -4.151   -1.596    2.789    3.482    6.674    8.011    8.701   12.359
            0.384600  0.641000 -0.474700
   -4.146   -1.599    2.773    3.479    6.674    8.030    8.703   12.342
            0.384600  0.641000 -0.454500
   -4.143   -1.595    2.752    3.470    6.675    8.058    8.712   12.276
            0.384600  0.641000 -0.434300
   -4.141   -1.584    2.724    3.455    6.679    8.092    8.731   12.171
            0.384600  0.641000 -0.414100
   -4.143   -1.567    2.690    3.435    6.687    8.129    8.762   12.038
            0.384600  0.641000 -0.393900
   -4.146   -1.543    2.650    3.411    6.700    8.162    8.807   11.887
            0.384600  0.641000 -0.373700
   -4.151   -1.514    2.605    3.382    6.719    8.189    8.869   11.722
            0.384600  0.641000 -0.353500
   -4.157   -1.479    2.554    3.351    6.746    8.209    8.947   11.552
            0.384600  0.641000 -0.333300
   -4.164   -1.438    2.497    3.318    6.780    8.221    9.041   11.377
            0.384600  0.641000 -0.313100
   -4.173   -1.393    2.436    3.283    6.822    8.226    9.148   11.200
            0.384600  0.641000 -0.292900
   -4.183   -1.343    2.369    3.248    6.872    8.225    9.264   11.023
            0.384600  0.641000 -0.272700
   -4.193   -1.290    2.298    3.214    6.930    8.221    9.387   10.847
            0.384600  0.641000 -0.252500
   -4.204   -1.234    2.224    3.181    6.995    8.214    9.515   10.675
            0.384600  0.641000 -0.232300
   -4.214   -1.175    2.147    3.149    7.068    8.205    9.641   10.511
            0.384600  0.641000 -0.212100
   -4.225   -1.115    2.069    3.119    7.146    8.196    9.758   10.362
            0.384600  0.641000 -0.191900
   -4.235   -1.054    1.990    3.092    7.231    8.185    9.839   10.256
            0.384600  0.641000 -0.171700
   -4.245   -0.993    1.912    3.067    7.320    8.175    9.823   10.251
            0.384600  0.641000 -0.151500
   -4.254   -0.934    1.836    3.045    7.415    8.165    9.719   10.337
            0.384600  0.641000 -0.131300
   -4.262   -0.877    1.764    3.025    7.512    8.154    9.586   10.456
            0.384600  0.641000 -0.111100
   -4.270   -0.825    1.698    3.008    7.611    8.145    9.448   10.581
            0.384600  0.641000 -0.090900
   -4.276   -0.777    1.639    2.994    7.710    8.135    9.315   10.703
            0.384600  0.641000 -0.070700
   -4.281   -0.737    1.589    2.983    7.807    8.126    9.193   10.815
            0.384600  0.641000 -0.050500
   -4.285   -0.705    1.550    2.975    7.896    8.115    9.087   10.909
            0.384600  0.641000 -0.030300
   -4.287   -0.682    1.522    2.969    7.974    8.099    9.007   10.979
            0.384600  0.641000 -0.010100
   -4.289   -0.671    1.508    2.966    8.033    8.074    8.962   11.014
            0.384600  0.641000  0.010100
   -4.289   -0.671    1.508    2.966    8.033    8.074    8.962   11.014
            0.384600  0.641000  0.030300
   -4.287   -0.682    1.522    2.969    7.974    8.099    9.007   10.979
            0.384600  0.641000  0.050500
   -4.285   -0.705    1.550    2.975    7.896    8.115    9.087   10.909
            0.384600  0.641000  0.070700
   -4.281   -0.737    1.589    2.983    7.807    8.126    9.193   10.815
            0.384600  0.641000  0.090900
   -4.276   -0.777    1.639    2.994    7.710    8.135    9.315   10.703
            0.384600  0.641000  0.111100
   -4.270   -0.825    1.698    3.008    7.611    8.145    9.448   10.581
            0.384600  0.641000  0.131300
   -4.262   -0.877    1.764    3.025    7.512    8.154    9.586   10.456
            0.384600  0.641000  0.151500
   -4.254   -0.934    1.836    3.045    7.415    8.165    9.719   10.337
            0.384600  0.641000  0.171700
   -4.245   -0.993    1.912    3.067    7.321    8.175    9.823   10.251
            0.384600  0.641000  0.191900
   -4.235   -1.054    1.990    3.092    7.231    8.185    9.839   10.256
            0.384600  0.641000  0.212100
   -4.225   -1.115    2.069    3.119    7.146    8.196    9.758   10.362
            0.384600  0.641000  0.232300
   -4.214   -1.175    2.147    3.149    7.068    8.205    9.641   10.511
            0.384600  0.641000  0.252500
   -4.204   -1.234    2.224    3.181    6.995    8.214    9.515   10.675
            0.384600  0.641000  0.272700
   -4.193   -1.290    2.298    3.214    6.930    8.221    9.387   10.847
            0.384600  0.641000  0.292900
   -4.183   -1.343    2.369    3.248    6.872    8.225    9.264   11.023
            0.384600  0.641000  0.313100
   -4.173   -1.393    2.436    3.283    6.822    8.226    9.148   11.200
            0.384600  0.641000  0.333300
   -4.164   -1.438    2.497    3.318    6.780    8.221    9.041   11.377
            0.384600  0.641000  0.353500
   -4.157   -1.479    2.554    3.351    6.746    8.209    8.947   11.552
            0.384600  0.641000  0.373700
   -4.151   -1.514    2.605    3.382    6.719    8.189    8.869   11.722
            0.384600  0.641000  0.393900
   -4.146   -1.543    2.650    3.411    6.700    8.162    8.807   11.887
            0.384600  0.641000  0.414100
   -4.143   -1.567    2.690    3.435    6.687    8.129    8.762   12.038
            0.384600  0.641000  0.434300
   -4.141   -1.584    2.724    3.455    6.679    8.092    8.731   12.171
            0.384600  0.641000  0.454500
   -4.143   -1.595    2.752    3.470    6.675    8.058    8.712   12.276
            0.384600  0.641000  0.474700
   -4.146   -1.599    2.773    3.479    6.674    8.030    8.703   12.342
            0.384600  0.641000  0.494900
   -4.151   -1.596    2.789    3.482    6.674    8.011    8.701   12.359
            0.384600  0.641000  0.515200
   -4.158   -1.587    2.797    3.481    6.675    8.005    8.705   12.322
            0.384600  0.641000  0.535400
   -4.168   -1.571    2.799    3.473    6.676    8.010    8.714   12.240
            0.384600  0.641000  0.555600
   -4.179   -1.549    2.794    3.461    6.677    8.028    8.729   12.122
            0.384600  0.641000  0.575800
   -4.192   -1.521    2.782    3.444    6.680    8.055    8.751   11.980
            0.384600  0.641000  0.596000
   -4.206   -1.487    2.762    3.424    6.685    8.088    8.782   11.822
            0.384600  0.641000  0.616200
   -4.222   -1.447    2.734    3.400    6.695    8.124    8.823   11.654
            0.384600  0.641000  0.636400
   -4.238   -1.402    2.699    3.375    6.709    8.158    8.877   11.480
            0.384600  0.641000  0.656600
   -4.255   -1.352    2.656    3.348    6.730    8.189    8.944   11.302
            0.384600  0.641000  0.676800
   -4.273   -1.298    2.606    3.321    6.758    8.214    9.025   11.124
            0.384600  0.641000  0.697000
   -4.291   -1.240    2.548    3.294    6.793    8.232    9.118   10.945
            0.384600  0.641000  0.717200
   -4.308   -1.179    2.484    3.267    6.836    8.244    9.221   10.769
            0.384600  0.641000  0.737400
   -4.326   -1.115    2.415    3.242    6.887    8.251    9.333   10.596
            0.384600  0.641000  0.757600
   -4.343   -1.049    2.341    3.218    6.945    8.254    9.448   10.428
            0.384600  0.641000  0.777800
   -4.359   -0.981    2.265    3.195    7.011    8.254    9.562   10.272
            0.384600  0.641000  0.798000
   -4.375   -0.913    2.185    3.174    7.083    8.251    9.658   10.138
            0.384600  0.641000  0.818200
   -4.389   -0.845    2.106    3.155    7.161    8.246    9.695   10.073
            0.384600  0.641000  0.838400
   -4.403   -0.778    2.028    3.138    7.244    8.239    9.631   10.115
            0.384600  0.641000  0.858600
   -4.415   -0.714    1.952    3.123    7.332    8.231    9.513   10.215
            0.384600  0.641000  0.878800
   -4.425   -0.653    1.881    3.110    7.423    8.221    9.382   10.332
            0.384600  0.641000  0.899000
   -4.435   -0.598    1.816    3.098    7.516    8.210    9.254   10.450
            0.384600  0.641000  0.919200
   -4.442   -0.550    1.760    3.089    7.609    8.196    9.135   10.560
            0.384600  0.641000  0.939400
   -4.448   -0.510    1.713    3.082    7.697    8.178    9.032   10.658
            0.384600  0.641000  0.959600
   -4.452   -0.480    1.678    3.077    7.776    8.157    8.951   10.735
            0.384600  0.641000  0.979800
   -4.455   -0.461    1.657    3.074    7.836    8.137    8.898   10.786
            0.384600  0.641000  1.000000
   -4.455   -0.454    1.649    3.073    7.859    8.127    8.880   10.803
