 &plot nbnd=   8, nks=   100 /
            0.692300 -0.589700 -1.000000
   -5.252    0.955    2.536    4.131    7.622    7.915    9.074    9.666
            0.692300 -0.589700 -0.979800
   -5.250    0.944    2.548    4.130    7.603    7.925    9.066    9.680
            0.692300 -0.589700 -0.959600
   -5.247    0.912    2.583    4.125    7.554    7.948    9.043    9.722
            0.692300 -0.589700 -0.939400
   -5.240    0.862    2.638    4.118    7.484    7.974    9.012    9.787
            0.692300 -0.589700 -0.919200
   -5.230    0.797    2.710    4.108    7.403    7.999    8.974    9.871
            0.692300 -0.589700 -0.899000
   -5.218    0.721    2.795    4.095    7.312    8.020    8.934    9.970
            0.692300 -0.589700 -0.878800
   -5.203    0.637    2.889    4.080    7.216    8.036    8.892   10.082
            0.692300 -0.589700 -0.858600
   -5.185    0.547    2.991    4.061    7.116    8.049    8.850   10.204
            0.692300 -0.589700 -0.838400
   -5.165    0.453    3.096    4.040    7.014    8.059    8.809   10.336
            0.692300 -0.589700 -0.818200
   -5.142    0.356    3.204    4.016    6.911    8.066    8.769   10.475
            0.692300 -0.589700 -0.798000
   -5.116    0.258    3.311    3.989    6.810    8.072    8.729   10.621
            0.692300 -0.589700 -0.777800
   -5.088    0.160    3.417    3.959    6.711    8.079    8.691   10.772
            0.692300 -0.589700 -0.757600
   -5.058    0.062    3.520    3.926    6.616    8.087    8.653   10.927
            0.692300 -0.589700 -0.737400
   -5.025   -0.035    3.616    3.891    6.528    8.096    8.615   11.086
            0.692300 -0.589700 -0.717200
   -4.989   -0.131    3.705    3.853    6.448    8.109    8.577   11.247
            0.692300 -0.589700 -0.697000
   -4.951   -0.225    3.778    3.817    6.379    8.125    8.538   11.408
            0.692300 -0.589700 -0.676800
   -4.911   -0.317    3.763    3.853    6.323    8.145    8.498   11.566
            0.692300 -0.589700 -0.656600
   -4.869   -0.407    3.717    3.903    6.283    8.169    8.458   11.717
            0.692300 -0.589700 -0.636400
   -4.824   -0.495    3.667    3.936    6.259    8.198    8.417   11.853
            0.692300 -0.589700 -0.616200
   -4.778   -0.580    3.613    3.951    6.254    8.230    8.376   11.960
            0.692300 -0.589700 -0.596000
   -4.729   -0.663    3.555    3.949    6.268    8.261    8.343   12.024
            0.692300 -0.589700 -0.575800
   -4.679   -0.742    3.494    3.930    6.300    8.261    8.346   12.040
            0.692300 -0.589700 -0.555600
   -4.627   -0.819    3.428    3.897    6.347    8.227    8.388   12.016
            0.692300 -0.589700 -0.535400
   -4.574   -0.892    3.358    3.853    6.407    8.189    8.444   11.971
            0.692300 -0.589700 -0.515200
   -4.519   -0.961    3.281    3.801    6.476    8.151    8.508   11.915
            0.692300 -0.589700 -0.494900
   -4.462   -1.027    3.198    3.744    6.552    8.116    8.578   11.853
            0.692300 -0.589700 -0.474700
   -4.405   -1.089    3.109    3.684    6.629    8.087    8.654   11.789
            0.692300 -0.589700 -0.454500
   -4.348   -1.148    3.014    3.625    6.705    8.066    8.737   11.726
            0.692300 -0.589700 -0.434300
   -4.289   -1.202    2.913    3.566    6.777    8.056    8.825   11.663
            0.692300 -0.589700 -0.414100
   -4.231   -1.253    2.806    3.510    6.839    8.060    8.918   11.602
            0.692300 -0.589700 -0.393900
   -4.173   -1.299    2.695    3.457    6.890    8.080    9.017   11.544
            0.692300 -0.589700 -0.373700
   -4.115   -1.340    2.580    3.406    6.928    8.118    9.122   11.487
            0.692300 -0.589700 -0.353500
   -4.057   -1.377    2.463    3.359    6.951    8.174    9.231   11.433
            0.692300 -0.589700 -0.333300
   -4.001   -1.409    2.345    3.314    6.962    8.246    9.345   11.382
            0.692300 -0.589700 -0.313100
   -3.946   -1.437    2.226    3.272    6.961    8.333    9.463   11.333
            0.692300 -0.589700 -0.292900
   -3.893   -1.459    2.107    3.233    6.953    8.432    9.584   11.288
            0.692300 -0.589700 -0.272700
   -3.842   -1.477    1.990    3.197    6.938    8.541    9.710   11.245
            0.692300 -0.589700 -0.252500
   -3.794   -1.490    1.875    3.163    6.919    8.657    9.838   11.205
            0.692300 -0.589700 -0.232300
   -3.748   -1.498    1.762    3.132    6.898    8.780    9.969   11.168
            0.692300 -0.589700 -0.212100
   -3.706   -1.502    1.654    3.103    6.876    8.906   10.102   11.134
            0.692300 -0.589700 -0.191900
   -3.666   -1.502    1.551    3.078    6.854    9.037   10.236   11.103
            0.692300 -0.589700 -0.171700
   -3.631   -1.498    1.454    3.054    6.833    9.172   10.370   11.076
            0.692300 -0.589700 -0.151500
   -3.599   -1.492    1.363    3.034    6.813    9.308   10.500   11.051
            0.692300 -0.589700 -0.131300
   -3.571   -1.483    1.281    3.016    6.795    9.446   10.627   11.031
            0.692300 -0.589700 -0.111100
   -3.547   -1.473    1.207    3.000    6.779    9.585   10.741   11.014
            0.692300 -0.589700 -0.090900
   -3.527   -1.462    1.144    2.987    6.765    9.722   10.832   11.002
            0.692300 -0.589700 -0.070700
   -3.512   -1.452    1.092    2.977    6.754    9.854   10.879   10.996
            0.692300 -0.589700 -0.050500
   -3.500   -1.444    1.051    2.969    6.745    9.978   10.870   10.990
            0.692300 -0.589700 -0.030300
   -3.492   -1.437    1.024    2.964    6.740   10.082   10.824   10.981
            0.692300 -0.589700 -0.010100
   -3.488   -1.434    1.010    2.961    6.737   10.145   10.783   10.975
            0.692300 -0.589700  0.010100
   -3.488   -1.434    1.010    2.961    6.737   10.145   10.783   10.975
            0.692300 -0.589700  0.030300
   -3.492   -1.437    1.024    2.964    6.740   10.082   10.824   10.981
            0.692300 -0.589700  0.050500
   -3.500   -1.444    1.051    2.969    6.745    9.978   10.870   10.990
            0.692300 -0.589700  0.070700
   -3.512   -1.452    1.092    2.977    6.754    9.854   10.879   10.996
            0.692300 -0.589700  0.090900
   -3.527   -1.462    1.144    2.987    6.765    9.722   10.832   11.002
            0.692300 -0.589700  0.111100
   -3.547   -1.473    1.207    3.000    6.779    9.585   10.741   11.014
            0.692300 -0.589700  0.131300
   -3.571   -1.483    1.281    3.016    6.795    9.446   10.627   11.031
            0.692300 -0.589700  0.151500
   -3.599   -1.492    1.363    3.034    6.813    9.308   10.500   11.051
            0.692300 -0.589700  0.171700
   -3.631   -1.498    1.454    3.054    6.833    9.172   10.370   11.076
            0.692300 -0.589700  0.191900
   -3.666   -1.502    1.551    3.078    6.854    9.037   10.236   11.103
            0.692300 -0.589700  0.212100
   -3.706   -1.502    1.654    3.103    6.876    8.906   10.102   11.134
            0.692300 -0.589700  0.232300
   -3.748   -1.498    1.762    3.132    6.898    8.780    9.969   11.168
            0.692300 -0.589700  0.252500
   -3.794   -1.490    1.875    3.163    6.919    8.657    9.838   11.205
            0.692300 -0.589700  0.272700
   -3.842   -1.477    1.990    3.197    6.938    8.541    9.710   11.245
            0.692300 -0.589700  0.292900
   -3.893   -1.459    2.107    3.233    6.953    8.432    9.584   11.288
            0.692300 -0.589700  0.313100
   -3.946   -1.437    2.226    3.272    6.961    8.333    9.463   11.334
            0.692300 -0.589700  0.333300
   -4.001   -1.409    2.345    3.314    6.962    8.246    9.345   11.382
            0.692300 -0.589700  0.353500
   -4.057   -1.377    2.463    3.359    6.951    8.174    9.231   11.433
            0.692300 -0.589700  0.373700
   -4.115   -1.340    2.580    3.406    6.928    8.118    9.122   11.487
            0.692300 -0.589700  0.393900
   -4.173   -1.299    2.695    3.457    6.890    8.080    9.017   11.544
            0.692300 -0.589700  0.414100
   -4.231   -1.253    2.806    3.510    6.839    8.060    8.918   11.602
            0.692300 -0.589700  0.434300
   -4.289   -1.202    2.913    3.566    6.776    8.056    8.825   11.663
            0.692300 -0.589700  0.454500
   -4.348   -1.148    3.014    3.625    6.705    8.066    8.737   11.726
            0.692300 -0.589700  0.474700
   -4.405   -1.089    3.109    3.684    6.629    8.087    8.654   11.789
            0.692300 -0.589700  0.494900
   -4.462   -1.027    3.198    3.744    6.552    8.116    8.578   11.853
            0.692300 -0.589700  0.515200
   -4.519   -0.961    3.281    3.801    6.476    8.151    8.508   11.915
            0.692300 -0.589700  0.535400
   -4.574   -0.892    3.358    3.853    6.407    8.189    8.444   11.971
            0.692300 -0.589700  0.555600
   -4.627   -0.819    3.428    3.897    6.347    8.227    8.388   12.016
            0.692300 -0.589700  0.575800
   -4.679   -0.742    3.494    3.930    6.300    8.261    8.346   12.039
            0.692300 -0.589700  0.596000
   -4.729   -0.663    3.555    3.949    6.268    8.261    8.343   12.024
            0.692300 -0.589700  0.616200
   -4.778   -0.580    3.613    3.951    6.254    8.230    8.376   11.960
            0.692300 -0.589700  0.636400
   -4.824   -0.495    3.667    3.936    6.259    8.198    8.417   11.853
            0.692300 -0.589700  0.656600
   -4.869   -0.407    3.717    3.903    6.283    8.169    8.458   11.717
            0.692300 -0.589700  0.676800
   -4.911   -0.317    3.763    3.853    6.323    8.145    8.498   11.567
            0.692300 -0.589700  0.697000
   -4.951   -0.225    3.778    3.817    6.379    8.125    8.538   11.408
            0.692300 -0.589700  0.717200
   -4.989   -0.131    3.705    3.853    6.448    8.109    8.577   11.247
            0.692300 -0.589700  0.737400
   -5.025   -0.035    3.616    3.891    6.528    8.096    8.615   11.086
            0.692300 -0.589700  0.757600
   -5.058    0.062    3.520    3.926    6.616    8.087    8.653   10.927
            0.692300 -0.589700  0.777800
   -5.088    0.160    3.417    3.959    6.711    8.079    8.691   10.772
            0.692300 -0.589700  0.798000
   -5.116    0.258    3.311    3.989    6.810    8.072    8.729   10.621
            0.692300 -0.589700  0.818200
   -5.142    0.356    3.204    4.016    6.911    8.066    8.769   10.475
            0.692300 -0.589700  0.838400
   -5.165    0.453    3.096    4.040    7.014    8.059    8.809   10.336
            0.692300 -0.589700  0.858600
   -5.185    0.547    2.991    4.061    7.116    8.049    8.850   10.204
            0.692300 -0.589700  0.878800
   -5.203    0.637    2.889    4.080    7.216    8.036    8.892   10.082
            0.692300 -0.589700  0.899000
   -5.218    0.721    2.795    4.095    7.312    8.020    8.934    9.970
            0.692300 -0.589700  0.919200
   -5.230    0.797    2.710    4.108    7.403    7.999    8.974    9.871
            0.692300 -0.589700  0.939400
   -5.240    0.862    2.638    4.118    7.484    7.974    9.012    9.787
            0.692300 -0.589700  0.959600
   -5.247    0.912    2.583    4.125    7.554    7.948    9.043    9.722
            0.692300 -0.589700  0.979800
   -5.250    0.944    2.548    4.130    7.603    7.925    9.066    9.680
            0.692300 -0.589700  1.000000
   -5.252    0.955    2.536    4.131    7.622    7.915    9.074    9.666
