 &plot nbnd=   8, nks=    41 /
            0.950000  0.350000 -1.000000
   -4.472    0.237    2.856    2.897    5.981    7.254   11.427   11.564
            0.950000  0.350000 -0.950000
   -4.464    0.221    2.814    2.908    6.032    7.296   11.374   11.475
            0.950000  0.350000 -0.900000
   -4.441    0.173    2.714    2.921    6.180    7.418   11.062   11.436
            0.950000  0.350000 -0.850000
   -4.402    0.096    2.574    2.938    6.409    7.614   10.630   11.413
            0.950000  0.350000 -0.800000
   -4.348   -0.007    2.408    2.963    6.704    7.876   10.157   11.384
            0.950000  0.350000 -0.750000
   -4.279   -0.131    2.229    2.997    7.052    8.192    9.672   11.349
            0.950000  0.350000 -0.700000
   -4.197   -0.270    2.048    3.043    7.440    8.545    9.203   11.308
            0.950000  0.350000 -0.650000
   -4.102   -0.420    1.873    3.096    7.860    8.649    9.038   11.262
            0.950000  0.350000 -0.600000
   -3.994   -0.576    1.709    3.154    8.179    8.369    9.442   11.214
            0.950000  0.350000 -0.550000
   -3.876   -0.735    1.562    3.209    7.806    8.804    9.901   11.168
            0.950000  0.350000 -0.500000
   -3.749   -0.893    1.435    3.253    7.438    9.296   10.370   11.137
            0.950000  0.350000 -0.450000
   -3.615   -1.048    1.331    3.272    7.126    9.805   10.766   11.191
            0.950000  0.350000 -0.400000
   -3.475   -1.198    1.254    3.254    6.888   10.322   10.884   11.450
            0.950000  0.350000 -0.350000
   -3.333   -1.341    1.205    3.186    6.740   10.786   10.879   11.024
            0.950000  0.350000 -0.300000
   -3.191   -1.478    1.188    3.065    6.687   10.460   10.828   11.355
            0.950000  0.350000 -0.250000
   -3.052   -1.606    1.203    2.895    6.727    9.983   10.794   11.628
            0.950000  0.350000 -0.200000
   -2.919   -1.726    1.253    2.691    6.848    9.521   10.763   11.639
            0.950000  0.350000 -0.150000
   -2.796   -1.835    1.338    2.467    7.037    9.081   10.738   11.594
            0.950000  0.350000 -0.100000
   -2.690   -1.930    1.455    2.240    7.282    8.664   10.719   11.552
            0.950000  0.350000 -0.050000
   -2.613   -2.000    1.599    2.026    7.571    8.274   10.708   11.524
            0.950000  0.350000  0.000000
   -2.583   -2.027    1.712    1.890    7.845    7.966   10.704   11.514
            0.950000  0.350000  0.050000
   -2.613   -2.000    1.599    2.026    7.571    8.274   10.708   11.524
            0.950000  0.350000  0.100000
   -2.690   -1.930    1.455    2.240    7.282    8.664   10.719   11.552
            0.950000  0.350000  0.150000
   -2.796   -1.835    1.338    2.467    7.037    9.081   10.738   11.594
            0.950000  0.350000  0.200000
   -2.919   -1.726    1.253    2.691    6.848    9.521   10.763   11.639
            0.950000  0.350000  0.250000
   -3.052   -1.606    1.203    2.895    6.727    9.983   10.794   11.628
            0.950000  0.350000  0.300000
   -3.191   -1.478    1.188    3.065    6.687   10.460   10.828   11.355
            0.950000  0.350000  0.350000
   -3.333   -1.341    1.205    3.186    6.740   10.786   10.879   11.024
            0.950000  0.350000  0.400000
   -3.475   -1.198    1.254    3.254    6.888   10.322   10.884   11.450
            0.950000  0.350000  0.450000
   -3.615   -1.048    1.331    3.272    7.126    9.805   10.766   11.191
            0.950000  0.350000  0.500000
   -3.749   -0.893    1.435    3.253    7.438    9.296   10.370   11.137
            0.950000  0.350000  0.550000
   -3.876   -0.735    1.562    3.209    7.806    8.804    9.901   11.168
            0.950000  0.350000  0.600000
   -3.994   -0.576    1.709    3.154    8.179    8.369    9.442   11.214
            0.950000  0.350000  0.650000
   -4.102   -0.420    1.873    3.096    7.860    8.649    9.038   11.262
            0.950000  0.350000  0.700000
   -4.197   -0.270    2.048    3.043    7.440    8.545    9.203   11.308
            0.950000  0.350000  0.750000
   -4.279   -0.131    2.229    2.997    7.052    8.192    9.672   11.349
            0.950000  0.350000  0.800000
   -4.348   -0.007    2.408    2.963    6.704    7.876   10.157   11.384
            0.950000  0.350000  0.850000
   -4.402    0.096    2.574    2.938    6.409    7.614   10.630   11.413
            0.950000  0.350000  0.900000
   -4.441    0.173    2.714    2.921    6.180    7.418   11.062   11.436
            0.950000  0.350000  0.950000
   -4.464    0.221    2.814    2.908    6.032    7.296   11.374   11.475
            0.950000  0.350000  1.000000
   -4.472    0.237    2.856    2.897    5.981    7.254   11.427   11.564
