 &plot nbnd=   8, nks=   100 /
            0.538500 -0.538500 -1.000000
   -4.658   -0.023    1.785    3.872    7.276    9.087    9.334   10.154
            0.538500 -0.538500 -0.979800
   -4.657   -0.032    1.796    3.872    7.274    9.080    9.306   10.188
            0.538500 -0.538500 -0.959600
   -4.654   -0.059    1.829    3.872    7.267    9.060    9.231   10.276
            0.538500 -0.538500 -0.939400
   -4.648   -0.101    1.882    3.873    7.256    9.028    9.132   10.398
            0.538500 -0.538500 -0.919200
   -4.642   -0.156    1.952    3.874    7.238    8.986    9.022   10.542
            0.538500 -0.538500 -0.899000
   -4.632   -0.221    2.036    3.874    7.215    8.911    8.936   10.697
            0.538500 -0.538500 -0.878800
   -4.621   -0.294    2.132    3.875    7.183    8.804    8.880   10.859
            0.538500 -0.538500 -0.858600
   -4.608   -0.371    2.237    3.875    7.143    8.705    8.821   11.026
            0.538500 -0.538500 -0.838400
   -4.593   -0.453    2.350    3.876    7.092    8.616    8.760   11.194
            0.538500 -0.538500 -0.818200
   -4.577   -0.537    2.468    3.876    7.032    8.538    8.699   11.362
            0.538500 -0.538500 -0.798000
   -4.559   -0.621    2.590    3.876    6.961    8.472    8.639   11.528
            0.538500 -0.538500 -0.777800
   -4.539   -0.704    2.714    3.876    6.881    8.418    8.580   11.688
            0.538500 -0.538500 -0.757600
   -4.518   -0.787    2.840    3.875    6.791    8.374    8.524   11.839
            0.538500 -0.538500 -0.737400
   -4.496   -0.868    2.966    3.873    6.695    8.340    8.471   11.973
            0.538500 -0.538500 -0.717200
   -4.472   -0.946    3.090    3.871    6.594    8.315    8.423   12.086
            0.538500 -0.538500 -0.697000
   -4.448   -1.021    3.213    3.868    6.491    8.296    8.380   12.169
            0.538500 -0.538500 -0.676800
   -4.423   -1.093    3.331    3.865    6.388    8.282    8.341   12.220
            0.538500 -0.538500 -0.656600
   -4.398   -1.161    3.442    3.860    6.289    8.272    8.307   12.242
            0.538500 -0.538500 -0.636400
   -4.372   -1.225    3.544    3.855    6.195    8.264    8.278   12.242
            0.538500 -0.538500 -0.616200
   -4.347   -1.285    3.635    3.849    6.111    8.256    8.256   12.229
            0.538500 -0.538500 -0.596000
   -4.321   -1.339    3.712    3.842    6.039    8.240    8.249   12.212
            0.538500 -0.538500 -0.575800
   -4.296   -1.387    3.769    3.834    5.984    8.229    8.242   12.195
            0.538500 -0.538500 -0.555600
   -4.271   -1.430    3.805    3.825    5.949    8.225    8.234   12.182
            0.538500 -0.538500 -0.535400
   -4.248   -1.467    3.816    3.817    5.937    8.225    8.227   12.175
            0.538500 -0.538500 -0.515200
   -4.226   -1.497    3.804    3.805    5.948    8.214    8.235   12.176
            0.538500 -0.538500 -0.494900
   -4.205   -1.521    3.766    3.793    5.982    8.203    8.250   12.186
            0.538500 -0.538500 -0.474700
   -4.186   -1.538    3.707    3.781    6.035    8.192    8.270   12.203
            0.538500 -0.538500 -0.454500
   -4.169   -1.548    3.629    3.768    6.104    8.181    8.297   12.228
            0.538500 -0.538500 -0.434300
   -4.155   -1.552    3.536    3.754    6.185    8.171    8.328   12.259
            0.538500 -0.538500 -0.414100
   -4.142   -1.547    3.431    3.740    6.275    8.165    8.367   12.296
            0.538500 -0.538500 -0.393900
   -4.132   -1.536    3.316    3.726    6.368    8.162    8.411   12.335
            0.538500 -0.538500 -0.373700
   -4.123   -1.518    3.195    3.712    6.463    8.166    8.461   12.374
            0.538500 -0.538500 -0.353500
   -4.117   -1.493    3.069    3.697    6.555    8.178    8.515   12.410
            0.538500 -0.538500 -0.333300
   -4.113   -1.461    2.940    3.682    6.642    8.200    8.575   12.437
            0.538500 -0.538500 -0.313100
   -4.112   -1.424    2.809    3.667    6.721    8.234    8.640   12.451
            0.538500 -0.538500 -0.292900
   -4.112   -1.381    2.677    3.653    6.790    8.282    8.709   12.441
            0.538500 -0.538500 -0.272700
   -4.113   -1.332    2.545    3.639    6.848    8.346    8.782   12.401
            0.538500 -0.538500 -0.252500
   -4.115   -1.279    2.414    3.625    6.895    8.425    8.859   12.325
            0.538500 -0.538500 -0.232300
   -4.118   -1.223    2.286    3.612    6.931    8.519    8.939   12.214
            0.538500 -0.538500 -0.212100
   -4.122   -1.163    2.160    3.600    6.957    8.625    9.022   12.078
            0.538500 -0.538500 -0.191900
   -4.127   -1.102    2.037    3.589    6.975    8.742    9.106   11.924
            0.538500 -0.538500 -0.171700
   -4.131   -1.039    1.920    3.578    6.986    8.870    9.192   11.761
            0.538500 -0.538500 -0.151500
   -4.136   -0.976    1.809    3.569    6.994    9.006    9.277   11.593
            0.538500 -0.538500 -0.131300
   -4.141   -0.915    1.706    3.560    6.997    9.148    9.362   11.421
            0.538500 -0.538500 -0.111100
   -4.145   -0.857    1.612    3.553    6.998    9.295    9.443   11.248
            0.538500 -0.538500 -0.090900
   -4.149   -0.804    1.529    3.547    6.997    9.445    9.517   11.076
            0.538500 -0.538500 -0.070700
   -4.152   -0.758    1.458    3.541    6.996    9.584    9.596   10.908
            0.538500 -0.538500 -0.050500
   -4.154   -0.721    1.403    3.537    6.995    9.637    9.743   10.747
            0.538500 -0.538500 -0.030300
   -4.156   -0.695    1.365    3.535    6.993    9.676    9.877   10.605
            0.538500 -0.538500 -0.010100
   -4.156   -0.682    1.346    3.534    6.992    9.696    9.968   10.509
            0.538500 -0.538500  0.010100
   -4.156   -0.682    1.346    3.534    6.992    9.696    9.968   10.509
            0.538500 -0.538500  0.030300
   -4.156   -0.695    1.365    3.535    6.993    9.676    9.877   10.605
            0.538500 -0.538500  0.050500
   -4.154   -0.721    1.403    3.537    6.995    9.637    9.743   10.747
            0.538500 -0.538500  0.070700
   -4.152   -0.758    1.458    3.541    6.996    9.584    9.596   10.908
            0.538500 -0.538500  0.090900
   -4.149   -0.804    1.529    3.547    6.997    9.445    9.517   11.076
            0.538500 -0.538500  0.111100
   -4.145   -0.857    1.612    3.553    6.998    9.296    9.443   11.248
            0.538500 -0.538500  0.131300
   -4.141   -0.915    1.706    3.560    6.997    9.148    9.362   11.421
            0.538500 -0.538500  0.151500
   -4.136   -0.976    1.809    3.569    6.994    9.006    9.277   11.593
            0.538500 -0.538500  0.171700
   -4.131   -1.039    1.920    3.578    6.986    8.870    9.192   11.761
            0.538500 -0.538500  0.191900
   -4.127   -1.102    2.037    3.589    6.975    8.742    9.106   11.924
            0.538500 -0.538500  0.212100
   -4.122   -1.163    2.160    3.600    6.957    8.625    9.022   12.078
            0.538500 -0.538500  0.232300
   -4.118   -1.223    2.286    3.612    6.931    8.519    8.939   12.214
            0.538500 -0.538500  0.252500
   -4.115   -1.279    2.414    3.625    6.895    8.425    8.859   12.325
            0.538500 -0.538500  0.272700
   -4.113   -1.332    2.545    3.639    6.848    8.346    8.782   12.401
            0.538500 -0.538500  0.292900
   -4.112   -1.381    2.677    3.653    6.790    8.282    8.709   12.441
            0.538500 -0.538500  0.313100
   -4.112   -1.424    2.809    3.667    6.721    8.234    8.640   12.450
            0.538500 -0.538500  0.333300
   -4.113   -1.461    2.940    3.682    6.642    8.200    8.575   12.437
            0.538500 -0.538500  0.353500
   -4.117   -1.493    3.069    3.697    6.555    8.178    8.515   12.410
            0.538500 -0.538500  0.373700
   -4.123   -1.518    3.195    3.712    6.463    8.166    8.461   12.374
            0.538500 -0.538500  0.393900
   -4.132   -1.536    3.316    3.726    6.368    8.162    8.411   12.335
            0.538500 -0.538500  0.414100
   -4.142   -1.547    3.431    3.740    6.275    8.165    8.367   12.296
            0.538500 -0.538500  0.434300
   -4.155   -1.552    3.536    3.754    6.185    8.171    8.328   12.259
            0.538500 -0.538500  0.454500
   -4.169   -1.548    3.629    3.768    6.104    8.181    8.297   12.228
            0.538500 -0.538500  0.474700
   -4.186   -1.538    3.707    3.781    6.035    8.192    8.270   12.203
            0.538500 -0.538500  0.494900
   -4.205   -1.521    3.766    3.793    5.982    8.203    8.250   12.186
            0.538500 -0.538500  0.515200
   -4.226   -1.497    3.804    3.805    5.948    8.214    8.235   12.176
            0.538500 -0.538500  0.535400
   -4.248   -1.467    3.816    3.817    5.937    8.225    8.227   12.175
            0.538500 -0.538500  0.555600
   -4.271   -1.430    3.805    3.825    5.949    8.225    8.234   12.182
            0.538500 -0.538500  0.575800
   -4.296   -1.387    3.769    3.834    5.984    8.229    8.242   12.195
            0.538500 -0.538500  0.596000
   -4.321   -1.339    3.712    3.842    6.039    8.240    8.249   12.212
            0.538500 -0.538500  0.616200
   -4.347   -1.285    3.635    3.849    6.111    8.256    8.256   12.229
            0.538500 -0.538500  0.636400
   -4.372   -1.225    3.544    3.855    6.195    8.264    8.278   12.242
            0.538500 -0.538500  0.656600
   -4.398   -1.161    3.442    3.860    6.289    8.272    8.307   12.242
            0.538500 -0.538500  0.676800
   -4.423   -1.093    3.331    3.865    6.388    8.282    8.341   12.220
            0.538500 -0.538500  0.697000
   -4.448   -1.021    3.213    3.868    6.491    8.296    8.380   12.169
            0.538500 -0.538500  0.717200
   -4.472   -0.946    3.090    3.871    6.594    8.315    8.423   12.086
            0.538500 -0.538500  0.737400
   -4.496   -0.868    2.966    3.873    6.695    8.340    8.471   11.973
            0.538500 -0.538500  0.757600
   -4.518   -0.787    2.840    3.875    6.791    8.374    8.524   11.839
            0.538500 -0.538500  0.777800
   -4.539   -0.704    2.714    3.876    6.881    8.418    8.580   11.688
            0.538500 -0.538500  0.798000
   -4.559   -0.621    2.590    3.876    6.961    8.472    8.639   11.528
            0.538500 -0.538500  0.818200
   -4.577   -0.537    2.468    3.876    7.032    8.538    8.699   11.362
            0.538500 -0.538500  0.838400
   -4.593   -0.453    2.350    3.876    7.092    8.616    8.760   11.194
            0.538500 -0.538500  0.858600
   -4.608   -0.371    2.237    3.875    7.143    8.705    8.821   11.026
            0.538500 -0.538500  0.878800
   -4.621   -0.294    2.132    3.875    7.183    8.804    8.880   10.859
            0.538500 -0.538500  0.899000
   -4.632   -0.221    2.036    3.874    7.215    8.911    8.936   10.697
            0.538500 -0.538500  0.919200
   -4.642   -0.156    1.952    3.874    7.238    8.986    9.022   10.542
            0.538500 -0.538500  0.939400
   -4.648   -0.101    1.882    3.873    7.256    9.028    9.132   10.398
            0.538500 -0.538500  0.959600
   -4.654   -0.059    1.829    3.872    7.267    9.060    9.231   10.276
            0.538500 -0.538500  0.979800
   -4.657   -0.032    1.796    3.872    7.274    9.080    9.306   10.188
            0.538500 -0.538500  1.000000
   -4.658   -0.023    1.785    3.872    7.276    9.087    9.334   10.154
