 &plot nbnd=   8, nks=   101 /
            0.910000  0.230000  0.000000
   -2.294   -1.052    2.630    2.805    7.681    7.931   13.112   14.656
            0.910000  0.230000  0.010000
   -2.294   -1.052    2.620    2.815    7.667    7.947   13.112   14.655
            0.910000  0.230000  0.020000
   -2.294   -1.052    2.594    2.842    7.633    7.988   13.113   14.654
            0.910000  0.230000  0.030000
   -2.294   -1.052    2.561    2.876    7.590    8.041   13.113   14.651
            0.910000  0.230000  0.040000
   -2.295   -1.052    2.524    2.915    7.544    8.103   13.114   14.646
            0.910000  0.230000  0.050000
   -2.295   -1.051    2.486    2.955    7.497    8.169   13.115   14.639
            0.910000  0.230000  0.060000
   -2.296   -1.051    2.448    2.996    7.451    8.238   13.117   14.628
            0.910000  0.230000  0.070000
   -2.296   -1.050    2.410    3.037    7.407    8.311   13.119   14.612
            0.910000  0.230000  0.080000
   -2.297   -1.049    2.372    3.078    7.366    8.385   13.121   14.588
            0.910000  0.230000  0.090000
   -2.298   -1.048    2.334    3.118    7.327    8.462   13.123   14.555
            0.910000  0.230000  0.100000
   -2.299   -1.047    2.298    3.158    7.290    8.540   13.125   14.508
            0.910000  0.230000  0.110000
   -2.301   -1.046    2.262    3.197    7.257    8.620   13.128   14.448
            0.910000  0.230000  0.120000
   -2.302   -1.044    2.228    3.235    7.227    8.702   13.131   14.374
            0.910000  0.230000  0.130000
   -2.304   -1.042    2.194    3.271    7.201    8.785   13.133   14.289
            0.910000  0.230000  0.140000
   -2.306   -1.040    2.162    3.306    7.178    8.870   13.137   14.196
            0.910000  0.230000  0.150000
   -2.308   -1.038    2.131    3.340    7.159    8.956   13.140   14.095
            0.910000  0.230000  0.160000
   -2.311   -1.036    2.101    3.371    7.144    9.043   13.143   13.990
            0.910000  0.230000  0.170000
   -2.314   -1.033    2.073    3.401    7.133    9.132   13.146   13.882
            0.910000  0.230000  0.180000
   -2.318   -1.030    2.046    3.428    7.126    9.222   13.149   13.771
            0.910000  0.230000  0.190000
   -2.321   -1.026    2.020    3.454    7.123    9.313   13.152   13.658
            0.910000  0.230000  0.200000
   -2.326   -1.022    1.996    3.477    7.125    9.405   13.153   13.545
            0.910000  0.230000  0.210000
   -2.330   -1.018    1.973    3.498    7.131    9.498   13.152   13.433
            0.910000  0.230000  0.220000
   -2.335   -1.014    1.952    3.516    7.141    9.593   13.144   13.328
            0.910000  0.230000  0.230000
   -2.341   -1.008    1.932    3.532    7.156    9.688   13.110   13.248
            0.910000  0.230000  0.240000
   -2.347   -1.003    1.914    3.546    7.176    9.784   13.028   13.214
            0.910000  0.230000  0.250000
   -2.354   -0.997    1.897    3.557    7.200    9.882   12.922   13.206
            0.910000  0.230000  0.260000
   -2.361   -0.990    1.882    3.566    7.228    9.980   12.807   13.205
            0.910000  0.230000  0.270000
   -2.369   -0.983    1.868    3.572    7.261   10.079   12.691   13.206
            0.910000  0.230000  0.280000
   -2.378   -0.975    1.856    3.577    7.298   10.178   12.573   13.207
            0.910000  0.230000  0.290000
   -2.387   -0.967    1.846    3.579    7.339   10.278   12.455   13.209
            0.910000  0.230000  0.300000
   -2.396   -0.958    1.837    3.579    7.385   10.379   12.337   13.209
            0.910000  0.230000  0.310000
   -2.407   -0.948    1.829    3.577    7.434   10.479   12.220   13.209
            0.910000  0.230000  0.320000
   -2.417   -0.938    1.823    3.573    7.487   10.580   12.104   13.206
            0.910000  0.230000  0.330000
   -2.429   -0.927    1.819    3.568    7.544   10.680   11.990   13.198
            0.910000  0.230000  0.340000
   -2.441   -0.916    1.816    3.561    7.604   10.778   11.879   13.184
            0.910000  0.230000  0.350000
   -2.454   -0.904    1.814    3.553    7.667   10.872   11.772   13.157
            0.910000  0.230000  0.360000
   -2.467   -0.891    1.814    3.544    7.734   10.959   11.673   13.113
            0.910000  0.230000  0.370000
   -2.480   -0.877    1.815    3.533    7.804   11.032   11.590   13.045
            0.910000  0.230000  0.380000
   -2.495   -0.863    1.818    3.522    7.877   11.072   11.540   12.959
            0.910000  0.230000  0.390000
   -2.510   -0.849    1.822    3.510    7.952   11.062   11.541   12.859
            0.910000  0.230000  0.400000
   -2.525   -0.833    1.827    3.497    8.031   11.005   11.590   12.753
            0.910000  0.230000  0.410000
   -2.540   -0.818    1.833    3.484    8.111   10.920   11.667   12.644
            0.910000  0.230000  0.420000
   -2.557   -0.801    1.841    3.471    8.194   10.822   11.755   12.536
            0.910000  0.230000  0.430000
   -2.573   -0.784    1.850    3.457    8.280   10.718   11.845   12.432
            0.910000  0.230000  0.440000
   -2.590   -0.766    1.860    3.443    8.367   10.611   11.925   12.341
            0.910000  0.230000  0.450000
   -2.607   -0.748    1.872    3.429    8.456   10.503   11.969   12.289
            0.910000  0.230000  0.460000
   -2.625   -0.730    1.884    3.415    8.547   10.394   11.942   12.312
            0.910000  0.230000  0.470000
   -2.643   -0.711    1.897    3.402    8.640   10.284   11.861   12.390
            0.910000  0.230000  0.480000
   -2.661   -0.691    1.912    3.389    8.735   10.175   11.760   12.489
            0.910000  0.230000  0.490000
   -2.679   -0.672    1.927    3.376    8.831   10.066   11.653   12.597
            0.910000  0.230000  0.500000
   -2.697   -0.651    1.944    3.363    8.928    9.959   11.543   12.709
            0.910000  0.230000  0.510000
   -2.716   -0.631    1.961    3.351    9.026    9.852   11.431   12.825
            0.910000  0.230000  0.520000
   -2.734   -0.610    1.979    3.340    9.125    9.746   11.320   12.942
            0.910000  0.230000  0.530000
   -2.753   -0.589    1.998    3.330    9.223    9.643   11.209   13.061
            0.910000  0.230000  0.540000
   -2.772   -0.567    2.017    3.320    9.316    9.547   11.098   13.180
            0.910000  0.230000  0.550000
   -2.791   -0.546    2.037    3.311    9.366    9.495   10.989   13.301
            0.910000  0.230000  0.560000
   -2.809   -0.524    2.058    3.303    9.302    9.559   10.881   13.423
            0.910000  0.230000  0.570000
   -2.828   -0.502    2.080    3.296    9.208    9.654   10.775   13.441
            0.910000  0.230000  0.580000
   -2.847   -0.481    2.102    3.290    9.109    9.754   10.673   13.445
            0.910000  0.230000  0.590000
   -2.865   -0.459    2.125    3.284    9.011    9.851   10.575   13.450
            0.910000  0.230000  0.600000
   -2.884   -0.437    2.148    3.280    8.913    9.942   10.486   13.454
            0.910000  0.230000  0.610000
   -2.902   -0.415    2.172    3.277    8.816   10.014   10.417   13.458
            0.910000  0.230000  0.620000
   -2.920   -0.393    2.196    3.275    8.721   10.042   10.395   13.462
            0.910000  0.230000  0.630000
   -2.938   -0.372    2.221    3.274    8.626   10.010   10.436   13.466
            0.910000  0.230000  0.640000
   -2.955   -0.350    2.246    3.274    8.533    9.939   10.516   13.470
            0.910000  0.230000  0.650000
   -2.973   -0.329    2.271    3.276    8.442    9.853   10.614   13.473
            0.910000  0.230000  0.660000
   -2.990   -0.308    2.297    3.278    8.352    9.762   10.719   13.476
            0.910000  0.230000  0.670000
   -3.006   -0.287    2.323    3.281    8.264    9.668   10.828   13.480
            0.910000  0.230000  0.680000
   -3.023   -0.267    2.349    3.286    8.178    9.573   10.940   13.483
            0.910000  0.230000  0.690000
   -3.039   -0.247    2.376    3.291    8.093    9.478   11.053   13.485
            0.910000  0.230000  0.700000
   -3.055   -0.227    2.403    3.297    8.010    9.384   11.167   13.488
            0.910000  0.230000  0.710000
   -3.070   -0.208    2.431    3.304    7.930    9.291   11.283   13.491
            0.910000  0.230000  0.720000
   -3.085   -0.190    2.458    3.311    7.851    9.199   11.399   13.493
            0.910000  0.230000  0.730000
   -3.100   -0.172    2.486    3.319    7.775    9.108   11.515   13.495
            0.910000  0.230000  0.740000
   -3.114   -0.154    2.514    3.327    7.701    9.019   11.632   13.497
            0.910000  0.230000  0.750000
   -3.128   -0.137    2.543    3.336    7.629    8.931   11.748   13.499
            0.910000  0.230000  0.760000
   -3.141   -0.120    2.571    3.345    7.560    8.844   11.865   13.501
            0.910000  0.230000  0.770000
   -3.154   -0.105    2.601    3.355    7.493    8.760   11.982   13.503
            0.910000  0.230000  0.780000
   -3.166   -0.089    2.630    3.364    7.429    8.677   12.099   13.504
            0.910000  0.230000  0.790000
   -3.178   -0.075    2.659    3.372    7.368    8.596   12.215   13.506
            0.910000  0.230000  0.800000
   -3.189   -0.061    2.689    3.381    7.310    8.516   12.331   13.507
            0.910000  0.230000  0.810000
   -3.200   -0.047    2.719    3.389    7.254    8.439   12.446   13.508
            0.910000  0.230000  0.820000
   -3.211   -0.035    2.750    3.396    7.202    8.364   12.560   13.510
            0.910000  0.230000  0.830000
   -3.221   -0.023    2.780    3.402    7.153    8.292   12.674   13.511
            0.910000  0.230000  0.840000
   -3.230   -0.011    2.811    3.408    7.107    8.222   12.786   13.512
            0.910000  0.230000  0.850000
   -3.239   -0.001    2.841    3.412    7.065    8.154   12.896   13.513
            0.910000  0.230000  0.860000
   -3.247    0.009    2.872    3.415    7.025    8.089   13.005   13.514
            0.910000  0.230000  0.870000
   -3.255    0.018    2.903    3.417    6.989    8.027   13.112   13.515
            0.910000  0.230000  0.880000
   -3.262    0.027    2.934    3.417    6.957    7.969   13.215   13.516
            0.910000  0.230000  0.890000
   -3.269    0.035    2.964    3.415    6.927    7.913   13.315   13.518
            0.910000  0.230000  0.900000
   -3.275    0.042    2.994    3.412    6.901    7.861   13.409   13.523
            0.910000  0.230000  0.910000
   -3.280    0.048    3.024    3.407    6.878    7.813   13.483   13.543
            0.910000  0.230000  0.920000
   -3.285    0.054    3.054    3.400    6.858    7.769   13.505   13.609
            0.910000  0.230000  0.930000
   -3.290    0.059    3.082    3.392    6.841    7.729   13.510   13.687
            0.910000  0.230000  0.940000
   -3.293    0.063    3.110    3.382    6.827    7.694   13.512   13.761
            0.910000  0.230000  0.950000
   -3.297    0.067    3.137    3.370    6.816    7.664   13.513   13.827
            0.910000  0.230000  0.960000
   -3.299    0.070    3.162    3.357    6.807    7.639   13.513   13.884
            0.910000  0.230000  0.970000
   -3.301    0.072    3.186    3.344    6.800    7.619   13.514   13.930
            0.910000  0.230000  0.980000
   -3.303    0.074    3.206    3.330    6.795    7.604   13.514   13.964
            0.910000  0.230000  0.990000
   -3.304    0.075    3.221    3.320    6.792    7.596   13.514   13.985
            0.910000  0.230000  1.000000
   -3.304    0.076    3.227    3.315    6.791    7.593   13.514   13.992
