 &plot nbnd=   8, nks=   101 /
            0.340000  0.940000 -1.000000
   -3.951    1.016    3.530    3.593    6.816    8.074   12.787   12.987
            0.340000  0.940000 -0.980000
   -3.950    1.013    3.520    3.597    6.824    8.082   12.785   12.964
            0.340000  0.940000 -0.960000
   -3.945    1.005    3.495    3.606    6.849    8.106   12.776   12.900
            0.340000  0.940000 -0.940000
   -3.938    0.991    3.460    3.614    6.890    8.145   12.738   12.825
            0.340000  0.940000 -0.920000
   -3.929    0.971    3.417    3.621    6.947    8.200   12.621   12.797
            0.340000  0.940000 -0.900000
   -3.916    0.946    3.367    3.626    7.018    8.269   12.463   12.785
            0.340000  0.940000 -0.880000
   -3.901    0.915    3.312    3.631    7.104    8.351   12.284   12.776
            0.340000  0.940000 -0.860000
   -3.884    0.880    3.251    3.635    7.202    8.447   12.093   12.766
            0.340000  0.940000 -0.840000
   -3.863    0.840    3.185    3.640    7.312    8.555   11.892   12.756
            0.340000  0.940000 -0.820000
   -3.840    0.796    3.116    3.647    7.433    8.674   11.685   12.744
            0.340000  0.940000 -0.800000
   -3.814    0.747    3.044    3.654    7.564    8.804   11.473   12.731
            0.340000  0.940000 -0.780000
   -3.786    0.695    2.970    3.664    7.704    8.944   11.259   12.717
            0.340000  0.940000 -0.760000
   -3.755    0.640    2.894    3.676    7.853    9.093   11.044   12.701
            0.340000  0.940000 -0.740000
   -3.722    0.582    2.818    3.690    8.009    9.250   10.828   12.684
            0.340000  0.940000 -0.720000
   -3.686    0.521    2.741    3.706    8.173    9.414   10.613   12.666
            0.340000  0.940000 -0.700000
   -3.648    0.458    2.664    3.724    8.343    9.585   10.400   12.647
            0.340000  0.940000 -0.680000
   -3.608    0.394    2.589    3.744    8.520    9.759   10.193   12.627
            0.340000  0.940000 -0.660000
   -3.565    0.328    2.514    3.766    8.702    9.891   10.037   12.605
            0.340000  0.940000 -0.640000
   -3.521    0.261    2.441    3.790    8.890    9.749   10.163   12.583
            0.340000  0.940000 -0.620000
   -3.474    0.193    2.370    3.815    9.083    9.552   10.354   12.559
            0.340000  0.940000 -0.600000
   -3.425    0.125    2.301    3.840    9.279    9.356   10.554   12.535
            0.340000  0.940000 -0.580000
   -3.375    0.057    2.235    3.866    9.161    9.482   10.760   12.510
            0.340000  0.940000 -0.560000
   -3.323   -0.011    2.171    3.891    8.974    9.687   10.971   12.485
            0.340000  0.940000 -0.540000
   -3.269   -0.078    2.111    3.916    8.793    9.896   11.185   12.459
            0.340000  0.940000 -0.520000
   -3.214   -0.145    2.054    3.938    8.619   10.108   11.402   12.433
            0.340000  0.940000 -0.500000
   -3.157   -0.212    2.001    3.959    8.455   10.324   11.621   12.409
            0.340000  0.940000 -0.480000
   -3.100   -0.277    1.952    3.975    8.300   10.541   11.838   12.387
            0.340000  0.940000 -0.460000
   -3.041   -0.341    1.906    3.987    8.156   10.761   12.041   12.377
            0.340000  0.940000 -0.440000
   -2.982   -0.404    1.866    3.994    8.024   10.982   12.181   12.424
            0.340000  0.940000 -0.420000
   -2.922   -0.466    1.829    3.993    7.905   11.203   12.203   12.561
            0.340000  0.940000 -0.400000
   -2.861   -0.526    1.798    3.986    7.801   11.423   12.168   12.622
            0.340000  0.940000 -0.380000
   -2.801   -0.584    1.771    3.969    7.712   11.635   12.101   12.535
            0.340000  0.940000 -0.360000
   -2.740   -0.641    1.750    3.943    7.640   11.812   12.017   12.453
            0.340000  0.940000 -0.340000
   -2.680   -0.696    1.734    3.907    7.584   11.785   12.062   12.436
            0.340000  0.940000 -0.320000
   -2.621   -0.750    1.724    3.862    7.546   11.623   12.138   12.522
            0.340000  0.940000 -0.300000
   -2.562   -0.801    1.720    3.806    7.526   11.438   12.152   12.691
            0.340000  0.940000 -0.280000
   -2.504   -0.851    1.721    3.741    7.522   11.245   12.142   12.884
            0.340000  0.940000 -0.260000
   -2.448   -0.899    1.729    3.667    7.535   11.051   12.126   13.061
            0.340000  0.940000 -0.240000
   -2.393   -0.944    1.742    3.586    7.563   10.857   12.108   13.169
            0.340000  0.940000 -0.220000
   -2.340   -0.988    1.763    3.498    7.606   10.664   12.091   13.195
            0.340000  0.940000 -0.200000
   -2.289   -1.029    1.789    3.405    7.662   10.474   12.074   13.184
            0.340000  0.940000 -0.180000
   -2.241   -1.068    1.822    3.309    7.731   10.286   12.059   13.162
            0.340000  0.940000 -0.160000
   -2.196   -1.105    1.861    3.209    7.811   10.102   12.045   13.139
            0.340000  0.940000 -0.140000
   -2.155   -1.139    1.906    3.108    7.901    9.921   12.033   13.115
            0.340000  0.940000 -0.120000
   -2.117   -1.169    1.957    3.006    8.001    9.743   12.022   13.094
            0.340000  0.940000 -0.100000
   -2.083   -1.196    2.014    2.905    8.109    9.571   12.013   13.076
            0.340000  0.940000 -0.080000
   -2.055   -1.220    2.076    2.807    8.225    9.402   12.006   13.061
            0.340000  0.940000 -0.060000
   -2.031   -1.239    2.142    2.712    8.349    9.239   12.000   13.049
            0.340000  0.940000 -0.040000
   -2.014   -1.253    2.209    2.624    8.477    9.081   11.996   13.040
            0.340000  0.940000 -0.020000
   -2.004   -1.261    2.269    2.551    8.607    8.934   11.993   13.035
            0.340000  0.940000  0.000000
   -2.000   -1.264    2.298    2.518    8.696    8.840   11.992   13.033
            0.340000  0.940000  0.020000
   -2.004   -1.261    2.269    2.551    8.607    8.934   11.993   13.035
            0.340000  0.940000  0.040000
   -2.014   -1.253    2.209    2.624    8.477    9.081   11.996   13.040
            0.340000  0.940000  0.060000
   -2.031   -1.239    2.142    2.712    8.349    9.239   12.000   13.049
            0.340000  0.940000  0.080000
   -2.055   -1.220    2.076    2.807    8.225    9.402   12.006   13.061
            0.340000  0.940000  0.100000
   -2.083   -1.196    2.014    2.905    8.109    9.571   12.013   13.076
            0.340000  0.940000  0.120000
   -2.117   -1.169    1.957    3.006    8.001    9.743   12.022   13.094
            0.340000  0.940000  0.140000
   -2.155   -1.139    1.906    3.108    7.901    9.921   12.033   13.115
            0.340000  0.940000  0.160000
   -2.196   -1.105    1.861    3.209    7.811   10.102   12.045   13.139
            0.340000  0.940000  0.180000
   -2.241   -1.068    1.822    3.309    7.731   10.286   12.059   13.162
            0.340000  0.940000  0.200000
   -2.289   -1.029    1.789    3.405    7.662   10.474   12.074   13.184
            0.340000  0.940000  0.220000
   -2.340   -0.988    1.763    3.498    7.606   10.664   12.091   13.195
            0.340000  0.940000  0.240000
   -2.393   -0.944    1.742    3.586    7.563   10.857   12.108   13.169
            0.340000  0.940000  0.260000
   -2.448   -0.899    1.729    3.667    7.535   11.051   12.126   13.061
            0.340000  0.940000  0.280000
   -2.504   -0.851    1.721    3.741    7.522   11.245   12.142   12.884
            0.340000  0.940000  0.300000
   -2.562   -0.801    1.720    3.806    7.526   11.438   12.152   12.691
            0.340000  0.940000  0.320000
   -2.621   -0.750    1.724    3.862    7.546   11.623   12.138   12.522
            0.340000  0.940000  0.340000
   -2.680   -0.696    1.734    3.907    7.584   11.785   12.062   12.436
            0.340000  0.940000  0.360000
   -2.740   -0.641    1.750    3.943    7.640   11.812   12.017   12.453
            0.340000  0.940000  0.380000
   -2.801   -0.584    1.771    3.969    7.712   11.635   12.101   12.535
            0.340000  0.940000  0.400000
   -2.861   -0.526    1.798    3.986    7.801   11.423   12.168   12.622
            0.340000  0.940000  0.420000
   -2.922   -0.466    1.829    3.993    7.905   11.203   12.203   12.561
            0.340000  0.940000  0.440000
   -2.982   -0.404    1.866    3.994    8.024   10.982   12.181   12.424
            0.340000  0.940000  0.460000
   -3.041   -0.341    1.906    3.987    8.156   10.761   12.041   12.377
            0.340000  0.940000  0.480000
   -3.100   -0.277    1.952    3.975    8.300   10.541   11.838   12.387
            0.340000  0.940000  0.500000
   -3.157   -0.212    2.001    3.959    8.455   10.324   11.621   12.409
            0.340000  0.940000  0.520000
   -3.214   -0.145    2.054    3.938    8.619   10.108   11.402   12.433
            0.340000  0.940000  0.540000
   -3.269   -0.078    2.111    3.916    8.793    9.896   11.185   12.459
            0.340000  0.940000  0.560000
   -3.323   -0.011    2.171    3.891    8.974    9.687   10.971   12.485
            0.340000  0.940000  0.580000
   -3.375    0.057    2.235    3.866    9.161    9.482   10.760   12.510
            0.340000  0.940000  0.600000
   -3.425    0.125    2.301    3.840    9.279    9.356   10.554   12.535
            0.340000  0.940000  0.620000
   -3.474    0.193    2.370    3.815    9.083    9.552   10.354   12.559
            0.340000  0.940000  0.640000
   -3.521    0.261    2.441    3.790    8.890    9.749   10.163   12.583
            0.340000  0.940000  0.660000
   -3.565    0.328    2.514    3.766    8.702    9.891   10.037   12.605
            0.340000  0.940000  0.680000
   -3.608    0.394    2.589    3.744    8.520    9.759   10.193   12.627
            0.340000  0.940000  0.700000
   -3.648    0.458    2.664    3.724    8.343    9.585   10.400   12.647
            0.340000  0.940000  0.720000
   -3.686    0.521    2.741    3.706    8.173    9.414   10.613   12.666
            0.340000  0.940000  0.740000
   -3.722    0.582    2.818    3.690    8.009    9.250   10.828   12.684
            0.340000  0.940000  0.760000
   -3.755    0.640    2.894    3.676    7.853    9.093   11.044   12.701
            0.340000  0.940000  0.780000
   -3.786    0.695    2.970    3.664    7.704    8.944   11.259   12.717
            0.340000  0.940000  0.800000
   -3.814    0.747    3.044    3.654    7.564    8.804   11.473   12.731
            0.340000  0.940000  0.820000
   -3.840    0.796    3.116    3.647    7.433    8.674   11.685   12.744
            0.340000  0.940000  0.840000
   -3.863    0.840    3.185    3.640    7.312    8.555   11.892   12.756
            0.340000  0.940000  0.860000
   -3.884    0.880    3.251    3.635    7.202    8.447   12.093   12.766
            0.340000  0.940000  0.880000
   -3.901    0.915    3.312    3.631    7.104    8.351   12.284   12.776
            0.340000  0.940000  0.900000
   -3.916    0.946    3.367    3.626    7.018    8.269   12.463   12.785
            0.340000  0.940000  0.920000
   -3.929    0.971    3.417    3.621    6.947    8.200   12.621   12.797
            0.340000  0.940000  0.940000
   -3.938    0.991    3.460    3.614    6.890    8.145   12.738   12.825
            0.340000  0.940000  0.960000
   -3.945    1.005    3.495    3.606    6.849    8.106   12.776   12.900
            0.340000  0.940000  0.980000
   -3.950    1.013    3.520    3.597    6.824    8.082   12.785   12.964
            0.340000  0.940000  1.000000
   -3.951    1.016    3.530    3.593    6.816    8.074   12.787   12.987
