 &plot nbnd=   8, nks=   101 /
            0.720000  0.720000  0.000000
   -2.302   -1.025    1.687    3.667    7.304   10.634   12.910   13.432
            0.720000  0.720000  0.010000
   -2.304   -1.024    1.688    3.667    7.304   10.634   12.904   13.399
            0.720000  0.720000  0.020000
   -2.310   -1.019    1.693    3.668    7.306   10.636   12.885   13.327
            0.720000  0.720000  0.030000
   -2.320   -1.012    1.700    3.670    7.308   10.638   12.857   13.243
            0.720000  0.720000  0.040000
   -2.333   -1.003    1.710    3.672    7.312   10.641   12.818   13.154
            0.720000  0.720000  0.050000
   -2.351   -0.990    1.724    3.675    7.316   10.645   12.773   13.063
            0.720000  0.720000  0.060000
   -2.371   -0.976    1.740    3.679    7.322   10.651   12.721   12.971
            0.720000  0.720000  0.070000
   -2.394   -0.959    1.759    3.683    7.328   10.657   12.665   12.879
            0.720000  0.720000  0.080000
   -2.421   -0.941    1.781    3.688    7.336   10.663   12.605   12.787
            0.720000  0.720000  0.090000
   -2.450   -0.920    1.806    3.694    7.344   10.671   12.543   12.694
            0.720000  0.720000  0.100000
   -2.481   -0.899    1.833    3.700    7.353   10.680   12.479   12.601
            0.720000  0.720000  0.110000
   -2.514   -0.876    1.863    3.707    7.364   10.690   12.413   12.509
            0.720000  0.720000  0.120000
   -2.549   -0.852    1.896    3.715    7.375   10.700   12.347   12.416
            0.720000  0.720000  0.130000
   -2.586   -0.827    1.931    3.723    7.387   10.712   12.280   12.324
            0.720000  0.720000  0.140000
   -2.624   -0.801    1.969    3.732    7.400   10.724   12.212   12.232
            0.720000  0.720000  0.150000
   -2.663   -0.774    2.009    3.742    7.414   10.738   12.141   12.144
            0.720000  0.720000  0.160000
   -2.704   -0.747    2.051    3.752    7.429   10.752   12.049   12.077
            0.720000  0.720000  0.170000
   -2.745   -0.719    2.095    3.763    7.445   10.767   11.958   12.009
            0.720000  0.720000  0.180000
   -2.787   -0.691    2.142    3.775    7.462   10.782   11.868   11.942
            0.720000  0.720000  0.190000
   -2.830   -0.662    2.190    3.787    7.479   10.799   11.778   11.874
            0.720000  0.720000  0.200000
   -2.874   -0.633    2.240    3.800    7.498   10.816   11.688   11.808
            0.720000  0.720000  0.210000
   -2.918   -0.603    2.292    3.813    7.517   10.833   11.600   11.742
            0.720000  0.720000  0.220000
   -2.962   -0.573    2.346    3.827    7.537   10.851   11.512   11.676
            0.720000  0.720000  0.230000
   -3.007   -0.542    2.402    3.842    7.558   10.869   11.426   11.611
            0.720000  0.720000  0.240000
   -3.052   -0.511    2.459    3.857    7.579   10.885   11.343   11.546
            0.720000  0.720000  0.250000
   -3.097   -0.480    2.517    3.873    7.602   10.899   11.264   11.483
            0.720000  0.720000  0.260000
   -3.143   -0.448    2.577    3.889    7.625   10.906   11.193   11.419
            0.720000  0.720000  0.270000
   -3.188   -0.416    2.638    3.906    7.648   10.898   11.137   11.357
            0.720000  0.720000  0.280000
   -3.233   -0.384    2.701    3.924    7.673   10.866   11.108   11.295
            0.720000  0.720000  0.290000
   -3.279   -0.351    2.764    3.942    7.698   10.810   11.104   11.234
            0.720000  0.720000  0.300000
   -3.324   -0.318    2.829    3.961    7.723   10.740   11.116   11.174
            0.720000  0.720000  0.310000
   -3.369   -0.284    2.895    3.981    7.749   10.664   11.115   11.136
            0.720000  0.720000  0.320000
   -3.414   -0.250    2.961    4.001    7.775   10.584   11.056   11.161
            0.720000  0.720000  0.330000
   -3.459   -0.215    3.028    4.021    7.801   10.504   10.998   11.189
            0.720000  0.720000  0.340000
   -3.503   -0.180    3.096    4.042    7.828   10.422   10.941   11.219
            0.720000  0.720000  0.350000
   -3.547   -0.144    3.165    4.064    7.855   10.341   10.885   11.251
            0.720000  0.720000  0.360000
   -3.591   -0.108    3.234    4.086    7.882   10.261   10.830   11.285
            0.720000  0.720000  0.370000
   -3.635   -0.072    3.304    4.108    7.909   10.181   10.775   11.320
            0.720000  0.720000  0.380000
   -3.678   -0.035    3.374    4.131    7.936   10.102   10.721   11.356
            0.720000  0.720000  0.390000
   -3.721    0.003    3.444    4.155    7.963   10.025   10.669   11.394
            0.720000  0.720000  0.400000
   -3.763    0.041    3.515    4.179    7.989    9.948   10.617   11.433
            0.720000  0.720000  0.410000
   -3.805    0.080    3.586    4.203    8.014    9.874   10.566   11.473
            0.720000  0.720000  0.420000
   -3.847    0.119    3.657    4.228    8.038    9.801   10.516   11.514
            0.720000  0.720000  0.430000
   -3.888    0.159    3.727    4.254    8.061    9.731   10.466   11.557
            0.720000  0.720000  0.440000
   -3.928    0.199    3.798    4.279    8.083    9.663   10.418   11.601
            0.720000  0.720000  0.450000
   -3.968    0.240    3.869    4.306    8.103    9.598   10.370   11.646
            0.720000  0.720000  0.460000
   -4.008    0.281    3.939    4.332    8.120    9.536   10.324   11.692
            0.720000  0.720000  0.470000
   -4.047    0.323    4.009    4.359    8.135    9.478   10.278   11.739
            0.720000  0.720000  0.480000
   -4.085    0.366    4.078    4.386    8.147    9.425   10.233   11.788
            0.720000  0.720000  0.490000
   -4.123    0.409    4.147    4.414    8.155    9.376   10.189   11.837
            0.720000  0.720000  0.500000
   -4.160    0.453    4.215    4.442    8.159    9.333   10.146   11.888
            0.720000  0.720000  0.510000
   -4.197    0.497    4.282    4.470    8.158    9.296   10.104   11.940
            0.720000  0.720000  0.520000
   -4.233    0.542    4.348    4.499    8.153    9.264   10.063   11.994
            0.720000  0.720000  0.530000
   -4.268    0.588    4.412    4.527    8.143    9.239   10.023   12.048
            0.720000  0.720000  0.540000
   -4.303    0.634    4.476    4.556    8.128    9.221    9.984   12.103
            0.720000  0.720000  0.550000
   -4.337    0.681    4.537    4.586    8.109    9.209    9.946   12.160
            0.720000  0.720000  0.560000
   -4.371    0.728    4.597    4.615    8.085    9.202    9.908   12.218
            0.720000  0.720000  0.570000
   -4.404    0.776    4.645    4.655    8.059    9.201    9.872   12.276
            0.720000  0.720000  0.580000
   -4.436    0.824    4.674    4.710    8.030    9.204    9.837   12.336
            0.720000  0.720000  0.590000
   -4.468    0.874    4.704    4.763    8.000    9.211    9.802   12.397
            0.720000  0.720000  0.600000
   -4.499    0.923    4.734    4.813    7.969    9.221    9.769   12.458
            0.720000  0.720000  0.610000
   -4.529    0.973    4.764    4.860    7.938    9.234    9.736   12.521
            0.720000  0.720000  0.620000
   -4.558    1.024    4.794    4.904    7.908    9.250    9.704   12.584
            0.720000  0.720000  0.630000
   -4.587    1.076    4.824    4.943    7.879    9.267    9.674   12.648
            0.720000  0.720000  0.640000
   -4.615    1.128    4.853    4.979    7.853    9.285    9.644   12.712
            0.720000  0.720000  0.650000
   -4.643    1.180    4.883    5.010    7.830    9.304    9.615   12.777
            0.720000  0.720000  0.660000
   -4.669    1.233    4.913    5.037    7.811    9.324    9.587   12.842
            0.720000  0.720000  0.670000
   -4.695    1.286    4.942    5.058    7.795    9.344    9.561   12.906
            0.720000  0.720000  0.680000
   -4.720    1.340    4.972    5.074    7.784    9.364    9.535   12.970
            0.720000  0.720000  0.690000
   -4.745    1.395    5.001    5.085    7.777    9.384    9.510   13.031
            0.720000  0.720000  0.700000
   -4.769    1.450    5.029    5.091    7.776    9.403    9.486   13.086
            0.720000  0.720000  0.710000
   -4.792    1.505    5.058    5.091    7.779    9.422    9.463   13.121
            0.720000  0.720000  0.720000
   -4.814    1.561    5.086    5.086    7.787    9.441    9.441   13.103
            0.720000  0.720000  0.730000
   -4.836    1.617    5.075    5.113    7.801    9.420    9.458   13.036
            0.720000  0.720000  0.740000
   -4.856    1.674    5.059    5.141    7.819    9.399    9.475   12.953
            0.720000  0.720000  0.750000
   -4.876    1.731    5.039    5.167    7.843    9.380    9.491   12.865
            0.720000  0.720000  0.760000
   -4.896    1.788    5.014    5.194    7.870    9.362    9.505   12.776
            0.720000  0.720000  0.770000
   -4.914    1.846    4.984    5.219    7.902    9.344    9.518   12.688
            0.720000  0.720000  0.780000
   -4.932    1.903    4.951    5.244    7.938    9.328    9.530   12.600
            0.720000  0.720000  0.790000
   -4.949    1.961    4.914    5.269    7.977    9.312    9.541   12.514
            0.720000  0.720000  0.800000
   -4.965    2.019    4.874    5.292    8.020    9.298    9.550   12.429
            0.720000  0.720000  0.810000
   -4.981    2.077    4.831    5.315    8.065    9.284    9.557   12.345
            0.720000  0.720000  0.820000
   -4.995    2.135    4.786    5.337    8.113    9.271    9.563   12.264
            0.720000  0.720000  0.830000
   -5.009    2.193    4.739    5.358    8.163    9.259    9.567   12.185
            0.720000  0.720000  0.840000
   -5.022    2.251    4.691    5.378    8.214    9.247    9.569   12.109
            0.720000  0.720000  0.850000
   -5.034    2.308    4.641    5.397    8.267    9.237    9.570   12.035
            0.720000  0.720000  0.860000
   -5.046    2.365    4.590    5.416    8.321    9.227    9.568   11.964
            0.720000  0.720000  0.870000
   -5.057    2.421    4.539    5.433    8.376    9.218    9.564   11.896
            0.720000  0.720000  0.880000
   -5.067    2.476    4.488    5.449    8.431    9.210    9.558   11.832
            0.720000  0.720000  0.890000
   -5.076    2.530    4.437    5.464    8.486    9.203    9.550   11.772
            0.720000  0.720000  0.900000
   -5.084    2.582    4.387    5.478    8.541    9.196    9.540   11.715
            0.720000  0.720000  0.910000
   -5.092    2.633    4.338    5.490    8.594    9.190    9.528   11.663
            0.720000  0.720000  0.920000
   -5.098    2.681    4.291    5.502    8.646    9.185    9.514   11.616
            0.720000  0.720000  0.930000
   -5.104    2.727    4.247    5.512    8.697    9.180    9.498   11.573
            0.720000  0.720000  0.940000
   -5.110    2.768    4.206    5.521    8.744    9.176    9.482   11.536
            0.720000  0.720000  0.950000
   -5.114    2.806    4.169    5.528    8.788    9.173    9.464   11.504
            0.720000  0.720000  0.960000
   -5.118    2.839    4.137    5.534    8.827    9.170    9.447   11.477
            0.720000  0.720000  0.970000
   -5.120    2.865    4.110    5.539    8.859    9.168    9.432   11.456
            0.720000  0.720000  0.980000
   -5.122    2.885    4.091    5.543    8.885    9.166    9.419   11.441
            0.720000  0.720000  0.990000
   -5.124    2.897    4.079    5.545    8.901    9.165    9.411   11.432
            0.720000  0.720000  1.000000
   -5.124    2.901    4.075    5.545    8.906    9.165    9.408   11.429
