 &plot nbnd=   8, nks=   101 /
            0.520000  0.600000 -1.000000
   -4.196    1.100    2.717    4.827    8.767    9.804   10.850   11.250
            0.520000  0.600000 -0.980000
   -4.195    1.088    2.730    4.827    8.765    9.792   10.828   11.276
            0.520000  0.600000 -0.960000
   -4.191    1.054    2.770    4.827    8.759    9.760   10.770   11.344
            0.520000  0.600000 -0.940000
   -4.185    1.001    2.833    4.826    8.748    9.711   10.693   11.439
            0.520000  0.600000 -0.920000
   -4.177    0.932    2.914    4.825    8.731    9.651   10.603   11.554
            0.520000  0.600000 -0.900000
   -4.166    0.852    3.010    4.824    8.707    9.586   10.507   11.682
            0.520000  0.600000 -0.880000
   -4.152    0.764    3.117    4.822    8.674    9.520   10.408   11.822
            0.520000  0.600000 -0.860000
   -4.136    0.671    3.233    4.820    8.631    9.459   10.309   11.971
            0.520000  0.600000 -0.840000
   -4.118    0.575    3.355    4.817    8.577    9.405   10.211   12.126
            0.520000  0.600000 -0.820000
   -4.098    0.476    3.481    4.814    8.511    9.359   10.116   12.288
            0.520000  0.600000 -0.800000
   -4.076    0.378    3.609    4.809    8.435    9.323   10.025   12.454
            0.520000  0.600000 -0.780000
   -4.051    0.280    3.739    4.804    8.350    9.294    9.940   12.623
            0.520000  0.600000 -0.760000
   -4.025    0.183    3.867    4.798    8.259    9.273    9.860   12.793
            0.520000  0.600000 -0.740000
   -3.996    0.088    3.994    4.790    8.164    9.257    9.787   12.962
            0.520000  0.600000 -0.720000
   -3.966   -0.005    4.118    4.781    8.068    9.245    9.721   13.126
            0.520000  0.600000 -0.700000
   -3.935   -0.094    4.237    4.771    7.973    9.236    9.661   13.282
            0.520000  0.600000 -0.680000
   -3.902   -0.180    4.348    4.759    7.881    9.230    9.607   13.421
            0.520000  0.600000 -0.660000
   -3.868   -0.263    4.451    4.745    7.796    9.227    9.560   13.534
            0.520000  0.600000 -0.640000
   -3.833   -0.341    4.543    4.730    7.719    9.227    9.516   13.615
            0.520000  0.600000 -0.620000
   -3.797   -0.415    4.621    4.712    7.654    9.230    9.477   13.663
            0.520000  0.600000 -0.600000
   -3.761   -0.484    4.675    4.701    7.603    9.237    9.441   13.686
            0.520000  0.600000 -0.580000
   -3.724   -0.548    4.663    4.736    7.569    9.249    9.407   13.696
            0.520000  0.600000 -0.560000
   -3.688   -0.606    4.637    4.763    7.552    9.266    9.374   13.701
            0.520000  0.600000 -0.540000
   -3.652   -0.659    4.605    4.773    7.555    9.287    9.344   13.707
            0.520000  0.600000 -0.520000
   -3.616   -0.705    4.566    4.767    7.575    9.301    9.328   13.718
            0.520000  0.600000 -0.500000
   -3.582   -0.745    4.519    4.748    7.614    9.277    9.358   13.733
            0.520000  0.600000 -0.480000
   -3.549   -0.778    4.461    4.720    7.667    9.249    9.401   13.756
            0.520000  0.600000 -0.460000
   -3.518   -0.803    4.391    4.687    7.732    9.222    9.451   13.784
            0.520000  0.600000 -0.440000
   -3.489   -0.822    4.307    4.653    7.806    9.198    9.509   13.817
            0.520000  0.600000 -0.420000
   -3.462   -0.832    4.211    4.620    7.886    9.179    9.574   13.853
            0.520000  0.600000 -0.400000
   -3.437   -0.835    4.104    4.589    7.967    9.167    9.647   13.891
            0.520000  0.600000 -0.380000
   -3.416   -0.830    3.987    4.559    8.045    9.163    9.727   13.929
            0.520000  0.600000 -0.360000
   -3.397   -0.817    3.863    4.530    8.118    9.171    9.814   13.962
            0.520000  0.600000 -0.340000
   -3.381   -0.796    3.735    4.503    8.180    9.195    9.908   13.988
            0.520000  0.600000 -0.320000
   -3.367   -0.768    3.602    4.477    8.229    9.235   10.009   13.997
            0.520000  0.600000 -0.300000
   -3.356   -0.733    3.466    4.452    8.264    9.293   10.116   13.975
            0.520000  0.600000 -0.280000
   -3.348   -0.691    3.330    4.428    8.286    9.368   10.229   13.898
            0.520000  0.600000 -0.260000
   -3.342   -0.643    3.193    4.406    8.296    9.457   10.348   13.768
            0.520000  0.600000 -0.240000
   -3.338   -0.590    3.057    4.385    8.297    9.558   10.472   13.609
            0.520000  0.600000 -0.220000
   -3.335   -0.531    2.922    4.365    8.292    9.669   10.601   13.438
            0.520000  0.600000 -0.200000
   -3.334   -0.470    2.791    4.347    8.283    9.786   10.733   13.262
            0.520000  0.600000 -0.180000
   -3.334   -0.405    2.663    4.331    8.272    9.908   10.868   13.086
            0.520000  0.600000 -0.160000
   -3.335   -0.339    2.541    4.316    8.259   10.034   11.006   12.911
            0.520000  0.600000 -0.140000
   -3.336   -0.273    2.426    4.302    8.247   10.162   11.144   12.740
            0.520000  0.600000 -0.120000
   -3.338   -0.208    2.318    4.290    8.235   10.290   11.281   12.575
            0.520000  0.600000 -0.100000
   -3.339   -0.147    2.221    4.280    8.224   10.416   11.415   12.416
            0.520000  0.600000 -0.080000
   -3.341   -0.092    2.137    4.272    8.214   10.537   11.542   12.268
            0.520000  0.600000 -0.060000
   -3.342   -0.046    2.067    4.266    8.207   10.649   11.657   12.136
            0.520000  0.600000 -0.040000
   -3.343   -0.010    2.015    4.261    8.201   10.742   11.753   12.025
            0.520000  0.600000 -0.020000
   -3.344    0.012    1.983    4.258    8.198   10.807   11.822   11.945
            0.520000  0.600000  0.000000
   -3.344    0.020    1.972    4.257    8.196   10.831   11.853   11.910
            0.520000  0.600000  0.020000
   -3.344    0.012    1.983    4.258    8.198   10.807   11.822   11.945
            0.520000  0.600000  0.040000
   -3.343   -0.010    2.015    4.261    8.201   10.742   11.753   12.025
            0.520000  0.600000  0.060000
   -3.342   -0.046    2.067    4.266    8.207   10.649   11.657   12.136
            0.520000  0.600000  0.080000
   -3.341   -0.092    2.137    4.272    8.214   10.537   11.542   12.268
            0.520000  0.600000  0.100000
   -3.339   -0.147    2.221    4.280    8.224   10.416   11.415   12.416
            0.520000  0.600000  0.120000
   -3.338   -0.208    2.318    4.290    8.235   10.290   11.281   12.575
            0.520000  0.600000  0.140000
   -3.336   -0.273    2.426    4.302    8.247   10.162   11.144   12.740
            0.520000  0.600000  0.160000
   -3.335   -0.339    2.541    4.316    8.259   10.034   11.006   12.911
            0.520000  0.600000  0.180000
   -3.334   -0.405    2.663    4.331    8.272    9.908   10.868   13.086
            0.520000  0.600000  0.200000
   -3.334   -0.470    2.791    4.347    8.283    9.786   10.733   13.262
            0.520000  0.600000  0.220000
   -3.335   -0.531    2.922    4.365    8.292    9.669   10.601   13.438
            0.520000  0.600000  0.240000
   -3.338   -0.590    3.057    4.385    8.297    9.558   10.472   13.609
            0.520000  0.600000  0.260000
   -3.342   -0.643    3.193    4.406    8.296    9.457   10.348   13.768
            0.520000  0.600000  0.280000
   -3.348   -0.691    3.330    4.428    8.286    9.368   10.229   13.898
            0.520000  0.600000  0.300000
   -3.356   -0.733    3.466    4.452    8.264    9.293   10.116   13.975
            0.520000  0.600000  0.320000
   -3.367   -0.768    3.602    4.477    8.229    9.235   10.009   13.997
            0.520000  0.600000  0.340000
   -3.381   -0.796    3.735    4.503    8.180    9.195    9.908   13.988
            0.520000  0.600000  0.360000
   -3.397   -0.817    3.863    4.530    8.118    9.171    9.814   13.962
            0.520000  0.600000  0.380000
   -3.416   -0.830    3.987    4.559    8.045    9.163    9.727   13.929
            0.520000  0.600000  0.400000
   -3.437   -0.835    4.104    4.589    7.967    9.167    9.647   13.891
            0.520000  0.600000  0.420000
   -3.462   -0.832    4.211    4.620    7.886    9.179    9.574   13.853
            0.520000  0.600000  0.440000
   -3.489   -0.822    4.307    4.653    7.806    9.198    9.509   13.817
            0.520000  0.600000  0.460000
   -3.518   -0.803    4.391    4.687    7.732    9.222    9.451   13.784
            0.520000  0.600000  0.480000
   -3.549   -0.778    4.461    4.720    7.667    9.249    9.401   13.756
            0.520000  0.600000  0.500000
   -3.582   -0.745    4.519    4.748    7.614    9.277    9.358   13.733
            0.520000  0.600000  0.520000
   -3.616   -0.705    4.566    4.767    7.575    9.301    9.328   13.718
            0.520000  0.600000  0.540000
   -3.652   -0.659    4.605    4.773    7.555    9.287    9.344   13.707
            0.520000  0.600000  0.560000
   -3.688   -0.606    4.637    4.763    7.552    9.266    9.374   13.701
            0.520000  0.600000  0.580000
   -3.724   -0.548    4.663    4.736    7.569    9.249    9.407   13.696
            0.520000  0.600000  0.600000
   -3.761   -0.484    4.675    4.701    7.603    9.237    9.441   13.686
            0.520000  0.600000  0.620000
   -3.797   -0.415    4.621    4.712    7.654    9.230    9.477   13.663
            0.520000  0.600000  0.640000
   -3.833   -0.341    4.543    4.730    7.719    9.227    9.516   13.615
            0.520000  0.600000  0.660000
   -3.868   -0.263    4.451    4.745    7.796    9.227    9.560   13.534
            0.520000  0.600000  0.680000
   -3.902   -0.180    4.348    4.759    7.881    9.230    9.607   13.421
            0.520000  0.600000  0.700000
   -3.935   -0.094    4.237    4.771    7.973    9.236    9.661   13.282
            0.520000  0.600000  0.720000
   -3.966   -0.005    4.118    4.781    8.068    9.245    9.721   13.126
            0.520000  0.600000  0.740000
   -3.996    0.088    3.994    4.790    8.164    9.257    9.787   12.962
            0.520000  0.600000  0.760000
   -4.025    0.183    3.867    4.798    8.259    9.273    9.860   12.793
            0.520000  0.600000  0.780000
   -4.051    0.280    3.739    4.804    8.350    9.294    9.940   12.623
            0.520000  0.600000  0.800000
   -4.076    0.378    3.609    4.809    8.435    9.323   10.025   12.454
            0.520000  0.600000  0.820000
   -4.098    0.476    3.481    4.814    8.511    9.359   10.116   12.288
            0.520000  0.600000  0.840000
   -4.118    0.575    3.355    4.817    8.577    9.405   10.211   12.126
            0.520000  0.600000  0.860000
   -4.136    0.671    3.233    4.820    8.631    9.459   10.309   11.971
            0.520000  0.600000  0.880000
   -4.152    0.764    3.117    4.822    8.674    9.520   10.408   11.822
            0.520000  0.600000  0.900000
   -4.166    0.852    3.010    4.824    8.707    9.586   10.507   11.682
            0.520000  0.600000  0.920000
   -4.177    0.932    2.914    4.825    8.731    9.651   10.603   11.554
            0.520000  0.600000  0.940000
   -4.185    1.001    2.833    4.826    8.748    9.711   10.693   11.439
            0.520000  0.600000  0.960000
   -4.191    1.054    2.770    4.827    8.759    9.760   10.770   11.344
            0.520000  0.600000  0.980000
   -4.195    1.088    2.730    4.827    8.765    9.792   10.828   11.276
            0.520000  0.600000  1.000000
   -4.196    1.100    2.717    4.827    8.767    9.804   10.850   11.250
