 &plot nbnd=   8, nks=    81 /
            0.500000  0.325000 -1.000000
   -3.650   -0.966    1.357    3.121    7.509    9.409   10.149   11.492
            0.500000  0.325000 -0.975000
   -3.651   -0.972    1.368    3.123    7.511    9.366   10.195   11.461
            0.500000  0.325000 -0.950000
   -3.652   -0.990    1.400    3.130    7.514    9.260   10.308   11.378
            0.500000  0.325000 -0.925000
   -3.656   -1.017    1.453    3.141    7.521    9.124   10.448   11.266
            0.500000  0.325000 -0.900000
   -3.661   -1.052    1.523    3.156    7.528    8.979   10.578   11.162
            0.500000  0.325000 -0.875000
   -3.667   -1.093    1.609    3.175    7.537    8.832   10.631   11.133
            0.500000  0.325000 -0.850000
   -3.676   -1.136    1.707    3.199    7.544    8.689   10.559   11.230
            0.500000  0.325000 -0.825000
   -3.688   -1.180    1.816    3.228    7.549    8.555   10.419   11.399
            0.500000  0.325000 -0.800000
   -3.702   -1.222    1.932    3.261    7.548    8.434   10.255   11.594
            0.500000  0.325000 -0.775000
   -3.719   -1.260    2.053    3.298    7.535    8.331   10.084   11.799
            0.500000  0.325000 -0.750000
   -3.740   -1.292    2.178    3.340    7.507    8.251    9.912   12.006
            0.500000  0.325000 -0.725000
   -3.765   -1.318    2.303    3.387    7.458    8.200    9.742   12.206
            0.500000  0.325000 -0.700000
   -3.793   -1.336    2.428    3.438    7.391    8.175    9.575   12.379
            0.500000  0.325000 -0.675000
   -3.825   -1.345    2.550    3.493    7.308    8.174    9.415   12.492
            0.500000  0.325000 -0.650000
   -3.861   -1.346    2.668    3.551    7.217    8.189    9.261   12.558
            0.500000  0.325000 -0.625000
   -3.900   -1.337    2.780    3.612    7.122    8.217    9.116   12.603
            0.500000  0.325000 -0.600000
   -3.943   -1.319    2.885    3.674    7.029    8.252    8.981   12.638
            0.500000  0.325000 -0.575000
   -3.988   -1.291    2.983    3.735    6.940    8.292    8.857   12.664
            0.500000  0.325000 -0.550000
   -4.035   -1.255    3.074    3.791    6.860    8.333    8.747   12.680
            0.500000  0.325000 -0.525000
   -4.084   -1.211    3.157    3.840    6.790    8.372    8.654   12.680
            0.500000  0.325000 -0.500000
   -4.133   -1.158    3.233    3.877    6.734    8.396    8.590   12.656
            0.500000  0.325000 -0.475000
   -4.184   -1.097    3.302    3.899    6.693    8.387    8.575   12.595
            0.500000  0.325000 -0.450000
   -4.234   -1.030    3.364    3.904    6.670    8.351    8.600   12.490
            0.500000  0.325000 -0.425000
   -4.284   -0.955    3.420    3.891    6.666    8.312    8.644   12.340
            0.500000  0.325000 -0.400000
   -4.333   -0.875    3.468    3.859    6.679    8.280    8.694   12.160
            0.500000  0.325000 -0.375000
   -4.380   -0.789    3.507    3.812    6.710    8.257    8.749   11.960
            0.500000  0.325000 -0.350000
   -4.426   -0.697    3.528    3.759    6.757    8.244    8.807   11.750
            0.500000  0.325000 -0.325000
   -4.470   -0.601    3.515    3.722    6.817    8.239    8.870   11.537
            0.500000  0.325000 -0.300000
   -4.511   -0.501    3.452    3.716    6.888    8.240    8.939   11.324
            0.500000  0.325000 -0.275000
   -4.550   -0.398    3.357    3.729    6.968    8.245    9.013   11.113
            0.500000  0.325000 -0.250000
   -4.586   -0.292    3.244    3.747    7.056    8.252    9.095   10.907
            0.500000  0.325000 -0.225000
   -4.620   -0.184    3.123    3.766    7.150    8.259    9.183   10.708
            0.500000  0.325000 -0.200000
   -4.650   -0.076    2.999    3.784    7.249    8.264    9.277   10.518
            0.500000  0.325000 -0.175000
   -4.677    0.031    2.874    3.799    7.352    8.265    9.373   10.340
            0.500000  0.325000 -0.150000
   -4.700    0.135    2.752    3.812    7.458    8.261    9.468   10.179
            0.500000  0.325000 -0.125000
   -4.720    0.233    2.637    3.822    7.565    8.252    9.552   10.044
            0.500000  0.325000 -0.100000
   -4.737    0.323    2.532    3.830    7.672    8.234    9.603    9.955
            0.500000  0.325000 -0.075000
   -4.750    0.401    2.443    3.837    7.777    8.207    9.598    9.935
            0.500000  0.325000 -0.050000
   -4.759    0.462    2.374    3.841    7.875    8.169    9.555    9.962
            0.500000  0.325000 -0.025000
   -4.765    0.500    2.330    3.844    7.964    8.119    9.517    9.992
            0.500000  0.325000  0.000000
   -4.767    0.514    2.314    3.845    8.023    8.073    9.502   10.004
            0.500000  0.325000  0.025000
   -4.765    0.500    2.330    3.844    7.964    8.119    9.517    9.992
            0.500000  0.325000  0.050000
   -4.759    0.462    2.374    3.841    7.875    8.169    9.555    9.962
            0.500000  0.325000  0.075000
   -4.750    0.401    2.443    3.837    7.777    8.207    9.598    9.935
            0.500000  0.325000  0.100000
   -4.737    0.323    2.532    3.830    7.672    8.234    9.603    9.955
            0.500000  0.325000  0.125000
   -4.720    0.233    2.637    3.822    7.565    8.252    9.552   10.044
            0.500000  0.325000  0.150000
   -4.700    0.135    2.752    3.812    7.458    8.261    9.468   10.179
            0.500000  0.325000  0.175000
   -4.677    0.031    2.874    3.799    7.352    8.265    9.373   10.340
            0.500000  0.325000  0.200000
   -4.650   -0.076    2.999    3.784    7.249    8.264    9.277   10.518
            0.500000  0.325000  0.225000
   -4.620   -0.184    3.123    3.766    7.150    8.259    9.183   10.708
            0.500000  0.325000  0.250000
   -4.586   -0.292    3.244    3.747    7.056    8.252    9.095   10.907
            0.500000  0.325000  0.275000
   -4.550   -0.398    3.357    3.729    6.968    8.245    9.013   11.113
            0.500000  0.325000  0.300000
   -4.511   -0.501    3.452    3.716    6.888    8.240    8.939   11.324
            0.500000  0.325000  0.325000
   -4.470   -0.601    3.515    3.722    6.817    8.239    8.870   11.537
            0.500000  0.325000  0.350000
   -4.426   -0.697    3.528    3.759    6.757    8.244    8.807   11.750
            0.500000  0.325000  0.375000
   -4.380   -0.789    3.507    3.812    6.710    8.257    8.749   11.960
            0.500000  0.325000  0.400000
   -4.333   -0.875    3.468    3.859    6.679    8.280    8.694   12.160
            0.500000  0.325000  0.425000
   -4.284   -0.955    3.420    3.891    6.666    8.312    8.644   12.340
            0.500000  0.325000  0.450000
   -4.234   -1.030    3.364    3.904    6.670    8.351    8.600   12.490
            0.500000  0.325000  0.475000
   -4.184   -1.097    3.302    3.899    6.693    8.387    8.575   12.595
            0.500000  0.325000  0.500000
   -4.133   -1.158    3.233    3.877    6.734    8.396    8.590   12.656
            0.500000  0.325000  0.525000
   -4.084   -1.211    3.157    3.840    6.790    8.372    8.654   12.680
            0.500000  0.325000  0.550000
   -4.035   -1.255    3.074    3.791    6.860    8.333    8.747   12.680
            0.500000  0.325000  0.575000
   -3.988   -1.291    2.983    3.735    6.940    8.292    8.857   12.664
            0.500000  0.325000  0.600000
   -3.943   -1.319    2.885    3.674    7.029    8.252    8.981   12.638
            0.500000  0.325000  0.625000
   -3.900   -1.337    2.780    3.612    7.122    8.217    9.116   12.603
            0.500000  0.325000  0.650000
   -3.861   -1.346    2.668    3.551    7.217    8.189    9.261   12.558
            0.500000  0.325000  0.675000
   -3.825   -1.345    2.550    3.493    7.308    8.174    9.415   12.492
            0.500000  0.325000  0.700000
   -3.793   -1.336    2.428    3.438    7.391    8.175    9.575   12.379
            0.500000  0.325000  0.725000
   -3.765   -1.318    2.303    3.387    7.458    8.200    9.742   12.206
            0.500000  0.325000  0.750000
   -3.740   -1.292    2.178    3.340    7.507    8.251    9.912   12.006
            0.500000  0.325000  0.775000
   -3.719   -1.260    2.053    3.298    7.535    8.331   10.084   11.799
            0.500000  0.325000  0.800000
   -3.702   -1.222    1.932    3.261    7.548    8.434   10.255   11.594
            0.500000  0.325000  0.825000
   -3.688   -1.180    1.816    3.228    7.549    8.555   10.419   11.399
            0.500000  0.325000  0.850000
   -3.676   -1.136    1.707    3.199    7.544    8.689   10.559   11.230
            0.500000  0.325000  0.875000
   -3.667   -1.093    1.609    3.175    7.537    8.832   10.631   11.133
            0.500000  0.325000  0.900000
   -3.661   -1.052    1.523    3.156    7.528    8.979   10.578   11.162
            0.500000  0.325000  0.925000
   -3.656   -1.017    1.453    3.141    7.521    9.124   10.448   11.266
            0.500000  0.325000  0.950000
   -3.652   -0.990    1.400    3.130    7.514    9.260   10.308   11.378
            0.500000  0.325000  0.975000
   -3.651   -0.972    1.368    3.123    7.511    9.366   10.195   11.461
            0.500000  0.325000  1.000000
   -3.650   -0.966    1.357    3.121    7.509    9.409   10.149   11.492
