 &plot nbnd=   8, nks=   101 /
            0.650000  0.070000  0.000000
   -4.000    1.092    3.534    3.622    6.866    8.155   12.632   12.894
            0.650000  0.070000  0.010000
   -3.999    1.092    3.531    3.623    6.868    8.157   12.632   12.888
            0.650000  0.070000  0.020000
   -3.998    1.089    3.525    3.626    6.874    8.163   12.630   12.871
            0.650000  0.070000  0.030000
   -3.997    1.085    3.515    3.630    6.883    8.173   12.627   12.844
            0.650000  0.070000  0.040000
   -3.994    1.080    3.502    3.634    6.897    8.188   12.623   12.808
            0.650000  0.070000  0.050000
   -3.991    1.073    3.487    3.639    6.914    8.206   12.614   12.765
            0.650000  0.070000  0.060000
   -3.987    1.064    3.469    3.643    6.935    8.228   12.598   12.721
            0.650000  0.070000  0.070000
   -3.983    1.054    3.450    3.648    6.960    8.254   12.566   12.685
            0.650000  0.070000  0.080000
   -3.977    1.043    3.429    3.652    6.988    8.283   12.513   12.663
            0.650000  0.070000  0.090000
   -3.972    1.030    3.406    3.656    7.020    8.317   12.445   12.650
            0.650000  0.070000  0.100000
   -3.965    1.015    3.382    3.660    7.055    8.354   12.367   12.641
            0.650000  0.070000  0.110000
   -3.958    0.999    3.356    3.663    7.093    8.394   12.283   12.635
            0.650000  0.070000  0.120000
   -3.950    0.982    3.329    3.667    7.135    8.438   12.194   12.629
            0.650000  0.070000  0.130000
   -3.941    0.964    3.301    3.671    7.180    8.485   12.102   12.623
            0.650000  0.070000  0.140000
   -3.932    0.944    3.272    3.674    7.228    8.535   12.006   12.617
            0.650000  0.070000  0.150000
   -3.922    0.923    3.241    3.678    7.278    8.589   11.909   12.612
            0.650000  0.070000  0.160000
   -3.911    0.901    3.209    3.682    7.332    8.645   11.809   12.606
            0.650000  0.070000  0.170000
   -3.900    0.877    3.177    3.687    7.389    8.704   11.708   12.599
            0.650000  0.070000  0.180000
   -3.888    0.853    3.144    3.691    7.448    8.766   11.605   12.593
            0.650000  0.070000  0.190000
   -3.875    0.828    3.110    3.696    7.509    8.830   11.501   12.586
            0.650000  0.070000  0.200000
   -3.862    0.801    3.075    3.702    7.573    8.898   11.396   12.579
            0.650000  0.070000  0.210000
   -3.848    0.774    3.039    3.708    7.640    8.967   11.291   12.572
            0.650000  0.070000  0.220000
   -3.834    0.746    3.004    3.714    7.708    9.039   11.185   12.564
            0.650000  0.070000  0.230000
   -3.818    0.717    2.967    3.721    7.779    9.113   11.079   12.556
            0.650000  0.070000  0.240000
   -3.803    0.687    2.931    3.728    7.852    9.189   10.972   12.547
            0.650000  0.070000  0.250000
   -3.786    0.657    2.894    3.736    7.927    9.267   10.866   12.539
            0.650000  0.070000  0.260000
   -3.769    0.626    2.857    3.745    8.004    9.348   10.759   12.530
            0.650000  0.070000  0.270000
   -3.751    0.594    2.820    3.754    8.083    9.430   10.653   12.520
            0.650000  0.070000  0.280000
   -3.733    0.562    2.782    3.763    8.164    9.514   10.547   12.511
            0.650000  0.070000  0.290000
   -3.714    0.529    2.745    3.773    8.246    9.599   10.442   12.501
            0.650000  0.070000  0.300000
   -3.695    0.496    2.708    3.783    8.330    9.686   10.337   12.490
            0.650000  0.070000  0.310000
   -3.675    0.462    2.670    3.794    8.416    9.773   10.234   12.480
            0.650000  0.070000  0.320000
   -3.654    0.429    2.634    3.805    8.503    9.858   10.135   12.469
            0.650000  0.070000  0.330000
   -3.633    0.395    2.597    3.817    8.592    9.925   10.056   12.458
            0.650000  0.070000  0.340000
   -3.611    0.360    2.560    3.828    8.682    9.892   10.080   12.446
            0.650000  0.070000  0.350000
   -3.589    0.326    2.524    3.841    8.774    9.801   10.164   12.435
            0.650000  0.070000  0.360000
   -3.566    0.291    2.488    3.853    8.867    9.703   10.258   12.423
            0.650000  0.070000  0.370000
   -3.543    0.256    2.453    3.866    8.961    9.604   10.354   12.410
            0.650000  0.070000  0.380000
   -3.519    0.221    2.418    3.878    9.056    9.506   10.453   12.398
            0.650000  0.070000  0.390000
   -3.495    0.186    2.383    3.891    9.152    9.408   10.553   12.386
            0.650000  0.070000  0.400000
   -3.470    0.151    2.350    3.904    9.245    9.316   10.655   12.373
            0.650000  0.070000  0.410000
   -3.445    0.116    2.316    3.917    9.211    9.353   10.757   12.360
            0.650000  0.070000  0.420000
   -3.419    0.082    2.284    3.930    9.119    9.452   10.861   12.347
            0.650000  0.070000  0.430000
   -3.393    0.047    2.251    3.943    9.026    9.552   10.966   12.334
            0.650000  0.070000  0.440000
   -3.367    0.012    2.220    3.955    8.935    9.654   11.071   12.321
            0.650000  0.070000  0.450000
   -3.340   -0.022    2.189    3.967    8.846    9.757   11.178   12.308
            0.650000  0.070000  0.460000
   -3.313   -0.056    2.160    3.978    8.759    9.861   11.285   12.296
            0.650000  0.070000  0.470000
   -3.285   -0.091    2.130    3.989    8.673    9.965   11.392   12.283
            0.650000  0.070000  0.480000
   -3.257   -0.124    2.102    3.999    8.590   10.071   11.499   12.272
            0.650000  0.070000  0.490000
   -3.229   -0.158    2.075    4.009    8.509   10.177   11.606   12.262
            0.650000  0.070000  0.500000
   -3.200   -0.191    2.048    4.017    8.430   10.284   11.711   12.253
            0.650000  0.070000  0.510000
   -3.171   -0.224    2.022    4.025    8.354   10.392   11.813   12.249
            0.650000  0.070000  0.520000
   -3.142   -0.257    1.998    4.031    8.281   10.500   11.907   12.252
            0.650000  0.070000  0.530000
   -3.112   -0.290    1.974    4.036    8.210   10.609   11.985   12.272
            0.650000  0.070000  0.540000
   -3.083   -0.322    1.951    4.040    8.143   10.719   12.037   12.317
            0.650000  0.070000  0.550000
   -3.053   -0.353    1.930    4.042    8.078   10.829   12.060   12.390
            0.650000  0.070000  0.560000
   -3.023   -0.385    1.909    4.043    8.017   10.939   12.064   12.479
            0.650000  0.070000  0.570000
   -2.993   -0.415    1.889    4.041    7.959   11.049   12.059   12.574
            0.650000  0.070000  0.580000
   -2.962   -0.446    1.871    4.038    7.905   11.160   12.048   12.661
            0.650000  0.070000  0.590000
   -2.932   -0.476    1.854    4.033    7.855   11.270   12.033   12.718
            0.650000  0.070000  0.600000
   -2.901   -0.506    1.838    4.025    7.808   11.380   12.016   12.712
            0.650000  0.070000  0.610000
   -2.871   -0.535    1.823    4.016    7.766   11.489   11.995   12.657
            0.650000  0.070000  0.620000
   -2.840   -0.564    1.809    4.003    7.727   11.596   11.971   12.584
            0.650000  0.070000  0.630000
   -2.810   -0.592    1.797    3.989    7.693   11.700   11.943   12.511
            0.650000  0.070000  0.640000
   -2.779   -0.620    1.786    3.972    7.663   11.797   11.911   12.446
            0.650000  0.070000  0.650000
   -2.749   -0.647    1.776    3.952    7.637   11.849   11.907   12.397
            0.650000  0.070000  0.660000
   -2.719   -0.674    1.767    3.930    7.616   11.807   11.970   12.375
            0.650000  0.070000  0.670000
   -2.689   -0.700    1.760    3.906    7.598   11.746   12.012   12.390
            0.650000  0.070000  0.680000
   -2.659   -0.726    1.754    3.879    7.586   11.676   12.026   12.445
            0.650000  0.070000  0.690000
   -2.629   -0.752    1.750    3.850    7.577   11.597   12.022   12.524
            0.650000  0.070000  0.700000
   -2.600   -0.776    1.747    3.818    7.573   11.513   12.011   12.617
            0.650000  0.070000  0.710000
   -2.571   -0.801    1.746    3.784    7.572   11.425   11.997   12.715
            0.650000  0.070000  0.720000
   -2.542   -0.824    1.745    3.748    7.576   11.334   11.982   12.813
            0.650000  0.070000  0.730000
   -2.513   -0.848    1.747    3.710    7.584   11.241   11.968   12.908
            0.650000  0.070000  0.740000
   -2.485   -0.870    1.750    3.670    7.596   11.147   11.954   12.994
            0.650000  0.070000  0.750000
   -2.458   -0.892    1.754    3.628    7.611   11.052   11.941   13.065
            0.650000  0.070000  0.760000
   -2.431   -0.914    1.761    3.585    7.630   10.957   11.929   13.114
            0.650000  0.070000  0.770000
   -2.404   -0.935    1.768    3.540    7.653   10.862   11.917   13.139
            0.650000  0.070000  0.780000
   -2.378   -0.955    1.777    3.494    7.678   10.768   11.906   13.148
            0.650000  0.070000  0.790000
   -2.353   -0.975    1.788    3.446    7.707   10.673   11.895   13.147
            0.650000  0.070000  0.800000
   -2.328   -0.994    1.800    3.398    7.740   10.579   11.885   13.141
            0.650000  0.070000  0.810000
   -2.304   -1.013    1.814    3.349    7.775   10.486   11.875   13.132
            0.650000  0.070000  0.820000
   -2.281   -1.031    1.829    3.299    7.813   10.393   11.866   13.122
            0.650000  0.070000  0.830000
   -2.259   -1.048    1.846    3.249    7.853   10.301   11.858   13.111
            0.650000  0.070000  0.840000
   -2.237   -1.064    1.865    3.198    7.896   10.209   11.850   13.099
            0.650000  0.070000  0.850000
   -2.216   -1.080    1.885    3.148    7.942   10.118   11.842   13.088
            0.650000  0.070000  0.860000
   -2.197   -1.095    1.907    3.097    7.990   10.029   11.835   13.077
            0.650000  0.070000  0.870000
   -2.178   -1.109    1.930    3.046    8.040    9.940   11.829   13.067
            0.650000  0.070000  0.880000
   -2.160   -1.123    1.954    2.995    8.093    9.852   11.823   13.057
            0.650000  0.070000  0.890000
   -2.144   -1.135    1.980    2.945    8.147    9.765   11.817   13.048
            0.650000  0.070000  0.900000
   -2.128   -1.147    2.007    2.895    8.204    9.679   11.812   13.039
            0.650000  0.070000  0.910000
   -2.114   -1.157    2.035    2.846    8.262    9.594   11.807   13.032
            0.650000  0.070000  0.920000
   -2.101   -1.167    2.064    2.798    8.322    9.511   11.803   13.025
            0.650000  0.070000  0.930000
   -2.090   -1.176    2.094    2.752    8.383    9.428   11.800   13.018
            0.650000  0.070000  0.940000
   -2.080   -1.184    2.125    2.707    8.447    9.347   11.796   13.013
            0.650000  0.070000  0.950000
   -2.071   -1.190    2.156    2.663    8.511    9.268   11.794   13.008
            0.650000  0.070000  0.960000
   -2.064   -1.196    2.186    2.623    8.576    9.190   11.792   13.005
            0.650000  0.070000  0.970000
   -2.058   -1.200    2.214    2.587    8.642    9.115   11.790   13.002
            0.650000  0.070000  0.980000
   -2.054   -1.203    2.238    2.558    8.705    9.044   11.789   12.999
            0.650000  0.070000  0.990000
   -2.052   -1.205    2.255    2.537    8.762    8.984   11.788   12.998
            0.650000  0.070000  1.000000
   -2.051   -1.206    2.261    2.530    8.790    8.955   11.788   12.998
