 &plot nbnd=   8, nks=   101 /
            0.110000  0.240000  0.000000
   -5.486    4.208    4.983    5.503    8.258    9.127    9.412   10.575
            0.110000  0.240000  0.010000
   -5.485    4.203    4.987    5.502    8.260    9.122    9.415   10.578
            0.110000  0.240000  0.020000
   -5.484    4.189    4.999    5.498    8.264    9.108    9.422   10.586
            0.110000  0.240000  0.030000
   -5.482    4.165    5.017    5.491    8.270    9.088    9.432   10.601
            0.110000  0.240000  0.040000
   -5.479    4.134    5.041    5.483    8.279    9.062    9.444   10.620
            0.110000  0.240000  0.050000
   -5.475    4.096    5.068    5.472    8.291    9.033    9.455   10.645
            0.110000  0.240000  0.060000
   -5.471    4.054    5.098    5.460    8.304    9.003    9.465   10.675
            0.110000  0.240000  0.070000
   -5.465    4.007    5.127    5.447    8.318    8.972    9.473   10.709
            0.110000  0.240000  0.080000
   -5.459    3.958    5.155    5.434    8.334    8.943    9.479   10.747
            0.110000  0.240000  0.090000
   -5.452    3.906    5.179    5.423    8.350    8.916    9.482   10.790
            0.110000  0.240000  0.100000
   -5.444    3.851    5.196    5.417    8.365    8.892    9.483   10.836
            0.110000  0.240000  0.110000
   -5.435    3.795    5.203    5.418    8.380    8.873    9.481   10.885
            0.110000  0.240000  0.120000
   -5.426    3.738    5.198    5.426    8.392    8.860    9.478   10.937
            0.110000  0.240000  0.130000
   -5.415    3.680    5.184    5.441    8.401    8.853    9.472   10.990
            0.110000  0.240000  0.140000
   -5.404    3.621    5.162    5.460    8.406    8.854    9.465   11.046
            0.110000  0.240000  0.150000
   -5.392    3.561    5.135    5.480    8.408    8.862    9.457   11.103
            0.110000  0.240000  0.160000
   -5.379    3.501    5.104    5.500    8.408    8.877    9.447   11.161
            0.110000  0.240000  0.170000
   -5.366    3.441    5.070    5.517    8.406    8.897    9.437   11.219
            0.110000  0.240000  0.180000
   -5.351    3.380    5.034    5.532    8.403    8.922    9.427   11.277
            0.110000  0.240000  0.190000
   -5.336    3.319    4.996    5.545    8.400    8.950    9.418   11.334
            0.110000  0.240000  0.200000
   -5.320    3.258    4.957    5.553    8.398    8.979    9.410   11.390
            0.110000  0.240000  0.210000
   -5.303    3.196    4.917    5.558    8.398    9.008    9.405   11.443
            0.110000  0.240000  0.220000
   -5.285    3.135    4.875    5.559    8.400    9.035    9.405   11.493
            0.110000  0.240000  0.230000
   -5.266    3.074    4.833    5.556    8.404    9.059    9.410   11.538
            0.110000  0.240000  0.240000
   -5.247    3.013    4.790    5.549    8.411    9.076    9.424   11.576
            0.110000  0.240000  0.250000
   -5.226    2.951    4.747    5.538    8.420    9.087    9.446   11.605
            0.110000  0.240000  0.260000
   -5.205    2.890    4.703    5.522    8.432    9.092    9.476   11.623
            0.110000  0.240000  0.270000
   -5.184    2.829    4.658    5.503    8.445    9.093    9.514   11.628
            0.110000  0.240000  0.280000
   -5.161    2.768    4.613    5.480    8.460    9.090    9.557   11.620
            0.110000  0.240000  0.290000
   -5.137    2.708    4.568    5.454    8.475    9.087    9.605   11.598
            0.110000  0.240000  0.300000
   -5.113    2.647    4.523    5.424    8.490    9.084    9.657   11.566
            0.110000  0.240000  0.310000
   -5.088    2.587    4.477    5.391    8.504    9.083    9.712   11.524
            0.110000  0.240000  0.320000
   -5.062    2.527    4.432    5.355    8.516    9.085    9.769   11.475
            0.110000  0.240000  0.330000
   -5.035    2.467    4.386    5.316    8.524    9.092    9.828   11.420
            0.110000  0.240000  0.340000
   -5.008    2.407    4.340    5.276    8.529    9.105    9.888   11.361
            0.110000  0.240000  0.350000
   -4.980    2.347    4.294    5.233    8.528    9.123    9.950   11.299
            0.110000  0.240000  0.360000
   -4.951    2.288    4.248    5.188    8.524    9.148   10.014   11.234
            0.110000  0.240000  0.370000
   -4.921    2.228    4.202    5.141    8.515    9.179   10.078   11.169
            0.110000  0.240000  0.380000
   -4.890    2.169    4.156    5.093    8.501    9.214   10.144   11.102
            0.110000  0.240000  0.390000
   -4.859    2.110    4.111    5.043    8.485    9.255   10.210   11.035
            0.110000  0.240000  0.400000
   -4.827    2.052    4.065    4.993    8.465    9.299   10.276   10.969
            0.110000  0.240000  0.410000
   -4.794    1.993    4.019    4.941    8.443    9.347   10.343   10.903
            0.110000  0.240000  0.420000
   -4.760    1.935    3.974    4.889    8.419    9.398   10.408   10.840
            0.110000  0.240000  0.430000
   -4.725    1.876    3.928    4.836    8.394    9.451   10.471   10.781
            0.110000  0.240000  0.440000
   -4.690    1.818    3.883    4.783    8.367    9.506   10.523   10.734
            0.110000  0.240000  0.450000
   -4.654    1.760    3.838    4.730    8.340    9.563   10.543   10.721
            0.110000  0.240000  0.460000
   -4.617    1.702    3.792    4.676    8.312    9.620   10.517   10.756
            0.110000  0.240000  0.470000
   -4.580    1.644    3.747    4.623    8.283    9.678   10.469   10.816
            0.110000  0.240000  0.480000
   -4.541    1.586    3.702    4.569    8.253    9.736   10.415   10.885
            0.110000  0.240000  0.490000
   -4.502    1.529    3.658    4.516    8.224    9.792   10.362   10.957
            0.110000  0.240000  0.500000
   -4.463    1.471    3.613    4.463    8.194    9.845   10.312   11.031
            0.110000  0.240000  0.510000
   -4.422    1.413    3.568    4.411    8.164    9.892   10.270   11.107
            0.110000  0.240000  0.520000
   -4.381    1.355    3.524    4.359    8.134    9.925   10.243   11.185
            0.110000  0.240000  0.530000
   -4.339    1.298    3.480    4.308    8.104    9.937   10.238   11.263
            0.110000  0.240000  0.540000
   -4.296    1.240    3.436    4.258    8.074    9.924   10.261   11.342
            0.110000  0.240000  0.550000
   -4.253    1.182    3.392    4.208    8.045    9.892   10.303   11.422
            0.110000  0.240000  0.560000
   -4.209    1.124    3.348    4.160    8.015    9.851   10.356   11.502
            0.110000  0.240000  0.570000
   -4.164    1.066    3.305    4.112    7.986    9.806   10.416   11.584
            0.110000  0.240000  0.580000
   -4.119    1.008    3.261    4.065    7.957    9.758   10.480   11.666
            0.110000  0.240000  0.590000
   -4.072    0.949    3.218    4.020    7.929    9.709   10.546   11.749
            0.110000  0.240000  0.600000
   -4.026    0.891    3.176    3.975    7.901    9.661   10.613   11.832
            0.110000  0.240000  0.610000
   -3.978    0.832    3.133    3.932    7.873    9.612   10.682   11.916
            0.110000  0.240000  0.620000
   -3.930    0.773    3.091    3.890    7.845    9.565   10.752   12.000
            0.110000  0.240000  0.630000
   -3.881    0.714    3.050    3.849    7.819    9.519   10.823   12.085
            0.110000  0.240000  0.640000
   -3.831    0.654    3.009    3.809    7.792    9.473   10.894   12.171
            0.110000  0.240000  0.650000
   -3.781    0.595    2.968    3.770    7.766    9.429   10.966   12.257
            0.110000  0.240000  0.660000
   -3.731    0.535    2.928    3.733    7.741    9.385   11.039   12.343
            0.110000  0.240000  0.670000
   -3.679    0.474    2.888    3.697    7.716    9.343   11.112   12.430
            0.110000  0.240000  0.680000
   -3.627    0.414    2.849    3.662    7.691    9.302   11.185   12.517
            0.110000  0.240000  0.690000
   -3.575    0.353    2.811    3.629    7.668    9.262   11.260   12.605
            0.110000  0.240000  0.700000
   -3.521    0.292    2.774    3.597    7.644    9.224   11.334   12.693
            0.110000  0.240000  0.710000
   -3.467    0.230    2.737    3.565    7.622    9.187   11.409   12.782
            0.110000  0.240000  0.720000
   -3.413    0.169    2.702    3.536    7.600    9.151   11.485   12.871
            0.110000  0.240000  0.730000
   -3.358    0.106    2.667    3.507    7.578    9.116   11.561   12.960
            0.110000  0.240000  0.740000
   -3.303    0.044    2.633    3.479    7.558    9.083   11.637   13.049
            0.110000  0.240000  0.750000
   -3.247   -0.019    2.600    3.453    7.538    9.051   11.714   13.138
            0.110000  0.240000  0.760000
   -3.190   -0.082    2.568    3.428    7.518    9.020   11.792   13.228
            0.110000  0.240000  0.770000
   -3.133   -0.145    2.537    3.404    7.500    8.990   11.870   13.318
            0.110000  0.240000  0.780000
   -3.075   -0.208    2.508    3.381    7.482    8.962   11.948   13.408
            0.110000  0.240000  0.790000
   -3.017   -0.272    2.479    3.359    7.465    8.935   12.027   13.498
            0.110000  0.240000  0.800000
   -2.959   -0.336    2.452    3.339    7.448    8.909   12.106   13.587
            0.110000  0.240000  0.810000
   -2.900   -0.401    2.425    3.319    7.432    8.885   12.186   13.677
            0.110000  0.240000  0.820000
   -2.841   -0.465    2.400    3.301    7.417    8.862   12.266   13.766
            0.110000  0.240000  0.830000
   -2.781   -0.529    2.377    3.283    7.403    8.840   12.346   13.855
            0.110000  0.240000  0.840000
   -2.721   -0.594    2.354    3.267    7.390    8.820   12.427   13.942
            0.110000  0.240000  0.850000
   -2.661   -0.659    2.333    3.251    7.377    8.800   12.509   14.029
            0.110000  0.240000  0.860000
   -2.600   -0.724    2.313    3.237    7.365    8.782   12.590   14.113
            0.110000  0.240000  0.870000
   -2.539   -0.788    2.295    3.224    7.354    8.765   12.672   14.193
            0.110000  0.240000  0.880000
   -2.478   -0.853    2.278    3.212    7.344    8.750   12.755   14.268
            0.110000  0.240000  0.890000
   -2.417   -0.918    2.262    3.200    7.334    8.736   12.838   14.333
            0.110000  0.240000  0.900000
   -2.356   -0.982    2.247    3.190    7.325    8.723   12.921   14.382
            0.110000  0.240000  0.910000
   -2.295   -1.046    2.234    3.181    7.318    8.711   13.004   14.404
            0.110000  0.240000  0.920000
   -2.234   -1.109    2.222    3.173    7.310    8.700   13.087   14.394
            0.110000  0.240000  0.930000
   -2.174   -1.171    2.212    3.165    7.304    8.691   13.171   14.355
            0.110000  0.240000  0.940000
   -2.115   -1.232    2.203    3.159    7.299    8.683   13.254   14.297
            0.110000  0.240000  0.950000
   -2.058   -1.291    2.195    3.154    7.294    8.676   13.336   14.229
            0.110000  0.240000  0.960000
   -2.004   -1.347    2.189    3.149    7.290    8.671   13.417   14.157
            0.110000  0.240000  0.970000
   -1.954   -1.398    2.184    3.146    7.287    8.666   13.494   14.084
            0.110000  0.240000  0.980000
   -1.911   -1.441    2.181    3.143    7.285    8.663   13.566   14.015
            0.110000  0.240000  0.990000
   -1.882   -1.471    2.179    3.142    7.284    8.661   13.623   13.960
            0.110000  0.240000  1.000000
   -1.871   -1.482    2.178    3.141    7.284    8.661   13.647   13.936
