 &plot nbnd=   8, nks=   101 /
            0.750000  0.860000  0.000000
   -1.934   -1.409    2.045    3.248    7.248    9.010   13.498   13.866
            0.750000  0.860000  0.010000
   -1.941   -1.401    2.045    3.248    7.249    9.010   13.479   13.884
            0.750000  0.860000  0.020000
   -1.963   -1.379    2.048    3.250    7.250    9.012   13.431   13.930
            0.750000  0.860000  0.030000
   -1.996   -1.346    2.052    3.252    7.252    9.015   13.366   13.989
            0.750000  0.860000  0.040000
   -2.037   -1.304    2.058    3.255    7.256    9.019   13.293   14.052
            0.750000  0.860000  0.050000
   -2.084   -1.257    2.065    3.259    7.260    9.024   13.216   14.113
            0.750000  0.860000  0.060000
   -2.135   -1.206    2.074    3.264    7.265    9.030   13.136   14.163
            0.750000  0.860000  0.070000
   -2.188   -1.152    2.085    3.269    7.270    9.038   13.055   14.193
            0.750000  0.860000  0.080000
   -2.243   -1.096    2.097    3.276    7.277    9.046   12.973   14.192
            0.750000  0.860000  0.090000
   -2.299   -1.038    2.111    3.284    7.285    9.056   12.891   14.161
            0.750000  0.860000  0.100000
   -2.356   -0.980    2.127    3.292    7.294    9.067   12.809   14.108
            0.750000  0.860000  0.110000
   -2.414   -0.921    2.144    3.302    7.303    9.079   12.726   14.041
            0.750000  0.860000  0.120000
   -2.472   -0.862    2.163    3.312    7.313    9.093   12.644   13.965
            0.750000  0.860000  0.130000
   -2.531   -0.802    2.183    3.323    7.325    9.107   12.562   13.885
            0.750000  0.860000  0.140000
   -2.589   -0.742    2.205    3.335    7.337    9.123   12.481   13.803
            0.750000  0.860000  0.150000
   -2.647   -0.682    2.228    3.348    7.349    9.139   12.400   13.718
            0.750000  0.860000  0.160000
   -2.706   -0.623    2.253    3.362    7.363    9.157   12.319   13.632
            0.750000  0.860000  0.170000
   -2.764   -0.563    2.280    3.377    7.378    9.177   12.238   13.545
            0.750000  0.860000  0.180000
   -2.822   -0.503    2.308    3.393    7.393    9.197   12.158   13.458
            0.750000  0.860000  0.190000
   -2.879   -0.443    2.338    3.410    7.410    9.219   12.078   13.370
            0.750000  0.860000  0.200000
   -2.937   -0.384    2.369    3.427    7.427    9.241   11.998   13.282
            0.750000  0.860000  0.210000
   -2.994   -0.325    2.401    3.446    7.445    9.265   11.919   13.195
            0.750000  0.860000  0.220000
   -3.050   -0.266    2.435    3.466    7.463    9.291   11.840   13.107
            0.750000  0.860000  0.230000
   -3.107   -0.208    2.470    3.487    7.483    9.317   11.762   13.020
            0.750000  0.860000  0.240000
   -3.162   -0.149    2.507    3.508    7.503    9.345   11.684   12.932
            0.750000  0.860000  0.250000
   -3.218   -0.091    2.544    3.531    7.524    9.373   11.607   12.845
            0.750000  0.860000  0.260000
   -3.273   -0.034    2.583    3.555    7.545    9.403   11.529   12.759
            0.750000  0.860000  0.270000
   -3.327    0.024    2.624    3.579    7.568    9.435   11.453   12.672
            0.750000  0.860000  0.280000
   -3.381    0.081    2.665    3.605    7.591    9.467   11.376   12.587
            0.750000  0.860000  0.290000
   -3.435    0.138    2.707    3.632    7.614    9.501   11.301   12.501
            0.750000  0.860000  0.300000
   -3.488    0.194    2.750    3.660    7.639    9.536   11.225   12.416
            0.750000  0.860000  0.310000
   -3.540    0.250    2.794    3.689    7.664    9.572   11.150   12.332
            0.750000  0.860000  0.320000
   -3.592    0.306    2.839    3.720    7.689    9.609   11.075   12.248
            0.750000  0.860000  0.330000
   -3.643    0.362    2.885    3.751    7.716    9.648   11.001   12.164
            0.750000  0.860000  0.340000
   -3.694    0.418    2.931    3.784    7.742    9.688   10.927   12.082
            0.750000  0.860000  0.350000
   -3.744    0.473    2.978    3.817    7.769    9.728   10.854   11.999
            0.750000  0.860000  0.360000
   -3.793    0.528    3.026    3.852    7.797    9.770   10.781   11.918
            0.750000  0.860000  0.370000
   -3.842    0.583    3.074    3.888    7.825    9.813   10.709   11.837
            0.750000  0.860000  0.380000
   -3.890    0.637    3.122    3.926    7.854    9.857   10.637   11.757
            0.750000  0.860000  0.390000
   -3.938    0.692    3.171    3.964    7.883    9.901   10.567   11.677
            0.750000  0.860000  0.400000
   -3.985    0.746    3.220    4.004    7.912    9.946   10.498   11.599
            0.750000  0.860000  0.410000
   -4.031    0.800    3.269    4.045    7.942    9.990   10.431   11.521
            0.750000  0.860000  0.420000
   -4.077    0.855    3.318    4.087    7.972   10.032   10.368   11.444
            0.750000  0.860000  0.430000
   -4.122    0.909    3.367    4.131    8.002   10.068   10.313   11.368
            0.750000  0.860000  0.440000
   -4.166    0.963    3.416    4.175    8.032   10.084   10.279   11.293
            0.750000  0.860000  0.450000
   -4.210    1.017    3.465    4.221    8.063   10.066   10.280   11.219
            0.750000  0.860000  0.460000
   -4.253    1.072    3.514    4.267    8.093   10.021   10.311   11.146
            0.750000  0.860000  0.470000
   -4.295    1.126    3.563    4.315    8.123    9.963   10.355   11.075
            0.750000  0.860000  0.480000
   -4.337    1.180    3.611    4.363    8.154    9.902   10.405   11.005
            0.750000  0.860000  0.490000
   -4.377    1.235    3.660    4.412    8.183    9.839   10.456   10.937
            0.750000  0.860000  0.500000
   -4.418    1.289    3.708    4.462    8.213    9.776   10.507   10.873
            0.750000  0.860000  0.510000
   -4.457    1.344    3.756    4.513    8.242    9.714   10.553   10.817
            0.750000  0.860000  0.520000
   -4.496    1.398    3.803    4.564    8.270    9.652   10.583   10.779
            0.750000  0.860000  0.530000
   -4.534    1.453    3.851    4.616    8.297    9.592   10.577   10.780
            0.750000  0.860000  0.540000
   -4.571    1.509    3.898    4.667    8.323    9.533   10.537   10.817
            0.750000  0.860000  0.550000
   -4.607    1.564    3.945    4.719    8.348    9.477   10.482   10.869
            0.750000  0.860000  0.560000
   -4.643    1.619    3.992    4.771    8.371    9.423   10.423   10.929
            0.750000  0.860000  0.570000
   -4.678    1.675    4.039    4.823    8.392    9.373   10.363   10.991
            0.750000  0.860000  0.580000
   -4.712    1.731    4.086    4.874    8.410    9.325   10.302   11.055
            0.750000  0.860000  0.590000
   -4.746    1.787    4.132    4.924    8.425    9.282   10.242   11.121
            0.750000  0.860000  0.600000
   -4.779    1.844    4.178    4.974    8.436    9.244   10.182   11.188
            0.750000  0.860000  0.610000
   -4.810    1.901    4.224    5.023    8.443    9.211   10.122   11.254
            0.750000  0.860000  0.620000
   -4.842    1.958    4.270    5.071    8.446    9.184   10.064   11.321
            0.750000  0.860000  0.630000
   -4.872    2.015    4.316    5.117    8.444    9.163   10.007   11.388
            0.750000  0.860000  0.640000
   -4.902    2.072    4.361    5.161    8.438    9.148    9.950   11.454
            0.750000  0.860000  0.650000
   -4.931    2.130    4.407    5.204    8.427    9.139    9.895   11.519
            0.750000  0.860000  0.660000
   -4.959    2.188    4.452    5.245    8.413    9.135    9.841   11.582
            0.750000  0.860000  0.670000
   -4.986    2.246    4.497    5.283    8.396    9.135    9.789   11.642
            0.750000  0.860000  0.680000
   -5.013    2.305    4.541    5.318    8.378    9.138    9.739   11.698
            0.750000  0.860000  0.690000
   -5.038    2.364    4.586    5.351    8.358    9.144    9.691   11.749
            0.750000  0.860000  0.700000
   -5.063    2.423    4.630    5.380    8.339    9.151    9.645   11.793
            0.750000  0.860000  0.710000
   -5.087    2.482    4.673    5.406    8.321    9.157    9.602   11.827
            0.750000  0.860000  0.720000
   -5.111    2.542    4.717    5.428    8.305    9.162    9.564   11.847
            0.750000  0.860000  0.730000
   -5.133    2.602    4.759    5.447    8.291    9.164    9.531   11.853
            0.750000  0.860000  0.740000
   -5.155    2.662    4.802    5.461    8.279    9.161    9.504   11.843
            0.750000  0.860000  0.750000
   -5.176    2.722    4.843    5.471    8.271    9.153    9.484   11.819
            0.750000  0.860000  0.760000
   -5.196    2.782    4.884    5.478    8.266    9.139    9.472   11.783
            0.750000  0.860000  0.770000
   -5.215    2.843    4.924    5.480    8.264    9.119    9.466   11.738
            0.750000  0.860000  0.780000
   -5.234    2.903    4.963    5.478    8.266    9.094    9.466   11.687
            0.750000  0.860000  0.790000
   -5.252    2.964    5.000    5.472    8.270    9.067    9.470   11.632
            0.750000  0.860000  0.800000
   -5.268    3.024    5.036    5.463    8.278    9.038    9.476   11.574
            0.750000  0.860000  0.810000
   -5.285    3.085    5.070    5.451    8.289    9.009    9.484   11.516
            0.750000  0.860000  0.820000
   -5.300    3.145    5.101    5.437    8.302    8.981    9.493   11.456
            0.750000  0.860000  0.830000
   -5.314    3.206    5.129    5.422    8.317    8.954    9.501   11.397
            0.750000  0.860000  0.840000
   -5.328    3.265    5.151    5.407    8.333    8.930    9.508   11.338
            0.750000  0.860000  0.850000
   -5.341    3.325    5.165    5.397    8.350    8.909    9.515   11.280
            0.750000  0.860000  0.860000
   -5.353    3.384    5.169    5.392    8.366    8.893    9.520   11.224
            0.750000  0.860000  0.870000
   -5.364    3.443    5.162    5.395    8.380    8.882    9.523   11.170
            0.750000  0.860000  0.880000
   -5.374    3.500    5.145    5.405    8.392    8.876    9.525   11.118
            0.750000  0.860000  0.890000
   -5.384    3.557    5.119    5.420    8.400    8.877    9.524   11.069
            0.750000  0.860000  0.900000
   -5.392    3.612    5.089    5.437    8.406    8.884    9.521   11.023
            0.750000  0.860000  0.910000
   -5.400    3.665    5.055    5.454    8.408    8.897    9.516   10.980
            0.750000  0.860000  0.920000
   -5.407    3.717    5.020    5.472    8.407    8.915    9.509   10.941
            0.750000  0.860000  0.930000
   -5.414    3.766    4.985    5.488    8.404    8.936    9.499   10.906
            0.750000  0.860000  0.940000
   -5.419    3.811    4.951    5.503    8.400    8.960    9.487   10.875
            0.750000  0.860000  0.950000
   -5.423    3.852    4.918    5.516    8.395    8.985    9.475   10.848
            0.750000  0.860000  0.960000
   -5.427    3.889    4.889    5.526    8.390    9.010    9.462   10.826
            0.750000  0.860000  0.970000
   -5.430    3.918    4.864    5.535    8.386    9.031    9.449   10.809
            0.750000  0.860000  0.980000
   -5.432    3.941    4.845    5.541    8.382    9.049    9.438   10.796
            0.750000  0.860000  0.990000
   -5.433    3.955    4.833    5.545    8.380    9.061    9.431   10.789
            0.750000  0.860000  1.000000
   -5.434    3.960    4.829    5.546    8.380    9.065    9.428   10.786
