 &plot nbnd=   8, nks=   101 /
            0.880000  0.210000  0.000000
   -2.509   -0.833    2.707    2.908    7.511    7.856   13.106   14.894
            0.880000  0.210000  0.010000
   -2.509   -0.833    2.699    2.916    7.502    7.867   13.107   14.888
            0.880000  0.210000  0.020000
   -2.509   -0.833    2.677    2.938    7.479    7.898   13.107   14.873
            0.880000  0.210000  0.030000
   -2.509   -0.834    2.647    2.968    7.446    7.942   13.108   14.846
            0.880000  0.210000  0.040000
   -2.508   -0.834    2.614    3.002    7.409    7.996   13.109   14.809
            0.880000  0.210000  0.050000
   -2.507   -0.835    2.578    3.038    7.371    8.055   13.110   14.761
            0.880000  0.210000  0.060000
   -2.507   -0.836    2.542    3.075    7.332    8.119   13.111   14.702
            0.880000  0.210000  0.070000
   -2.506   -0.837    2.505    3.112    7.295    8.187   13.113   14.633
            0.880000  0.210000  0.080000
   -2.504   -0.838    2.469    3.149    7.261    8.258   13.115   14.556
            0.880000  0.210000  0.090000
   -2.503   -0.840    2.433    3.185    7.228    8.331   13.117   14.471
            0.880000  0.210000  0.100000
   -2.502   -0.842    2.398    3.220    7.199    8.406   13.119   14.379
            0.880000  0.210000  0.110000
   -2.500   -0.843    2.363    3.254    7.172    8.484   13.122   14.283
            0.880000  0.210000  0.120000
   -2.499   -0.845    2.330    3.287    7.149    8.563   13.125   14.181
            0.880000  0.210000  0.130000
   -2.498   -0.847    2.297    3.318    7.130    8.644   13.128   14.076
            0.880000  0.210000  0.140000
   -2.496   -0.849    2.265    3.348    7.114    8.727   13.131   13.968
            0.880000  0.210000  0.150000
   -2.494   -0.851    2.235    3.376    7.102    8.811   13.135   13.858
            0.880000  0.210000  0.160000
   -2.493   -0.854    2.206    3.401    7.094    8.896   13.138   13.746
            0.880000  0.210000  0.170000
   -2.492   -0.856    2.178    3.425    7.091    8.984   13.142   13.632
            0.880000  0.210000  0.180000
   -2.490   -0.858    2.151    3.447    7.092    9.072   13.145   13.516
            0.880000  0.210000  0.190000
   -2.489   -0.860    2.125    3.466    7.097    9.162   13.148   13.401
            0.880000  0.210000  0.200000
   -2.488   -0.862    2.101    3.483    7.106    9.253   13.149   13.287
            0.880000  0.210000  0.210000
   -2.487   -0.864    2.079    3.498    7.120    9.345   13.129   13.192
            0.880000  0.210000  0.220000
   -2.486   -0.866    2.057    3.510    7.139    9.438   13.034   13.173
            0.880000  0.210000  0.230000
   -2.486   -0.868    2.038    3.520    7.162    9.532   12.918   13.174
            0.880000  0.210000  0.240000
   -2.486   -0.870    2.019    3.528    7.189    9.628   12.800   13.177
            0.880000  0.210000  0.250000
   -2.486   -0.871    2.002    3.534    7.220    9.724   12.681   13.181
            0.880000  0.210000  0.260000
   -2.486   -0.872    1.987    3.537    7.256    9.821   12.562   13.185
            0.880000  0.210000  0.270000
   -2.487   -0.873    1.973    3.538    7.296    9.919   12.442   13.189
            0.880000  0.210000  0.280000
   -2.488   -0.873    1.960    3.538    7.340   10.018   12.323   13.193
            0.880000  0.210000  0.290000
   -2.490   -0.873    1.949    3.535    7.388   10.117   12.205   13.197
            0.880000  0.210000  0.300000
   -2.492   -0.873    1.939    3.531    7.440   10.217   12.087   13.200
            0.880000  0.210000  0.310000
   -2.494   -0.872    1.931    3.525    7.496   10.317   11.970   13.203
            0.880000  0.210000  0.320000
   -2.497   -0.870    1.924    3.518    7.555   10.417   11.854   13.204
            0.880000  0.210000  0.330000
   -2.501   -0.868    1.919    3.510    7.617   10.516   11.740   13.205
            0.880000  0.210000  0.340000
   -2.505   -0.865    1.915    3.500    7.682   10.613   11.630   13.203
            0.880000  0.210000  0.350000
   -2.510   -0.862    1.912    3.490    7.751   10.706   11.525   13.197
            0.880000  0.210000  0.360000
   -2.515   -0.858    1.910    3.479    7.823   10.790   11.429   13.184
            0.880000  0.210000  0.370000
   -2.521   -0.853    1.910    3.467    7.897   10.855   11.355   13.160
            0.880000  0.210000  0.380000
   -2.528   -0.848    1.911    3.454    7.974   10.881   11.320   13.116
            0.880000  0.210000  0.390000
   -2.535   -0.842    1.913    3.441    8.053   10.852   11.342   13.047
            0.880000  0.210000  0.400000
   -2.543   -0.835    1.916    3.428    8.135   10.781   11.405   12.958
            0.880000  0.210000  0.410000
   -2.551   -0.828    1.920    3.415    8.219   10.690   11.490   12.857
            0.880000  0.210000  0.420000
   -2.560   -0.819    1.925    3.402    8.306   10.589   11.585   12.750
            0.880000  0.210000  0.430000
   -2.569   -0.810    1.931    3.389    8.394   10.484   11.684   12.642
            0.880000  0.210000  0.440000
   -2.580   -0.800    1.939    3.376    8.484   10.377   11.783   12.535
            0.880000  0.210000  0.450000
   -2.590   -0.790    1.947    3.363    8.576   10.269   11.876   12.436
            0.880000  0.210000  0.460000
   -2.601   -0.778    1.955    3.351    8.670   10.160   11.951   12.356
            0.880000  0.210000  0.470000
   -2.613   -0.766    1.965    3.340    8.765   10.052   11.977   12.327
            0.880000  0.210000  0.480000
   -2.625   -0.754    1.976    3.329    8.861    9.944   11.933   12.369
            0.880000  0.210000  0.490000
   -2.637   -0.740    1.987    3.318    8.959    9.838   11.848   12.453
            0.880000  0.210000  0.500000
   -2.650   -0.726    1.998    3.309    9.057    9.732   11.748   12.556
            0.880000  0.210000  0.510000
   -2.663   -0.712    2.011    3.300    9.155    9.629   11.641   12.665
            0.880000  0.210000  0.520000
   -2.677   -0.697    2.024    3.293    9.250    9.531   11.532   12.779
            0.880000  0.210000  0.530000
   -2.691   -0.681    2.037    3.286    9.319    9.460   11.421   12.896
            0.880000  0.210000  0.540000
   -2.705   -0.665    2.051    3.280    9.281    9.498   11.311   13.013
            0.880000  0.210000  0.550000
   -2.719   -0.648    2.065    3.276    9.191    9.591   11.202   13.131
            0.880000  0.210000  0.560000
   -2.733   -0.632    2.080    3.272    9.094    9.691   11.094   13.247
            0.880000  0.210000  0.570000
   -2.748   -0.614    2.095    3.270    8.996    9.794   10.987   13.340
            0.880000  0.210000  0.580000
   -2.763   -0.597    2.111    3.268    8.898    9.896   10.883   13.368
            0.880000  0.210000  0.590000
   -2.778   -0.579    2.127    3.268    8.802    9.996   10.784   13.376
            0.880000  0.210000  0.600000
   -2.793   -0.561    2.143    3.269    8.706   10.090   10.692   13.380
            0.880000  0.210000  0.610000
   -2.807   -0.543    2.160    3.272    8.612   10.168   10.618   13.383
            0.880000  0.210000  0.620000
   -2.822   -0.524    2.177    3.275    8.520   10.209   10.583   13.386
            0.880000  0.210000  0.630000
   -2.837   -0.506    2.194    3.279    8.429   10.191   10.608   13.388
            0.880000  0.210000  0.640000
   -2.852   -0.488    2.211    3.284    8.340   10.128   10.681   13.390
            0.880000  0.210000  0.650000
   -2.867   -0.470    2.229    3.290    8.253   10.045   10.775   13.391
            0.880000  0.210000  0.660000
   -2.881   -0.451    2.248    3.298    8.167    9.953   10.879   13.393
            0.880000  0.210000  0.670000
   -2.895   -0.433    2.267    3.305    8.083    9.858   10.988   13.394
            0.880000  0.210000  0.680000
   -2.910   -0.415    2.286    3.314    8.002    9.762   11.100   13.395
            0.880000  0.210000  0.690000
   -2.924   -0.398    2.306    3.323    7.923    9.666   11.213   13.396
            0.880000  0.210000  0.700000
   -2.937   -0.380    2.326    3.332    7.845    9.570   11.328   13.397
            0.880000  0.210000  0.710000
   -2.951   -0.363    2.346    3.342    7.771    9.474   11.444   13.398
            0.880000  0.210000  0.720000
   -2.964   -0.347    2.368    3.352    7.698    9.380   11.560   13.398
            0.880000  0.210000  0.730000
   -2.977   -0.330    2.390    3.362    7.629    9.286   11.677   13.398
            0.880000  0.210000  0.740000
   -2.989   -0.314    2.412    3.372    7.562    9.194   11.795   13.399
            0.880000  0.210000  0.750000
   -3.002   -0.299    2.435    3.382    7.498    9.103   11.912   13.399
            0.880000  0.210000  0.760000
   -3.013   -0.284    2.459    3.391    7.437    9.013   12.030   13.399
            0.880000  0.210000  0.770000
   -3.025   -0.269    2.484    3.400    7.379    8.924   12.147   13.399
            0.880000  0.210000  0.780000
   -3.036   -0.255    2.509    3.408    7.324    8.838   12.264   13.399
            0.880000  0.210000  0.790000
   -3.047   -0.242    2.535    3.415    7.272    8.752   12.381   13.399
            0.880000  0.210000  0.800000
   -3.057   -0.229    2.561    3.421    7.224    8.669   12.498   13.399
            0.880000  0.210000  0.810000
   -3.067   -0.217    2.588    3.425    7.179    8.587   12.614   13.399
            0.880000  0.210000  0.820000
   -3.076   -0.205    2.616    3.429    7.138    8.507   12.729   13.399
            0.880000  0.210000  0.830000
   -3.085   -0.194    2.644    3.431    7.101    8.429   12.843   13.398
            0.880000  0.210000  0.840000
   -3.094   -0.184    2.673    3.431    7.067    8.354   12.955   13.399
            0.880000  0.210000  0.850000
   -3.102   -0.174    2.703    3.430    7.037    8.280   13.066   13.399
            0.880000  0.210000  0.860000
   -3.110   -0.165    2.733    3.427    7.010    8.209   13.175   13.400
            0.880000  0.210000  0.870000
   -3.117   -0.156    2.763    3.422    6.988    8.141   13.278   13.404
            0.880000  0.210000  0.880000
   -3.123   -0.148    2.794    3.415    6.969    8.075   13.362   13.425
            0.880000  0.210000  0.890000
   -3.129   -0.141    2.825    3.406    6.953    8.012   13.385   13.504
            0.880000  0.210000  0.900000
   -3.135   -0.134    2.857    3.395    6.941    7.953   13.389   13.598
            0.880000  0.210000  0.910000
   -3.140   -0.128    2.888    3.383    6.931    7.897   13.390   13.691
            0.880000  0.210000  0.920000
   -3.145   -0.123    2.919    3.369    6.925    7.845   13.390   13.780
            0.880000  0.210000  0.930000
   -3.149   -0.118    2.950    3.353    6.921    7.798   13.390   13.863
            0.880000  0.210000  0.940000
   -3.152   -0.114    2.980    3.336    6.919    7.755   13.390   13.939
            0.880000  0.210000  0.950000
   -3.155   -0.111    3.009    3.317    6.919    7.717   13.390   14.007
            0.880000  0.210000  0.960000
   -3.158   -0.108    3.037    3.298    6.920    7.685   13.390   14.065
            0.880000  0.210000  0.970000
   -3.159   -0.106    3.063    3.280    6.921    7.660   13.390   14.112
            0.880000  0.210000  0.980000
   -3.161   -0.104    3.086    3.262    6.923    7.641   13.390   14.147
            0.880000  0.210000  0.990000
   -3.162   -0.103    3.102    3.249    6.924    7.630   13.390   14.168
            0.880000  0.210000  1.000000
   -3.162   -0.103    3.108    3.244    6.924    7.626   13.390   14.175
