 &plot nbnd=   8, nks=   101 /
            0.100000  0.170000  0.000000
   -5.616    4.747    5.322    5.749    8.428    8.839    8.967   10.138
            0.100000  0.170000  0.010000
   -5.616    4.741    5.327    5.747    8.429    8.832    8.973   10.141
            0.100000  0.170000  0.020000
   -5.614    4.724    5.339    5.743    8.432    8.815    8.987   10.151
            0.100000  0.170000  0.030000
   -5.612    4.697    5.357    5.737    8.437    8.792    9.004   10.166
            0.100000  0.170000  0.040000
   -5.609    4.663    5.379    5.728    8.443    8.768    9.022   10.188
            0.100000  0.170000  0.050000
   -5.606    4.622    5.404    5.716    8.449    8.746    9.038   10.215
            0.100000  0.170000  0.060000
   -5.601    4.576    5.428    5.704    8.454    8.727    9.051   10.248
            0.100000  0.170000  0.070000
   -5.595    4.527    5.451    5.691    8.456    8.715    9.062   10.286
            0.100000  0.170000  0.080000
   -5.589    4.474    5.471    5.678    8.455    8.711    9.070   10.328
            0.100000  0.170000  0.090000
   -5.582    4.420    5.484    5.667    8.449    8.715    9.075   10.375
            0.100000  0.170000  0.100000
   -5.574    4.363    5.488    5.661    8.440    8.727    9.078   10.425
            0.100000  0.170000  0.110000
   -5.565    4.305    5.482    5.660    8.429    8.745    9.080   10.479
            0.100000  0.170000  0.120000
   -5.556    4.246    5.467    5.663    8.417    8.768    9.081   10.535
            0.100000  0.170000  0.130000
   -5.545    4.186    5.445    5.668    8.407    8.793    9.082   10.593
            0.100000  0.170000  0.140000
   -5.534    4.125    5.418    5.673    8.398    8.819    9.084   10.653
            0.100000  0.170000  0.150000
   -5.521    4.064    5.387    5.676    8.392    8.844    9.090   10.714
            0.100000  0.170000  0.160000
   -5.508    4.002    5.354    5.675    8.388    8.864    9.101   10.775
            0.100000  0.170000  0.170000
   -5.495    3.939    5.318    5.672    8.388    8.878    9.120   10.835
            0.100000  0.170000  0.180000
   -5.480    3.877    5.280    5.664    8.391    8.885    9.148   10.895
            0.100000  0.170000  0.190000
   -5.464    3.814    5.242    5.653    8.396    8.887    9.183   10.952
            0.100000  0.170000  0.200000
   -5.448    3.750    5.201    5.638    8.404    8.886    9.225   11.007
            0.100000  0.170000  0.210000
   -5.431    3.687    5.160    5.618    8.413    8.882    9.271   11.057
            0.100000  0.170000  0.220000
   -5.413    3.623    5.118    5.595    8.423    8.880    9.321   11.103
            0.100000  0.170000  0.230000
   -5.394    3.560    5.075    5.568    8.432    8.879    9.374   11.141
            0.100000  0.170000  0.240000
   -5.374    3.496    5.032    5.538    8.440    8.882    9.429   11.172
            0.100000  0.170000  0.250000
   -5.354    3.432    4.988    5.504    8.444    8.891    9.485   11.193
            0.100000  0.170000  0.260000
   -5.332    3.369    4.944    5.468    8.444    8.906    9.544   11.204
            0.100000  0.170000  0.270000
   -5.310    3.305    4.899    5.428    8.439    8.928    9.603   11.204
            0.100000  0.170000  0.280000
   -5.287    3.241    4.854    5.387    8.430    8.956    9.665   11.193
            0.100000  0.170000  0.290000
   -5.264    3.177    4.808    5.343    8.416    8.991    9.727   11.172
            0.100000  0.170000  0.300000
   -5.239    3.113    4.762    5.297    8.398    9.032    9.790   11.141
            0.100000  0.170000  0.310000
   -5.214    3.050    4.717    5.250    8.378    9.077    9.854   11.103
            0.100000  0.170000  0.320000
   -5.187    2.986    4.670    5.201    8.354    9.126    9.918   11.058
            0.100000  0.170000  0.330000
   -5.160    2.922    4.624    5.151    8.329    9.179    9.984   11.007
            0.100000  0.170000  0.340000
   -5.132    2.858    4.578    5.100    8.302    9.234   10.050   10.953
            0.100000  0.170000  0.350000
   -5.104    2.795    4.531    5.049    8.274    9.291   10.117   10.895
            0.100000  0.170000  0.360000
   -5.074    2.731    4.485    4.996    8.244    9.350   10.185   10.835
            0.100000  0.170000  0.370000
   -5.044    2.667    4.438    4.943    8.214    9.410   10.253   10.775
            0.100000  0.170000  0.380000
   -5.013    2.604    4.392    4.890    8.184    9.470   10.321   10.714
            0.100000  0.170000  0.390000
   -4.981    2.540    4.345    4.837    8.152    9.530   10.389   10.655
            0.100000  0.170000  0.400000
   -4.948    2.476    4.298    4.784    8.121    9.588   10.455   10.600
            0.100000  0.170000  0.410000
   -4.915    2.412    4.251    4.731    8.089    9.644   10.501   10.569
            0.100000  0.170000  0.420000
   -4.881    2.348    4.204    4.679    8.057    9.696   10.476   10.614
            0.100000  0.170000  0.430000
   -4.846    2.284    4.157    4.627    8.025    9.741   10.438   10.682
            0.100000  0.170000  0.440000
   -4.810    2.220    4.110    4.575    7.993    9.775   10.409   10.752
            0.100000  0.170000  0.450000
   -4.773    2.156    4.063    4.524    7.961    9.794   10.394   10.824
            0.100000  0.170000  0.460000
   -4.736    2.091    4.016    4.474    7.929    9.797   10.397   10.897
            0.100000  0.170000  0.470000
   -4.698    2.027    3.968    4.425    7.897    9.782   10.419   10.971
            0.100000  0.170000  0.480000
   -4.659    1.962    3.921    4.376    7.866    9.753   10.456   11.045
            0.100000  0.170000  0.490000
   -4.619    1.897    3.874    4.329    7.834    9.713   10.504   11.119
            0.100000  0.170000  0.500000
   -4.579    1.832    3.827    4.282    7.803    9.666   10.562   11.195
            0.100000  0.170000  0.510000
   -4.538    1.767    3.780    4.237    7.772    9.615   10.625   11.270
            0.100000  0.170000  0.520000
   -4.496    1.701    3.733    4.193    7.742    9.560   10.692   11.347
            0.100000  0.170000  0.530000
   -4.453    1.636    3.686    4.150    7.712    9.504   10.762   11.423
            0.100000  0.170000  0.540000
   -4.409    1.569    3.639    4.107    7.682    9.447   10.834   11.501
            0.100000  0.170000  0.550000
   -4.365    1.503    3.593    4.067    7.653    9.390   10.908   11.579
            0.100000  0.170000  0.560000
   -4.320    1.437    3.547    4.027    7.624    9.332   10.984   11.657
            0.100000  0.170000  0.570000
   -4.275    1.370    3.501    3.988    7.596    9.275   11.060   11.736
            0.100000  0.170000  0.580000
   -4.228    1.302    3.456    3.950    7.568    9.219   11.137   11.816
            0.100000  0.170000  0.590000
   -4.181    1.235    3.412    3.914    7.540    9.163   11.215   11.896
            0.100000  0.170000  0.600000
   -4.133    1.167    3.368    3.878    7.513    9.108   11.294   11.977
            0.100000  0.170000  0.610000
   -4.085    1.099    3.324    3.844    7.487    9.054   11.373   12.058
            0.100000  0.170000  0.620000
   -4.035    1.030    3.282    3.811    7.461    9.001   11.452   12.139
            0.100000  0.170000  0.630000
   -3.985    0.962    3.240    3.778    7.436    8.949   11.532   12.221
            0.100000  0.170000  0.640000
   -3.935    0.892    3.199    3.747    7.411    8.898   11.612   12.304
            0.100000  0.170000  0.650000
   -3.883    0.823    3.158    3.717    7.387    8.849   11.692   12.387
            0.100000  0.170000  0.660000
   -3.831    0.753    3.119    3.687    7.363    8.800   11.772   12.471
            0.100000  0.170000  0.670000
   -3.779    0.683    3.081    3.659    7.340    8.753   11.853   12.555
            0.100000  0.170000  0.680000
   -3.725    0.613    3.043    3.631    7.318    8.707   11.934   12.640
            0.100000  0.170000  0.690000
   -3.671    0.542    3.007    3.605    7.296    8.663   12.016   12.725
            0.100000  0.170000  0.700000
   -3.616    0.471    2.971    3.579    7.275    8.619   12.097   12.810
            0.100000  0.170000  0.710000
   -3.561    0.400    2.937    3.554    7.254    8.577   12.179   12.896
            0.100000  0.170000  0.720000
   -3.505    0.329    2.903    3.531    7.234    8.537   12.261   12.983
            0.100000  0.170000  0.730000
   -3.448    0.257    2.871    3.508    7.215    8.498   12.343   13.069
            0.100000  0.170000  0.740000
   -3.391    0.185    2.840    3.485    7.196    8.460   12.425   13.156
            0.100000  0.170000  0.750000
   -3.333    0.113    2.810    3.464    7.178    8.423   12.508   13.244
            0.100000  0.170000  0.760000
   -3.275    0.041    2.781    3.444    7.161    8.388   12.591   13.331
            0.100000  0.170000  0.770000
   -3.216   -0.032    2.753    3.424    7.144    8.355   12.674   13.419
            0.100000  0.170000  0.780000
   -3.156   -0.104    2.727    3.406    7.128    8.322   12.757   13.508
            0.100000  0.170000  0.790000
   -3.096   -0.177    2.701    3.388    7.113    8.291   12.841   13.596
            0.100000  0.170000  0.800000
   -3.035   -0.250    2.677    3.371    7.098    8.262   12.925   13.685
            0.100000  0.170000  0.810000
   -2.974   -0.322    2.654    3.355    7.084    8.234   13.009   13.773
            0.100000  0.170000  0.820000
   -2.912   -0.395    2.632    3.340    7.071    8.207   13.093   13.862
            0.100000  0.170000  0.830000
   -2.849   -0.468    2.611    3.325    7.059    8.182   13.177   13.951
            0.100000  0.170000  0.840000
   -2.786   -0.541    2.592    3.312    7.047    8.159   13.262   14.039
            0.100000  0.170000  0.850000
   -2.723   -0.613    2.574    3.299    7.036    8.136   13.347   14.127
            0.100000  0.170000  0.860000
   -2.659   -0.686    2.556    3.287    7.025    8.115   13.432   14.215
            0.100000  0.170000  0.870000
   -2.595   -0.759    2.540    3.276    7.016    8.096   13.517   14.302
            0.100000  0.170000  0.880000
   -2.530   -0.831    2.526    3.266    7.007    8.078   13.602   14.388
            0.100000  0.170000  0.890000
   -2.465   -0.903    2.512    3.256    6.998    8.061   13.688   14.472
            0.100000  0.170000  0.900000
   -2.400   -0.975    2.500    3.248    6.991    8.046   13.773   14.554
            0.100000  0.170000  0.910000
   -2.334   -1.047    2.488    3.240    6.984    8.033   13.858   14.632
            0.100000  0.170000  0.920000
   -2.268   -1.118    2.478    3.233    6.978    8.020   13.942   14.705
            0.100000  0.170000  0.930000
   -2.202   -1.189    2.470    3.227    6.972    8.009   14.026   14.769
            0.100000  0.170000  0.940000
   -2.136   -1.259    2.462    3.222    6.968    8.000   14.109   14.820
            0.100000  0.170000  0.950000
   -2.071   -1.328    2.455    3.217    6.964    7.992   14.191   14.851
            0.100000  0.170000  0.960000
   -2.006   -1.395    2.450    3.213    6.960    7.986   14.270   14.859
            0.100000  0.170000  0.970000
   -1.944   -1.459    2.446    3.211    6.958    7.981   14.345   14.844
            0.100000  0.170000  0.980000
   -1.887   -1.518    2.443    3.208    6.956    7.977   14.412   14.813
            0.100000  0.170000  0.990000
   -1.841   -1.565    2.441    3.207    6.955    7.975   14.463   14.781
            0.100000  0.170000  1.000000
   -1.822   -1.584    2.441    3.207    6.954    7.974   14.483   14.767
