 &plot nbnd=   8, nks=    81 /
            0.000000  0.200000 -1.000000
   -2.359   -2.359    2.132    2.132    6.681    6.681   12.822   12.822
            0.000000  0.200000 -0.975000
   -2.520   -2.196    2.117    2.152    6.647    6.720   12.628   13.007
            0.000000  0.200000 -0.950000
   -2.679   -2.031    2.107    2.179    6.620    6.766   12.431   13.173
            0.000000  0.200000 -0.925000
   -2.835   -1.864    2.103    2.211    6.599    6.818   12.232   13.300
            0.000000  0.200000 -0.900000
   -2.989   -1.696    2.105    2.249    6.583    6.876   12.033   13.353
            0.000000  0.200000 -0.875000
   -3.140   -1.527    2.112    2.292    6.573    6.941   11.835   13.304
            0.000000  0.200000 -0.850000
   -3.289   -1.356    2.125    2.342    6.569    7.012   11.639   13.173
            0.000000  0.200000 -0.825000
   -3.434   -1.185    2.143    2.397    6.571    7.089   11.445   12.998
            0.000000  0.200000 -0.800000
   -3.576   -1.013    2.166    2.459    6.578    7.173   11.253   12.800
            0.000000  0.200000 -0.775000
   -3.715   -0.841    2.194    2.526    6.591    7.263   11.063   12.592
            0.000000  0.200000 -0.750000
   -3.850   -0.669    2.227    2.599    6.608    7.358   10.877   12.377
            0.000000  0.200000 -0.725000
   -3.982   -0.497    2.266    2.678    6.631    7.460   10.693   12.160
            0.000000  0.200000 -0.700000
   -4.110   -0.325    2.309    2.762    6.659    7.567   10.512   11.941
            0.000000  0.200000 -0.675000
   -4.234   -0.153    2.357    2.852    6.692    7.679   10.335   11.721
            0.000000  0.200000 -0.650000
   -4.355    0.018    2.410    2.948    6.729    7.795   10.162   11.501
            0.000000  0.200000 -0.625000
   -4.471    0.188    2.468    3.048    6.771    7.914    9.995   11.282
            0.000000  0.200000 -0.600000
   -4.584    0.358    2.530    3.153    6.817    8.033    9.834   11.063
            0.000000  0.200000 -0.575000
   -4.693    0.527    2.597    3.263    6.867    8.151    9.683   10.846
            0.000000  0.200000 -0.550000
   -4.797    0.695    2.669    3.377    6.921    8.261    9.547   10.629
            0.000000  0.200000 -0.525000
   -4.897    0.862    2.744    3.495    6.979    8.353    9.434   10.414
            0.000000  0.200000 -0.500000
   -4.993    1.029    2.824    3.615    7.040    8.414    9.359   10.201
            0.000000  0.200000 -0.475000
   -5.084    1.194    2.907    3.738    7.104    8.426    9.335    9.989
            0.000000  0.200000 -0.450000
   -5.171    1.359    2.994    3.862    7.171    8.386    9.367    9.780
            0.000000  0.200000 -0.425000
   -5.254    1.524    3.085    3.987    7.241    8.305    9.439    9.573
            0.000000  0.200000 -0.400000
   -5.332    1.687    3.179    4.111    7.312    8.201    9.369    9.530
            0.000000  0.200000 -0.375000
   -5.406    1.850    3.276    4.233    7.385    8.086    9.168    9.621
            0.000000  0.200000 -0.350000
   -5.475    2.012    3.375    4.351    7.458    7.969    8.972    9.698
            0.000000  0.200000 -0.325000
   -5.539    2.174    3.477    4.462    7.532    7.855    8.779    9.745
            0.000000  0.200000 -0.300000
   -5.599    2.335    3.580    4.565    7.606    7.749    8.592    9.752
            0.000000  0.200000 -0.275000
   -5.654    2.496    3.684    4.656    7.656    7.678    8.411    9.714
            0.000000  0.200000 -0.250000
   -5.704    2.655    3.789    4.732    7.580    7.746    8.237    9.635
            0.000000  0.200000 -0.225000
   -5.750    2.814    3.892    4.789    7.524    7.807    8.077    9.524
            0.000000  0.200000 -0.200000
   -5.791    2.971    3.994    4.823    7.493    7.826    7.964    9.391
            0.000000  0.200000 -0.175000
   -5.827    3.127    4.092    4.834    7.488    7.727    7.974    9.243
            0.000000  0.200000 -0.150000
   -5.858    3.279    4.185    4.820    7.511    7.598    8.021    9.086
            0.000000  0.200000 -0.125000
   -5.885    3.428    4.271    4.784    7.477    7.561    8.068    8.923
            0.000000  0.200000 -0.100000
   -5.907    3.571    4.347    4.728    7.371    7.635    8.109    8.759
            0.000000  0.200000 -0.075000
   -5.924    3.704    4.410    4.659    7.285    7.731    8.142    8.596
            0.000000  0.200000 -0.050000
   -5.936    3.821    4.458    4.585    7.220    7.843    8.167    8.436
            0.000000  0.200000 -0.025000
   -5.943    3.909    4.488    4.524    7.180    7.966    8.182    8.286
            0.000000  0.200000  0.000000
   -5.945    3.943    4.498    4.498    7.166    8.056    8.187    8.187
            0.000000  0.200000  0.025000
   -5.943    3.909    4.488    4.524    7.180    7.966    8.182    8.286
            0.000000  0.200000  0.050000
   -5.936    3.821    4.458    4.585    7.220    7.843    8.167    8.436
            0.000000  0.200000  0.075000
   -5.924    3.704    4.410    4.659    7.285    7.731    8.142    8.596
            0.000000  0.200000  0.100000
   -5.907    3.571    4.347    4.728    7.371    7.635    8.109    8.759
            0.000000  0.200000  0.125000
   -5.885    3.428    4.271    4.784    7.477    7.561    8.068    8.923
            0.000000  0.200000  0.150000
   -5.858    3.279    4.185    4.820    7.511    7.598    8.021    9.086
            0.000000  0.200000  0.175000
   -5.827    3.127    4.092    4.834    7.488    7.727    7.974    9.243
            0.000000  0.200000  0.200000
   -5.791    2.971    3.994    4.823    7.493    7.826    7.964    9.391
            0.000000  0.200000  0.225000
   -5.750    2.814    3.892    4.789    7.524    7.807    8.077    9.524
            0.000000  0.200000  0.250000
   -5.704    2.655    3.789    4.732    7.580    7.746    8.237    9.635
            0.000000  0.200000  0.275000
   -5.654    2.496    3.684    4.656    7.656    7.678    8.411    9.714
            0.000000  0.200000  0.300000
   -5.599    2.335    3.580    4.565    7.606    7.749    8.592    9.752
            0.000000  0.200000  0.325000
   -5.539    2.174    3.477    4.462    7.532    7.855    8.779    9.745
            0.000000  0.200000  0.350000
   -5.475    2.012    3.375    4.351    7.458    7.969    8.972    9.698
            0.000000  0.200000  0.375000
   -5.406    1.850    3.276    4.233    7.385    8.086    9.168    9.621
            0.000000  0.200000  0.400000
   -5.332    1.687    3.179    4.111    7.312    8.201    9.369    9.530
            0.000000  0.200000  0.425000
   -5.254    1.524    3.085    3.987    7.241    8.305    9.439    9.573
            0.000000  0.200000  0.450000
   -5.171    1.359    2.994    3.862    7.171    8.386    9.367    9.780
            0.000000  0.200000  0.475000
   -5.084    1.194    2.907    3.738    7.104    8.426    9.335    9.989
            0.000000  0.200000  0.500000
   -4.993    1.029    2.824    3.615    7.040    8.414    9.359   10.201
            0.000000  0.200000  0.525000
   -4.897    0.862    2.744    3.495    6.979    8.353    9.434   10.414
            0.000000  0.200000  0.550000
   -4.797    0.695    2.669    3.377    6.921    8.261    9.547   10.629
            0.000000  0.200000  0.575000
   -4.693    0.527    2.597    3.263    6.867    8.151    9.683   10.846
            0.000000  0.200000  0.600000
   -4.584    0.358    2.530    3.153    6.817    8.033    9.834   11.063
            0.000000  0.200000  0.625000
   -4.471    0.188    2.468    3.048    6.771    7.914    9.995   11.282
            0.000000  0.200000  0.650000
   -4.355    0.018    2.410    2.948    6.729    7.795   10.162   11.501
            0.000000  0.200000  0.675000
   -4.234   -0.153    2.357    2.852    6.692    7.679   10.335   11.721
            0.000000  0.200000  0.700000
   -4.110   -0.325    2.309    2.762    6.659    7.567   10.512   11.941
            0.000000  0.200000  0.725000
   -3.982   -0.497    2.266    2.678    6.631    7.460   10.693   12.160
            0.000000  0.200000  0.750000
   -3.850   -0.669    2.227    2.599    6.608    7.358   10.877   12.377
            0.000000  0.200000  0.775000
   -3.715   -0.841    2.194    2.526    6.591    7.263   11.063   12.592
            0.000000  0.200000  0.800000
   -3.576   -1.013    2.166    2.459    6.578    7.173   11.253   12.800
            0.000000  0.200000  0.825000
   -3.434   -1.185    2.143    2.397    6.571    7.089   11.445   12.998
            0.000000  0.200000  0.850000
   -3.289   -1.356    2.125    2.342    6.569    7.012   11.639   13.173
            0.000000  0.200000  0.875000
   -3.140   -1.527    2.112    2.292    6.573    6.941   11.835   13.304
            0.000000  0.200000  0.900000
   -2.989   -1.696    2.105    2.249    6.583    6.876   12.033   13.353
            0.000000  0.200000  0.925000
   -2.835   -1.864    2.103    2.211    6.599    6.818   12.232   13.300
            0.000000  0.200000  0.950000
   -2.679   -2.031    2.107    2.179    6.620    6.766   12.431   13.173
            0.000000  0.200000  0.975000
   -2.520   -2.196    2.117    2.152    6.647    6.720   12.628   13.007
            0.000000  0.200000  1.000000
   -2.359   -2.359    2.132    2.132    6.681    6.681   12.822   12.822
