 &plot nbnd=   8, nks=    41 /
            0.950000 -0.150000 -1.000000
   -3.371   -1.315    2.509    2.525    5.841    6.372   13.075   13.232
            0.950000 -0.150000 -0.950000
   -3.366   -1.317    2.433    2.557    5.882    6.430   13.057   13.091
            0.950000 -0.150000 -0.900000
   -3.349   -1.325    2.315    2.550    6.003    6.593   12.683   13.071
            0.950000 -0.150000 -0.850000
   -3.322   -1.339    2.177    2.505    6.204    6.843   12.185   13.060
            0.950000 -0.150000 -0.800000
   -3.286   -1.360    2.030    2.436    6.477    7.162   11.641   13.034
            0.950000 -0.150000 -0.750000
   -3.241   -1.389    1.883    2.361    6.810    7.535   11.080   12.969
            0.950000 -0.150000 -0.700000
   -3.188   -1.426    1.743    2.295    7.194    7.950   10.516   12.769
            0.950000 -0.150000 -0.650000
   -3.131   -1.472    1.616    2.247    7.618    8.401    9.958   12.338
            0.950000 -0.150000 -0.600000
   -3.069   -1.525    1.506    2.224    8.077    8.876    9.417   11.799
            0.950000 -0.150000 -0.550000
   -3.007   -1.585    1.417    2.229    8.563    8.869    9.400   11.242
            0.950000 -0.150000 -0.500000
   -2.946   -1.648    1.352    2.261    8.366    9.074    9.917   10.695
            0.950000 -0.150000 -0.450000
   -2.889   -1.713    1.316    2.316    7.886    9.589   10.133   10.497
            0.950000 -0.150000 -0.400000
   -2.838   -1.776    1.310    2.387    7.441    9.571   10.191   11.036
            0.950000 -0.150000 -0.350000
   -2.796   -1.835    1.338    2.467    7.037    9.081   10.738   11.594
            0.950000 -0.150000 -0.300000
   -2.762   -1.889    1.398    2.544    6.687    8.600   11.303   12.136
            0.950000 -0.150000 -0.250000
   -2.738   -1.934    1.491    2.603    6.405    8.142   11.869   12.596
            0.950000 -0.150000 -0.200000
   -2.721   -1.971    1.612    2.629    6.205    7.712   12.420   12.850
            0.950000 -0.150000 -0.150000
   -2.712   -2.000    1.758    2.609    6.102    7.316   12.887   12.974
            0.950000 -0.150000 -0.100000
   -2.706   -2.020    1.922    2.538    6.099    6.960   12.958   13.323
            0.950000 -0.150000 -0.050000
   -2.704   -2.032    2.094    2.420    6.191    6.655   12.972   13.524
            0.950000 -0.150000  0.000000
   -2.703   -2.036    2.244    2.288    6.309    6.466   12.975   13.577
            0.950000 -0.150000  0.050000
   -2.704   -2.032    2.094    2.420    6.191    6.655   12.972   13.524
            0.950000 -0.150000  0.100000
   -2.706   -2.020    1.922    2.538    6.099    6.960   12.958   13.323
            0.950000 -0.150000  0.150000
   -2.712   -2.000    1.758    2.609    6.102    7.316   12.887   12.974
            0.950000 -0.150000  0.200000
   -2.721   -1.971    1.612    2.629    6.205    7.712   12.420   12.850
            0.950000 -0.150000  0.250000
   -2.738   -1.934    1.491    2.603    6.405    8.142   11.869   12.596
            0.950000 -0.150000  0.300000
   -2.762   -1.889    1.398    2.544    6.687    8.600   11.303   12.136
            0.950000 -0.150000  0.350000
   -2.796   -1.835    1.338    2.467    7.037    9.081   10.738   11.594
            0.950000 -0.150000  0.400000
   -2.838   -1.776    1.310    2.387    7.441    9.571   10.191   11.036
            0.950000 -0.150000  0.450000
   -2.889   -1.713    1.316    2.316    7.886    9.589   10.133   10.497
            0.950000 -0.150000  0.500000
   -2.946   -1.648    1.352    2.261    8.366    9.074    9.917   10.695
            0.950000 -0.150000  0.550000
   -3.007   -1.585    1.417    2.229    8.563    8.869    9.400   11.242
            0.950000 -0.150000  0.600000
   -3.069   -1.525    1.506    2.224    8.077    8.876    9.417   11.799
            0.950000 -0.150000  0.650000
   -3.131   -1.472    1.616    2.247    7.618    8.401    9.958   12.338
            0.950000 -0.150000  0.700000
   -3.188   -1.426    1.743    2.295    7.194    7.950   10.516   12.769
            0.950000 -0.150000  0.750000
   -3.241   -1.389    1.883    2.361    6.810    7.535   11.080   12.969
            0.950000 -0.150000  0.800000
   -3.286   -1.360    2.030    2.436    6.477    7.162   11.641   13.034
            0.950000 -0.150000  0.850000
   -3.322   -1.339    2.177    2.505    6.204    6.843   12.185   13.060
            0.950000 -0.150000  0.900000
   -3.349   -1.325    2.315    2.550    6.003    6.593   12.683   13.071
            0.950000 -0.150000  0.950000
   -3.366   -1.317    2.433    2.557    5.882    6.430   13.057   13.091
            0.950000 -0.150000  1.000000
   -3.371   -1.315    2.509    2.525    5.841    6.372   13.075   13.232
