 &plot nbnd=   8, nks=   101 /
            0.630000  0.070000  0.000000
   -4.104    1.262    3.587    3.682    6.904    8.275   12.460   12.713
            0.630000  0.070000  0.010000
   -4.104    1.261    3.585    3.682    6.906    8.277   12.459   12.707
            0.630000  0.070000  0.020000
   -4.103    1.258    3.580    3.684    6.912    8.283   12.457   12.691
            0.630000  0.070000  0.030000
   -4.101    1.254    3.572    3.687    6.921    8.293   12.454   12.665
            0.630000  0.070000  0.040000
   -4.098    1.248    3.561    3.690    6.935    8.307   12.448   12.631
            0.630000  0.070000  0.050000
   -4.095    1.240    3.548    3.693    6.953    8.324   12.438   12.591
            0.630000  0.070000  0.060000
   -4.091    1.230    3.532    3.697    6.974    8.345   12.420   12.551
            0.630000  0.070000  0.070000
   -4.087    1.219    3.515    3.701    6.999    8.371   12.386   12.518
            0.630000  0.070000  0.080000
   -4.081    1.206    3.495    3.706    7.028    8.399   12.335   12.496
            0.630000  0.070000  0.090000
   -4.075    1.191    3.473    3.710    7.060    8.432   12.269   12.482
            0.630000  0.070000  0.100000
   -4.069    1.175    3.450    3.715    7.096    8.468   12.194   12.472
            0.630000  0.070000  0.110000
   -4.061    1.157    3.425    3.720    7.135    8.507   12.112   12.465
            0.630000  0.070000  0.120000
   -4.053    1.138    3.398    3.725    7.177    8.550   12.026   12.458
            0.630000  0.070000  0.130000
   -4.044    1.117    3.370    3.731    7.222    8.596   11.936   12.451
            0.630000  0.070000  0.140000
   -4.035    1.095    3.341    3.737    7.271    8.645   11.843   12.444
            0.630000  0.070000  0.150000
   -4.025    1.072    3.310    3.743    7.322    8.697   11.748   12.438
            0.630000  0.070000  0.160000
   -4.014    1.048    3.278    3.750    7.376    8.752   11.651   12.431
            0.630000  0.070000  0.170000
   -4.002    1.022    3.245    3.757    7.433    8.810   11.552   12.423
            0.630000  0.070000  0.180000
   -3.990    0.995    3.211    3.764    7.492    8.870   11.451   12.416
            0.630000  0.070000  0.190000
   -3.977    0.967    3.177    3.772    7.554    8.933   11.350   12.408
            0.630000  0.070000  0.200000
   -3.964    0.938    3.141    3.781    7.619    8.999   11.247   12.400
            0.630000  0.070000  0.210000
   -3.950    0.909    3.105    3.789    7.685    9.067   11.144   12.391
            0.630000  0.070000  0.220000
   -3.935    0.878    3.069    3.799    7.754    9.138   11.041   12.382
            0.630000  0.070000  0.230000
   -3.919    0.847    3.032    3.809    7.825    9.211   10.937   12.373
            0.630000  0.070000  0.240000
   -3.903    0.814    2.994    3.819    7.898    9.286   10.833   12.364
            0.630000  0.070000  0.250000
   -3.886    0.782    2.957    3.829    7.973    9.363   10.728   12.354
            0.630000  0.070000  0.260000
   -3.869    0.748    2.919    3.841    8.050    9.442   10.624   12.344
            0.630000  0.070000  0.270000
   -3.851    0.714    2.881    3.852    8.129    9.524   10.520   12.333
            0.630000  0.070000  0.280000
   -3.832    0.680    2.843    3.864    8.210    9.607   10.417   12.322
            0.630000  0.070000  0.290000
   -3.813    0.645    2.804    3.876    8.292    9.691   10.313   12.311
            0.630000  0.070000  0.300000
   -3.793    0.610    2.766    3.889    8.376    9.777   10.211   12.299
            0.630000  0.070000  0.310000
   -3.772    0.574    2.728    3.901    8.461    9.864   10.110   12.287
            0.630000  0.070000  0.320000
   -3.751    0.538    2.690    3.914    8.548    9.941   10.021   12.275
            0.630000  0.070000  0.330000
   -3.730    0.502    2.653    3.928    8.637    9.896   10.057   12.263
            0.630000  0.070000  0.340000
   -3.707    0.465    2.615    3.941    8.726    9.799   10.146   12.250
            0.630000  0.070000  0.350000
   -3.685    0.429    2.578    3.954    8.817    9.701   10.240   12.237
            0.630000  0.070000  0.360000
   -3.661    0.392    2.541    3.968    8.910    9.603   10.335   12.224
            0.630000  0.070000  0.370000
   -3.637    0.356    2.505    3.982    9.003    9.506   10.432   12.210
            0.630000  0.070000  0.380000
   -3.613    0.319    2.469    3.995    9.097    9.411   10.530   12.197
            0.630000  0.070000  0.390000
   -3.588    0.282    2.434    4.008    9.187    9.322   10.630   12.183
            0.630000  0.070000  0.400000
   -3.562    0.245    2.399    4.022    9.204    9.308   10.731   12.170
            0.630000  0.070000  0.410000
   -3.537    0.209    2.365    4.035    9.122    9.398   10.832   12.156
            0.630000  0.070000  0.420000
   -3.510    0.172    2.331    4.047    9.033    9.495   10.935   12.142
            0.630000  0.070000  0.430000
   -3.483    0.136    2.298    4.059    8.945    9.595   11.039   12.129
            0.630000  0.070000  0.440000
   -3.456    0.099    2.266    4.071    8.858    9.696   11.143   12.115
            0.630000  0.070000  0.450000
   -3.428    0.063    2.234    4.082    8.773    9.798   11.247   12.103
            0.630000  0.070000  0.460000
   -3.400    0.027    2.203    4.092    8.690    9.901   11.352   12.091
            0.630000  0.070000  0.470000
   -3.371   -0.008    2.173    4.101    8.609   10.006   11.455   12.080
            0.630000  0.070000  0.480000
   -3.342   -0.044    2.144    4.110    8.531   10.110   11.557   12.073
            0.630000  0.070000  0.490000
   -3.313   -0.079    2.116    4.117    8.455   10.216   11.655   12.070
            0.630000  0.070000  0.500000
   -3.283   -0.114    2.088    4.123    8.381   10.323   11.744   12.076
            0.630000  0.070000  0.510000
   -3.253   -0.148    2.061    4.128    8.311   10.430   11.815   12.102
            0.630000  0.070000  0.520000
   -3.223   -0.182    2.035    4.131    8.243   10.537   11.859   12.155
            0.630000  0.070000  0.530000
   -3.192   -0.216    2.011    4.133    8.178   10.646   11.877   12.233
            0.630000  0.070000  0.540000
   -3.161   -0.250    1.987    4.133    8.117   10.755   11.880   12.328
            0.630000  0.070000  0.550000
   -3.130   -0.283    1.964    4.131    8.059   10.864   11.874   12.430
            0.630000  0.070000  0.560000
   -3.098   -0.316    1.942    4.127    8.005   10.973   11.864   12.535
            0.630000  0.070000  0.570000
   -3.067   -0.348    1.921    4.121    7.954   11.083   11.852   12.640
            0.630000  0.070000  0.580000
   -3.035   -0.380    1.902    4.113    7.907   11.193   11.839   12.741
            0.630000  0.070000  0.590000
   -3.003   -0.412    1.883    4.103    7.864   11.302   11.824   12.825
            0.630000  0.070000  0.600000
   -2.971   -0.443    1.866    4.090    7.825   11.411   11.809   12.860
            0.630000  0.070000  0.610000
   -2.939   -0.474    1.849    4.075    7.790   11.519   11.794   12.825
            0.630000  0.070000  0.620000
   -2.907   -0.504    1.834    4.057    7.760   11.622   11.781   12.753
            0.630000  0.070000  0.630000
   -2.874   -0.534    1.821    4.037    7.733   11.703   11.786   12.670
            0.630000  0.070000  0.640000
   -2.842   -0.563    1.808    4.014    7.711   11.716   11.855   12.587
            0.630000  0.070000  0.650000
   -2.810   -0.592    1.797    3.989    7.693   11.700   11.943   12.511
            0.630000  0.070000  0.660000
   -2.778   -0.620    1.787    3.961    7.679   11.678   12.019   12.453
            0.630000  0.070000  0.670000
   -2.745   -0.648    1.778    3.931    7.670   11.652   12.061   12.432
            0.630000  0.070000  0.680000
   -2.713   -0.676    1.771    3.899    7.665   11.622   12.055   12.463
            0.630000  0.070000  0.690000
   -2.682   -0.703    1.765    3.864    7.663   11.586   12.016   12.531
            0.630000  0.070000  0.700000
   -2.650   -0.729    1.760    3.827    7.666   11.543   11.964   12.616
            0.630000  0.070000  0.710000
   -2.619   -0.755    1.757    3.788    7.673   11.491   11.913   12.704
            0.630000  0.070000  0.720000
   -2.587   -0.781    1.755    3.747    7.684   11.431   11.866   12.788
            0.630000  0.070000  0.730000
   -2.557   -0.806    1.755    3.704    7.698   11.363   11.826   12.858
            0.630000  0.070000  0.740000
   -2.526   -0.831    1.756    3.660    7.716   11.288   11.792   12.907
            0.630000  0.070000  0.750000
   -2.496   -0.854    1.758    3.614    7.737   11.208   11.764   12.933
            0.630000  0.070000  0.760000
   -2.466   -0.878    1.763    3.567    7.762   11.124   11.740   12.941
            0.630000  0.070000  0.770000
   -2.437   -0.901    1.768    3.519    7.790   11.038   11.719   12.939
            0.630000  0.070000  0.780000
   -2.408   -0.923    1.775    3.470    7.821   10.949   11.700   12.931
            0.630000  0.070000  0.790000
   -2.380   -0.945    1.784    3.420    7.854   10.860   11.684   12.920
            0.630000  0.070000  0.800000
   -2.353   -0.966    1.794    3.369    7.891   10.770   11.669   12.908
            0.630000  0.070000  0.810000
   -2.326   -0.987    1.806    3.318    7.930   10.679   11.655   12.894
            0.630000  0.070000  0.820000
   -2.300   -1.007    1.819    3.266    7.972   10.589   11.643   12.881
            0.630000  0.070000  0.830000
   -2.274   -1.026    1.834    3.215    8.017   10.499   11.632   12.868
            0.630000  0.070000  0.840000
   -2.250   -1.045    1.851    3.163    8.063   10.409   11.621   12.855
            0.630000  0.070000  0.850000
   -2.226   -1.063    1.869    3.111    8.112   10.319   11.612   12.843
            0.630000  0.070000  0.860000
   -2.204   -1.080    1.888    3.059    8.163   10.230   11.603   12.831
            0.630000  0.070000  0.870000
   -2.182   -1.096    1.909    3.007    8.216   10.142   11.595   12.820
            0.630000  0.070000  0.880000
   -2.162   -1.112    1.931    2.956    8.271   10.055   11.588   12.809
            0.630000  0.070000  0.890000
   -2.142   -1.127    1.955    2.906    8.328    9.968   11.581   12.799
            0.630000  0.070000  0.900000
   -2.124   -1.140    1.980    2.856    8.387    9.882   11.575   12.791
            0.630000  0.070000  0.910000
   -2.108   -1.153    2.006    2.808    8.448    9.797   11.569   12.782
            0.630000  0.070000  0.920000
   -2.092   -1.165    2.033    2.760    8.510    9.714   11.564   12.775
            0.630000  0.070000  0.930000
   -2.079   -1.175    2.060    2.714    8.573    9.631   11.560   12.769
            0.630000  0.070000  0.940000
   -2.066   -1.185    2.089    2.670    8.638    9.550   11.556   12.763
            0.630000  0.070000  0.950000
   -2.056   -1.193    2.117    2.629    8.704    9.470   11.553   12.758
            0.630000  0.070000  0.960000
   -2.047   -1.199    2.144    2.591    8.771    9.391   11.551   12.754
            0.630000  0.070000  0.970000
   -2.040   -1.205    2.169    2.557    8.838    9.315   11.549   12.751
            0.630000  0.070000  0.980000
   -2.036   -1.208    2.190    2.529    8.904    9.244   11.547   12.749
            0.630000  0.070000  0.990000
   -2.033   -1.211    2.205    2.511    8.962    9.181   11.546   12.748
            0.630000  0.070000  1.000000
   -2.032   -1.211    2.210    2.504    8.991    9.151   11.546   12.747
