 &plot nbnd=   8, nks=   101 /
            0.430000  0.900000  0.000000
   -2.134   -1.085    2.043    2.576    9.607    9.777   10.654   12.284
            0.430000  0.900000  0.010000
   -2.135   -1.084    2.042    2.580    9.580    9.804   10.655   12.284
            0.430000  0.900000  0.020000
   -2.138   -1.082    2.037    2.589    9.524    9.861   10.659   12.285
            0.430000  0.900000  0.030000
   -2.144   -1.078    2.030    2.604    9.459    9.926   10.665   12.288
            0.430000  0.900000  0.040000
   -2.151   -1.073    2.021    2.624    9.391    9.994   10.675   12.291
            0.430000  0.900000  0.050000
   -2.161   -1.067    2.010    2.648    9.323   10.062   10.687   12.295
            0.430000  0.900000  0.060000
   -2.173   -1.059    1.997    2.677    9.255   10.128   10.705   12.300
            0.430000  0.900000  0.070000
   -2.186   -1.051    1.985    2.709    9.188   10.192   10.727   12.306
            0.430000  0.900000  0.080000
   -2.201   -1.041    1.972    2.745    9.121   10.252   10.755   12.312
            0.430000  0.900000  0.090000
   -2.218   -1.029    1.959    2.783    9.055   10.306   10.790   12.320
            0.430000  0.900000  0.100000
   -2.237   -1.017    1.947    2.823    8.991   10.354   10.833   12.328
            0.430000  0.900000  0.110000
   -2.257   -1.004    1.935    2.866    8.927   10.396   10.884   12.338
            0.430000  0.900000  0.120000
   -2.279   -0.990    1.924    2.910    8.865   10.432   10.943   12.348
            0.430000  0.900000  0.130000
   -2.302   -0.975    1.914    2.956    8.804   10.463   11.008   12.359
            0.430000  0.900000  0.140000
   -2.326   -0.959    1.905    3.004    8.745   10.489   11.080   12.371
            0.430000  0.900000  0.150000
   -2.352   -0.942    1.897    3.052    8.687   10.512   11.156   12.384
            0.430000  0.900000  0.160000
   -2.379   -0.924    1.890    3.102    8.631   10.533   11.236   12.398
            0.430000  0.900000  0.170000
   -2.406   -0.906    1.884    3.153    8.576   10.552   11.318   12.412
            0.430000  0.900000  0.180000
   -2.435   -0.887    1.880    3.204    8.523   10.570   11.404   12.427
            0.430000  0.900000  0.190000
   -2.464   -0.867    1.877    3.256    8.472   10.587   11.491   12.443
            0.430000  0.900000  0.200000
   -2.495   -0.847    1.875    3.308    8.423   10.603   11.580   12.460
            0.430000  0.900000  0.210000
   -2.526   -0.826    1.875    3.361    8.376   10.619   11.670   12.476
            0.430000  0.900000  0.220000
   -2.557   -0.804    1.876    3.414    8.330   10.635   11.761   12.493
            0.430000  0.900000  0.230000
   -2.590   -0.782    1.878    3.467    8.287   10.651   11.852   12.509
            0.430000  0.900000  0.240000
   -2.622   -0.759    1.881    3.521    8.247   10.667   11.945   12.524
            0.430000  0.900000  0.250000
   -2.656   -0.735    1.886    3.573    8.208   10.683   12.037   12.536
            0.430000  0.900000  0.260000
   -2.689   -0.711    1.892    3.626    8.172   10.699   12.128   12.541
            0.430000  0.900000  0.270000
   -2.724   -0.686    1.899    3.678    8.139   10.715   12.219   12.533
            0.430000  0.900000  0.280000
   -2.758   -0.661    1.907    3.729    8.108   10.732   12.308   12.503
            0.430000  0.900000  0.290000
   -2.793   -0.635    1.917    3.780    8.080   10.749   12.391   12.451
            0.430000  0.900000  0.300000
   -2.828   -0.609    1.928    3.829    8.055   10.766   12.367   12.479
            0.430000  0.900000  0.310000
   -2.863   -0.582    1.940    3.877    8.033   10.783   12.278   12.553
            0.430000  0.900000  0.320000
   -2.898   -0.554    1.953    3.924    8.015   10.801   12.180   12.621
            0.430000  0.900000  0.330000
   -2.933   -0.526    1.967    3.970    7.999   10.818   12.078   12.680
            0.430000  0.900000  0.340000
   -2.969   -0.497    1.982    4.014    7.987   10.836   11.973   12.732
            0.430000  0.900000  0.350000
   -3.004   -0.468    1.999    4.056    7.979   10.855   11.867   12.778
            0.430000  0.900000  0.360000
   -3.039   -0.438    2.016    4.097    7.974   10.873   11.760   12.821
            0.430000  0.900000  0.370000
   -3.075   -0.407    2.034    4.135    7.973   10.892   11.653   12.861
            0.430000  0.900000  0.380000
   -3.110   -0.376    2.054    4.171    7.975   10.910   11.545   12.899
            0.430000  0.900000  0.390000
   -3.145   -0.345    2.074    4.205    7.982   10.929   11.437   12.936
            0.430000  0.900000  0.400000
   -3.180   -0.313    2.096    4.236    7.992   10.948   11.330   12.971
            0.430000  0.900000  0.410000
   -3.215   -0.280    2.118    4.265    8.007   10.967   11.223   13.002
            0.430000  0.900000  0.420000
   -3.250   -0.247    2.142    4.292    8.025   10.985   11.118   13.024
            0.430000  0.900000  0.430000
   -3.284   -0.213    2.166    4.316    8.048   10.986   11.029   13.015
            0.430000  0.900000  0.440000
   -3.318   -0.179    2.191    4.338    8.074   10.898   11.031   12.950
            0.430000  0.900000  0.450000
   -3.352   -0.144    2.217    4.356    8.105   10.794   11.049   12.852
            0.430000  0.900000  0.460000
   -3.386   -0.109    2.244    4.373    8.139   10.689   11.068   12.746
            0.430000  0.900000  0.470000
   -3.419   -0.074    2.271    4.387    8.178   10.585   11.087   12.636
            0.430000  0.900000  0.480000
   -3.452   -0.037    2.299    4.398    8.220   10.482   11.106   12.525
            0.430000  0.900000  0.490000
   -3.485   -0.001    2.328    4.407    8.265   10.379   11.125   12.415
            0.430000  0.900000  0.500000
   -3.517    0.037    2.358    4.414    8.315   10.277   11.143   12.305
            0.430000  0.900000  0.510000
   -3.549    0.074    2.389    4.418    8.367   10.175   11.162   12.197
            0.430000  0.900000  0.520000
   -3.580    0.112    2.420    4.421    8.423   10.075   11.179   12.089
            0.430000  0.900000  0.530000
   -3.611    0.151    2.452    4.421    8.482    9.976   11.195   11.984
            0.430000  0.900000  0.540000
   -3.641    0.190    2.484    4.419    8.543    9.877   11.210   11.881
            0.430000  0.900000  0.550000
   -3.671    0.229    2.517    4.416    8.608    9.781   11.222   11.781
            0.430000  0.900000  0.560000
   -3.701    0.269    2.551    4.411    8.674    9.685   11.230   11.687
            0.430000  0.900000  0.570000
   -3.730    0.309    2.585    4.404    8.742    9.591   11.230   11.601
            0.430000  0.900000  0.580000
   -3.758    0.349    2.619    4.396    8.812    9.500   11.216   11.530
            0.430000  0.900000  0.590000
   -3.786    0.390    2.654    4.387    8.881    9.412   11.181   11.481
            0.430000  0.900000  0.600000
   -3.814    0.431    2.690    4.376    8.947    9.331   11.122   11.457
            0.430000  0.900000  0.610000
   -3.840    0.472    2.726    4.365    9.000    9.266   11.047   11.451
            0.430000  0.900000  0.620000
   -3.867    0.513    2.762    4.352    9.013    9.244   10.962   11.454
            0.430000  0.900000  0.630000
   -3.892    0.555    2.798    4.338    8.971    9.279   10.873   11.463
            0.430000  0.900000  0.640000
   -3.918    0.597    2.835    4.324    8.903    9.345   10.783   11.475
            0.430000  0.900000  0.650000
   -3.942    0.639    2.872    4.309    8.825    9.422   10.692   11.488
            0.430000  0.900000  0.660000
   -3.966    0.681    2.909    4.293    8.745    9.504   10.601   11.503
            0.430000  0.900000  0.670000
   -3.990    0.724    2.946    4.276    8.665    9.589   10.511   11.517
            0.430000  0.900000  0.680000
   -4.012    0.766    2.983    4.259    8.586    9.676   10.423   11.532
            0.430000  0.900000  0.690000
   -4.034    0.808    3.021    4.242    8.507    9.763   10.336   11.547
            0.430000  0.900000  0.700000
   -4.056    0.850    3.058    4.224    8.430    9.851   10.252   11.562
            0.430000  0.900000  0.710000
   -4.077    0.893    3.095    4.206    8.354    9.934   10.174   11.577
            0.430000  0.900000  0.720000
   -4.097    0.935    3.132    4.187    8.280    9.994   10.122   11.592
            0.430000  0.900000  0.730000
   -4.116    0.977    3.169    4.169    8.207    9.967   10.159   11.606
            0.430000  0.900000  0.740000
   -4.135    1.018    3.205    4.150    8.137    9.898   10.241   11.620
            0.430000  0.900000  0.750000
   -4.154    1.060    3.241    4.131    8.068    9.823   10.331   11.634
            0.430000  0.900000  0.760000
   -4.171    1.100    3.276    4.112    8.001    9.748   10.422   11.648
            0.430000  0.900000  0.770000
   -4.188    1.141    3.311    4.094    7.937    9.674   10.515   11.661
            0.430000  0.900000  0.780000
   -4.204    1.181    3.345    4.075    7.874    9.602   10.607   11.674
            0.430000  0.900000  0.790000
   -4.220    1.220    3.379    4.057    7.814    9.532   10.699   11.687
            0.430000  0.900000  0.800000
   -4.234    1.259    3.411    4.039    7.756    9.464   10.791   11.699
            0.430000  0.900000  0.810000
   -4.249    1.297    3.442    4.021    7.700    9.399   10.882   11.712
            0.430000  0.900000  0.820000
   -4.262    1.334    3.472    4.004    7.647    9.336   10.972   11.724
            0.430000  0.900000  0.830000
   -4.275    1.370    3.501    3.988    7.596    9.275   11.060   11.736
            0.430000  0.900000  0.840000
   -4.287    1.404    3.529    3.972    7.547    9.217   11.147   11.749
            0.430000  0.900000  0.850000
   -4.298    1.438    3.554    3.958    7.502    9.162   11.230   11.762
            0.430000  0.900000  0.860000
   -4.308    1.471    3.578    3.945    7.459    9.110   11.311   11.776
            0.430000  0.900000  0.870000
   -4.318    1.501    3.599    3.933    7.418    9.061   11.388   11.792
            0.430000  0.900000  0.880000
   -4.327    1.531    3.619    3.922    7.381    9.015   11.458   11.810
            0.430000  0.900000  0.890000
   -4.336    1.558    3.635    3.914    7.346    8.972   11.522   11.833
            0.430000  0.900000  0.900000
   -4.344    1.584    3.649    3.907    7.314    8.932   11.577   11.860
            0.430000  0.900000  0.910000
   -4.350    1.608    3.660    3.903    7.285    8.896   11.621   11.893
            0.430000  0.900000  0.920000
   -4.357    1.630    3.668    3.900    7.259    8.864   11.655   11.932
            0.430000  0.900000  0.930000
   -4.362    1.649    3.674    3.899    7.236    8.835   11.680   11.974
            0.430000  0.900000  0.940000
   -4.367    1.667    3.678    3.900    7.216    8.809   11.698   12.016
            0.430000  0.900000  0.950000
   -4.371    1.681    3.680    3.901    7.199    8.788   11.711   12.055
            0.430000  0.900000  0.960000
   -4.374    1.694    3.681    3.903    7.185    8.770   11.720   12.091
            0.430000  0.900000  0.970000
   -4.377    1.703    3.682    3.905    7.174    8.756   11.727   12.120
            0.430000  0.900000  0.980000
   -4.379    1.710    3.682    3.906    7.166    8.746   11.731   12.141
            0.430000  0.900000  0.990000
   -4.380    1.714    3.682    3.907    7.162    8.740   11.734   12.155
            0.430000  0.900000  1.000000
   -4.380    1.716    3.681    3.908    7.160    8.738   11.735   12.159
