 &plot nbnd=   8, nks=   101 /
            0.530000  0.670000  0.000000
   -3.025   -0.300    1.832    3.917    8.237   10.850   11.693   12.652
            0.530000  0.670000  0.010000
   -3.025   -0.301    1.835    3.918    8.237   10.843   11.701   12.646
            0.530000  0.670000  0.020000
   -3.025   -0.305    1.842    3.919    8.238   10.820   11.724   12.629
            0.530000  0.670000  0.030000
   -3.026   -0.312    1.853    3.921    8.240   10.786   11.761   12.602
            0.530000  0.670000  0.040000
   -3.027   -0.321    1.869    3.923    8.242   10.742   11.807   12.566
            0.530000  0.670000  0.050000
   -3.028   -0.332    1.889    3.926    8.246   10.691   11.861   12.523
            0.530000  0.670000  0.060000
   -3.030   -0.346    1.914    3.930    8.250   10.634   11.920   12.476
            0.530000  0.670000  0.070000
   -3.032   -0.361    1.942    3.934    8.254   10.574   11.978   12.427
            0.530000  0.670000  0.080000
   -3.034   -0.379    1.974    3.940    8.260   10.511   12.032   12.383
            0.530000  0.670000  0.090000
   -3.037   -0.397    2.009    3.945    8.266   10.447   12.068   12.356
            0.530000  0.670000  0.100000
   -3.040   -0.417    2.047    3.952    8.272   10.382   12.070   12.362
            0.530000  0.670000  0.110000
   -3.043   -0.438    2.089    3.959    8.280   10.316   12.036   12.405
            0.530000  0.670000  0.120000
   -3.047   -0.460    2.133    3.967    8.287   10.249   11.981   12.468
            0.530000  0.670000  0.130000
   -3.052   -0.482    2.179    3.976    8.296   10.183   11.916   12.541
            0.530000  0.670000  0.140000
   -3.057   -0.504    2.228    3.985    8.305   10.117   11.846   12.621
            0.530000  0.670000  0.150000
   -3.062   -0.526    2.279    3.995    8.314   10.051   11.773   12.703
            0.530000  0.670000  0.160000
   -3.068   -0.548    2.332    4.006    8.324    9.986   11.697   12.787
            0.530000  0.670000  0.170000
   -3.075   -0.570    2.386    4.018    8.334    9.921   11.621   12.873
            0.530000  0.670000  0.180000
   -3.082   -0.592    2.442    4.030    8.345    9.858   11.544   12.960
            0.530000  0.670000  0.190000
   -3.090   -0.612    2.499    4.043    8.356    9.795   11.467   13.047
            0.530000  0.670000  0.200000
   -3.099   -0.632    2.557    4.056    8.367    9.733   11.389   13.134
            0.530000  0.670000  0.210000
   -3.108   -0.651    2.617    4.071    8.377    9.673   11.312   13.221
            0.530000  0.670000  0.220000
   -3.118   -0.669    2.677    4.086    8.388    9.614   11.235   13.305
            0.530000  0.670000  0.230000
   -3.129   -0.685    2.737    4.101    8.399    9.556   11.158   13.383
            0.530000  0.670000  0.240000
   -3.140   -0.700    2.798    4.118    8.409    9.501   11.081   13.447
            0.530000  0.670000  0.250000
   -3.152   -0.714    2.860    4.135    8.418    9.447   11.005   13.489
            0.530000  0.670000  0.260000
   -3.166   -0.727    2.922    4.153    8.426    9.396   10.930   13.516
            0.530000  0.670000  0.270000
   -3.179   -0.737    2.984    4.172    8.433    9.347   10.855   13.537
            0.530000  0.670000  0.280000
   -3.194   -0.747    3.045    4.191    8.438    9.301   10.781   13.556
            0.530000  0.670000  0.290000
   -3.210   -0.754    3.107    4.212    8.441    9.259   10.708   13.573
            0.530000  0.670000  0.300000
   -3.226   -0.760    3.168    4.233    8.442    9.221   10.636   13.589
            0.530000  0.670000  0.310000
   -3.243   -0.764    3.229    4.255    8.439    9.187   10.565   13.606
            0.530000  0.670000  0.320000
   -3.261   -0.767    3.290    4.277    8.432    9.159   10.496   13.622
            0.530000  0.670000  0.330000
   -3.279   -0.767    3.349    4.301    8.422    9.135   10.427   13.638
            0.530000  0.670000  0.340000
   -3.298   -0.766    3.408    4.325    8.407    9.117   10.359   13.653
            0.530000  0.670000  0.350000
   -3.318   -0.763    3.466    4.350    8.389    9.105   10.293   13.669
            0.530000  0.670000  0.360000
   -3.339   -0.759    3.522    4.375    8.366    9.098   10.229   13.684
            0.530000  0.670000  0.370000
   -3.360   -0.752    3.578    4.401    8.340    9.095   10.165   13.699
            0.530000  0.670000  0.380000
   -3.382   -0.744    3.632    4.428    8.311    9.097   10.104   13.713
            0.530000  0.670000  0.390000
   -3.404   -0.734    3.684    4.456    8.279    9.103   10.044   13.727
            0.530000  0.670000  0.400000
   -3.426   -0.723    3.736    4.483    8.246    9.112    9.985   13.741
            0.530000  0.670000  0.410000
   -3.450   -0.710    3.785    4.511    8.211    9.124    9.929   13.753
            0.530000  0.670000  0.420000
   -3.473   -0.695    3.833    4.540    8.176    9.139    9.874   13.765
            0.530000  0.670000  0.430000
   -3.497   -0.678    3.879    4.568    8.140    9.155    9.821   13.776
            0.530000  0.670000  0.440000
   -3.521   -0.660    3.924    4.596    8.104    9.173    9.770   13.786
            0.530000  0.670000  0.450000
   -3.546   -0.641    3.966    4.623    8.069    9.192    9.722   13.795
            0.530000  0.670000  0.460000
   -3.570   -0.620    4.008    4.650    8.035    9.212    9.675   13.802
            0.530000  0.670000  0.470000
   -3.595   -0.597    4.047    4.676    8.003    9.233    9.631   13.808
            0.530000  0.670000  0.480000
   -3.620   -0.573    4.085    4.700    7.971    9.255    9.589   13.812
            0.530000  0.670000  0.490000
   -3.645   -0.548    4.121    4.722    7.942    9.277    9.549   13.815
            0.530000  0.670000  0.500000
   -3.670   -0.521    4.156    4.743    7.915    9.299    9.512   13.814
            0.530000  0.670000  0.510000
   -3.695   -0.493    4.190    4.761    7.890    9.320    9.479   13.811
            0.530000  0.670000  0.520000
   -3.720   -0.464    4.222    4.777    7.867    9.339    9.450   13.804
            0.530000  0.670000  0.530000
   -3.745   -0.433    4.253    4.790    7.848    9.352    9.430   13.793
            0.530000  0.670000  0.540000
   -3.770   -0.401    4.283    4.800    7.832    9.349    9.428   13.776
            0.530000  0.670000  0.550000
   -3.794   -0.368    4.312    4.806    7.818    9.334    9.441   13.752
            0.530000  0.670000  0.560000
   -3.819   -0.334    4.339    4.808    7.808    9.314    9.461   13.721
            0.530000  0.670000  0.570000
   -3.843   -0.298    4.366    4.807    7.802    9.295    9.483   13.682
            0.530000  0.670000  0.580000
   -3.867   -0.262    4.391    4.802    7.799    9.276    9.506   13.634
            0.530000  0.670000  0.590000
   -3.891   -0.224    4.416    4.793    7.800    9.259    9.530   13.578
            0.530000  0.670000  0.600000
   -3.914   -0.186    4.439    4.781    7.804    9.245    9.554   13.514
            0.530000  0.670000  0.610000
   -3.938   -0.146    4.462    4.764    7.811    9.232    9.579   13.445
            0.530000  0.670000  0.620000
   -3.960   -0.106    4.483    4.744    7.822    9.221    9.603   13.370
            0.530000  0.670000  0.630000
   -3.983   -0.064    4.504    4.720    7.836    9.212    9.628   13.291
            0.530000  0.670000  0.640000
   -4.005   -0.022    4.522    4.693    7.853    9.205    9.653   13.209
            0.530000  0.670000  0.650000
   -4.027    0.021    4.539    4.664    7.873    9.199    9.679   13.125
            0.530000  0.670000  0.660000
   -4.048    0.065    4.551    4.636    7.896    9.196    9.705   13.038
            0.530000  0.670000  0.670000
   -4.069    0.110    4.549    4.617    7.921    9.194    9.731   12.951
            0.530000  0.670000  0.680000
   -4.089    0.156    4.525    4.618    7.948    9.193    9.758   12.863
            0.530000  0.670000  0.690000
   -4.109    0.202    4.487    4.629    7.978    9.194    9.786   12.774
            0.530000  0.670000  0.700000
   -4.128    0.249    4.443    4.642    8.009    9.195    9.815   12.685
            0.530000  0.670000  0.710000
   -4.147    0.297    4.396    4.656    8.043    9.198    9.844   12.596
            0.530000  0.670000  0.720000
   -4.165    0.346    4.346    4.670    8.078    9.201    9.875   12.507
            0.530000  0.670000  0.730000
   -4.183    0.394    4.294    4.683    8.114    9.206    9.906   12.419
            0.530000  0.670000  0.740000
   -4.200    0.444    4.241    4.696    8.151    9.210    9.939   12.331
            0.530000  0.670000  0.750000
   -4.217    0.494    4.186    4.708    8.190    9.215    9.973   12.244
            0.530000  0.670000  0.760000
   -4.233    0.544    4.130    4.720    8.230    9.220   10.008   12.158
            0.530000  0.670000  0.770000
   -4.248    0.595    4.073    4.731    8.270    9.226   10.044   12.072
            0.530000  0.670000  0.780000
   -4.263    0.646    4.015    4.741    8.311    9.231   10.081   11.988
            0.530000  0.670000  0.790000
   -4.277    0.697    3.956    4.751    8.353    9.236   10.120   11.905
            0.530000  0.670000  0.800000
   -4.291    0.748    3.897    4.760    8.396    9.241   10.160   11.824
            0.530000  0.670000  0.810000
   -4.304    0.800    3.838    4.769    8.439    9.245   10.201   11.744
            0.530000  0.670000  0.820000
   -4.316    0.851    3.779    4.777    8.482    9.249   10.243   11.666
            0.530000  0.670000  0.830000
   -4.328    0.902    3.720    4.785    8.526    9.252   10.286   11.589
            0.530000  0.670000  0.840000
   -4.339    0.953    3.661    4.792    8.569    9.255   10.329   11.515
            0.530000  0.670000  0.850000
   -4.350    1.003    3.603    4.798    8.613    9.257   10.373   11.443
            0.530000  0.670000  0.860000
   -4.360    1.053    3.546    4.805    8.657    9.259   10.416   11.373
            0.530000  0.670000  0.870000
   -4.369    1.101    3.490    4.810    8.700    9.260   10.460   11.306
            0.530000  0.670000  0.880000
   -4.377    1.149    3.436    4.815    8.743    9.260   10.503   11.242
            0.530000  0.670000  0.890000
   -4.385    1.195    3.383    4.820    8.785    9.259   10.545   11.181
            0.530000  0.670000  0.900000
   -4.392    1.240    3.333    4.824    8.827    9.257   10.585   11.124
            0.530000  0.670000  0.910000
   -4.399    1.282    3.285    4.828    8.867    9.254   10.623   11.072
            0.530000  0.670000  0.920000
   -4.405    1.322    3.239    4.831    8.907    9.250   10.659   11.024
            0.530000  0.670000  0.930000
   -4.410    1.359    3.198    4.834    8.945    9.244   10.690   10.982
            0.530000  0.670000  0.940000
   -4.414    1.393    3.160    4.837    8.981    9.237   10.717   10.947
            0.530000  0.670000  0.950000
   -4.418    1.423    3.127    4.839    9.015    9.228   10.736   10.920
            0.530000  0.670000  0.960000
   -4.421    1.448    3.099    4.840    9.047    9.218   10.748   10.903
            0.530000  0.670000  0.970000
   -4.424    1.469    3.076    4.842    9.077    9.205   10.752   10.895
            0.530000  0.670000  0.980000
   -4.425    1.483    3.060    4.843    9.104    9.191   10.751   10.893
            0.530000  0.670000  0.990000
   -4.426    1.493    3.050    4.843    9.128    9.174   10.749   10.894
            0.530000  0.670000  1.000000
   -4.427    1.496    3.046    4.843    9.143    9.162   10.748   10.894
