 &plot nbnd=   8, nks=   101 /
            0.500000  0.200000  0.000000
   -4.574    1.917    3.524    4.420    7.974    9.595   10.408   11.419
            0.500000  0.200000  0.010000
   -4.573    1.915    3.526    4.419    7.973    9.597   10.407   11.416
            0.500000  0.200000  0.020000
   -4.572    1.907    3.533    4.417    7.973    9.604   10.406   11.406
            0.500000  0.200000  0.030000
   -4.570    1.895    3.545    4.415    7.971    9.616   10.404   11.390
            0.500000  0.200000  0.040000
   -4.568    1.878    3.560    4.411    7.970    9.632   10.400   11.368
            0.500000  0.200000  0.050000
   -4.564    1.857    3.580    4.405    7.968    9.653   10.396   11.341
            0.500000  0.200000  0.060000
   -4.560    1.831    3.603    4.399    7.967    9.677   10.391   11.309
            0.500000  0.200000  0.070000
   -4.555    1.803    3.630    4.392    7.965    9.705   10.385   11.272
            0.500000  0.200000  0.080000
   -4.550    1.771    3.659    4.384    7.964    9.736   10.379   11.233
            0.500000  0.200000  0.090000
   -4.544    1.736    3.690    4.375    7.964    9.769   10.373   11.190
            0.500000  0.200000  0.100000
   -4.537    1.698    3.723    4.364    7.964    9.804   10.366   11.146
            0.500000  0.200000  0.110000
   -4.529    1.659    3.758    4.353    7.965    9.839   10.361   11.099
            0.500000  0.200000  0.120000
   -4.520    1.617    3.794    4.342    7.967    9.874   10.357   11.053
            0.500000  0.200000  0.130000
   -4.511    1.574    3.830    4.330    7.971    9.905   10.357   11.006
            0.500000  0.200000  0.140000
   -4.501    1.530    3.866    4.318    7.976    9.931   10.363   10.959
            0.500000  0.200000  0.150000
   -4.491    1.484    3.901    4.306    7.983    9.949   10.377   10.913
            0.500000  0.200000  0.160000
   -4.479    1.437    3.934    4.295    7.992    9.956   10.401   10.868
            0.500000  0.200000  0.170000
   -4.467    1.390    3.965    4.286    8.002    9.952   10.436   10.825
            0.500000  0.200000  0.180000
   -4.455    1.342    3.992    4.280    8.015    9.937   10.481   10.784
            0.500000  0.200000  0.190000
   -4.441    1.293    4.012    4.278    8.029    9.913   10.533   10.745
            0.500000  0.200000  0.200000
   -4.427    1.244    4.025    4.284    8.046    9.883   10.592   10.708
            0.500000  0.200000  0.210000
   -4.412    1.195    4.029    4.296    8.065    9.846   10.651   10.680
            0.500000  0.200000  0.220000
   -4.396    1.145    4.025    4.316    8.085    9.804   10.636   10.730
            0.500000  0.200000  0.230000
   -4.380    1.096    4.014    4.340    8.108    9.760   10.606   10.803
            0.500000  0.200000  0.240000
   -4.363    1.046    3.998    4.368    8.133    9.712   10.575   10.879
            0.500000  0.200000  0.250000
   -4.346    0.997    3.978    4.397    8.159    9.663   10.546   10.958
            0.500000  0.200000  0.260000
   -4.327    0.947    3.956    4.427    8.188    9.612   10.518   11.039
            0.500000  0.200000  0.270000
   -4.308    0.898    3.931    4.457    8.218    9.561   10.491   11.123
            0.500000  0.200000  0.280000
   -4.289    0.849    3.905    4.487    8.249    9.511   10.465   11.208
            0.500000  0.200000  0.290000
   -4.269    0.800    3.877    4.517    8.281    9.461   10.438   11.296
            0.500000  0.200000  0.300000
   -4.248    0.752    3.849    4.545    8.314    9.414   10.413   11.385
            0.500000  0.200000  0.310000
   -4.226    0.704    3.819    4.572    8.347    9.368   10.387   11.476
            0.500000  0.200000  0.320000
   -4.204    0.656    3.789    4.597    8.379    9.327   10.362   11.569
            0.500000  0.200000  0.330000
   -4.181    0.609    3.758    4.621    8.409    9.290   10.337   11.662
            0.500000  0.200000  0.340000
   -4.158    0.562    3.726    4.643    8.437    9.259   10.312   11.758
            0.500000  0.200000  0.350000
   -4.134    0.516    3.694    4.663    8.461    9.236   10.286   11.854
            0.500000  0.200000  0.360000
   -4.109    0.470    3.661    4.681    8.480    9.221   10.261   11.952
            0.500000  0.200000  0.370000
   -4.084    0.425    3.628    4.697    8.492    9.216   10.236   12.051
            0.500000  0.200000  0.380000
   -4.058    0.380    3.594    4.710    8.497    9.223   10.210   12.151
            0.500000  0.200000  0.390000
   -4.032    0.336    3.561    4.721    8.496    9.240   10.185   12.253
            0.500000  0.200000  0.400000
   -4.005    0.293    3.527    4.730    8.488    9.267   10.160   12.355
            0.500000  0.200000  0.410000
   -3.978    0.250    3.493    4.736    8.476    9.304   10.134   12.458
            0.500000  0.200000  0.420000
   -3.950    0.208    3.458    4.740    8.460    9.348   10.109   12.562
            0.500000  0.200000  0.430000
   -3.922    0.166    3.424    4.741    8.442    9.398   10.084   12.667
            0.500000  0.200000  0.440000
   -3.893    0.125    3.389    4.739    8.423    9.454   10.059   12.773
            0.500000  0.200000  0.450000
   -3.864    0.085    3.355    4.734    8.405    9.513   10.035   12.879
            0.500000  0.200000  0.460000
   -3.834    0.046    3.320    4.726    8.386    9.575   10.013   12.986
            0.500000  0.200000  0.470000
   -3.804    0.008    3.286    4.716    8.370    9.638    9.992   13.093
            0.500000  0.200000  0.480000
   -3.773   -0.030    3.251    4.703    8.355    9.699    9.977   13.198
            0.500000  0.200000  0.490000
   -3.742   -0.067    3.217    4.687    8.342    9.752    9.972   13.296
            0.500000  0.200000  0.500000
   -3.711   -0.103    3.182    4.668    8.332    9.787    9.987   13.364
            0.500000  0.200000  0.510000
   -3.679   -0.139    3.148    4.647    8.324    9.797   10.030   13.364
            0.500000  0.200000  0.520000
   -3.647   -0.173    3.114    4.623    8.319    9.789   10.092   13.332
            0.500000  0.200000  0.530000
   -3.615   -0.207    3.079    4.596    8.317    9.773   10.165   13.295
            0.500000  0.200000  0.540000
   -3.583   -0.239    3.045    4.567    8.318    9.752   10.244   13.256
            0.500000  0.200000  0.550000
   -3.550   -0.271    3.011    4.536    8.322    9.730   10.326   13.217
            0.500000  0.200000  0.560000
   -3.517   -0.302    2.978    4.502    8.329    9.706   10.410   13.179
            0.500000  0.200000  0.570000
   -3.484   -0.332    2.944    4.467    8.339    9.682   10.497   13.141
            0.500000  0.200000  0.580000
   -3.451   -0.361    2.910    4.429    8.352    9.658   10.585   13.104
            0.500000  0.200000  0.590000
   -3.417   -0.389    2.877    4.390    8.367    9.633   10.674   13.067
            0.500000  0.200000  0.600000
   -3.384   -0.417    2.844    4.350    8.386    9.609   10.765   13.032
            0.500000  0.200000  0.610000
   -3.350   -0.443    2.810    4.308    8.407    9.585   10.856   12.997
            0.500000  0.200000  0.620000
   -3.317   -0.468    2.777    4.265    8.431    9.561   10.949   12.963
            0.500000  0.200000  0.630000
   -3.283   -0.492    2.745    4.221    8.457    9.537   11.042   12.930
            0.500000  0.200000  0.640000
   -3.250   -0.515    2.712    4.176    8.486    9.514   11.136   12.897
            0.500000  0.200000  0.650000
   -3.217   -0.537    2.679    4.131    8.517    9.491   11.230   12.865
            0.500000  0.200000  0.660000
   -3.184   -0.558    2.646    4.085    8.550    9.469   11.325   12.834
            0.500000  0.200000  0.670000
   -3.151   -0.578    2.614    4.039    8.586    9.447   11.421   12.804
            0.500000  0.200000  0.680000
   -3.119   -0.597    2.582    3.993    8.624    9.425   11.517   12.774
            0.500000  0.200000  0.690000
   -3.087   -0.615    2.549    3.947    8.663    9.404   11.614   12.745
            0.500000  0.200000  0.700000
   -3.055   -0.632    2.517    3.901    8.705    9.383   11.710   12.716
            0.500000  0.200000  0.710000
   -3.024   -0.647    2.485    3.856    8.749    9.363   11.807   12.688
            0.500000  0.200000  0.720000
   -2.993   -0.661    2.453    3.811    8.794    9.343   11.904   12.660
            0.500000  0.200000  0.730000
   -2.963   -0.675    2.422    3.767    8.841    9.325   12.001   12.632
            0.500000  0.200000  0.740000
   -2.933   -0.687    2.390    3.724    8.890    9.306   12.098   12.604
            0.500000  0.200000  0.750000
   -2.904   -0.698    2.358    3.682    8.940    9.289   12.193   12.576
            0.500000  0.200000  0.760000
   -2.876   -0.708    2.327    3.640    8.992    9.272   12.286   12.549
            0.500000  0.200000  0.770000
   -2.849   -0.717    2.296    3.600    9.045    9.256   12.370   12.528
            0.500000  0.200000  0.780000
   -2.822   -0.725    2.265    3.562    9.098    9.241   12.411   12.544
            0.500000  0.200000  0.790000
   -2.796   -0.731    2.235    3.524    9.150    9.230   12.389   12.617
            0.500000  0.200000  0.800000
   -2.772   -0.737    2.204    3.488    9.186    9.237   12.342   12.683
            0.500000  0.200000  0.810000
   -2.748   -0.742    2.175    3.454    9.185    9.283   12.281   12.635
            0.500000  0.200000  0.820000
   -2.725   -0.746    2.146    3.421    9.175    9.340   12.212   12.597
            0.500000  0.200000  0.830000
   -2.704   -0.748    2.117    3.390    9.163    9.400   12.137   12.565
            0.500000  0.200000  0.840000
   -2.683   -0.751    2.089    3.360    9.151    9.462   12.058   12.539
            0.500000  0.200000  0.850000
   -2.664   -0.752    2.062    3.333    9.140    9.525   11.976   12.516
            0.500000  0.200000  0.860000
   -2.645   -0.753    2.036    3.307    9.130    9.590   11.893   12.497
            0.500000  0.200000  0.870000
   -2.628   -0.753    2.011    3.283    9.120    9.655   11.809   12.480
            0.500000  0.200000  0.880000
   -2.613   -0.752    1.987    3.260    9.111    9.721   11.724   12.465
            0.500000  0.200000  0.890000
   -2.598   -0.751    1.965    3.240    9.103    9.787   11.640   12.452
            0.500000  0.200000  0.900000
   -2.585   -0.750    1.943    3.221    9.095    9.854   11.557   12.441
            0.500000  0.200000  0.910000
   -2.573   -0.749    1.924    3.204    9.088    9.922   11.475   12.430
            0.500000  0.200000  0.920000
   -2.562   -0.747    1.906    3.189    9.081    9.989   11.394   12.421
            0.500000  0.200000  0.930000
   -2.552   -0.745    1.890    3.175    9.076   10.056   11.315   12.413
            0.500000  0.200000  0.940000
   -2.544   -0.744    1.876    3.164    9.071   10.122   11.238   12.407
            0.500000  0.200000  0.950000
   -2.537   -0.742    1.863    3.154    9.067   10.186   11.166   12.401
            0.500000  0.200000  0.960000
   -2.531   -0.741    1.853    3.146    9.064   10.247   11.097   12.397
            0.500000  0.200000  0.970000
   -2.527   -0.740    1.845    3.140    9.061   10.302   11.037   12.393
            0.500000  0.200000  0.980000
   -2.524   -0.739    1.839    3.135    9.059   10.347   10.987   12.391
            0.500000  0.200000  0.990000
   -2.522   -0.738    1.836    3.132    9.058   10.379   10.953   12.389
            0.500000  0.200000  1.000000
   -2.521   -0.738    1.835    3.132    9.058   10.390   10.941   12.389
