 &plot nbnd=   8, nks=   101 /
            0.260000  0.360000  0.000000
   -4.958    2.524    3.807    5.300    8.863    9.102   10.038   11.056
            0.260000  0.360000  0.010000
   -4.957    2.520    3.811    5.300    8.859    9.103   10.038   11.059
            0.260000  0.360000  0.020000
   -4.956    2.509    3.823    5.298    8.849    9.106   10.035   11.067
            0.260000  0.360000  0.030000
   -4.954    2.491    3.841    5.295    8.834    9.111   10.032   11.080
            0.260000  0.360000  0.040000
   -4.951    2.466    3.866    5.291    8.813    9.116   10.026   11.099
            0.260000  0.360000  0.050000
   -4.948    2.436    3.897    5.285    8.788    9.122   10.020   11.123
            0.260000  0.360000  0.060000
   -4.944    2.401    3.933    5.278    8.759    9.128   10.012   11.152
            0.260000  0.360000  0.070000
   -4.939    2.362    3.973    5.270    8.727    9.133   10.004   11.185
            0.260000  0.360000  0.080000
   -4.933    2.319    4.017    5.261    8.692    9.138    9.994   11.222
            0.260000  0.360000  0.090000
   -4.926    2.273    4.063    5.251    8.655    9.143    9.984   11.264
            0.260000  0.360000  0.100000
   -4.919    2.225    4.112    5.239    8.616    9.147    9.973   11.309
            0.260000  0.360000  0.110000
   -4.911    2.175    4.163    5.227    8.575    9.150    9.962   11.357
            0.260000  0.360000  0.120000
   -4.902    2.123    4.214    5.213    8.533    9.154    9.950   11.409
            0.260000  0.360000  0.130000
   -4.892    2.070    4.267    5.198    8.490    9.157    9.937   11.463
            0.260000  0.360000  0.140000
   -4.881    2.016    4.320    5.182    8.447    9.160    9.924   11.521
            0.260000  0.360000  0.150000
   -4.870    1.961    4.374    5.166    8.402    9.164    9.910   11.581
            0.260000  0.360000  0.160000
   -4.858    1.906    4.427    5.148    8.358    9.167    9.896   11.643
            0.260000  0.360000  0.170000
   -4.845    1.850    4.480    5.129    8.314    9.171    9.881   11.708
            0.260000  0.360000  0.180000
   -4.832    1.794    4.532    5.110    8.270    9.176    9.866   11.775
            0.260000  0.360000  0.190000
   -4.818    1.738    4.582    5.090    8.226    9.181    9.850   11.845
            0.260000  0.360000  0.200000
   -4.803    1.681    4.631    5.069    8.184    9.186    9.834   11.916
            0.260000  0.360000  0.210000
   -4.787    1.625    4.678    5.048    8.143    9.193    9.817   11.989
            0.260000  0.360000  0.220000
   -4.770    1.569    4.722    5.027    8.103    9.200    9.799   12.063
            0.260000  0.360000  0.230000
   -4.753    1.513    4.763    5.006    8.065    9.209    9.781   12.140
            0.260000  0.360000  0.240000
   -4.735    1.457    4.797    4.988    8.030    9.218    9.762   12.218
            0.260000  0.360000  0.250000
   -4.716    1.401    4.824    4.975    7.996    9.228    9.743   12.297
            0.260000  0.360000  0.260000
   -4.697    1.346    4.836    4.972    7.966    9.239    9.723   12.378
            0.260000  0.360000  0.270000
   -4.677    1.291    4.833    4.980    7.938    9.252    9.702   12.461
            0.260000  0.360000  0.280000
   -4.656    1.236    4.818    4.997    7.914    9.265    9.682   12.544
            0.260000  0.360000  0.290000
   -4.634    1.182    4.796    5.015    7.894    9.279    9.661   12.629
            0.260000  0.360000  0.300000
   -4.612    1.129    4.770    5.032    7.877    9.294    9.640   12.715
            0.260000  0.360000  0.310000
   -4.589    1.075    4.742    5.047    7.864    9.310    9.619   12.802
            0.260000  0.360000  0.320000
   -4.565    1.023    4.713    5.058    7.856    9.326    9.599   12.889
            0.260000  0.360000  0.330000
   -4.541    0.971    4.682    5.065    7.852    9.342    9.580   12.977
            0.260000  0.360000  0.340000
   -4.515    0.919    4.650    5.068    7.852    9.356    9.563   13.063
            0.260000  0.360000  0.350000
   -4.490    0.868    4.617    5.066    7.856    9.368    9.551   13.146
            0.260000  0.360000  0.360000
   -4.463    0.817    4.583    5.060    7.865    9.374    9.545   13.198
            0.260000  0.360000  0.370000
   -4.436    0.768    4.549    5.050    7.877    9.373    9.548   13.173
            0.260000  0.360000  0.380000
   -4.408    0.718    4.514    5.036    7.894    9.365    9.560   13.120
            0.260000  0.360000  0.390000
   -4.380    0.670    4.478    5.017    7.913    9.352    9.578   13.062
            0.260000  0.360000  0.400000
   -4.351    0.622    4.441    4.996    7.936    9.335    9.603   13.004
            0.260000  0.360000  0.410000
   -4.321    0.574    4.403    4.971    7.961    9.316    9.631   12.946
            0.260000  0.360000  0.420000
   -4.291    0.528    4.365    4.942    7.989    9.297    9.662   12.889
            0.260000  0.360000  0.430000
   -4.260    0.482    4.325    4.912    8.018    9.278    9.696   12.833
            0.260000  0.360000  0.440000
   -4.228    0.436    4.285    4.878    8.049    9.259    9.732   12.778
            0.260000  0.360000  0.450000
   -4.196    0.392    4.243    4.843    8.080    9.243    9.771   12.723
            0.260000  0.360000  0.460000
   -4.163    0.348    4.201    4.807    8.111    9.228    9.811   12.670
            0.260000  0.360000  0.470000
   -4.130    0.304    4.157    4.769    8.141    9.216    9.853   12.618
            0.260000  0.360000  0.480000
   -4.096    0.262    4.112    4.730    8.169    9.208    9.897   12.567
            0.260000  0.360000  0.490000
   -4.062    0.220    4.066    4.690    8.195    9.203    9.942   12.517
            0.260000  0.360000  0.500000
   -4.027    0.179    4.019    4.650    8.219    9.203    9.989   12.469
            0.260000  0.360000  0.510000
   -3.991    0.139    3.970    4.610    8.238    9.208   10.038   12.421
            0.260000  0.360000  0.520000
   -3.955    0.099    3.920    4.570    8.254    9.218   10.088   12.375
            0.260000  0.360000  0.530000
   -3.919    0.060    3.869    4.531    8.265    9.234   10.140   12.329
            0.260000  0.360000  0.540000
   -3.882    0.022    3.816    4.492    8.271    9.256   10.194   12.285
            0.260000  0.360000  0.550000
   -3.845   -0.016    3.762    4.453    8.273    9.283   10.249   12.242
            0.260000  0.360000  0.560000
   -3.807   -0.052    3.707    4.416    8.271    9.316   10.305   12.200
            0.260000  0.360000  0.570000
   -3.769   -0.088    3.650    4.379    8.265    9.353   10.363   12.159
            0.260000  0.360000  0.580000
   -3.731   -0.123    3.592    4.343    8.255    9.395   10.423   12.119
            0.260000  0.360000  0.590000
   -3.692   -0.158    3.534    4.309    8.242    9.440   10.484   12.080
            0.260000  0.360000  0.600000
   -3.653   -0.191    3.474    4.275    8.227    9.489   10.546   12.043
            0.260000  0.360000  0.610000
   -3.614   -0.224    3.413    4.242    8.210    9.541   10.610   12.006
            0.260000  0.360000  0.620000
   -3.574   -0.256    3.352    4.210    8.192    9.595   10.675   11.971
            0.260000  0.360000  0.630000
   -3.534   -0.287    3.290    4.180    8.172    9.652   10.742   11.936
            0.260000  0.360000  0.640000
   -3.494   -0.318    3.228    4.150    8.151    9.710   10.809   11.903
            0.260000  0.360000  0.650000
   -3.454   -0.347    3.165    4.121    8.129    9.770   10.878   11.871
            0.260000  0.360000  0.660000
   -3.414   -0.376    3.103    4.094    8.107    9.831   10.948   11.839
            0.260000  0.360000  0.670000
   -3.373   -0.404    3.040    4.067    8.084    9.894   11.019   11.809
            0.260000  0.360000  0.680000
   -3.333   -0.432    2.977    4.041    8.062    9.957   11.091   11.780
            0.260000  0.360000  0.690000
   -3.293   -0.458    2.914    4.016    8.039   10.022   11.164   11.753
            0.260000  0.360000  0.700000
   -3.252   -0.484    2.851    3.992    8.016   10.087   11.238   11.726
            0.260000  0.360000  0.710000
   -3.212   -0.509    2.789    3.969    7.994   10.153   11.313   11.701
            0.260000  0.360000  0.720000
   -3.172   -0.533    2.727    3.947    7.972   10.219   11.388   11.677
            0.260000  0.360000  0.730000
   -3.132   -0.556    2.666    3.926    7.950   10.286   11.464   11.655
            0.260000  0.360000  0.740000
   -3.093   -0.579    2.606    3.905    7.928   10.354   11.536   11.638
            0.260000  0.360000  0.750000
   -3.054   -0.601    2.547    3.885    7.907   10.421   11.584   11.647
            0.260000  0.360000  0.760000
   -3.015   -0.621    2.488    3.866    7.887   10.489   11.580   11.711
            0.260000  0.360000  0.770000
   -2.977   -0.642    2.430    3.848    7.867   10.557   11.565   11.788
            0.260000  0.360000  0.780000
   -2.939   -0.661    2.374    3.831    7.848   10.625   11.550   11.867
            0.260000  0.360000  0.790000
   -2.902   -0.679    2.319    3.815    7.830   10.693   11.536   11.947
            0.260000  0.360000  0.800000
   -2.866   -0.697    2.266    3.799    7.812   10.759   11.523   12.027
            0.260000  0.360000  0.810000
   -2.830   -0.714    2.213    3.784    7.795   10.825   11.513   12.108
            0.260000  0.360000  0.820000
   -2.796   -0.730    2.163    3.770    7.779   10.889   11.506   12.189
            0.260000  0.360000  0.830000
   -2.762   -0.745    2.114    3.757    7.763   10.951   11.502   12.271
            0.260000  0.360000  0.840000
   -2.730   -0.759    2.068    3.744    7.748   11.010   11.503   12.352
            0.260000  0.360000  0.850000
   -2.698   -0.773    2.023    3.732    7.734   11.063   11.511   12.433
            0.260000  0.360000  0.860000
   -2.669   -0.786    1.980    3.721    7.721   11.110   11.526   12.513
            0.260000  0.360000  0.870000
   -2.640   -0.797    1.940    3.711    7.709   11.148   11.551   12.592
            0.260000  0.360000  0.880000
   -2.613   -0.808    1.902    3.702    7.698   11.177   11.585   12.670
            0.260000  0.360000  0.890000
   -2.588   -0.819    1.867    3.693    7.687   11.198   11.629   12.745
            0.260000  0.360000  0.900000
   -2.564   -0.828    1.834    3.685    7.678   11.212   11.681   12.815
            0.260000  0.360000  0.910000
   -2.543   -0.836    1.804    3.678    7.669   11.221   11.738   12.879
            0.260000  0.360000  0.920000
   -2.523   -0.844    1.776    3.671    7.661   11.226   11.799   12.930
            0.260000  0.360000  0.930000
   -2.506   -0.851    1.752    3.666    7.654   11.229   11.862   12.961
            0.260000  0.360000  0.940000
   -2.490   -0.857    1.731    3.661    7.648   11.230   11.925   12.963
            0.260000  0.360000  0.950000
   -2.477   -0.861    1.713    3.657    7.643   11.230   11.988   12.938
            0.260000  0.360000  0.960000
   -2.466   -0.866    1.698    3.653    7.639   11.230   12.047   12.897
            0.260000  0.360000  0.970000
   -2.457   -0.869    1.686    3.651    7.636   11.230   12.101   12.852
            0.260000  0.360000  0.980000
   -2.451   -0.871    1.678    3.649    7.633   11.230   12.145   12.812
            0.260000  0.360000  0.990000
   -2.447   -0.872    1.673    3.648    7.632   11.229   12.175   12.784
            0.260000  0.360000  1.000000
   -2.446   -0.873    1.671    3.647    7.631   11.229   12.186   12.773
