 &plot nbnd=   8, nks=   101 /
            0.220000  0.140000  0.000000
   -5.493    4.165    4.965    5.663    8.475    8.935    9.215   10.680
            0.220000  0.140000  0.010000
   -5.493    4.160    4.969    5.662    8.475    8.931    9.219   10.683
            0.220000  0.140000  0.020000
   -5.492    4.145    4.981    5.658    8.476    8.918    9.230   10.690
            0.220000  0.140000  0.030000
   -5.490    4.121    5.000    5.652    8.477    8.899    9.245   10.703
            0.220000  0.140000  0.040000
   -5.487    4.090    5.025    5.643    8.478    8.878    9.262   10.721
            0.220000  0.140000  0.050000
   -5.483    4.052    5.054    5.632    8.478    8.856    9.280   10.744
            0.220000  0.140000  0.060000
   -5.478    4.010    5.086    5.619    8.475    8.837    9.297   10.771
            0.220000  0.140000  0.070000
   -5.473    3.963    5.120    5.604    8.469    8.823    9.312   10.804
            0.220000  0.140000  0.080000
   -5.467    3.913    5.154    5.587    8.459    8.814    9.326   10.840
            0.220000  0.140000  0.090000
   -5.460    3.860    5.187    5.569    8.444    8.813    9.336   10.881
            0.220000  0.140000  0.100000
   -5.452    3.806    5.218    5.550    8.426    8.818    9.344   10.926
            0.220000  0.140000  0.110000
   -5.443    3.750    5.246    5.532    8.404    8.830    9.350   10.974
            0.220000  0.140000  0.120000
   -5.433    3.692    5.269    5.516    8.381    8.847    9.353   11.025
            0.220000  0.140000  0.130000
   -5.423    3.634    5.284    5.503    8.357    8.868    9.355   11.079
            0.220000  0.140000  0.140000
   -5.412    3.574    5.290    5.495    8.334    8.893    9.354   11.135
            0.220000  0.140000  0.150000
   -5.400    3.514    5.285    5.494    8.312    8.920    9.352   11.193
            0.220000  0.140000  0.160000
   -5.387    3.454    5.270    5.498    8.292    8.949    9.349   11.252
            0.220000  0.140000  0.170000
   -5.373    3.393    5.248    5.505    8.275    8.978    9.347   11.312
            0.220000  0.140000  0.180000
   -5.359    3.332    5.221    5.512    8.261    9.007    9.345   11.371
            0.220000  0.140000  0.190000
   -5.343    3.271    5.189    5.517    8.251    9.034    9.345   11.430
            0.220000  0.140000  0.200000
   -5.327    3.210    5.155    5.520    8.244    9.058    9.349   11.486
            0.220000  0.140000  0.210000
   -5.310    3.148    5.119    5.519    8.241    9.077    9.359   11.540
            0.220000  0.140000  0.220000
   -5.292    3.087    5.082    5.515    8.242    9.090    9.375   11.589
            0.220000  0.140000  0.230000
   -5.274    3.026    5.043    5.507    8.246    9.097    9.399   11.631
            0.220000  0.140000  0.240000
   -5.254    2.964    5.003    5.494    8.254    9.098    9.430   11.664
            0.220000  0.140000  0.250000
   -5.234    2.903    4.963    5.478    8.266    9.094    9.466   11.687
            0.220000  0.140000  0.260000
   -5.213    2.842    4.921    5.457    8.280    9.088    9.507   11.697
            0.220000  0.140000  0.270000
   -5.191    2.781    4.879    5.433    8.296    9.081    9.551   11.694
            0.220000  0.140000  0.280000
   -5.168    2.720    4.836    5.405    8.313    9.074    9.597   11.677
            0.220000  0.140000  0.290000
   -5.145    2.660    4.793    5.374    8.331    9.069    9.646   11.649
            0.220000  0.140000  0.300000
   -5.120    2.600    4.749    5.339    8.349    9.065    9.697   11.610
            0.220000  0.140000  0.310000
   -5.095    2.539    4.705    5.302    8.365    9.066    9.749   11.564
            0.220000  0.140000  0.320000
   -5.069    2.479    4.661    5.262    8.379    9.070    9.802   11.512
            0.220000  0.140000  0.330000
   -5.043    2.420    4.616    5.219    8.390    9.081    9.856   11.454
            0.220000  0.140000  0.340000
   -5.015    2.360    4.571    5.175    8.396    9.097    9.912   11.394
            0.220000  0.140000  0.350000
   -4.987    2.301    4.526    5.129    8.397    9.120    9.968   11.330
            0.220000  0.140000  0.360000
   -4.958    2.242    4.480    5.082    8.394    9.149   10.025   11.265
            0.220000  0.140000  0.370000
   -4.928    2.183    4.434    5.033    8.387    9.184   10.083   11.199
            0.220000  0.140000  0.380000
   -4.897    2.124    4.388    4.983    8.375    9.225   10.141   11.132
            0.220000  0.140000  0.390000
   -4.866    2.066    4.342    4.932    8.359    9.271   10.200   11.064
            0.220000  0.140000  0.400000
   -4.834    2.008    4.295    4.881    8.340    9.321   10.260   10.997
            0.220000  0.140000  0.410000
   -4.801    1.950    4.248    4.829    8.319    9.374   10.320   10.931
            0.220000  0.140000  0.420000
   -4.767    1.892    4.200    4.778    8.295    9.431   10.380   10.865
            0.220000  0.140000  0.430000
   -4.733    1.834    4.152    4.726    8.270    9.490   10.439   10.802
            0.220000  0.140000  0.440000
   -4.697    1.777    4.104    4.674    8.243    9.551   10.496   10.743
            0.220000  0.140000  0.450000
   -4.661    1.719    4.055    4.623    8.215    9.613   10.541   10.698
            0.220000  0.140000  0.460000
   -4.625    1.662    4.006    4.572    8.187    9.677   10.548   10.692
            0.220000  0.140000  0.470000
   -4.587    1.605    3.957    4.522    8.157    9.740   10.512   10.734
            0.220000  0.140000  0.480000
   -4.549    1.548    3.907    4.472    8.127    9.802   10.464   10.791
            0.220000  0.140000  0.490000
   -4.510    1.491    3.857    4.424    8.096    9.862   10.415   10.855
            0.220000  0.140000  0.500000
   -4.470    1.434    3.806    4.376    8.065    9.916   10.372   10.920
            0.220000  0.140000  0.510000
   -4.430    1.377    3.755    4.329    8.034    9.960   10.341   10.987
            0.220000  0.140000  0.520000
   -4.388    1.320    3.704    4.284    8.003    9.986   10.329   11.056
            0.220000  0.140000  0.530000
   -4.346    1.264    3.652    4.239    7.971    9.987   10.344   11.125
            0.220000  0.140000  0.540000
   -4.304    1.207    3.600    4.196    7.940    9.966   10.381   11.196
            0.220000  0.140000  0.550000
   -4.260    1.150    3.548    4.154    7.909    9.931   10.434   11.267
            0.220000  0.140000  0.560000
   -4.216    1.093    3.496    4.113    7.878    9.890   10.496   11.339
            0.220000  0.140000  0.570000
   -4.171    1.036    3.444    4.073    7.847    9.844   10.563   11.412
            0.220000  0.140000  0.580000
   -4.126    0.979    3.393    4.034    7.817    9.797   10.634   11.486
            0.220000  0.140000  0.590000
   -4.080    0.921    3.341    3.997    7.786    9.749   10.706   11.560
            0.220000  0.140000  0.600000
   -4.033    0.864    3.289    3.961    7.756    9.702   10.779   11.636
            0.220000  0.140000  0.610000
   -3.986    0.806    3.238    3.925    7.727    9.655   10.854   11.712
            0.220000  0.140000  0.620000
   -3.937    0.748    3.188    3.891    7.698    9.609   10.930   11.789
            0.220000  0.140000  0.630000
   -3.889    0.690    3.137    3.858    7.669    9.563   11.006   11.866
            0.220000  0.140000  0.640000
   -3.839    0.632    3.088    3.826    7.641    9.519   11.082   11.945
            0.220000  0.140000  0.650000
   -3.789    0.573    3.039    3.796    7.613    9.476   11.160   12.024
            0.220000  0.140000  0.660000
   -3.738    0.514    2.991    3.766    7.586    9.433   11.237   12.103
            0.220000  0.140000  0.670000
   -3.687    0.455    2.944    3.737    7.559    9.392   11.315   12.184
            0.220000  0.140000  0.680000
   -3.635    0.396    2.898    3.709    7.533    9.352   11.393   12.265
            0.220000  0.140000  0.690000
   -3.582    0.336    2.853    3.682    7.507    9.314   11.471   12.347
            0.220000  0.140000  0.700000
   -3.529    0.276    2.808    3.656    7.482    9.276   11.550   12.429
            0.220000  0.140000  0.710000
   -3.475    0.215    2.765    3.631    7.458    9.240   11.629   12.512
            0.220000  0.140000  0.720000
   -3.421    0.155    2.723    3.607    7.434    9.205   11.708   12.596
            0.220000  0.140000  0.730000
   -3.366    0.094    2.683    3.584    7.411    9.171   11.787   12.680
            0.220000  0.140000  0.740000
   -3.311    0.032    2.643    3.562    7.389    9.139   11.867   12.764
            0.220000  0.140000  0.750000
   -3.255   -0.029    2.605    3.540    7.368    9.108   11.947   12.849
            0.220000  0.140000  0.760000
   -3.198   -0.092    2.568    3.520    7.347    9.078   12.027   12.934
            0.220000  0.140000  0.770000
   -3.142   -0.154    2.533    3.500    7.327    9.049   12.108   13.020
            0.220000  0.140000  0.780000
   -3.084   -0.216    2.498    3.482    7.307    9.022   12.188   13.106
            0.220000  0.140000  0.790000
   -3.026   -0.279    2.466    3.464    7.289    8.996   12.269   13.193
            0.220000  0.140000  0.800000
   -2.968   -0.343    2.434    3.447    7.271    8.971   12.351   13.279
            0.220000  0.140000  0.810000
   -2.909   -0.406    2.405    3.431    7.254    8.947   12.432   13.366
            0.220000  0.140000  0.820000
   -2.850   -0.469    2.376    3.415    7.238    8.925   12.514   13.453
            0.220000  0.140000  0.830000
   -2.791   -0.533    2.349    3.401    7.222    8.904   12.596   13.540
            0.220000  0.140000  0.840000
   -2.731   -0.597    2.324    3.387    7.208    8.884   12.679   13.627
            0.220000  0.140000  0.850000
   -2.671   -0.661    2.300    3.374    7.194    8.865   12.761   13.713
            0.220000  0.140000  0.860000
   -2.611   -0.725    2.278    3.363    7.181    8.847   12.844   13.799
            0.220000  0.140000  0.870000
   -2.551   -0.789    2.257    3.351    7.169    8.831   12.927   13.885
            0.220000  0.140000  0.880000
   -2.490   -0.852    2.238    3.341    7.158    8.816   13.010   13.969
            0.220000  0.140000  0.890000
   -2.430   -0.916    2.220    3.332    7.148    8.802   13.093   14.051
            0.220000  0.140000  0.900000
   -2.369   -0.979    2.204    3.323    7.138    8.790   13.176   14.130
            0.220000  0.140000  0.910000
   -2.310   -1.041    2.189    3.315    7.130    8.778   13.259   14.205
            0.220000  0.140000  0.920000
   -2.250   -1.103    2.176    3.308    7.122    8.768   13.341   14.272
            0.220000  0.140000  0.930000
   -2.192   -1.163    2.165    3.302    7.116    8.759   13.423   14.328
            0.220000  0.140000  0.940000
   -2.134   -1.222    2.155    3.297    7.110    8.751   13.504   14.365
            0.220000  0.140000  0.950000
   -2.079   -1.279    2.146    3.292    7.105    8.745   13.583   14.376
            0.220000  0.140000  0.960000
   -2.028   -1.332    2.139    3.289    7.101    8.739   13.659   14.361
            0.220000  0.140000  0.970000
   -1.981   -1.380    2.134    3.286    7.097    8.735   13.730   14.326
            0.220000  0.140000  0.980000
   -1.943   -1.419    2.130    3.284    7.095    8.732   13.792   14.285
            0.220000  0.140000  0.990000
   -1.916   -1.445    2.128    3.282    7.094    8.730   13.837   14.251
            0.220000  0.140000  1.000000
   -1.907   -1.455    2.127    3.282    7.093    8.730   13.854   14.237
