 &plot nbnd=   8, nks=    81 /
            0.725000 -0.925000 -1.000000
   -5.785    3.156    4.104    4.335    7.057    8.143    8.623    9.024
            0.725000 -0.925000 -0.975000
   -5.782    3.133    4.122    4.327    7.067    8.116    8.630    9.044
            0.725000 -0.925000 -0.950000
   -5.775    3.069    4.167    4.306    7.099    8.049    8.641    9.102
            0.725000 -0.925000 -0.925000
   -5.763    2.975    4.203    4.298    7.149    7.962    8.642    9.192
            0.725000 -0.925000 -0.900000
   -5.747    2.862    4.170    4.352    7.212    7.875    8.628    9.305
            0.725000 -0.925000 -0.875000
   -5.725    2.737    4.104    4.427    7.280    7.802    8.602    9.430
            0.725000 -0.925000 -0.850000
   -5.699    2.604    4.024    4.500    7.340    7.762    8.567    9.562
            0.725000 -0.925000 -0.825000
   -5.668    2.466    3.934    4.561    7.370    7.775    8.525    9.695
            0.725000 -0.925000 -0.800000
   -5.633    2.326    3.839    4.607    7.370    7.844    8.481    9.826
            0.725000 -0.925000 -0.775000
   -5.593    2.183    3.739    4.632    7.362    7.947    8.436    9.949
            0.725000 -0.925000 -0.750000
   -5.548    2.040    3.636    4.636    7.362    8.058    8.403   10.057
            0.725000 -0.925000 -0.725000
   -5.499    1.896    3.532    4.616    7.377    8.140    8.412   10.142
            0.725000 -0.925000 -0.700000
   -5.444    1.752    3.427    4.575    7.409    8.153    8.500   10.188
            0.725000 -0.925000 -0.675000
   -5.386    1.609    3.322    4.512    7.455    8.123    8.641   10.187
            0.725000 -0.925000 -0.650000
   -5.323    1.466    3.218    4.433    7.509    8.087    8.803   10.138
            0.725000 -0.925000 -0.625000
   -5.255    1.323    3.115    4.339    7.562    8.061    8.975   10.052
            0.725000 -0.925000 -0.600000
   -5.183    1.181    3.014    4.233    7.599    8.060    9.152    9.943
            0.725000 -0.925000 -0.575000
   -5.107    1.040    2.915    4.119    7.607    8.098    9.329    9.825
            0.725000 -0.925000 -0.550000
   -5.026    0.898    2.819    4.000    7.586    8.171    9.482    9.732
            0.725000 -0.925000 -0.525000
   -4.941    0.757    2.726    3.876    7.547    8.267    9.487    9.789
            0.725000 -0.925000 -0.500000
   -4.852    0.617    2.635    3.750    7.497    8.376    9.385    9.963
            0.725000 -0.925000 -0.475000
   -4.758    0.476    2.547    3.625    7.443    8.485    9.279   10.158
            0.725000 -0.925000 -0.450000
   -4.661    0.335    2.463    3.500    7.388    8.580    9.195   10.361
            0.725000 -0.925000 -0.425000
   -4.560    0.194    2.382    3.377    7.333    8.634    9.161   10.567
            0.725000 -0.925000 -0.400000
   -4.454    0.052    2.305    3.258    7.279    8.624    9.201   10.776
            0.725000 -0.925000 -0.375000
   -4.345   -0.091    2.231    3.144    7.226    8.564    9.301   10.987
            0.725000 -0.925000 -0.350000
   -4.232   -0.234    2.162    3.034    7.176    8.482    9.433   11.201
            0.725000 -0.925000 -0.325000
   -4.116   -0.378    2.096    2.930    7.129    8.395    9.582   11.415
            0.725000 -0.925000 -0.300000
   -3.996   -0.523    2.034    2.833    7.084    8.307    9.741   11.630
            0.725000 -0.925000 -0.275000
   -3.873   -0.669    1.976    2.742    7.043    8.224    9.906   11.845
            0.725000 -0.925000 -0.250000
   -3.747   -0.816    1.923    2.659    7.005    8.146   10.077   12.059
            0.725000 -0.925000 -0.225000
   -3.618   -0.964    1.874    2.583    6.970    8.074   10.253   12.268
            0.725000 -0.925000 -0.200000
   -3.487   -1.113    1.829    2.515    6.939    8.009   10.433   12.470
            0.725000 -0.925000 -0.175000
   -3.352   -1.262    1.790    2.455    6.911    7.952   10.616   12.652
            0.725000 -0.925000 -0.150000
   -3.216   -1.411    1.755    2.403    6.887    7.901   10.802   12.786
            0.725000 -0.925000 -0.125000
   -3.078   -1.560    1.725    2.359    6.866    7.858   10.992   12.817
            0.725000 -0.925000 -0.100000
   -2.939   -1.708    1.700    2.324    6.849    7.823   11.184   12.727
            0.725000 -0.925000 -0.075000
   -2.800   -1.854    1.681    2.296    6.836    7.796   11.379   12.569
            0.725000 -0.925000 -0.050000
   -2.665   -1.994    1.667    2.276    6.827    7.776   11.574   12.386
            0.725000 -0.925000 -0.025000
   -2.544   -2.118    1.659    2.264    6.821    7.764   11.767   12.198
            0.725000 -0.925000  0.000000
   -2.483   -2.180    1.656    2.260    6.820    7.760   11.903   12.062
            0.725000 -0.925000  0.025000
   -2.544   -2.118    1.659    2.264    6.821    7.764   11.767   12.198
            0.725000 -0.925000  0.050000
   -2.665   -1.994    1.667    2.276    6.827    7.776   11.574   12.386
            0.725000 -0.925000  0.075000
   -2.800   -1.854    1.681    2.296    6.836    7.796   11.379   12.569
            0.725000 -0.925000  0.100000
   -2.939   -1.708    1.700    2.324    6.849    7.823   11.184   12.727
            0.725000 -0.925000  0.125000
   -3.078   -1.560    1.725    2.359    6.866    7.858   10.992   12.817
            0.725000 -0.925000  0.150000
   -3.216   -1.411    1.755    2.403    6.887    7.901   10.802   12.786
            0.725000 -0.925000  0.175000
   -3.352   -1.262    1.790    2.455    6.911    7.952   10.616   12.652
            0.725000 -0.925000  0.200000
   -3.487   -1.113    1.829    2.515    6.939    8.009   10.433   12.470
            0.725000 -0.925000  0.225000
   -3.618   -0.964    1.874    2.583    6.970    8.074   10.253   12.268
            0.725000 -0.925000  0.250000
   -3.747   -0.816    1.923    2.659    7.005    8.146   10.077   12.059
            0.725000 -0.925000  0.275000
   -3.873   -0.669    1.976    2.742    7.043    8.224    9.906   11.845
            0.725000 -0.925000  0.300000
   -3.996   -0.523    2.034    2.833    7.084    8.307    9.741   11.630
            0.725000 -0.925000  0.325000
   -4.116   -0.378    2.096    2.930    7.129    8.395    9.582   11.415
            0.725000 -0.925000  0.350000
   -4.232   -0.234    2.162    3.034    7.176    8.482    9.433   11.201
            0.725000 -0.925000  0.375000
   -4.345   -0.091    2.231    3.144    7.226    8.564    9.301   10.987
            0.725000 -0.925000  0.400000
   -4.454    0.052    2.305    3.258    7.279    8.624    9.201   10.776
            0.725000 -0.925000  0.425000
   -4.560    0.194    2.382    3.377    7.333    8.634    9.161   10.567
            0.725000 -0.925000  0.450000
   -4.661    0.335    2.463    3.500    7.388    8.580    9.195   10.361
            0.725000 -0.925000  0.475000
   -4.758    0.476    2.547    3.625    7.443    8.485    9.279   10.158
            0.725000 -0.925000  0.500000
   -4.852    0.617    2.635    3.750    7.497    8.376    9.385    9.963
            0.725000 -0.925000  0.525000
   -4.941    0.757    2.726    3.876    7.547    8.267    9.487    9.789
            0.725000 -0.925000  0.550000
   -5.026    0.898    2.819    4.000    7.586    8.171    9.482    9.732
            0.725000 -0.925000  0.575000
   -5.107    1.040    2.915    4.119    7.607    8.098    9.329    9.825
            0.725000 -0.925000  0.600000
   -5.183    1.181    3.014    4.233    7.599    8.060    9.152    9.943
            0.725000 -0.925000  0.625000
   -5.255    1.323    3.115    4.339    7.562    8.061    8.975   10.052
            0.725000 -0.925000  0.650000
   -5.323    1.466    3.218    4.433    7.509    8.087    8.803   10.138
            0.725000 -0.925000  0.675000
   -5.386    1.609    3.322    4.512    7.455    8.123    8.641   10.187
            0.725000 -0.925000  0.700000
   -5.444    1.752    3.427    4.575    7.409    8.153    8.500   10.188
            0.725000 -0.925000  0.725000
   -5.499    1.896    3.532    4.616    7.377    8.140    8.412   10.142
            0.725000 -0.925000  0.750000
   -5.548    2.040    3.636    4.636    7.362    8.058    8.403   10.057
            0.725000 -0.925000  0.775000
   -5.593    2.183    3.739    4.632    7.362    7.947    8.436    9.949
            0.725000 -0.925000  0.800000
   -5.633    2.326    3.839    4.607    7.370    7.844    8.481    9.826
            0.725000 -0.925000  0.825000
   -5.668    2.466    3.934    4.561    7.370    7.775    8.525    9.695
            0.725000 -0.925000  0.850000
   -5.699    2.604    4.024    4.500    7.340    7.762    8.567    9.562
            0.725000 -0.925000  0.875000
   -5.725    2.737    4.104    4.427    7.280    7.802    8.602    9.430
            0.725000 -0.925000  0.900000
   -5.747    2.862    4.170    4.352    7.212    7.875    8.628    9.305
            0.725000 -0.925000  0.925000
   -5.763    2.975    4.203    4.298    7.149    7.962    8.642    9.192
            0.725000 -0.925000  0.950000
   -5.775    3.069    4.167    4.306    7.099    8.049    8.641    9.102
            0.725000 -0.925000  0.975000
   -5.782    3.133    4.122    4.327    7.067    8.116    8.630    9.044
            0.725000 -0.925000  1.000000
   -5.785    3.156    4.104    4.335    7.057    8.143    8.623    9.024
