 &plot nbnd=   8, nks=   101 /
            0.000000  0.840000 -1.000000
   -1.715   -1.715    2.880    2.880    7.259    7.259   14.748   14.748
            0.000000  0.840000 -0.980000
   -1.737   -1.693    2.801    2.958    7.163    7.366   14.720   14.776
            0.000000  0.840000 -0.960000
   -1.757   -1.670    2.719    3.031    7.079    7.485   14.691   14.804
            0.000000  0.840000 -0.940000
   -1.778   -1.646    2.637    3.099    7.010    7.613   14.661   14.830
            0.000000  0.840000 -0.920000
   -1.798   -1.621    2.556    3.161    6.956    7.749   14.628   14.855
            0.000000  0.840000 -0.900000
   -1.818   -1.595    2.476    3.215    6.917    7.894   14.590   14.876
            0.000000  0.840000 -0.880000
   -1.837   -1.568    2.398    3.261    6.896    8.047   14.541   14.887
            0.000000  0.840000 -0.860000
   -1.857   -1.541    2.322    3.298    6.893    8.206   14.473   14.876
            0.000000  0.840000 -0.840000
   -1.877   -1.512    2.250    3.324    6.909    8.372   14.371   14.817
            0.000000  0.840000 -0.820000
   -1.897   -1.481    2.182    3.340    6.943    8.544   14.225   14.686
            0.000000  0.840000 -0.800000
   -1.918   -1.450    2.118    3.347    6.995    8.721   14.039   14.493
            0.000000  0.840000 -0.780000
   -1.939   -1.418    2.059    3.344    7.064    8.904   13.826   14.268
            0.000000  0.840000 -0.760000
   -1.961   -1.385    2.005    3.333    7.151    9.091   13.598   14.027
            0.000000  0.840000 -0.740000
   -1.984   -1.351    1.957    3.314    7.253    9.283   13.362   13.779
            0.000000  0.840000 -0.720000
   -2.008   -1.316    1.915    3.289    7.370    9.479   13.122   13.528
            0.000000  0.840000 -0.700000
   -2.033   -1.280    1.878    3.259    7.500    9.678   12.880   13.275
            0.000000  0.840000 -0.680000
   -2.059   -1.243    1.848    3.225    7.642    9.880   12.639   13.021
            0.000000  0.840000 -0.660000
   -2.086   -1.206    1.824    3.189    7.795   10.084   12.399   12.769
            0.000000  0.840000 -0.640000
   -2.113   -1.168    1.806    3.151    7.957   10.288   12.164   12.518
            0.000000  0.840000 -0.620000
   -2.143   -1.130    1.795    3.112    8.129   10.489   11.938   12.270
            0.000000  0.840000 -0.600000
   -2.173   -1.092    1.790    3.074    8.308   10.678   11.728   12.023
            0.000000  0.840000 -0.580000
   -2.203   -1.054    1.791    3.037    8.494   10.826   11.565   11.780
            0.000000  0.840000 -0.560000
   -2.235   -1.016    1.799    3.001    8.687   10.864   11.516   11.540
            0.000000  0.840000 -0.540000
   -2.268   -0.978    1.814    2.968    8.884   10.755   11.304   11.621
            0.000000  0.840000 -0.520000
   -2.301   -0.941    1.834    2.937    9.086   10.573   11.074   11.804
            0.000000  0.840000 -0.500000
   -2.334   -0.904    1.860    2.910    9.289   10.366   10.850   12.017
            0.000000  0.840000 -0.480000
   -2.368   -0.868    1.892    2.887    9.490   10.151   10.637   12.245
            0.000000  0.840000 -0.460000
   -2.401   -0.834    1.929    2.867    9.676    9.934   10.447   12.479
            0.000000  0.840000 -0.440000
   -2.435   -0.800    1.972    2.852    9.718    9.802   10.325   12.720
            0.000000  0.840000 -0.420000
   -2.469   -0.768    2.019    2.842    9.503    9.774   10.365   12.963
            0.000000  0.840000 -0.400000
   -2.502   -0.738    2.072    2.836    9.291    9.627   10.533   13.210
            0.000000  0.840000 -0.380000
   -2.534   -0.709    2.128    2.835    9.083    9.445   10.743   13.458
            0.000000  0.840000 -0.360000
   -2.566   -0.682    2.189    2.839    8.878    9.256   10.968   13.707
            0.000000  0.840000 -0.340000
   -2.597   -0.657    2.253    2.848    8.677    9.068   11.201   13.952
            0.000000  0.840000 -0.320000
   -2.627   -0.634    2.321    2.861    8.482    8.882   11.438   14.189
            0.000000  0.840000 -0.300000
   -2.655   -0.613    2.392    2.879    8.291    8.702   11.678   14.394
            0.000000  0.840000 -0.280000
   -2.683   -0.593    2.464    2.900    8.106    8.528   11.921   14.525
            0.000000  0.840000 -0.260000
   -2.709   -0.576    2.539    2.925    7.927    8.360   12.164   14.582
            0.000000  0.840000 -0.240000
   -2.733   -0.560    2.615    2.953    7.755    8.200   12.408   14.606
            0.000000  0.840000 -0.220000
   -2.756   -0.547    2.691    2.984    7.590    8.048   12.652   14.618
            0.000000  0.840000 -0.200000
   -2.777   -0.535    2.767    3.016    7.433    7.904   12.894   14.625
            0.000000  0.840000 -0.180000
   -2.797   -0.524    2.841    3.050    7.286    7.771   13.134   14.630
            0.000000  0.840000 -0.160000
   -2.814   -0.515    2.913    3.084    7.148    7.648   13.370   14.633
            0.000000  0.840000 -0.140000
   -2.830   -0.508    2.982    3.116    7.022    7.536   13.601   14.635
            0.000000  0.840000 -0.120000
   -2.843   -0.501    3.046    3.148    6.908    7.437   13.823   14.637
            0.000000  0.840000 -0.100000
   -2.855   -0.496    3.104    3.176    6.809    7.351   14.032   14.638
            0.000000  0.840000 -0.080000
   -2.865   -0.492    3.154    3.201    6.724    7.279   14.224   14.639
            0.000000  0.840000 -0.060000
   -2.872   -0.489    3.194    3.222    6.657    7.222   14.392   14.640
            0.000000  0.840000 -0.040000
   -2.878   -0.487    3.225    3.237    6.607    7.181   14.524   14.640
            0.000000  0.840000 -0.020000
   -2.881   -0.486    3.243    3.246    6.577    7.156   14.610   14.640
            0.000000  0.840000  0.000000
   -2.882   -0.485    3.250    3.250    6.567    7.147   14.640   14.640
            0.000000  0.840000  0.020000
   -2.881   -0.486    3.243    3.246    6.577    7.156   14.610   14.640
            0.000000  0.840000  0.040000
   -2.878   -0.487    3.225    3.237    6.607    7.181   14.524   14.640
            0.000000  0.840000  0.060000
   -2.872   -0.489    3.194    3.222    6.657    7.222   14.392   14.640
            0.000000  0.840000  0.080000
   -2.865   -0.492    3.154    3.201    6.724    7.279   14.224   14.639
            0.000000  0.840000  0.100000
   -2.855   -0.496    3.104    3.176    6.809    7.351   14.032   14.638
            0.000000  0.840000  0.120000
   -2.843   -0.501    3.046    3.148    6.908    7.437   13.823   14.637
            0.000000  0.840000  0.140000
   -2.830   -0.508    2.982    3.116    7.022    7.536   13.601   14.635
            0.000000  0.840000  0.160000
   -2.814   -0.515    2.913    3.084    7.148    7.648   13.370   14.633
            0.000000  0.840000  0.180000
   -2.797   -0.524    2.841    3.050    7.286    7.771   13.134   14.630
            0.000000  0.840000  0.200000
   -2.777   -0.535    2.767    3.016    7.433    7.904   12.894   14.625
            0.000000  0.840000  0.220000
   -2.756   -0.547    2.691    2.984    7.590    8.048   12.652   14.618
            0.000000  0.840000  0.240000
   -2.733   -0.560    2.615    2.953    7.755    8.200   12.408   14.606
            0.000000  0.840000  0.260000
   -2.709   -0.576    2.539    2.925    7.927    8.360   12.164   14.582
            0.000000  0.840000  0.280000
   -2.683   -0.593    2.464    2.900    8.106    8.528   11.921   14.525
            0.000000  0.840000  0.300000
   -2.655   -0.613    2.392    2.879    8.291    8.702   11.678   14.394
            0.000000  0.840000  0.320000
   -2.627   -0.634    2.321    2.861    8.482    8.882   11.438   14.189
            0.000000  0.840000  0.340000
   -2.597   -0.657    2.253    2.848    8.677    9.068   11.201   13.952
            0.000000  0.840000  0.360000
   -2.566   -0.682    2.189    2.839    8.878    9.256   10.968   13.707
            0.000000  0.840000  0.380000
   -2.534   -0.709    2.128    2.835    9.083    9.445   10.743   13.458
            0.000000  0.840000  0.400000
   -2.502   -0.738    2.072    2.836    9.291    9.627   10.533   13.210
            0.000000  0.840000  0.420000
   -2.469   -0.768    2.019    2.842    9.503    9.774   10.365   12.963
            0.000000  0.840000  0.440000
   -2.435   -0.800    1.972    2.852    9.718    9.802   10.325   12.720
            0.000000  0.840000  0.460000
   -2.401   -0.834    1.929    2.867    9.676    9.934   10.447   12.479
            0.000000  0.840000  0.480000
   -2.368   -0.868    1.892    2.887    9.490   10.151   10.637   12.245
            0.000000  0.840000  0.500000
   -2.334   -0.904    1.860    2.910    9.289   10.366   10.850   12.017
            0.000000  0.840000  0.520000
   -2.301   -0.941    1.834    2.937    9.086   10.573   11.074   11.804
            0.000000  0.840000  0.540000
   -2.268   -0.978    1.814    2.968    8.884   10.755   11.304   11.621
            0.000000  0.840000  0.560000
   -2.235   -1.016    1.799    3.001    8.687   10.864   11.516   11.540
            0.000000  0.840000  0.580000
   -2.203   -1.054    1.791    3.037    8.494   10.826   11.565   11.780
            0.000000  0.840000  0.600000
   -2.173   -1.092    1.790    3.074    8.308   10.678   11.728   12.023
            0.000000  0.840000  0.620000
   -2.143   -1.130    1.795    3.112    8.129   10.489   11.938   12.270
            0.000000  0.840000  0.640000
   -2.113   -1.168    1.806    3.151    7.957   10.288   12.164   12.518
            0.000000  0.840000  0.660000
   -2.086   -1.206    1.824    3.189    7.795   10.084   12.399   12.769
            0.000000  0.840000  0.680000
   -2.059   -1.243    1.848    3.225    7.642    9.880   12.639   13.021
            0.000000  0.840000  0.700000
   -2.033   -1.280    1.878    3.259    7.500    9.678   12.880   13.275
            0.000000  0.840000  0.720000
   -2.008   -1.316    1.915    3.289    7.370    9.479   13.122   13.528
            0.000000  0.840000  0.740000
   -1.984   -1.351    1.957    3.314    7.253    9.283   13.362   13.779
            0.000000  0.840000  0.760000
   -1.961   -1.385    2.005    3.333    7.151    9.091   13.598   14.027
            0.000000  0.840000  0.780000
   -1.939   -1.418    2.059    3.344    7.064    8.904   13.826   14.268
            0.000000  0.840000  0.800000
   -1.918   -1.450    2.118    3.347    6.995    8.721   14.039   14.493
            0.000000  0.840000  0.820000
   -1.897   -1.481    2.182    3.340    6.943    8.544   14.225   14.686
            0.000000  0.840000  0.840000
   -1.877   -1.512    2.250    3.324    6.909    8.372   14.371   14.817
            0.000000  0.840000  0.860000
   -1.857   -1.541    2.322    3.298    6.893    8.206   14.473   14.876
            0.000000  0.840000  0.880000
   -1.837   -1.568    2.398    3.261    6.896    8.047   14.541   14.887
            0.000000  0.840000  0.900000
   -1.818   -1.595    2.476    3.215    6.917    7.894   14.590   14.876
            0.000000  0.840000  0.920000
   -1.798   -1.621    2.556    3.161    6.956    7.749   14.628   14.855
            0.000000  0.840000  0.940000
   -1.778   -1.646    2.637    3.099    7.010    7.613   14.661   14.830
            0.000000  0.840000  0.960000
   -1.757   -1.670    2.719    3.031    7.079    7.485   14.691   14.804
            0.000000  0.840000  0.980000
   -1.737   -1.693    2.801    2.958    7.163    7.366   14.720   14.776
            0.000000  0.840000  1.000000
   -1.715   -1.715    2.880    2.880    7.259    7.259   14.748   14.748
