 &plot nbnd=   8, nks=   101 /
            0.360000  0.360000  0.000000
   -4.709    1.958    3.357    5.262    8.866    9.612    9.899   11.506
            0.360000  0.360000  0.010000
   -4.709    1.954    3.361    5.262    8.864    9.611    9.897   11.510
            0.360000  0.360000  0.020000
   -4.707    1.944    3.372    5.261    8.858    9.609    9.892   11.524
            0.360000  0.360000  0.030000
   -4.706    1.926    3.391    5.260    8.848    9.605    9.882   11.545
            0.360000  0.360000  0.040000
   -4.703    1.903    3.416    5.258    8.833    9.599    9.870   11.576
            0.360000  0.360000  0.050000
   -4.700    1.874    3.447    5.255    8.815    9.592    9.856   11.613
            0.360000  0.360000  0.060000
   -4.696    1.841    3.484    5.251    8.793    9.584    9.839   11.657
            0.360000  0.360000  0.070000
   -4.691    1.803    3.525    5.247    8.767    9.575    9.822   11.708
            0.360000  0.360000  0.080000
   -4.685    1.762    3.571    5.243    8.737    9.565    9.804   11.764
            0.360000  0.360000  0.090000
   -4.679    1.717    3.619    5.238    8.704    9.554    9.785   11.825
            0.360000  0.360000  0.100000
   -4.672    1.671    3.671    5.232    8.667    9.542    9.767   11.890
            0.360000  0.360000  0.110000
   -4.664    1.622    3.725    5.226    8.627    9.529    9.749   11.959
            0.360000  0.360000  0.120000
   -4.656    1.572    3.780    5.219    8.584    9.517    9.732   12.031
            0.360000  0.360000  0.130000
   -4.647    1.520    3.838    5.211    8.539    9.504    9.715   12.106
            0.360000  0.360000  0.140000
   -4.637    1.468    3.896    5.203    8.491    9.491    9.700   12.183
            0.360000  0.360000  0.150000
   -4.626    1.414    3.955    5.194    8.441    9.478    9.685   12.263
            0.360000  0.360000  0.160000
   -4.615    1.360    4.015    5.185    8.390    9.465    9.670   12.344
            0.360000  0.360000  0.170000
   -4.603    1.306    4.075    5.175    8.337    9.453    9.657   12.427
            0.360000  0.360000  0.180000
   -4.590    1.251    4.135    5.164    8.284    9.441    9.644   12.512
            0.360000  0.360000  0.190000
   -4.577    1.197    4.195    5.153    8.230    9.429    9.631   12.597
            0.360000  0.360000  0.200000
   -4.562    1.142    4.254    5.142    8.176    9.419    9.619   12.683
            0.360000  0.360000  0.210000
   -4.548    1.087    4.312    5.129    8.122    9.409    9.606   12.769
            0.360000  0.360000  0.220000
   -4.532    1.033    4.370    5.117    8.068    9.400    9.594   12.856
            0.360000  0.360000  0.230000
   -4.516    0.978    4.426    5.103    8.015    9.392    9.582   12.943
            0.360000  0.360000  0.240000
   -4.499    0.924    4.480    5.089    7.963    9.385    9.570   13.029
            0.360000  0.360000  0.250000
   -4.481    0.871    4.533    5.075    7.913    9.379    9.558   13.114
            0.360000  0.360000  0.260000
   -4.463    0.817    4.583    5.060    7.865    9.374    9.545   13.198
            0.360000  0.360000  0.270000
   -4.444    0.765    4.631    5.045    7.819    9.370    9.532   13.279
            0.360000  0.360000  0.280000
   -4.425    0.712    4.676    5.029    7.775    9.368    9.519   13.359
            0.360000  0.360000  0.290000
   -4.405    0.660    4.718    5.013    7.735    9.367    9.505   13.435
            0.360000  0.360000  0.300000
   -4.384    0.609    4.756    4.996    7.697    9.367    9.491   13.506
            0.360000  0.360000  0.310000
   -4.362    0.559    4.790    4.979    7.664    9.368    9.477   13.572
            0.360000  0.360000  0.320000
   -4.340    0.509    4.819    4.961    7.635    9.371    9.461   13.630
            0.360000  0.360000  0.330000
   -4.318    0.459    4.844    4.943    7.610    9.375    9.446   13.679
            0.360000  0.360000  0.340000
   -4.295    0.411    4.864    4.925    7.589    9.381    9.430   13.716
            0.360000  0.360000  0.350000
   -4.271    0.363    4.878    4.906    7.574    9.388    9.413   13.740
            0.360000  0.360000  0.360000
   -4.246    0.315    4.887    4.887    7.564    9.396    9.396   13.750
            0.360000  0.360000  0.370000
   -4.221    0.269    4.868    4.890    7.559    9.379    9.406   13.746
            0.360000  0.360000  0.380000
   -4.196    0.223    4.849    4.888    7.560    9.361    9.417   13.730
            0.360000  0.360000  0.390000
   -4.170    0.178    4.829    4.879    7.566    9.344    9.430   13.707
            0.360000  0.360000  0.400000
   -4.143    0.134    4.809    4.865    7.576    9.326    9.444   13.678
            0.360000  0.360000  0.410000
   -4.116    0.091    4.789    4.846    7.592    9.308    9.460   13.646
            0.360000  0.360000  0.420000
   -4.089    0.048    4.768    4.821    7.612    9.290    9.476   13.611
            0.360000  0.360000  0.430000
   -4.061    0.007    4.748    4.791    7.636    9.273    9.495   13.575
            0.360000  0.360000  0.440000
   -4.033   -0.034    4.727    4.756    7.663    9.256    9.514   13.538
            0.360000  0.360000  0.450000
   -4.004   -0.073    4.707    4.717    7.694    9.240    9.536   13.501
            0.360000  0.360000  0.460000
   -3.975   -0.112    4.674    4.686    7.727    9.226    9.558   13.464
            0.360000  0.360000  0.470000
   -3.945   -0.150    4.627    4.665    7.762    9.212    9.582   13.427
            0.360000  0.360000  0.480000
   -3.915   -0.187    4.577    4.645    7.798    9.201    9.607   13.391
            0.360000  0.360000  0.490000
   -3.885   -0.223    4.524    4.624    7.834    9.192    9.634   13.354
            0.360000  0.360000  0.500000
   -3.854   -0.257    4.468    4.603    7.871    9.185    9.662   13.319
            0.360000  0.360000  0.510000
   -3.823   -0.291    4.409    4.582    7.907    9.182    9.691   13.283
            0.360000  0.360000  0.520000
   -3.792   -0.324    4.349    4.562    7.941    9.182    9.721   13.248
            0.360000  0.360000  0.530000
   -3.761   -0.355    4.286    4.541    7.973    9.187    9.753   13.214
            0.360000  0.360000  0.540000
   -3.729   -0.386    4.222    4.521    8.002    9.196    9.786   13.181
            0.360000  0.360000  0.550000
   -3.698   -0.415    4.156    4.501    8.028    9.211    9.821   13.148
            0.360000  0.360000  0.560000
   -3.666   -0.443    4.089    4.481    8.049    9.231    9.856   13.115
            0.360000  0.360000  0.570000
   -3.634   -0.470    4.021    4.461    8.067    9.257    9.893   13.083
            0.360000  0.360000  0.580000
   -3.602   -0.496    3.951    4.441    8.080    9.288    9.931   13.052
            0.360000  0.360000  0.590000
   -3.570   -0.521    3.881    4.422    8.089    9.325    9.971   13.022
            0.360000  0.360000  0.600000
   -3.538   -0.544    3.810    4.402    8.094    9.368   10.011   12.992
            0.360000  0.360000  0.610000
   -3.506   -0.566    3.739    4.383    8.096    9.415   10.053   12.963
            0.360000  0.360000  0.620000
   -3.475   -0.587    3.667    4.365    8.093    9.467   10.096   12.934
            0.360000  0.360000  0.630000
   -3.443   -0.606    3.595    4.346    8.088    9.524   10.140   12.906
            0.360000  0.360000  0.640000
   -3.412   -0.624    3.523    4.328    8.080    9.584   10.185   12.879
            0.360000  0.360000  0.650000
   -3.381   -0.641    3.451    4.311    8.070    9.647   10.231   12.853
            0.360000  0.360000  0.660000
   -3.351   -0.656    3.378    4.293    8.058    9.713   10.278   12.827
            0.360000  0.360000  0.670000
   -3.320   -0.670    3.306    4.276    8.045    9.782   10.326   12.802
            0.360000  0.360000  0.680000
   -3.290   -0.682    3.234    4.260    8.030    9.854   10.376   12.778
            0.360000  0.360000  0.690000
   -3.261   -0.693    3.162    4.243    8.014    9.927   10.426   12.754
            0.360000  0.360000  0.700000
   -3.232   -0.702    3.091    4.227    7.998   10.002   10.477   12.732
            0.360000  0.360000  0.710000
   -3.204   -0.710    3.020    4.212    7.981   10.078   10.529   12.710
            0.360000  0.360000  0.720000
   -3.177   -0.717    2.949    4.197    7.964   10.156   10.583   12.688
            0.360000  0.360000  0.730000
   -3.150   -0.722    2.880    4.182    7.947   10.235   10.637   12.668
            0.360000  0.360000  0.740000
   -3.124   -0.725    2.811    4.168    7.929   10.315   10.692   12.648
            0.360000  0.360000  0.750000
   -3.098   -0.727    2.742    4.154    7.912   10.396   10.748   12.630
            0.360000  0.360000  0.760000
   -3.074   -0.728    2.675    4.141    7.895   10.478   10.804   12.612
            0.360000  0.360000  0.770000
   -3.050   -0.727    2.609    4.128    7.878   10.561   10.862   12.595
            0.360000  0.360000  0.780000
   -3.028   -0.725    2.544    4.116    7.861   10.643   10.920   12.579
            0.360000  0.360000  0.790000
   -3.006   -0.721    2.480    4.104    7.845   10.727   10.978   12.563
            0.360000  0.360000  0.800000
   -2.985   -0.717    2.417    4.093    7.829   10.811   11.038   12.549
            0.360000  0.360000  0.810000
   -2.966   -0.711    2.357    4.082    7.814   10.895   11.098   12.536
            0.360000  0.360000  0.820000
   -2.947   -0.703    2.297    4.072    7.799   10.979   11.158   12.524
            0.360000  0.360000  0.830000
   -2.929   -0.695    2.240    4.062    7.785   11.063   11.219   12.513
            0.360000  0.360000  0.840000
   -2.913   -0.686    2.184    4.053    7.772   11.147   11.280   12.503
            0.360000  0.360000  0.850000
   -2.897   -0.677    2.130    4.044    7.759   11.230   11.341   12.495
            0.360000  0.360000  0.860000
   -2.883   -0.667    2.079    4.036    7.747   11.313   11.402   12.488
            0.360000  0.360000  0.870000
   -2.869   -0.656    2.030    4.028    7.736   11.395   11.463   12.482
            0.360000  0.360000  0.880000
   -2.857   -0.645    1.983    4.021    7.725   11.476   11.523   12.479
            0.360000  0.360000  0.890000
   -2.846   -0.634    1.940    4.015    7.716   11.556   11.582   12.478
            0.360000  0.360000  0.900000
   -2.835   -0.623    1.899    4.009    7.707   11.633   11.641   12.480
            0.360000  0.360000  0.910000
   -2.826   -0.612    1.861    4.003    7.699   11.698   11.707   12.486
            0.360000  0.360000  0.920000
   -2.818   -0.601    1.827    3.999    7.691   11.752   11.777   12.496
            0.360000  0.360000  0.930000
   -2.811   -0.592    1.796    3.994    7.685   11.804   11.842   12.511
            0.360000  0.360000  0.940000
   -2.804   -0.583    1.769    3.991    7.679   11.853   11.901   12.532
            0.360000  0.360000  0.950000
   -2.799   -0.575    1.746    3.987    7.674   11.897   11.951   12.561
            0.360000  0.360000  0.960000
   -2.795   -0.568    1.726    3.985    7.670   11.935   11.993   12.597
            0.360000  0.360000  0.970000
   -2.792   -0.563    1.711    3.983    7.667   11.967   12.025   12.641
            0.360000  0.360000  0.980000
   -2.789   -0.559    1.700    3.981    7.665   11.990   12.047   12.689
            0.360000  0.360000  0.990000
   -2.788   -0.557    1.694    3.981    7.664   12.005   12.060   12.734
            0.360000  0.360000  1.000000
   -2.787   -0.556    1.691    3.980    7.663   12.010   12.064   12.757
