 &plot nbnd=   8, nks=    41 /
            0.650000 -0.100000 -1.000000
   -2.857   -1.748    1.667    2.023    7.817    8.060   10.320   11.933
            0.650000 -0.100000 -0.950000
   -2.870   -1.740    1.602    2.114    7.588    8.322   10.325   11.939
            0.650000 -0.100000 -0.900000
   -2.906   -1.715    1.491    2.298    7.307    8.703   10.341   11.953
            0.650000 -0.100000 -0.850000
   -2.966   -1.675    1.396    2.510    7.066    9.117   10.367   11.958
            0.650000 -0.100000 -0.800000
   -3.047   -1.618    1.330    2.724    6.878    9.555   10.403   11.872
            0.650000 -0.100000 -0.750000
   -3.145   -1.545    1.297    2.922    6.757   10.013   10.449   11.536
            0.650000 -0.100000 -0.700000
   -3.256   -1.456    1.295    3.087    6.716   10.437   10.552   11.054
            0.650000 -0.100000 -0.650000
   -3.376   -1.353    1.324    3.206    6.767   10.494   10.576   11.007
            0.650000 -0.100000 -0.600000
   -3.501   -1.236    1.381    3.273    6.912   10.017   10.589   11.514
            0.650000 -0.100000 -0.550000
   -3.628   -1.107    1.463    3.292    7.144    9.512   10.616   11.414
            0.650000 -0.100000 -0.500000
   -3.753   -0.967    1.567    3.275    7.449    9.023   10.535   11.032
            0.650000 -0.100000 -0.450000
   -3.873   -0.818    1.689    3.234    7.802    8.565   10.190   10.926
            0.650000 -0.100000 -0.400000
   -3.985   -0.664    1.824    3.181    8.002    8.327    9.740   10.943
            0.650000 -0.100000 -0.350000
   -4.088   -0.509    1.969    3.127    7.650    8.692    9.303   10.982
            0.650000 -0.100000 -0.300000
   -4.180   -0.355    2.118    3.077    7.278    8.804    9.219   11.023
            0.650000 -0.100000 -0.250000
   -4.260   -0.210    2.264    3.035    6.945    8.437    9.665   11.061
            0.650000 -0.100000 -0.200000
   -4.327   -0.078    2.403    3.002    6.661    8.089   10.135   11.097
            0.650000 -0.100000 -0.150000
   -4.380    0.034    2.528    2.975    6.436    7.793   10.584   11.136
            0.650000 -0.100000 -0.100000
   -4.418    0.119    2.634    2.949    6.275    7.564   10.938   11.223
            0.650000 -0.100000 -0.050000
   -4.441    0.173    2.714    2.921    6.180    7.418   11.062   11.436
            0.650000 -0.100000  0.000000
   -4.448    0.191    2.749    2.905    6.149    7.367   11.081   11.551
            0.650000 -0.100000  0.050000
   -4.441    0.173    2.714    2.921    6.180    7.418   11.062   11.436
            0.650000 -0.100000  0.100000
   -4.418    0.119    2.634    2.949    6.275    7.564   10.938   11.223
            0.650000 -0.100000  0.150000
   -4.380    0.034    2.528    2.975    6.436    7.793   10.584   11.136
            0.650000 -0.100000  0.200000
   -4.327   -0.078    2.403    3.002    6.661    8.089   10.135   11.097
            0.650000 -0.100000  0.250000
   -4.260   -0.210    2.264    3.035    6.945    8.437    9.665   11.061
            0.650000 -0.100000  0.300000
   -4.180   -0.355    2.118    3.077    7.278    8.804    9.219   11.023
            0.650000 -0.100000  0.350000
   -4.088   -0.509    1.969    3.127    7.650    8.692    9.303   10.982
            0.650000 -0.100000  0.400000
   -3.985   -0.664    1.824    3.181    8.002    8.327    9.740   10.943
            0.650000 -0.100000  0.450000
   -3.873   -0.818    1.689    3.234    7.802    8.565   10.190   10.926
            0.650000 -0.100000  0.500000
   -3.753   -0.967    1.567    3.275    7.449    9.023   10.535   11.032
            0.650000 -0.100000  0.550000
   -3.628   -1.107    1.463    3.292    7.144    9.512   10.616   11.414
            0.650000 -0.100000  0.600000
   -3.501   -1.236    1.381    3.273    6.912   10.017   10.589   11.514
            0.650000 -0.100000  0.650000
   -3.376   -1.353    1.324    3.206    6.767   10.494   10.576   11.007
            0.650000 -0.100000  0.700000
   -3.256   -1.456    1.295    3.087    6.716   10.437   10.552   11.054
            0.650000 -0.100000  0.750000
   -3.145   -1.545    1.297    2.922    6.757   10.013   10.449   11.536
            0.650000 -0.100000  0.800000
   -3.047   -1.618    1.330    2.724    6.878    9.555   10.403   11.872
            0.650000 -0.100000  0.850000
   -2.966   -1.675    1.396    2.510    7.066    9.117   10.367   11.958
            0.650000 -0.100000  0.900000
   -2.906   -1.715    1.491    2.298    7.307    8.703   10.341   11.953
            0.650000 -0.100000  0.950000
   -2.870   -1.740    1.602    2.114    7.588    8.322   10.325   11.939
            0.650000 -0.100000  1.000000
   -2.857   -1.748    1.667    2.023    7.817    8.060   10.320   11.933
