 &plot nbnd=   8, nks=   101 /
            0.490000  0.810000  0.000000
   -2.494   -0.758    1.857    3.062    9.215   10.274   10.806   12.410
            0.490000  0.810000  0.010000
   -2.494   -0.758    1.858    3.063    9.215   10.263   10.818   12.410
            0.490000  0.810000  0.020000
   -2.496   -0.759    1.861    3.066    9.216   10.231   10.853   12.411
            0.490000  0.810000  0.030000
   -2.500   -0.759    1.865    3.071    9.218   10.185   10.904   12.414
            0.490000  0.810000  0.040000
   -2.504   -0.760    1.872    3.078    9.220   10.129   10.965   12.417
            0.490000  0.810000  0.050000
   -2.510   -0.761    1.881    3.087    9.223   10.069   11.034   12.422
            0.490000  0.810000  0.060000
   -2.517   -0.762    1.891    3.098    9.227   10.005   11.107   12.427
            0.490000  0.810000  0.070000
   -2.525   -0.763    1.903    3.111    9.232    9.940   11.185   12.433
            0.490000  0.810000  0.080000
   -2.535   -0.764    1.917    3.126    9.237    9.873   11.264   12.441
            0.490000  0.810000  0.090000
   -2.546   -0.765    1.933    3.143    9.242    9.807   11.346   12.449
            0.490000  0.810000  0.100000
   -2.558   -0.765    1.949    3.162    9.248    9.741   11.429   12.459
            0.490000  0.810000  0.110000
   -2.572   -0.766    1.967    3.183    9.255    9.676   11.513   12.469
            0.490000  0.810000  0.120000
   -2.586   -0.766    1.987    3.206    9.261    9.611   11.599   12.481
            0.490000  0.810000  0.130000
   -2.602   -0.765    2.007    3.230    9.268    9.549   11.685   12.494
            0.490000  0.810000  0.140000
   -2.620   -0.764    2.028    3.257    9.273    9.489   11.771   12.509
            0.490000  0.810000  0.150000
   -2.638   -0.763    2.051    3.286    9.275    9.434   11.857   12.525
            0.490000  0.810000  0.160000
   -2.657   -0.760    2.074    3.316    9.268    9.390   11.944   12.543
            0.490000  0.810000  0.170000
   -2.678   -0.757    2.098    3.349    9.242    9.366   12.029   12.564
            0.490000  0.810000  0.180000
   -2.700   -0.753    2.122    3.383    9.199    9.361   12.113   12.587
            0.490000  0.810000  0.190000
   -2.723   -0.749    2.148    3.418    9.148    9.366   12.194   12.613
            0.490000  0.810000  0.200000
   -2.747   -0.743    2.173    3.455    9.094    9.376   12.270   12.643
            0.490000  0.810000  0.210000
   -2.772   -0.736    2.199    3.494    9.041    9.388   12.340   12.662
            0.490000  0.810000  0.220000
   -2.797   -0.729    2.226    3.534    8.987    9.401   12.396   12.604
            0.490000  0.810000  0.230000
   -2.824   -0.720    2.253    3.576    8.935    9.415   12.416   12.545
            0.490000  0.810000  0.240000
   -2.852   -0.710    2.280    3.618    8.884    9.431   12.362   12.550
            0.490000  0.810000  0.250000
   -2.880   -0.700    2.308    3.662    8.835    9.447   12.274   12.581
            0.490000  0.810000  0.260000
   -2.909   -0.688    2.336    3.706    8.787    9.464   12.178   12.614
            0.490000  0.810000  0.270000
   -2.938   -0.675    2.364    3.751    8.740    9.481   12.080   12.646
            0.490000  0.810000  0.280000
   -2.969   -0.661    2.392    3.797    8.696    9.500   11.982   12.677
            0.490000  0.810000  0.290000
   -3.000   -0.646    2.421    3.844    8.653    9.518   11.883   12.707
            0.490000  0.810000  0.300000
   -3.031   -0.630    2.450    3.890    8.612    9.538   11.784   12.737
            0.490000  0.810000  0.310000
   -3.063   -0.612    2.479    3.937    8.573    9.558   11.686   12.767
            0.490000  0.810000  0.320000
   -3.095   -0.594    2.509    3.984    8.536    9.578   11.587   12.797
            0.490000  0.810000  0.330000
   -3.127   -0.575    2.538    4.031    8.502    9.599   11.489   12.828
            0.490000  0.810000  0.340000
   -3.160   -0.554    2.568    4.078    8.469    9.620   11.391   12.859
            0.490000  0.810000  0.350000
   -3.193   -0.533    2.598    4.124    8.439    9.642   11.294   12.890
            0.490000  0.810000  0.360000
   -3.226   -0.511    2.629    4.169    8.412    9.664   11.197   12.923
            0.490000  0.810000  0.370000
   -3.259   -0.487    2.660    4.214    8.387    9.686   11.101   12.956
            0.490000  0.810000  0.380000
   -3.293   -0.463    2.691    4.258    8.365    9.709   11.005   12.989
            0.490000  0.810000  0.390000
   -3.326   -0.437    2.722    4.300    8.346    9.732   10.911   13.023
            0.490000  0.810000  0.400000
   -3.360   -0.411    2.753    4.341    8.329    9.755   10.817   13.059
            0.490000  0.810000  0.410000
   -3.393   -0.383    2.785    4.380    8.315    9.778   10.724   13.094
            0.490000  0.810000  0.420000
   -3.426   -0.355    2.817    4.418    8.305    9.802   10.632   13.131
            0.490000  0.810000  0.430000
   -3.460   -0.326    2.849    4.454    8.297    9.825   10.542   13.168
            0.490000  0.810000  0.440000
   -3.493   -0.295    2.882    4.488    8.293    9.847   10.453   13.206
            0.490000  0.810000  0.450000
   -3.525   -0.264    2.914    4.520    8.292    9.869   10.366   13.244
            0.490000  0.810000  0.460000
   -3.558   -0.232    2.947    4.550    8.294    9.889   10.283   13.282
            0.490000  0.810000  0.470000
   -3.591   -0.199    2.980    4.577    8.299    9.904   10.205   13.319
            0.490000  0.810000  0.480000
   -3.623   -0.166    3.014    4.601    8.307    9.911   10.138   13.350
            0.490000  0.810000  0.490000
   -3.655   -0.131    3.047    4.623    8.318    9.899   10.091   13.351
            0.490000  0.810000  0.500000
   -3.686   -0.096    3.081    4.643    8.333    9.858   10.075   13.281
            0.490000  0.810000  0.510000
   -3.718   -0.060    3.115    4.659    8.350    9.797   10.080   13.180
            0.490000  0.810000  0.520000
   -3.749   -0.023    3.149    4.673    8.369    9.729   10.096   13.073
            0.490000  0.810000  0.530000
   -3.779    0.015    3.183    4.685    8.391    9.658   10.116   12.965
            0.490000  0.810000  0.540000
   -3.809    0.053    3.217    4.693    8.415    9.589   10.138   12.857
            0.490000  0.810000  0.550000
   -3.839    0.092    3.251    4.699    8.440    9.521   10.161   12.749
            0.490000  0.810000  0.560000
   -3.868    0.132    3.285    4.702    8.466    9.456   10.185   12.642
            0.490000  0.810000  0.570000
   -3.897    0.173    3.319    4.702    8.492    9.396   10.209   12.536
            0.490000  0.810000  0.580000
   -3.925    0.214    3.354    4.700    8.516    9.342   10.233   12.431
            0.490000  0.810000  0.590000
   -3.953    0.256    3.388    4.696    8.537    9.294   10.258   12.326
            0.490000  0.810000  0.600000
   -3.980    0.299    3.422    4.688    8.553    9.256   10.282   12.223
            0.490000  0.810000  0.610000
   -4.007    0.342    3.456    4.679    8.562    9.229   10.306   12.120
            0.490000  0.810000  0.620000
   -4.033    0.386    3.490    4.667    8.563    9.215   10.330   12.019
            0.490000  0.810000  0.630000
   -4.059    0.430    3.523    4.654    8.554    9.214   10.355   11.918
            0.490000  0.810000  0.640000
   -4.084    0.475    3.556    4.638    8.535    9.226   10.379   11.819
            0.490000  0.810000  0.650000
   -4.108    0.520    3.589    4.620    8.509    9.250   10.402   11.722
            0.490000  0.810000  0.660000
   -4.132    0.566    3.621    4.600    8.477    9.283   10.426   11.625
            0.490000  0.810000  0.670000
   -4.156    0.612    3.653    4.579    8.441    9.323   10.450   11.530
            0.490000  0.810000  0.680000
   -4.178    0.659    3.685    4.556    8.403    9.369   10.473   11.437
            0.490000  0.810000  0.690000
   -4.200    0.706    3.716    4.532    8.363    9.420   10.496   11.345
            0.490000  0.810000  0.700000
   -4.222    0.754    3.746    4.506    8.323    9.473   10.520   11.254
            0.490000  0.810000  0.710000
   -4.243    0.802    3.775    4.479    8.283    9.528   10.543   11.166
            0.490000  0.810000  0.720000
   -4.263    0.850    3.803    4.452    8.245    9.585   10.567   11.080
            0.490000  0.810000  0.730000
   -4.283    0.898    3.830    4.423    8.207    9.642   10.590   10.996
            0.490000  0.810000  0.740000
   -4.302    0.947    3.855    4.394    8.171    9.699   10.613   10.915
            0.490000  0.810000  0.750000
   -4.320    0.996    3.878    4.366    8.137    9.755   10.636   10.839
            0.490000  0.810000  0.760000
   -4.337    1.044    3.900    4.337    8.105    9.809   10.652   10.773
            0.490000  0.810000  0.770000
   -4.354    1.093    3.918    4.310    8.075    9.861   10.642   10.738
            0.490000  0.810000  0.780000
   -4.370    1.142    3.933    4.285    8.047    9.908   10.593   10.747
            0.490000  0.810000  0.790000
   -4.386    1.190    3.943    4.263    8.022    9.948   10.537   10.772
            0.490000  0.810000  0.800000
   -4.401    1.239    3.947    4.245    7.998    9.981   10.485   10.803
            0.490000  0.810000  0.810000
   -4.415    1.287    3.944    4.233    7.977   10.001   10.443   10.837
            0.490000  0.810000  0.820000
   -4.428    1.334    3.933    4.228    7.958   10.006   10.414   10.874
            0.490000  0.810000  0.830000
   -4.441    1.381    3.916    4.227    7.941    9.995   10.401   10.914
            0.490000  0.810000  0.840000
   -4.453    1.427    3.894    4.231    7.927    9.970   10.400   10.956
            0.490000  0.810000  0.850000
   -4.465    1.473    3.867    4.238    7.914    9.934   10.408   11.000
            0.490000  0.810000  0.860000
   -4.475    1.517    3.838    4.247    7.903    9.892   10.421   11.047
            0.490000  0.810000  0.870000
   -4.485    1.560    3.807    4.258    7.894    9.848   10.436   11.094
            0.490000  0.810000  0.880000
   -4.494    1.602    3.776    4.268    7.887    9.804   10.451   11.142
            0.490000  0.810000  0.890000
   -4.503    1.642    3.744    4.279    7.882    9.760   10.466   11.191
            0.490000  0.810000  0.900000
   -4.510    1.680    3.713    4.289    7.877    9.718   10.479   11.239
            0.490000  0.810000  0.910000
   -4.517    1.716    3.683    4.298    7.874    9.678   10.492   11.285
            0.490000  0.810000  0.920000
   -4.524    1.750    3.655    4.307    7.872    9.641   10.503   11.330
            0.490000  0.810000  0.930000
   -4.529    1.781    3.629    4.315    7.871    9.608   10.512   11.371
            0.490000  0.810000  0.940000
   -4.534    1.808    3.605    4.322    7.871    9.578   10.520   11.409
            0.490000  0.810000  0.950000
   -4.538    1.832    3.584    4.328    7.871    9.553   10.527   11.443
            0.490000  0.810000  0.960000
   -4.541    1.852    3.566    4.333    7.871    9.531   10.532   11.472
            0.490000  0.810000  0.970000
   -4.544    1.868    3.551    4.337    7.871    9.515   10.537   11.495
            0.490000  0.810000  0.980000
   -4.546    1.880    3.541    4.340    7.871    9.503   10.540   11.512
            0.490000  0.810000  0.990000
   -4.547    1.887    3.535    4.342    7.872    9.495   10.541   11.522
            0.490000  0.810000  1.000000
   -4.547    1.889    3.532    4.342    7.872    9.493   10.542   11.526
