 &plot nbnd=   8, nks=   101 /
            0.620000  0.370000  0.000000
   -3.695    0.500    2.424    4.025    9.216    9.450   10.224   12.340
            0.620000  0.370000  0.010000
   -3.695    0.497    2.427    4.026    9.211    9.450   10.230   12.335
            0.620000  0.370000  0.020000
   -3.694    0.491    2.434    4.027    9.196    9.451   10.248   12.319
            0.620000  0.370000  0.030000
   -3.693    0.481    2.445    4.028    9.173    9.452   10.277   12.293
            0.620000  0.370000  0.040000
   -3.691    0.467    2.461    4.030    9.143    9.453   10.315   12.259
            0.620000  0.370000  0.050000
   -3.689    0.450    2.481    4.033    9.107    9.455   10.361   12.216
            0.620000  0.370000  0.060000
   -3.687    0.429    2.505    4.036    9.067    9.457   10.414   12.167
            0.620000  0.370000  0.070000
   -3.684    0.405    2.533    4.040    9.024    9.459   10.473   12.111
            0.620000  0.370000  0.080000
   -3.680    0.379    2.563    4.044    8.978    9.462   10.537   12.051
            0.620000  0.370000  0.090000
   -3.676    0.350    2.597    4.050    8.931    9.464   10.604   11.986
            0.620000  0.370000  0.100000
   -3.672    0.318    2.633    4.055    8.883    9.467   10.674   11.919
            0.620000  0.370000  0.110000
   -3.667    0.285    2.672    4.061    8.835    9.471   10.748   11.848
            0.620000  0.370000  0.120000
   -3.662    0.251    2.712    4.068    8.787    9.474   10.823   11.776
            0.620000  0.370000  0.130000
   -3.657    0.215    2.755    4.076    8.739    9.478   10.900   11.703
            0.620000  0.370000  0.140000
   -3.651    0.177    2.798    4.084    8.692    9.481   10.978   11.629
            0.620000  0.370000  0.150000
   -3.645    0.139    2.843    4.092    8.646    9.485   11.056   11.556
            0.620000  0.370000  0.160000
   -3.638    0.101    2.889    4.101    8.601    9.489   11.130   11.487
            0.620000  0.370000  0.170000
   -3.631    0.061    2.935    4.111    8.557    9.493   11.192   11.432
            0.620000  0.370000  0.180000
   -3.624    0.022    2.982    4.121    8.514    9.497   11.214   11.418
            0.620000  0.370000  0.190000
   -3.616   -0.018    3.029    4.132    8.473    9.501   11.176   11.463
            0.620000  0.370000  0.200000
   -3.608   -0.058    3.076    4.144    8.434    9.504   11.112   11.537
            0.620000  0.370000  0.210000
   -3.600   -0.097    3.122    4.156    8.396    9.508   11.040   11.621
            0.620000  0.370000  0.220000
   -3.592   -0.137    3.169    4.168    8.361    9.511   10.965   11.708
            0.620000  0.370000  0.230000
   -3.583   -0.176    3.214    4.181    8.327    9.514   10.889   11.798
            0.620000  0.370000  0.240000
   -3.574   -0.215    3.259    4.195    8.295    9.517   10.814   11.889
            0.620000  0.370000  0.250000
   -3.565   -0.253    3.303    4.209    8.265    9.519   10.738   11.982
            0.620000  0.370000  0.260000
   -3.556   -0.290    3.346    4.223    8.238    9.520   10.664   12.075
            0.620000  0.370000  0.270000
   -3.547   -0.327    3.388    4.238    8.213    9.520   10.591   12.170
            0.620000  0.370000  0.280000
   -3.538   -0.363    3.428    4.253    8.190    9.519   10.520   12.265
            0.620000  0.370000  0.290000
   -3.529   -0.398    3.467    4.268    8.170    9.517   10.451   12.360
            0.620000  0.370000  0.300000
   -3.519   -0.433    3.504    4.284    8.152    9.513   10.384   12.456
            0.620000  0.370000  0.310000
   -3.510   -0.466    3.540    4.300    8.137    9.507   10.321   12.552
            0.620000  0.370000  0.320000
   -3.501   -0.498    3.573    4.316    8.124    9.499   10.260   12.648
            0.620000  0.370000  0.330000
   -3.492   -0.529    3.605    4.332    8.114    9.488   10.204   12.744
            0.620000  0.370000  0.340000
   -3.483   -0.558    3.635    4.348    8.106    9.474   10.152   12.840
            0.620000  0.370000  0.350000
   -3.474   -0.586    3.663    4.364    8.100    9.457   10.105   12.935
            0.620000  0.370000  0.360000
   -3.465   -0.613    3.688    4.379    8.097    9.437   10.063   13.030
            0.620000  0.370000  0.370000
   -3.457   -0.639    3.712    4.395    8.096    9.413   10.027   13.124
            0.620000  0.370000  0.380000
   -3.449   -0.663    3.734    4.409    8.098    9.386    9.995   13.216
            0.620000  0.370000  0.390000
   -3.441   -0.685    3.754    4.423    8.101    9.356    9.969   13.307
            0.620000  0.370000  0.400000
   -3.434   -0.706    3.772    4.436    8.105    9.325    9.947   13.395
            0.620000  0.370000  0.410000
   -3.427   -0.725    3.787    4.449    8.112    9.293    9.930   13.481
            0.620000  0.370000  0.420000
   -3.421   -0.743    3.801    4.460    8.119    9.261    9.915   13.563
            0.620000  0.370000  0.430000
   -3.415   -0.759    3.813    4.470    8.127    9.230    9.904   13.641
            0.620000  0.370000  0.440000
   -3.409   -0.773    3.823    4.479    8.135    9.202    9.895   13.713
            0.620000  0.370000  0.450000
   -3.404   -0.785    3.831    4.487    8.142    9.176    9.887   13.779
            0.620000  0.370000  0.460000
   -3.400   -0.795    3.837    4.494    8.149    9.155    9.882   13.836
            0.620000  0.370000  0.470000
   -3.396   -0.803    3.841    4.499    8.155    9.138    9.877   13.884
            0.620000  0.370000  0.480000
   -3.393   -0.810    3.843    4.503    8.159    9.126    9.874   13.921
            0.620000  0.370000  0.490000
   -3.391   -0.815    3.844    4.505    8.162    9.120    9.872   13.946
            0.620000  0.370000  0.500000
   -3.389   -0.817    3.842    4.506    8.162    9.120    9.871   13.958
            0.620000  0.370000  0.510000
   -3.388   -0.818    3.839    4.505    8.160    9.126    9.870   13.956
            0.620000  0.370000  0.520000
   -3.387   -0.816    3.834    4.503    8.156    9.138    9.871   13.941
            0.620000  0.370000  0.530000
   -3.387   -0.813    3.828    4.500    8.150    9.155    9.873   13.913
            0.620000  0.370000  0.540000
   -3.388   -0.808    3.819    4.495    8.143    9.176    9.876   13.873
            0.620000  0.370000  0.550000
   -3.389   -0.801    3.809    4.488    8.136    9.202    9.881   13.822
            0.620000  0.370000  0.560000
   -3.391   -0.792    3.797    4.480    8.128    9.231    9.888   13.762
            0.620000  0.370000  0.570000
   -3.394   -0.781    3.783    4.471    8.120    9.262    9.898   13.695
            0.620000  0.370000  0.580000
   -3.397   -0.768    3.767    4.461    8.113    9.294    9.910   13.621
            0.620000  0.370000  0.590000
   -3.401   -0.754    3.750    4.449    8.107    9.326    9.926   13.542
            0.620000  0.370000  0.600000
   -3.405   -0.737    3.731    4.436    8.103    9.357    9.946   13.459
            0.620000  0.370000  0.610000
   -3.410   -0.719    3.710    4.422    8.100    9.386    9.971   13.372
            0.620000  0.370000  0.620000
   -3.415   -0.700    3.687    4.407    8.099    9.412   10.002   13.283
            0.620000  0.370000  0.630000
   -3.421   -0.678    3.663    4.392    8.100    9.434   10.038   13.192
            0.620000  0.370000  0.640000
   -3.427   -0.655    3.636    4.376    8.103    9.453   10.080   13.100
            0.620000  0.370000  0.650000
   -3.433   -0.631    3.608    4.359    8.108    9.469   10.127   13.006
            0.620000  0.370000  0.660000
   -3.440   -0.605    3.578    4.342    8.117    9.480   10.180   12.911
            0.620000  0.370000  0.670000
   -3.447   -0.577    3.546    4.324    8.127    9.489   10.237   12.816
            0.620000  0.370000  0.680000
   -3.454   -0.549    3.513    4.306    8.140    9.495   10.298   12.720
            0.620000  0.370000  0.690000
   -3.462   -0.519    3.478    4.289    8.156    9.499   10.363   12.624
            0.620000  0.370000  0.700000
   -3.469   -0.488    3.441    4.271    8.174    9.501   10.430   12.528
            0.620000  0.370000  0.710000
   -3.477   -0.456    3.403    4.253    8.194    9.501   10.501   12.432
            0.620000  0.370000  0.720000
   -3.485   -0.422    3.363    4.236    8.217    9.500   10.573   12.337
            0.620000  0.370000  0.730000
   -3.492   -0.388    3.322    4.219    8.242    9.498   10.647   12.242
            0.620000  0.370000  0.740000
   -3.500   -0.353    3.280    4.202    8.270    9.495   10.722   12.147
            0.620000  0.370000  0.750000
   -3.508   -0.317    3.237    4.186    8.300    9.491   10.799   12.053
            0.620000  0.370000  0.760000
   -3.516   -0.281    3.192    4.170    8.332    9.487   10.876   11.960
            0.620000  0.370000  0.770000
   -3.523   -0.244    3.147    4.155    8.366    9.483   10.954   11.868
            0.620000  0.370000  0.780000
   -3.531   -0.206    3.101    4.140    8.402    9.478   11.032   11.778
            0.620000  0.370000  0.790000
   -3.538   -0.168    3.055    4.126    8.440    9.473   11.109   11.690
            0.620000  0.370000  0.800000
   -3.545   -0.130    3.008    4.112    8.480    9.468   11.183   11.606
            0.620000  0.370000  0.810000
   -3.552   -0.091    2.962    4.100    8.522    9.462   11.248   11.532
            0.620000  0.370000  0.820000
   -3.559   -0.053    2.915    4.087    8.565    9.457   11.286   11.486
            0.620000  0.370000  0.830000
   -3.565   -0.015    2.868    4.076    8.609    9.452   11.263   11.503
            0.620000  0.370000  0.840000
   -3.572    0.023    2.822    4.065    8.655    9.447   11.199   11.561
            0.620000  0.370000  0.850000
   -3.578    0.061    2.777    4.054    8.703    9.442   11.123   11.632
            0.620000  0.370000  0.860000
   -3.583    0.098    2.732    4.044    8.751    9.438   11.044   11.706
            0.620000  0.370000  0.870000
   -3.588    0.134    2.689    4.035    8.800    9.433   10.965   11.781
            0.620000  0.370000  0.880000
   -3.593    0.169    2.647    4.027    8.850    9.429   10.887   11.856
            0.620000  0.370000  0.890000
   -3.598    0.202    2.607    4.019    8.900    9.425   10.811   11.929
            0.620000  0.370000  0.900000
   -3.602    0.235    2.569    4.012    8.950    9.421   10.736   12.001
            0.620000  0.370000  0.910000
   -3.606    0.265    2.533    4.006    9.000    9.417   10.664   12.070
            0.620000  0.370000  0.920000
   -3.610    0.293    2.500    4.000    9.049    9.414   10.595   12.135
            0.620000  0.370000  0.930000
   -3.613    0.319    2.469    3.995    9.097    9.411   10.530   12.197
            0.620000  0.370000  0.940000
   -3.616    0.342    2.442    3.991    9.142    9.409   10.470   12.254
            0.620000  0.370000  0.950000
   -3.618    0.362    2.419    3.987    9.184    9.407   10.415   12.304
            0.620000  0.370000  0.960000
   -3.620    0.379    2.399    3.984    9.222    9.405   10.367   12.348
            0.620000  0.370000  0.970000
   -3.621    0.392    2.383    3.982    9.254    9.403   10.327   12.383
            0.620000  0.370000  0.980000
   -3.622    0.402    2.372    3.980    9.278    9.402   10.297   12.410
            0.620000  0.370000  0.990000
   -3.623    0.408    2.365    3.979    9.294    9.401   10.279   12.426
            0.620000  0.370000  1.000000
   -3.623    0.410    2.363    3.979    9.299    9.401   10.272   12.431
