 &plot nbnd=   8, nks=   101 /
            0.500000  0.210000  0.000000
   -4.558    1.874    3.479    4.443    8.050    9.639   10.333   11.404
            0.500000  0.210000  0.010000
   -4.557    1.872    3.482    4.443    8.049    9.642   10.332   11.401
            0.500000  0.210000  0.020000
   -4.556    1.864    3.489    4.441    8.048    9.649   10.331   11.391
            0.500000  0.210000  0.030000
   -4.555    1.852    3.501    4.438    8.046    9.661   10.330   11.375
            0.500000  0.210000  0.040000
   -4.552    1.834    3.517    4.435    8.043    9.677   10.328   11.353
            0.500000  0.210000  0.050000
   -4.549    1.813    3.538    4.430    8.039    9.697   10.325   11.325
            0.500000  0.210000  0.060000
   -4.545    1.787    3.562    4.424    8.036    9.721   10.322   11.293
            0.500000  0.210000  0.070000
   -4.540    1.758    3.589    4.418    8.032    9.748   10.319   11.257
            0.500000  0.210000  0.080000
   -4.534    1.726    3.619    4.410    8.028    9.778   10.316   11.217
            0.500000  0.210000  0.090000
   -4.528    1.690    3.652    4.401    8.025    9.809   10.314   11.174
            0.500000  0.210000  0.100000
   -4.521    1.652    3.687    4.392    8.022    9.841   10.313   11.129
            0.500000  0.210000  0.110000
   -4.513    1.612    3.723    4.381    8.019    9.871   10.316   11.082
            0.500000  0.210000  0.120000
   -4.505    1.570    3.760    4.370    8.018    9.898   10.322   11.035
            0.500000  0.210000  0.130000
   -4.496    1.527    3.798    4.359    8.018    9.920   10.335   10.987
            0.500000  0.210000  0.140000
   -4.486    1.482    3.837    4.347    8.020    9.935   10.356   10.939
            0.500000  0.210000  0.150000
   -4.475    1.436    3.875    4.335    8.023    9.940   10.387   10.892
            0.500000  0.210000  0.160000
   -4.464    1.389    3.912    4.323    8.027    9.936   10.426   10.845
            0.500000  0.210000  0.170000
   -4.452    1.341    3.947    4.312    8.034    9.924   10.473   10.801
            0.500000  0.210000  0.180000
   -4.440    1.293    3.979    4.303    8.042    9.904   10.528   10.758
            0.500000  0.210000  0.190000
   -4.426    1.244    4.007    4.297    8.052    9.877   10.588   10.716
            0.500000  0.210000  0.200000
   -4.412    1.195    4.029    4.296    8.065    9.846   10.651   10.680
            0.500000  0.210000  0.210000
   -4.397    1.145    4.043    4.302    8.079    9.810   10.638   10.725
            0.500000  0.210000  0.220000
   -4.382    1.096    4.048    4.315    8.095    9.770   10.603   10.797
            0.500000  0.210000  0.230000
   -4.366    1.046    4.044    4.335    8.114    9.727   10.569   10.873
            0.500000  0.210000  0.240000
   -4.349    0.996    4.034    4.359    8.134    9.682   10.537   10.951
            0.500000  0.210000  0.250000
   -4.331    0.947    4.019    4.387    8.156    9.635   10.506   11.032
            0.500000  0.210000  0.260000
   -4.313    0.897    4.000    4.416    8.180    9.588   10.477   11.115
            0.500000  0.210000  0.270000
   -4.294    0.848    3.978    4.447    8.206    9.540   10.448   11.200
            0.500000  0.210000  0.280000
   -4.275    0.799    3.954    4.477    8.233    9.492   10.420   11.287
            0.500000  0.210000  0.290000
   -4.255    0.750    3.929    4.507    8.260    9.445   10.393   11.375
            0.500000  0.210000  0.300000
   -4.234    0.702    3.902    4.536    8.289    9.400   10.367   11.465
            0.500000  0.210000  0.310000
   -4.213    0.654    3.874    4.563    8.318    9.358   10.340   11.557
            0.500000  0.210000  0.320000
   -4.191    0.606    3.845    4.589    8.346    9.319   10.315   11.650
            0.500000  0.210000  0.330000
   -4.168    0.559    3.815    4.614    8.372    9.284   10.289   11.745
            0.500000  0.210000  0.340000
   -4.145    0.512    3.784    4.637    8.397    9.255   10.263   11.841
            0.500000  0.210000  0.350000
   -4.121    0.466    3.753    4.658    8.418    9.232   10.238   11.938
            0.500000  0.210000  0.360000
   -4.097    0.421    3.722    4.677    8.435    9.218   10.212   12.036
            0.500000  0.210000  0.370000
   -4.072    0.376    3.690    4.693    8.447    9.213   10.187   12.135
            0.500000  0.210000  0.380000
   -4.046    0.331    3.657    4.708    8.453    9.217   10.161   12.236
            0.500000  0.210000  0.390000
   -4.020    0.288    3.624    4.719    8.453    9.231   10.136   12.337
            0.500000  0.210000  0.400000
   -3.994    0.244    3.591    4.729    8.448    9.254   10.111   12.440
            0.500000  0.210000  0.410000
   -3.967    0.202    3.557    4.736    8.439    9.286   10.085   12.543
            0.500000  0.210000  0.420000
   -3.939    0.160    3.524    4.740    8.426    9.326   10.060   12.647
            0.500000  0.210000  0.430000
   -3.911    0.119    3.490    4.741    8.412    9.372   10.035   12.752
            0.500000  0.210000  0.440000
   -3.883    0.079    3.456    4.740    8.396    9.423   10.011   12.858
            0.500000  0.210000  0.450000
   -3.854    0.039    3.422    4.735    8.380    9.477    9.988   12.964
            0.500000  0.210000  0.460000
   -3.825    0.001    3.388    4.728    8.365    9.535    9.966   13.070
            0.500000  0.210000  0.470000
   -3.795   -0.037    3.353    4.718    8.350    9.593    9.946   13.176
            0.500000  0.210000  0.480000
   -3.765   -0.074    3.319    4.706    8.338    9.650    9.932   13.281
            0.500000  0.210000  0.490000
   -3.734   -0.111    3.285    4.690    8.327    9.698    9.929   13.378
            0.500000  0.210000  0.500000
   -3.703   -0.146    3.250    4.672    8.319    9.729    9.945   13.443
            0.500000  0.210000  0.510000
   -3.672   -0.181    3.216    4.651    8.313    9.739    9.986   13.444
            0.500000  0.210000  0.520000
   -3.641   -0.215    3.181    4.627    8.310    9.732   10.045   13.415
            0.500000  0.210000  0.530000
   -3.609   -0.247    3.147    4.601    8.310    9.716   10.114   13.379
            0.500000  0.210000  0.540000
   -3.577   -0.279    3.113    4.572    8.313    9.696   10.190   13.341
            0.500000  0.210000  0.550000
   -3.545   -0.310    3.079    4.541    8.318    9.674   10.269   13.303
            0.500000  0.210000  0.560000
   -3.513   -0.340    3.044    4.508    8.326    9.651   10.351   13.265
            0.500000  0.210000  0.570000
   -3.480   -0.369    3.010    4.473    8.337    9.627   10.435   13.228
            0.500000  0.210000  0.580000
   -3.448   -0.397    2.976    4.437    8.351    9.603   10.521   13.191
            0.500000  0.210000  0.590000
   -3.415   -0.424    2.942    4.398    8.368    9.579   10.608   13.155
            0.500000  0.210000  0.600000
   -3.382   -0.450    2.908    4.359    8.388    9.555   10.697   13.120
            0.500000  0.210000  0.610000
   -3.350   -0.475    2.874    4.318    8.410    9.531   10.786   13.086
            0.500000  0.210000  0.620000
   -3.317   -0.499    2.840    4.275    8.434    9.507   10.877   13.052
            0.500000  0.210000  0.630000
   -3.285   -0.522    2.806    4.232    8.462    9.483   10.969   13.019
            0.500000  0.210000  0.640000
   -3.252   -0.543    2.772    4.189    8.491    9.460   11.061   12.987
            0.500000  0.210000  0.650000
   -3.220   -0.564    2.739    4.144    8.523    9.437   11.154   12.956
            0.500000  0.210000  0.660000
   -3.188   -0.583    2.705    4.100    8.557    9.414   11.248   12.925
            0.500000  0.210000  0.670000
   -3.157   -0.601    2.671    4.055    8.593    9.392   11.342   12.895
            0.500000  0.210000  0.680000
   -3.126   -0.618    2.637    4.010    8.632    9.370   11.437   12.865
            0.500000  0.210000  0.690000
   -3.095   -0.634    2.603    3.965    8.672    9.349   11.532   12.836
            0.500000  0.210000  0.700000
   -3.064   -0.649    2.569    3.921    8.714    9.328   11.628   12.807
            0.500000  0.210000  0.710000
   -3.034   -0.663    2.535    3.877    8.759    9.308   11.723   12.778
            0.500000  0.210000  0.720000
   -3.005   -0.675    2.502    3.834    8.805    9.288   11.819   12.750
            0.500000  0.210000  0.730000
   -2.976   -0.686    2.468    3.791    8.852    9.269   11.916   12.720
            0.500000  0.210000  0.740000
   -2.948   -0.696    2.434    3.750    8.901    9.251   12.012   12.691
            0.500000  0.210000  0.750000
   -2.921   -0.705    2.400    3.709    8.952    9.233   12.107   12.659
            0.500000  0.210000  0.760000
   -2.894   -0.712    2.367    3.669    9.005    9.215   12.203   12.625
            0.500000  0.210000  0.770000
   -2.868   -0.719    2.333    3.631    9.058    9.199   12.296   12.589
            0.500000  0.210000  0.780000
   -2.844   -0.724    2.300    3.594    9.113    9.183   12.381   12.552
            0.500000  0.210000  0.790000
   -2.819   -0.728    2.267    3.558    9.159    9.178   12.425   12.549
            0.500000  0.210000  0.800000
   -2.796   -0.731    2.235    3.524    9.150    9.230   12.389   12.617
            0.500000  0.210000  0.810000
   -2.774   -0.733    2.202    3.492    9.137    9.289   12.325   12.700
            0.500000  0.210000  0.820000
   -2.753   -0.735    2.171    3.461    9.123    9.349   12.250   12.670
            0.500000  0.210000  0.830000
   -2.733   -0.735    2.140    3.431    9.111    9.410   12.170   12.644
            0.500000  0.210000  0.840000
   -2.714   -0.735    2.109    3.403    9.098    9.473   12.087   12.621
            0.500000  0.210000  0.850000
   -2.697   -0.733    2.080    3.377    9.087    9.536   12.003   12.602
            0.500000  0.210000  0.860000
   -2.680   -0.732    2.052    3.353    9.076    9.601   11.918   12.585
            0.500000  0.210000  0.870000
   -2.664   -0.729    2.024    3.330    9.066    9.666   11.833   12.569
            0.500000  0.210000  0.880000
   -2.650   -0.726    1.998    3.309    9.057    9.732   11.748   12.556
            0.500000  0.210000  0.890000
   -2.637   -0.723    1.974    3.290    9.048    9.799   11.663   12.543
            0.500000  0.210000  0.900000
   -2.625   -0.720    1.951    3.272    9.040    9.866   11.579   12.533
            0.500000  0.210000  0.910000
   -2.614   -0.716    1.929    3.256    9.033    9.933   11.497   12.523
            0.500000  0.210000  0.920000
   -2.604   -0.713    1.910    3.242    9.027   10.000   11.416   12.514
            0.500000  0.210000  0.930000
   -2.596   -0.710    1.892    3.229    9.021   10.067   11.337   12.507
            0.500000  0.210000  0.940000
   -2.588   -0.707    1.877    3.219    9.016   10.133   11.261   12.501
            0.500000  0.210000  0.950000
   -2.582   -0.704    1.863    3.209    9.012   10.196   11.188   12.495
            0.500000  0.210000  0.960000
   -2.577   -0.701    1.852    3.202    9.009   10.256   11.121   12.491
            0.500000  0.210000  0.970000
   -2.573   -0.699    1.843    3.196    9.006   10.311   11.061   12.487
            0.500000  0.210000  0.980000
   -2.570   -0.698    1.837    3.192    9.004   10.355   11.012   12.485
            0.500000  0.210000  0.990000
   -2.568   -0.697    1.833    3.190    9.003   10.386   10.979   12.484
            0.500000  0.210000  1.000000
   -2.568   -0.697    1.832    3.189    9.003   10.397   10.967   12.483
