 &plot nbnd=   8, nks=   101 /
            0.540000  0.940000  0.000000
   -1.843   -1.360    2.016    2.460    9.530   10.369   11.128   11.134
            0.540000  0.940000  0.010000
   -1.848   -1.355    2.016    2.463    9.531   10.368   11.061   11.204
            0.540000  0.940000  0.020000
   -1.862   -1.342    2.013    2.470    9.531   10.362   10.996   11.280
            0.540000  0.940000  0.030000
   -1.884   -1.322    2.009    2.482    9.533   10.352   10.935   11.358
            0.540000  0.940000  0.040000
   -1.912   -1.295    2.003    2.498    9.534   10.337   10.880   11.438
            0.540000  0.940000  0.050000
   -1.945   -1.264    1.997    2.519    9.537   10.317   10.832   11.519
            0.540000  0.940000  0.060000
   -1.981   -1.231    1.990    2.542    9.540   10.290   10.792   11.603
            0.540000  0.940000  0.070000
   -2.020   -1.194    1.983    2.570    9.543   10.256   10.760   11.687
            0.540000  0.940000  0.080000
   -2.061   -1.157    1.976    2.600    9.546   10.216   10.737   11.773
            0.540000  0.940000  0.090000
   -2.104   -1.118    1.969    2.632    9.550   10.170   10.721   11.860
            0.540000  0.940000  0.100000
   -2.148   -1.078    1.962    2.667    9.555   10.120   10.711   11.948
            0.540000  0.940000  0.110000
   -2.193   -1.038    1.957    2.705    9.559   10.067   10.707   12.037
            0.540000  0.940000  0.120000
   -2.239   -0.997    1.952    2.744    9.563   10.012   10.707   12.127
            0.540000  0.940000  0.130000
   -2.285   -0.956    1.948    2.786    9.567    9.957   10.710   12.218
            0.540000  0.940000  0.140000
   -2.331   -0.914    1.945    2.829    9.569    9.902   10.717   12.310
            0.540000  0.940000  0.150000
   -2.378   -0.873    1.942    2.874    9.569    9.850   10.726   12.402
            0.540000  0.940000  0.160000
   -2.426   -0.831    1.941    2.920    9.565    9.802   10.738   12.495
            0.540000  0.940000  0.170000
   -2.473   -0.790    1.941    2.968    9.554    9.762   10.751   12.589
            0.540000  0.940000  0.180000
   -2.521   -0.748    1.942    3.017    9.532    9.734   10.766   12.684
            0.540000  0.940000  0.190000
   -2.569   -0.706    1.945    3.068    9.499    9.719   10.783   12.779
            0.540000  0.940000  0.200000
   -2.616   -0.665    1.948    3.119    9.456    9.714   10.801   12.874
            0.540000  0.940000  0.210000
   -2.664   -0.623    1.952    3.172    9.409    9.715   10.821   12.970
            0.540000  0.940000  0.220000
   -2.712   -0.581    1.958    3.226    9.358    9.721   10.842   13.067
            0.540000  0.940000  0.230000
   -2.759   -0.540    1.965    3.281    9.307    9.730   10.864   13.163
            0.540000  0.940000  0.240000
   -2.807   -0.498    1.972    3.336    9.255    9.740   10.888   13.257
            0.540000  0.940000  0.250000
   -2.854   -0.456    1.981    3.392    9.203    9.752   10.913   13.338
            0.540000  0.940000  0.260000
   -2.901   -0.415    1.991    3.449    9.153    9.765   10.939   13.307
            0.540000  0.940000  0.270000
   -2.948   -0.373    2.003    3.507    9.103    9.779   10.966   13.207
            0.540000  0.940000  0.280000
   -2.995   -0.331    2.015    3.565    9.054    9.794   10.994   13.101
            0.540000  0.940000  0.290000
   -3.042   -0.289    2.028    3.623    9.007    9.810   11.024   12.994
            0.540000  0.940000  0.300000
   -3.088   -0.247    2.043    3.682    8.961    9.826   11.054   12.887
            0.540000  0.940000  0.310000
   -3.134   -0.205    2.058    3.740    8.916    9.842   11.085   12.780
            0.540000  0.940000  0.320000
   -3.179   -0.163    2.075    3.799    8.873    9.860   11.118   12.672
            0.540000  0.940000  0.330000
   -3.224   -0.121    2.092    3.857    8.832    9.878   11.151   12.566
            0.540000  0.940000  0.340000
   -3.269   -0.078    2.111    3.916    8.793    9.896   11.185   12.459
            0.540000  0.940000  0.350000
   -3.314   -0.036    2.131    3.974    8.755    9.915   11.220   12.353
            0.540000  0.940000  0.360000
   -3.358    0.007    2.151    4.031    8.720    9.934   11.255   12.248
            0.540000  0.940000  0.370000
   -3.401    0.050    2.173    4.088    8.687    9.954   11.291   12.144
            0.540000  0.940000  0.380000
   -3.444    0.093    2.196    4.144    8.656    9.974   11.326   12.042
            0.540000  0.940000  0.390000
   -3.487    0.136    2.219    4.199    8.627    9.995   11.360   11.942
            0.540000  0.940000  0.400000
   -3.529    0.179    2.244    4.254    8.601   10.016   11.391   11.846
            0.540000  0.940000  0.410000
   -3.571    0.223    2.269    4.307    8.578   10.037   11.414   11.760
            0.540000  0.940000  0.420000
   -3.612    0.267    2.295    4.358    8.557   10.058   11.419   11.694
            0.540000  0.940000  0.430000
   -3.653    0.311    2.323    4.408    8.538   10.080   11.388   11.663
            0.540000  0.940000  0.440000
   -3.693    0.355    2.351    4.457    8.523   10.102   11.323   11.670
            0.540000  0.940000  0.450000
   -3.733    0.400    2.380    4.504    8.511   10.124   11.239   11.696
            0.540000  0.940000  0.460000
   -3.772    0.445    2.410    4.548    8.502   10.146   11.146   11.732
            0.540000  0.940000  0.470000
   -3.811    0.490    2.440    4.591    8.496   10.168   11.051   11.771
            0.540000  0.940000  0.480000
   -3.849    0.536    2.472    4.631    8.493   10.190   10.954   11.813
            0.540000  0.940000  0.490000
   -3.886    0.581    2.504    4.669    8.494   10.211   10.858   11.856
            0.540000  0.940000  0.500000
   -3.923    0.627    2.537    4.705    8.498   10.231   10.762   11.897
            0.540000  0.940000  0.510000
   -3.959    0.673    2.571    4.738    8.505   10.249   10.669   11.935
            0.540000  0.940000  0.520000
   -3.995    0.720    2.606    4.768    8.516   10.263   10.581   11.967
            0.540000  0.940000  0.530000
   -4.030    0.767    2.641    4.795    8.531   10.266   10.503   11.983
            0.540000  0.940000  0.540000
   -4.064    0.814    2.677    4.820    8.549   10.246   10.450   11.974
            0.540000  0.940000  0.550000
   -4.098    0.861    2.714    4.842    8.571   10.192   10.431   11.935
            0.540000  0.940000  0.560000
   -4.131    0.909    2.751    4.861    8.596   10.116   10.435   11.871
            0.540000  0.940000  0.570000
   -4.164    0.957    2.789    4.877    8.624   10.030   10.450   11.795
            0.540000  0.940000  0.580000
   -4.196    1.005    2.828    4.890    8.655    9.942   10.468   11.713
            0.540000  0.940000  0.590000
   -4.227    1.053    2.867    4.900    8.690    9.851   10.489   11.628
            0.540000  0.940000  0.600000
   -4.257    1.102    2.907    4.908    8.727    9.761   10.511   11.542
            0.540000  0.940000  0.610000
   -4.287    1.151    2.947    4.912    8.767    9.672   10.533   11.456
            0.540000  0.940000  0.620000
   -4.316    1.200    2.988    4.914    8.809    9.584   10.555   11.372
            0.540000  0.940000  0.630000
   -4.345    1.249    3.029    4.914    8.852    9.498   10.577   11.289
            0.540000  0.940000  0.640000
   -4.372    1.299    3.071    4.911    8.895    9.416   10.598   11.207
            0.540000  0.940000  0.650000
   -4.399    1.348    3.113    4.906    8.935    9.339   10.619   11.128
            0.540000  0.940000  0.660000
   -4.426    1.398    3.156    4.898    8.966    9.275   10.638   11.052
            0.540000  0.940000  0.670000
   -4.451    1.448    3.199    4.888    8.974    9.236   10.654   10.981
            0.540000  0.940000  0.680000
   -4.476    1.498    3.242    4.876    8.946    9.236   10.665   10.917
            0.540000  0.940000  0.690000
   -4.500    1.548    3.286    4.863    8.891    9.266   10.665   10.866
            0.540000  0.940000  0.700000
   -4.524    1.598    3.330    4.847    8.822    9.312   10.647   10.836
            0.540000  0.940000  0.710000
   -4.546    1.648    3.373    4.830    8.748    9.365   10.608   10.829
            0.540000  0.940000  0.720000
   -4.568    1.699    3.417    4.811    8.672    9.422   10.558   10.835
            0.540000  0.940000  0.730000
   -4.590    1.749    3.461    4.790    8.595    9.479   10.506   10.848
            0.540000  0.940000  0.740000
   -4.610    1.799    3.506    4.768    8.519    9.537   10.454   10.864
            0.540000  0.940000  0.750000
   -4.630    1.848    3.549    4.745    8.443    9.592   10.406   10.881
            0.540000  0.940000  0.760000
   -4.649    1.898    3.593    4.721    8.369    9.644   10.364   10.899
            0.540000  0.940000  0.770000
   -4.667    1.947    3.637    4.696    8.296    9.690   10.330   10.917
            0.540000  0.940000  0.780000
   -4.684    1.996    3.680    4.670    8.224    9.727   10.308   10.935
            0.540000  0.940000  0.790000
   -4.701    2.045    3.723    4.642    8.154    9.753   10.300   10.953
            0.540000  0.940000  0.800000
   -4.717    2.093    3.765    4.615    8.086    9.764   10.309   10.970
            0.540000  0.940000  0.810000
   -4.732    2.141    3.807    4.586    8.020    9.761   10.333   10.987
            0.540000  0.940000  0.820000
   -4.747    2.188    3.848    4.557    7.955    9.748   10.370   11.003
            0.540000  0.940000  0.830000
   -4.760    2.234    3.888    4.528    7.893    9.727   10.417   11.019
            0.540000  0.940000  0.840000
   -4.773    2.279    3.927    4.499    7.833    9.702   10.470   11.034
            0.540000  0.940000  0.850000
   -4.785    2.323    3.965    4.470    7.776    9.674   10.527   11.048
            0.540000  0.940000  0.860000
   -4.797    2.366    4.001    4.441    7.721    9.645   10.587   11.062
            0.540000  0.940000  0.870000
   -4.807    2.408    4.037    4.412    7.668    9.616   10.647   11.076
            0.540000  0.940000  0.880000
   -4.817    2.448    4.070    4.384    7.619    9.587   10.706   11.088
            0.540000  0.940000  0.890000
   -4.826    2.486    4.102    4.357    7.573    9.561   10.765   11.101
            0.540000  0.940000  0.900000
   -4.834    2.523    4.131    4.331    7.530    9.535   10.821   11.113
            0.540000  0.940000  0.910000
   -4.842    2.557    4.158    4.306    7.490    9.512   10.874   11.124
            0.540000  0.940000  0.920000
   -4.849    2.588    4.182    4.284    7.454    9.491   10.923   11.136
            0.540000  0.940000  0.930000
   -4.855    2.617    4.201    4.266    7.421    9.472   10.967   11.148
            0.540000  0.940000  0.940000
   -4.860    2.643    4.211    4.256    7.393    9.455   11.005   11.160
            0.540000  0.940000  0.950000
   -4.864    2.666    4.208    4.260    7.368    9.441   11.036   11.174
            0.540000  0.940000  0.960000
   -4.867    2.684    4.198    4.270    7.348    9.429   11.060   11.188
            0.540000  0.940000  0.970000
   -4.870    2.699    4.188    4.280    7.332    9.420   11.077   11.201
            0.540000  0.940000  0.980000
   -4.872    2.710    4.180    4.287    7.321    9.414   11.088   11.212
            0.540000  0.940000  0.990000
   -4.873    2.717    4.175    4.291    7.314    9.410   11.094   11.219
            0.540000  0.940000  1.000000
   -4.874    2.719    4.174    4.293    7.312    9.408   11.096   11.221
