 &plot nbnd=   8, nks=   101 /
            0.080000  0.150000  0.000000
   -5.659    4.996    5.461    5.768    8.405    8.805    8.883    9.887
            0.080000  0.150000  0.010000
   -5.658    4.990    5.465    5.767    8.407    8.797    8.889    9.890
            0.080000  0.150000  0.020000
   -5.657    4.972    5.477    5.763    8.411    8.779    8.903    9.901
            0.080000  0.150000  0.030000
   -5.655    4.943    5.494    5.757    8.418    8.756    8.918    9.919
            0.080000  0.150000  0.040000
   -5.652    4.907    5.514    5.749    8.427    8.733    8.932    9.943
            0.080000  0.150000  0.050000
   -5.648    4.864    5.534    5.740    8.437    8.712    8.944    9.974
            0.080000  0.150000  0.060000
   -5.643    4.817    5.551    5.731    8.447    8.694    8.953   10.010
            0.080000  0.150000  0.070000
   -5.638    4.767    5.563    5.723    8.457    8.681    8.959   10.051
            0.080000  0.150000  0.080000
   -5.631    4.714    5.567    5.720    8.464    8.676    8.963   10.098
            0.080000  0.150000  0.090000
   -5.624    4.658    5.561    5.721    8.467    8.679    8.965   10.148
            0.080000  0.150000  0.100000
   -5.616    4.601    5.547    5.726    8.466    8.690    8.966   10.202
            0.080000  0.150000  0.110000
   -5.607    4.543    5.526    5.732    8.463    8.707    8.967   10.258
            0.080000  0.150000  0.120000
   -5.598    4.483    5.499    5.738    8.460    8.727    8.968   10.317
            0.080000  0.150000  0.130000
   -5.587    4.422    5.470    5.741    8.457    8.749    8.973   10.378
            0.080000  0.150000  0.140000
   -5.576    4.361    5.437    5.741    8.456    8.767    8.984   10.440
            0.080000  0.150000  0.150000
   -5.564    4.299    5.402    5.738    8.457    8.781    9.002   10.503
            0.080000  0.150000  0.160000
   -5.550    4.236    5.365    5.731    8.460    8.789    9.029   10.565
            0.080000  0.150000  0.170000
   -5.537    4.173    5.327    5.719    8.464    8.792    9.065   10.627
            0.080000  0.150000  0.180000
   -5.522    4.110    5.287    5.704    8.470    8.792    9.107   10.688
            0.080000  0.150000  0.190000
   -5.506    4.046    5.246    5.685    8.475    8.793    9.153   10.746
            0.080000  0.150000  0.200000
   -5.490    3.981    5.204    5.662    8.479    8.796    9.204   10.802
            0.080000  0.150000  0.210000
   -5.473    3.917    5.162    5.635    8.480    8.803    9.258   10.853
            0.080000  0.150000  0.220000
   -5.454    3.852    5.118    5.605    8.477    8.817    9.314   10.900
            0.080000  0.150000  0.230000
   -5.436    3.787    5.074    5.572    8.469    8.837    9.373   10.940
            0.080000  0.150000  0.240000
   -5.416    3.722    5.030    5.536    8.456    8.864    9.433   10.973
            0.080000  0.150000  0.250000
   -5.395    3.657    4.985    5.497    8.439    8.898    9.494   10.998
            0.080000  0.150000  0.260000
   -5.374    3.592    4.940    5.456    8.419    8.937    9.558   11.012
            0.080000  0.150000  0.270000
   -5.352    3.526    4.894    5.413    8.396    8.980    9.622   11.017
            0.080000  0.150000  0.280000
   -5.329    3.461    4.848    5.367    8.370    9.027    9.687   11.011
            0.080000  0.150000  0.290000
   -5.305    3.395    4.802    5.320    8.343    9.078    9.754   10.996
            0.080000  0.150000  0.300000
   -5.280    3.329    4.756    5.272    8.314    9.131    9.821   10.971
            0.080000  0.150000  0.310000
   -5.254    3.264    4.710    5.222    8.285    9.187    9.889   10.938
            0.080000  0.150000  0.320000
   -5.228    3.198    4.663    5.172    8.254    9.244    9.958   10.899
            0.080000  0.150000  0.330000
   -5.201    3.132    4.617    5.120    8.223    9.303   10.028   10.853
            0.080000  0.150000  0.340000
   -5.173    3.065    4.571    5.068    8.191    9.363   10.099   10.804
            0.080000  0.150000  0.350000
   -5.144    2.999    4.524    5.015    8.159    9.423   10.170   10.752
            0.080000  0.150000  0.360000
   -5.115    2.933    4.478    4.962    8.126    9.482   10.242   10.698
            0.080000  0.150000  0.370000
   -5.084    2.866    4.432    4.909    8.094    9.541   10.314   10.644
            0.080000  0.150000  0.380000
   -5.053    2.800    4.385    4.856    8.061    9.597   10.386   10.592
            0.080000  0.150000  0.390000
   -5.021    2.733    4.339    4.803    8.028    9.650   10.456   10.546
            0.080000  0.150000  0.400000
   -4.988    2.666    4.293    4.750    7.995    9.697   10.486   10.546
            0.080000  0.150000  0.410000
   -4.955    2.599    4.247    4.698    7.962    9.735   10.457   10.614
            0.080000  0.150000  0.420000
   -4.920    2.531    4.202    4.646    7.929    9.761   10.435   10.688
            0.080000  0.150000  0.430000
   -4.885    2.464    4.156    4.594    7.897    9.773   10.427   10.763
            0.080000  0.150000  0.440000
   -4.849    2.396    4.110    4.543    7.865    9.768   10.437   10.839
            0.080000  0.150000  0.450000
   -4.812    2.328    4.065    4.493    7.833    9.746   10.463   10.916
            0.080000  0.150000  0.460000
   -4.775    2.260    4.020    4.443    7.801    9.713   10.502   10.993
            0.080000  0.150000  0.470000
   -4.736    2.191    3.975    4.394    7.769    9.669   10.552   11.071
            0.080000  0.150000  0.480000
   -4.697    2.122    3.930    4.346    7.738    9.619   10.610   11.149
            0.080000  0.150000  0.490000
   -4.657    2.053    3.885    4.299    7.707    9.564   10.673   11.227
            0.080000  0.150000  0.500000
   -4.617    1.984    3.841    4.253    7.677    9.506   10.740   11.306
            0.080000  0.150000  0.510000
   -4.575    1.914    3.797    4.208    7.647    9.447   10.810   11.386
            0.080000  0.150000  0.520000
   -4.533    1.844    3.753    4.164    7.618    9.386   10.882   11.466
            0.080000  0.150000  0.530000
   -4.490    1.774    3.710    4.121    7.589    9.325   10.956   11.546
            0.080000  0.150000  0.540000
   -4.446    1.704    3.667    4.079    7.560    9.263   11.031   11.627
            0.080000  0.150000  0.550000
   -4.402    1.633    3.624    4.038    7.532    9.202   11.108   11.708
            0.080000  0.150000  0.560000
   -4.357    1.562    3.582    3.999    7.505    9.141   11.185   11.790
            0.080000  0.150000  0.570000
   -4.311    1.490    3.541    3.960    7.478    9.081   11.263   11.872
            0.080000  0.150000  0.580000
   -4.264    1.419    3.500    3.922    7.451    9.021   11.341   11.955
            0.080000  0.150000  0.590000
   -4.217    1.346    3.459    3.886    7.425    8.962   11.421   12.038
            0.080000  0.150000  0.600000
   -4.169    1.274    3.419    3.850    7.400    8.904   11.500   12.122
            0.080000  0.150000  0.610000
   -4.120    1.201    3.380    3.815    7.375    8.847   11.580   12.206
            0.080000  0.150000  0.620000
   -4.070    1.128    3.342    3.782    7.351    8.791   11.660   12.290
            0.080000  0.150000  0.630000
   -4.020    1.055    3.304    3.749    7.328    8.736   11.741   12.375
            0.080000  0.150000  0.640000
   -3.969    0.982    3.267    3.718    7.305    8.682   11.822   12.460
            0.080000  0.150000  0.650000
   -3.917    0.908    3.231    3.687    7.283    8.629   11.903   12.546
            0.080000  0.150000  0.660000
   -3.864    0.834    3.196    3.658    7.261    8.578   11.985   12.632
            0.080000  0.150000  0.670000
   -3.811    0.759    3.162    3.629    7.240    8.528   12.066   12.718
            0.080000  0.150000  0.680000
   -3.758    0.685    3.128    3.601    7.220    8.479   12.148   12.805
            0.080000  0.150000  0.690000
   -3.703    0.610    3.096    3.574    7.201    8.431   12.231   12.892
            0.080000  0.150000  0.700000
   -3.648    0.535    3.064    3.549    7.182    8.385   12.313   12.979
            0.080000  0.150000  0.710000
   -3.592    0.460    3.033    3.524    7.164    8.340   12.396   13.067
            0.080000  0.150000  0.720000
   -3.536    0.385    3.004    3.500    7.146    8.296   12.479   13.155
            0.080000  0.150000  0.730000
   -3.478    0.309    2.975    3.476    7.129    8.254   12.562   13.243
            0.080000  0.150000  0.740000
   -3.421    0.234    2.947    3.454    7.113    8.213   12.645   13.332
            0.080000  0.150000  0.750000
   -3.362    0.158    2.920    3.433    7.097    8.173   12.729   13.421
            0.080000  0.150000  0.760000
   -3.303    0.082    2.895    3.412    7.082    8.135   12.812   13.510
            0.080000  0.150000  0.770000
   -3.243    0.007    2.870    3.393    7.068    8.098   12.896   13.599
            0.080000  0.150000  0.780000
   -3.183   -0.069    2.846    3.374    7.055    8.063   12.981   13.689
            0.080000  0.150000  0.790000
   -3.122   -0.145    2.824    3.356    7.042    8.029   13.065   13.778
            0.080000  0.150000  0.800000
   -3.061   -0.221    2.802    3.339    7.030    7.997   13.150   13.868
            0.080000  0.150000  0.810000
   -2.998   -0.297    2.781    3.323    7.018    7.966   13.235   13.958
            0.080000  0.150000  0.820000
   -2.936   -0.372    2.762    3.307    7.007    7.936   13.320   14.048
            0.080000  0.150000  0.830000
   -2.873   -0.448    2.743    3.293    6.997    7.909   13.406   14.137
            0.080000  0.150000  0.840000
   -2.809   -0.524    2.726    3.279    6.988    7.882   13.491   14.227
            0.080000  0.150000  0.850000
   -2.744   -0.599    2.710    3.266    6.979    7.857   13.577   14.316
            0.080000  0.150000  0.860000
   -2.680   -0.674    2.694    3.254    6.970    7.834   13.663   14.404
            0.080000  0.150000  0.870000
   -2.614   -0.750    2.680    3.243    6.963    7.812   13.749   14.492
            0.080000  0.150000  0.880000
   -2.548   -0.824    2.667    3.233    6.956    7.792   13.835   14.578
            0.080000  0.150000  0.890000
   -2.482   -0.899    2.655    3.223    6.949    7.773   13.921   14.663
            0.080000  0.150000  0.900000
   -2.415   -0.974    2.644    3.214    6.943    7.756   14.007   14.745
            0.080000  0.150000  0.910000
   -2.348   -1.048    2.634    3.206    6.938    7.740   14.093   14.823
            0.080000  0.150000  0.920000
   -2.280   -1.122    2.625    3.199    6.933    7.727   14.178   14.896
            0.080000  0.150000  0.930000
   -2.213   -1.195    2.617    3.193    6.929    7.714   14.263   14.960
            0.080000  0.150000  0.940000
   -2.145   -1.268    2.610    3.188    6.926    7.704   14.347   15.012
            0.080000  0.150000  0.950000
   -2.077   -1.340    2.604    3.183    6.923    7.694   14.430   15.045
            0.080000  0.150000  0.960000
   -2.009   -1.411    2.599    3.180    6.920    7.687   14.511   15.056
            0.080000  0.150000  0.970000
   -1.942   -1.481    2.596    3.177    6.918    7.681   14.588   15.043
            0.080000  0.150000  0.980000
   -1.878   -1.547    2.593    3.175    6.917    7.677   14.658   15.014
            0.080000  0.150000  0.990000
   -1.822   -1.603    2.591    3.173    6.916    7.675   14.713   14.981
            0.080000  0.150000  1.000000
   -1.795   -1.631    2.591    3.173    6.916    7.674   14.736   14.964
