 &plot nbnd=   8, nks=   101 /
            0.880000  0.140000  0.000000
   -2.566   -0.819    2.950    3.049    7.026    7.409   13.947   14.985
            0.880000  0.140000  0.010000
   -2.565   -0.819    2.938    3.060    7.022    7.416   13.947   14.978
            0.880000  0.140000  0.020000
   -2.565   -0.819    2.912    3.083    7.012    7.436   13.947   14.956
            0.880000  0.140000  0.030000
   -2.564   -0.819    2.881    3.111    6.997    7.467   13.947   14.921
            0.880000  0.140000  0.040000
   -2.563   -0.820    2.846    3.139    6.979    7.506   13.948   14.873
            0.880000  0.140000  0.050000
   -2.561   -0.820    2.811    3.166    6.961    7.553   13.948   14.813
            0.880000  0.140000  0.060000
   -2.559   -0.821    2.774    3.193    6.945    7.605   13.949   14.743
            0.880000  0.140000  0.070000
   -2.557   -0.822    2.738    3.218    6.930    7.662   13.950   14.665
            0.880000  0.140000  0.080000
   -2.554   -0.823    2.701    3.241    6.917    7.722   13.950   14.579
            0.880000  0.140000  0.090000
   -2.551   -0.824    2.664    3.263    6.908    7.786   13.951   14.487
            0.880000  0.140000  0.100000
   -2.548   -0.825    2.628    3.282    6.902    7.852   13.952   14.390
            0.880000  0.140000  0.110000
   -2.545   -0.827    2.591    3.299    6.901    7.921   13.953   14.288
            0.880000  0.140000  0.120000
   -2.541   -0.828    2.555    3.315    6.903    7.993   13.953   14.183
            0.880000  0.140000  0.130000
   -2.537   -0.830    2.520    3.327    6.909    8.067   13.951   14.077
            0.880000  0.140000  0.140000
   -2.532   -0.832    2.485    3.338    6.920    8.143   13.930   13.988
            0.880000  0.140000  0.150000
   -2.528   -0.834    2.451    3.346    6.935    8.222   13.838   13.967
            0.880000  0.140000  0.160000
   -2.523   -0.836    2.418    3.352    6.954    8.302   13.725   13.965
            0.880000  0.140000  0.170000
   -2.518   -0.838    2.386    3.355    6.977    8.383   13.609   13.966
            0.880000  0.140000  0.180000
   -2.513   -0.841    2.354    3.356    7.005    8.467   13.491   13.966
            0.880000  0.140000  0.190000
   -2.507   -0.844    2.323    3.356    7.037    8.552   13.372   13.967
            0.880000  0.140000  0.200000
   -2.502   -0.846    2.294    3.353    7.074    8.639   13.252   13.968
            0.880000  0.140000  0.210000
   -2.496   -0.849    2.265    3.348    7.114    8.727   13.131   13.968
            0.880000  0.140000  0.220000
   -2.490   -0.852    2.238    3.341    7.158    8.816   13.010   13.969
            0.880000  0.140000  0.230000
   -2.484   -0.855    2.212    3.333    7.206    8.907   12.888   13.968
            0.880000  0.140000  0.240000
   -2.478   -0.859    2.186    3.323    7.258    8.999   12.766   13.967
            0.880000  0.140000  0.250000
   -2.472   -0.862    2.163    3.312    7.313    9.093   12.644   13.965
            0.880000  0.140000  0.260000
   -2.466   -0.865    2.140    3.299    7.372    9.187   12.522   13.962
            0.880000  0.140000  0.270000
   -2.460   -0.869    2.118    3.286    7.434    9.283   12.401   13.956
            0.880000  0.140000  0.280000
   -2.454   -0.872    2.098    3.272    7.499    9.379   12.279   13.947
            0.880000  0.140000  0.290000
   -2.449   -0.875    2.079    3.257    7.567    9.477   12.158   13.931
            0.880000  0.140000  0.300000
   -2.443   -0.879    2.061    3.241    7.638    9.575   12.037   13.905
            0.880000  0.140000  0.310000
   -2.437   -0.882    2.045    3.225    7.712    9.675   11.917   13.863
            0.880000  0.140000  0.320000
   -2.432   -0.885    2.029    3.209    7.788    9.774   11.797   13.800
            0.880000  0.140000  0.330000
   -2.427   -0.889    2.015    3.192    7.867    9.874   11.679   13.714
            0.880000  0.140000  0.340000
   -2.422   -0.892    2.002    3.175    7.948    9.975   11.562   13.614
            0.880000  0.140000  0.350000
   -2.418   -0.894    1.991    3.159    8.031   10.074   11.446   13.504
            0.880000  0.140000  0.360000
   -2.413   -0.897    1.980    3.143    8.116   10.173   11.334   13.388
            0.880000  0.140000  0.370000
   -2.410   -0.899    1.971    3.127    8.203   10.269   11.225   13.270
            0.880000  0.140000  0.380000
   -2.406   -0.901    1.962    3.112    8.292   10.359   11.124   13.150
            0.880000  0.140000  0.390000
   -2.403   -0.903    1.955    3.097    8.383   10.437   11.036   13.029
            0.880000  0.140000  0.400000
   -2.401   -0.904    1.949    3.083    8.476   10.489   10.975   12.909
            0.880000  0.140000  0.410000
   -2.398   -0.905    1.944    3.070    8.570   10.496   10.961   12.788
            0.880000  0.140000  0.420000
   -2.397   -0.906    1.940    3.057    8.666   10.452   10.998   12.669
            0.880000  0.140000  0.430000
   -2.396   -0.906    1.937    3.046    8.763   10.375   11.070   12.550
            0.880000  0.140000  0.440000
   -2.395   -0.906    1.934    3.035    8.861   10.282   11.158   12.433
            0.880000  0.140000  0.450000
   -2.395   -0.905    1.933    3.026    8.960   10.183   11.253   12.318
            0.880000  0.140000  0.460000
   -2.396   -0.904    1.932    3.018    9.059   10.080   11.350   12.208
            0.880000  0.140000  0.470000
   -2.397   -0.902    1.932    3.011    9.159    9.976   11.444   12.105
            0.880000  0.140000  0.480000
   -2.399   -0.900    1.933    3.005    9.257    9.874   11.524   12.018
            0.880000  0.140000  0.490000
   -2.401   -0.898    1.935    3.001    9.352    9.777   11.571   11.968
            0.880000  0.140000  0.500000
   -2.404   -0.895    1.938    2.997    9.430    9.697   11.557   11.981
            0.880000  0.140000  0.510000
   -2.407   -0.891    1.941    2.996    9.449    9.678   11.492   12.048
            0.880000  0.140000  0.520000
   -2.411   -0.887    1.945    2.995    9.388    9.739   11.402   12.142
            0.880000  0.140000  0.530000
   -2.416   -0.882    1.949    2.996    9.298    9.831   11.303   12.248
            0.880000  0.140000  0.540000
   -2.421   -0.877    1.954    2.999    9.200    9.930   11.201   12.360
            0.880000  0.140000  0.550000
   -2.426   -0.872    1.960    3.003    9.101   10.031   11.099   12.475
            0.880000  0.140000  0.560000
   -2.432   -0.866    1.967    3.008    9.001   10.129   11.002   12.592
            0.880000  0.140000  0.570000
   -2.438   -0.860    1.975    3.014    8.902   10.222   10.911   12.711
            0.880000  0.140000  0.580000
   -2.445   -0.854    1.983    3.022    8.804   10.300   10.837   12.831
            0.880000  0.140000  0.590000
   -2.452   -0.847    1.992    3.030    8.707   10.345   10.797   12.952
            0.880000  0.140000  0.600000
   -2.460   -0.841    2.001    3.040    8.611   10.340   10.809   13.073
            0.880000  0.140000  0.610000
   -2.467   -0.834    2.012    3.051    8.516   10.287   10.869   13.194
            0.880000  0.140000  0.620000
   -2.476   -0.826    2.023    3.063    8.423   10.209   10.957   13.315
            0.880000  0.140000  0.630000
   -2.484   -0.819    2.036    3.076    8.331   10.119   11.058   13.434
            0.880000  0.140000  0.640000
   -2.492   -0.812    2.049    3.090    8.242   10.024   11.166   13.551
            0.880000  0.140000  0.650000
   -2.501   -0.804    2.063    3.104    8.153    9.926   11.279   13.663
            0.880000  0.140000  0.660000
   -2.510   -0.797    2.078    3.119    8.067    9.827   11.393   13.765
            0.880000  0.140000  0.670000
   -2.519   -0.789    2.094    3.135    7.983    9.728   11.510   13.852
            0.880000  0.140000  0.680000
   -2.528   -0.782    2.111    3.151    7.901    9.628   11.628   13.915
            0.880000  0.140000  0.690000
   -2.537   -0.774    2.129    3.167    7.821    9.529   11.747   13.955
            0.880000  0.140000  0.700000
   -2.546   -0.767    2.148    3.183    7.744    9.431   11.867   13.978
            0.880000  0.140000  0.710000
   -2.555   -0.760    2.168    3.199    7.668    9.334   11.987   13.992
            0.880000  0.140000  0.720000
   -2.564   -0.753    2.189    3.215    7.596    9.238   12.108   14.001
            0.880000  0.140000  0.730000
   -2.573   -0.747    2.211    3.231    7.526    9.142   12.229   14.006
            0.880000  0.140000  0.740000
   -2.582   -0.740    2.234    3.246    7.459    9.048   12.351   14.009
            0.880000  0.140000  0.750000
   -2.590   -0.734    2.259    3.261    7.395    8.955   12.472   14.011
            0.880000  0.140000  0.760000
   -2.599   -0.728    2.284    3.274    7.334    8.863   12.594   14.012
            0.880000  0.140000  0.770000
   -2.607   -0.722    2.310    3.287    7.276    8.773   12.715   14.013
            0.880000  0.140000  0.780000
   -2.615   -0.716    2.337    3.299    7.222    8.684   12.837   14.013
            0.880000  0.140000  0.790000
   -2.623   -0.711    2.366    3.309    7.171    8.596   12.958   14.012
            0.880000  0.140000  0.800000
   -2.631   -0.706    2.395    3.318    7.124    8.510   13.078   14.012
            0.880000  0.140000  0.810000
   -2.638   -0.701    2.425    3.325    7.080    8.426   13.198   14.011
            0.880000  0.140000  0.820000
   -2.645   -0.697    2.456    3.331    7.040    8.343   13.318   14.010
            0.880000  0.140000  0.830000
   -2.652   -0.692    2.487    3.335    7.005    8.262   13.436   14.009
            0.880000  0.140000  0.840000
   -2.659   -0.689    2.520    3.337    6.973    8.183   13.553   14.009
            0.880000  0.140000  0.850000
   -2.665   -0.685    2.553    3.337    6.945    8.106   13.668   14.008
            0.880000  0.140000  0.860000
   -2.671   -0.681    2.586    3.334    6.922    8.031   13.782   14.007
            0.880000  0.140000  0.870000
   -2.676   -0.678    2.621    3.330    6.902    7.958   13.893   14.007
            0.880000  0.140000  0.880000
   -2.681   -0.675    2.655    3.323    6.887    7.888   13.991   14.017
            0.880000  0.140000  0.890000
   -2.686   -0.673    2.690    3.314    6.876    7.821   14.001   14.112
            0.880000  0.140000  0.900000
   -2.691   -0.670    2.725    3.302    6.868    7.756   14.001   14.214
            0.880000  0.140000  0.910000
   -2.695   -0.668    2.760    3.289    6.864    7.694   14.001   14.312
            0.880000  0.140000  0.920000
   -2.698   -0.666    2.795    3.273    6.864    7.636   14.000   14.404
            0.880000  0.140000  0.930000
   -2.701   -0.665    2.830    3.255    6.867    7.581   13.999   14.491
            0.880000  0.140000  0.940000
   -2.704   -0.663    2.865    3.236    6.872    7.531   13.999   14.571
            0.880000  0.140000  0.950000
   -2.706   -0.662    2.899    3.214    6.879    7.486   13.998   14.641
            0.880000  0.140000  0.960000
   -2.708   -0.661    2.932    3.192    6.887    7.447   13.998   14.702
            0.880000  0.140000  0.970000
   -2.710   -0.660    2.964    3.168    6.895    7.414   13.997   14.751
            0.880000  0.140000  0.980000
   -2.711   -0.660    2.993    3.145    6.902    7.390   13.997   14.788
            0.880000  0.140000  0.990000
   -2.712   -0.659    3.017    3.124    6.907    7.375   13.997   14.810
            0.880000  0.140000  1.000000
   -2.712   -0.659    3.027    3.115    6.909    7.369   13.997   14.817
