 &plot nbnd=   8, nks=    50 /
            0.777800  0.888900  0.000000
   -2.469   -2.122    1.616    2.505    6.197    7.461   12.423   12.620
            0.777800  0.888900  0.020400
   -2.510   -2.080    1.619    2.507    6.199    7.464   12.343   12.691
            0.777800  0.888900  0.040800
   -2.602   -1.986    1.627    2.512    6.204    7.472   12.200   12.795
            0.777800  0.888900  0.061200
   -2.711   -1.872    1.640    2.521    6.212    7.484   12.046   12.868
            0.777800  0.888900  0.081600
   -2.826   -1.751    1.658    2.534    6.223    7.502   11.889   12.882
            0.777800  0.888900  0.102000
   -2.943   -1.627    1.681    2.550    6.237    7.525   11.731   12.830
            0.777800  0.888900  0.122400
   -3.060   -1.501    1.709    2.570    6.255    7.552   11.572   12.729
            0.777800  0.888900  0.142900
   -3.177   -1.374    1.742    2.594    6.276    7.585   11.412   12.598
            0.777800  0.888900  0.163300
   -3.292   -1.246    1.780    2.621    6.300    7.622   11.256   12.454
            0.777800  0.888900  0.183700
   -3.406   -1.119    1.823    2.652    6.327    7.665   11.099   12.301
            0.777800  0.888900  0.204100
   -3.519   -0.991    1.871    2.687    6.356    7.712   10.943   12.143
            0.777800  0.888900  0.224500
   -3.630   -0.865    1.923    2.726    6.388    7.764   10.789   11.983
            0.777800  0.888900  0.244900
   -3.738   -0.739    1.979    2.769    6.423    7.821   10.636   11.821
            0.777800  0.888900  0.265300
   -3.845   -0.613    2.040    2.816    6.461    7.883   10.485   11.660
            0.777800  0.888900  0.285700
   -3.949   -0.488    2.105    2.867    6.502    7.949   10.337   11.499
            0.777800  0.888900  0.306100
   -4.052   -0.365    2.174    2.922    6.544    8.020   10.189   11.339
            0.777800  0.888900  0.326500
   -4.152   -0.242    2.246    2.981    6.589    8.094   10.044   11.180
            0.777800  0.888900  0.346900
   -4.249   -0.120    2.321    3.045    6.637    8.172    9.902   11.022
            0.777800  0.888900  0.367300
   -4.344    0.002    2.399    3.113    6.686    8.251    9.765   10.866
            0.777800  0.888900  0.387800
   -4.437    0.123    2.480    3.186    6.738    8.332    9.632   10.711
            0.777800  0.888900  0.408200
   -4.527    0.243    2.562    3.263    6.790    8.409    9.508   10.558
            0.777800  0.888900  0.428600
   -4.615    0.362    2.646    3.344    6.844    8.478    9.398   10.407
            0.777800  0.888900  0.449000
   -4.699    0.480    2.731    3.429    6.899    8.531    9.310   10.258
            0.777800  0.888900  0.469400
   -4.781    0.598    2.818    3.519    6.955    8.553    9.258   10.111
            0.777800  0.888900  0.489800
   -4.860    0.715    2.905    3.611    7.011    8.534    9.253    9.968
            0.777800  0.888900  0.510200
   -4.937    0.832    2.994    3.706    7.066    8.476    9.291    9.828
            0.777800  0.888900  0.530600
   -5.010    0.950    3.082    3.804    7.120    8.393    9.356    9.695
            0.777800  0.888900  0.551000
   -5.080    1.067    3.172    3.904    7.171    8.298    9.415    9.589
            0.777800  0.888900  0.571400
   -5.148    1.185    3.261    4.005    7.216    8.200    9.368    9.599
            0.777800  0.888900  0.591800
   -5.213    1.302    3.352    4.106    7.254    8.109    9.251    9.687
            0.777800  0.888900  0.612200
   -5.274    1.420    3.442    4.206    7.280    8.030    9.125    9.783
            0.777800  0.888900  0.632700
   -5.333    1.540    3.533    4.305    7.289    7.971    9.000    9.875
            0.777800  0.888900  0.653100
   -5.388    1.659    3.623    4.399    7.276    7.936    8.876    9.954
            0.777800  0.888900  0.673500
   -5.441    1.778    3.713    4.487    7.244    7.926    8.755   10.010
            0.777800  0.888900  0.693900
   -5.490    1.898    3.803    4.568    7.199    7.935    8.638   10.037
            0.777800  0.888900  0.714300
   -5.537    2.018    3.892    4.638    7.149    7.956    8.527   10.030
            0.777800  0.888900  0.734700
   -5.580    2.139    3.980    4.697    7.103    7.981    8.425    9.990
            0.777800  0.888900  0.755100
   -5.620    2.260    4.067    4.740    7.066    7.998    8.337    9.920
            0.777800  0.888900  0.775500
   -5.657    2.381    4.151    4.767    7.043    7.993    8.278    9.830
            0.777800  0.888900  0.795900
   -5.690    2.502    4.233    4.776    7.036    7.954    8.256    9.725
            0.777800  0.888900  0.816300
   -5.721    2.623    4.310    4.768    7.047    7.890    8.262    9.612
            0.777800  0.888900  0.836700
   -5.748    2.742    4.381    4.743    7.073    7.818    8.279    9.497
            0.777800  0.888900  0.857100
   -5.772    2.859    4.442    4.709    7.113    7.747    8.296    9.383
            0.777800  0.888900  0.877600
   -5.793    2.974    4.484    4.676    7.162    7.685    8.308    9.275
            0.777800  0.888900  0.898000
   -5.811    3.084    4.485    4.668    7.213    7.637    8.310    9.177
            0.777800  0.888900  0.918400
   -5.825    3.186    4.446    4.689    7.258    7.611    8.301    9.095
            0.777800  0.888900  0.938800
   -5.837    3.278    4.390    4.718    7.285    7.610    8.280    9.030
            0.777800  0.888900  0.959200
   -5.845    3.353    4.336    4.742    7.296    7.631    8.252    8.985
            0.777800  0.888900  0.979600
   -5.849    3.404    4.297    4.758    7.297    7.656    8.227    8.959
            0.777800  0.888900  1.000000
   -5.851    3.422    4.283    4.763    7.296    7.667    8.216    8.950
