 &plot nbnd=   8, nks=   101 /
            0.650000  0.010000  0.000000
   -4.017    1.126    3.616    3.618    6.743    8.072   12.897   12.903
            0.650000  0.010000  0.010000
   -4.016    1.125    3.614    3.619    6.745    8.074   12.896   12.899
            0.650000  0.010000  0.020000
   -4.015    1.123    3.608    3.619    6.753    8.079   12.878   12.897
            0.650000  0.010000  0.030000
   -4.013    1.120    3.599    3.620    6.766    8.088   12.849   12.896
            0.650000  0.010000  0.040000
   -4.011    1.115    3.587    3.620    6.784    8.100   12.808   12.895
            0.650000  0.010000  0.050000
   -4.008    1.108    3.572    3.621    6.807    8.116   12.758   12.893
            0.650000  0.010000  0.060000
   -4.004    1.101    3.553    3.622    6.835    8.135   12.699   12.891
            0.650000  0.010000  0.070000
   -3.999    1.092    3.531    3.623    6.868    8.157   12.632   12.888
            0.650000  0.010000  0.080000
   -3.994    1.081    3.507    3.625    6.905    8.183   12.558   12.885
            0.650000  0.010000  0.090000
   -3.988    1.070    3.480    3.626    6.946    8.212   12.479   12.882
            0.650000  0.010000  0.100000
   -3.981    1.057    3.451    3.628    6.991    8.244   12.395   12.878
            0.650000  0.010000  0.110000
   -3.974    1.042    3.420    3.630    7.041    8.279   12.307   12.874
            0.650000  0.010000  0.120000
   -3.966    1.027    3.387    3.633    7.093    8.318   12.215   12.869
            0.650000  0.010000  0.130000
   -3.957    1.010    3.352    3.636    7.150    8.359   12.120   12.864
            0.650000  0.010000  0.140000
   -3.948    0.992    3.315    3.639    7.209    8.403   12.022   12.859
            0.650000  0.010000  0.150000
   -3.938    0.973    3.277    3.643    7.272    8.451   11.923   12.854
            0.650000  0.010000  0.160000
   -3.927    0.952    3.238    3.647    7.337    8.501   11.821   12.848
            0.650000  0.010000  0.170000
   -3.916    0.931    3.198    3.652    7.405    8.554   11.719   12.841
            0.650000  0.010000  0.180000
   -3.904    0.909    3.157    3.657    7.476    8.609   11.615   12.834
            0.650000  0.010000  0.190000
   -3.891    0.885    3.115    3.663    7.549    8.668   11.509   12.827
            0.650000  0.010000  0.200000
   -3.877    0.861    3.073    3.669    7.624    8.728   11.404   12.820
            0.650000  0.010000  0.210000
   -3.863    0.835    3.031    3.675    7.701    8.792   11.297   12.812
            0.650000  0.010000  0.220000
   -3.848    0.809    2.988    3.682    7.781    8.857   11.190   12.804
            0.650000  0.010000  0.230000
   -3.833    0.782    2.944    3.690    7.862    8.925   11.083   12.796
            0.650000  0.010000  0.240000
   -3.817    0.754    2.901    3.698    7.946    8.995   10.975   12.787
            0.650000  0.010000  0.250000
   -3.800    0.725    2.858    3.707    8.031    9.068   10.868   12.778
            0.650000  0.010000  0.260000
   -3.783    0.696    2.814    3.716    8.117    9.142   10.760   12.769
            0.650000  0.010000  0.270000
   -3.765    0.666    2.771    3.726    8.205    9.219   10.653   12.759
            0.650000  0.010000  0.280000
   -3.746    0.635    2.728    3.736    8.295    9.297   10.546   12.749
            0.650000  0.010000  0.290000
   -3.727    0.604    2.686    3.747    8.386    9.377   10.439   12.739
            0.650000  0.010000  0.300000
   -3.707    0.572    2.643    3.758    8.478    9.459   10.333   12.728
            0.650000  0.010000  0.310000
   -3.687    0.540    2.601    3.769    8.572    9.543   10.228   12.718
            0.650000  0.010000  0.320000
   -3.666    0.507    2.560    3.781    8.667    9.627   10.125   12.707
            0.650000  0.010000  0.330000
   -3.645    0.474    2.519    3.793    8.763    9.711   10.024   12.696
            0.650000  0.010000  0.340000
   -3.622    0.441    2.478    3.806    8.860    9.784    9.936   12.684
            0.650000  0.010000  0.350000
   -3.600    0.407    2.438    3.819    8.959    9.778    9.930   12.673
            0.650000  0.010000  0.360000
   -3.577    0.373    2.399    3.832    9.058    9.691   10.007   12.661
            0.650000  0.010000  0.370000
   -3.553    0.339    2.360    3.845    9.159    9.594   10.097   12.649
            0.650000  0.010000  0.380000
   -3.528    0.304    2.322    3.858    9.260    9.496   10.191   12.637
            0.650000  0.010000  0.390000
   -3.504    0.269    2.285    3.872    9.362    9.398   10.288   12.624
            0.650000  0.010000  0.400000
   -3.478    0.234    2.249    3.885    9.300    9.466   10.386   12.612
            0.650000  0.010000  0.410000
   -3.452    0.199    2.213    3.898    9.204    9.570   10.485   12.599
            0.650000  0.010000  0.420000
   -3.426    0.164    2.179    3.912    9.109    9.674   10.586   12.587
            0.650000  0.010000  0.430000
   -3.399    0.129    2.145    3.925    9.016    9.780   10.689   12.574
            0.650000  0.010000  0.440000
   -3.372    0.094    2.112    3.937    8.924    9.886   10.793   12.561
            0.650000  0.010000  0.450000
   -3.344    0.058    2.080    3.950    8.834    9.993   10.898   12.548
            0.650000  0.010000  0.460000
   -3.316    0.023    2.049    3.961    8.746   10.101   11.004   12.534
            0.650000  0.010000  0.470000
   -3.288   -0.012    2.019    3.973    8.660   10.209   11.111   12.521
            0.650000  0.010000  0.480000
   -3.259   -0.047    1.990    3.983    8.576   10.318   11.219   12.507
            0.650000  0.010000  0.490000
   -3.229   -0.082    1.962    3.993    8.495   10.427   11.329   12.493
            0.650000  0.010000  0.500000
   -3.199   -0.117    1.935    4.002    8.415   10.537   11.439   12.479
            0.650000  0.010000  0.510000
   -3.169   -0.152    1.909    4.010    8.339   10.647   11.550   12.465
            0.650000  0.010000  0.520000
   -3.139   -0.187    1.885    4.016    8.265   10.757   11.662   12.450
            0.650000  0.010000  0.530000
   -3.108   -0.222    1.861    4.022    8.194   10.868   11.775   12.435
            0.650000  0.010000  0.540000
   -3.077   -0.256    1.839    4.026    8.125   10.979   11.888   12.419
            0.650000  0.010000  0.550000
   -3.046   -0.290    1.818    4.028    8.061   11.089   12.002   12.402
            0.650000  0.010000  0.560000
   -3.014   -0.325    1.798    4.029    7.999   11.200   12.115   12.384
            0.650000  0.010000  0.570000
   -2.982   -0.358    1.779    4.027    7.941   11.310   12.227   12.366
            0.650000  0.010000  0.580000
   -2.950   -0.392    1.762    4.024    7.886   11.419   12.314   12.369
            0.650000  0.010000  0.590000
   -2.918   -0.426    1.746    4.019    7.835   11.527   12.304   12.465
            0.650000  0.010000  0.600000
   -2.885   -0.459    1.731    4.011    7.788   11.633   12.272   12.574
            0.650000  0.010000  0.610000
   -2.853   -0.492    1.717    4.002    7.746   11.737   12.233   12.677
            0.650000  0.010000  0.620000
   -2.820   -0.525    1.705    3.990    7.707   11.835   12.185   12.745
            0.650000  0.010000  0.630000
   -2.787   -0.557    1.694    3.975    7.672   11.926   12.131   12.739
            0.650000  0.010000  0.640000
   -2.754   -0.589    1.685    3.958    7.642   11.990   12.085   12.727
            0.650000  0.010000  0.650000
   -2.721   -0.621    1.677    3.938    7.616   11.961   12.113   12.731
            0.650000  0.010000  0.660000
   -2.688   -0.653    1.670    3.916    7.594   11.886   12.167   12.756
            0.650000  0.010000  0.670000
   -2.654   -0.685    1.665    3.891    7.577   11.801   12.209   12.801
            0.650000  0.010000  0.680000
   -2.621   -0.716    1.662    3.864    7.563   11.711   12.239   12.864
            0.650000  0.010000  0.690000
   -2.588   -0.747    1.659    3.834    7.555   11.618   12.257   12.933
            0.650000  0.010000  0.700000
   -2.555   -0.778    1.659    3.802    7.550   11.523   12.268   12.978
            0.650000  0.010000  0.710000
   -2.522   -0.808    1.660    3.768    7.550   11.427   12.274   12.975
            0.650000  0.010000  0.720000
   -2.488   -0.839    1.662    3.731    7.554   11.331   12.276   12.955
            0.650000  0.010000  0.730000
   -2.455   -0.869    1.666    3.693    7.562   11.234   12.276   12.931
            0.650000  0.010000  0.740000
   -2.422   -0.898    1.672    3.652    7.573   11.137   12.275   12.905
            0.650000  0.010000  0.750000
   -2.390   -0.928    1.679    3.610    7.589   11.040   12.274   12.879
            0.650000  0.010000  0.760000
   -2.357   -0.957    1.687    3.565    7.608   10.943   12.272   12.853
            0.650000  0.010000  0.770000
   -2.325   -0.986    1.698    3.520    7.630   10.846   12.270   12.827
            0.650000  0.010000  0.780000
   -2.292   -1.015    1.710    3.473    7.656   10.750   12.268   12.802
            0.650000  0.010000  0.790000
   -2.260   -1.044    1.723    3.425    7.685   10.655   12.266   12.777
            0.650000  0.010000  0.800000
   -2.228   -1.072    1.738    3.375    7.718   10.560   12.265   12.753
            0.650000  0.010000  0.810000
   -2.196   -1.101    1.755    3.325    7.753   10.465   12.264   12.730
            0.650000  0.010000  0.820000
   -2.165   -1.129    1.773    3.274    7.791   10.372   12.263   12.707
            0.650000  0.010000  0.830000
   -2.134   -1.157    1.793    3.223    7.832   10.279   12.262   12.685
            0.650000  0.010000  0.840000
   -2.103   -1.184    1.815    3.171    7.875   10.187   12.262   12.663
            0.650000  0.010000  0.850000
   -2.072   -1.212    1.838    3.118    7.921   10.096   12.262   12.643
            0.650000  0.010000  0.860000
   -2.041   -1.239    1.863    3.066    7.969   10.005   12.263   12.623
            0.650000  0.010000  0.870000
   -2.011   -1.267    1.889    3.013    8.020    9.916   12.264   12.604
            0.650000  0.010000  0.880000
   -1.981   -1.294    1.917    2.960    8.073    9.827   12.265   12.586
            0.650000  0.010000  0.890000
   -1.952   -1.321    1.946    2.908    8.128    9.740   12.267   12.568
            0.650000  0.010000  0.900000
   -1.922   -1.348    1.977    2.855    8.185    9.653   12.269   12.552
            0.650000  0.010000  0.910000
   -1.893   -1.374    2.010    2.803    8.243    9.568   12.272   12.537
            0.650000  0.010000  0.920000
   -1.865   -1.401    2.043    2.752    8.304    9.483   12.274   12.523
            0.650000  0.010000  0.930000
   -1.837   -1.427    2.079    2.701    8.367    9.400   12.277   12.510
            0.650000  0.010000  0.940000
   -1.809   -1.453    2.115    2.650    8.431    9.318   12.280   12.499
            0.650000  0.010000  0.950000
   -1.783   -1.478    2.153    2.601    8.497    9.237   12.283   12.488
            0.650000  0.010000  0.960000
   -1.757   -1.503    2.192    2.552    8.564    9.157   12.285   12.480
            0.650000  0.010000  0.970000
   -1.733   -1.526    2.233    2.504    8.633    9.078   12.287   12.473
            0.650000  0.010000  0.980000
   -1.711   -1.547    2.274    2.457    8.704    9.001   12.289   12.468
            0.650000  0.010000  0.990000
   -1.696   -1.562    2.315    2.413    8.775    8.925   12.290   12.465
            0.650000  0.010000  1.000000
   -1.689   -1.568    2.344    2.382    8.838    8.861   12.290   12.464
