 &plot nbnd=   8, nks=   101 /
            0.880000  0.530000  0.000000
   -2.108   -1.115    1.882    2.739    9.231   10.609   11.109   11.396
            0.880000  0.530000  0.010000
   -2.110   -1.113    1.882    2.740    9.231   10.599   11.115   11.402
            0.880000  0.530000  0.020000
   -2.116   -1.109    1.883    2.744    9.232   10.570   11.129   11.420
            0.880000  0.530000  0.030000
   -2.126   -1.101    1.885    2.751    9.234   10.528   11.148   11.450
            0.880000  0.530000  0.040000
   -2.139   -1.091    1.887    2.761    9.237   10.477   11.167   11.492
            0.880000  0.530000  0.050000
   -2.156   -1.078    1.890    2.773    9.240   10.419   11.184   11.544
            0.880000  0.530000  0.060000
   -2.176   -1.062    1.894    2.788    9.244   10.357   11.200   11.606
            0.880000  0.530000  0.070000
   -2.198   -1.045    1.898    2.806    9.248   10.293   11.213   11.674
            0.880000  0.530000  0.080000
   -2.223   -1.026    1.903    2.826    9.254   10.227   11.226   11.747
            0.880000  0.530000  0.090000
   -2.251   -1.005    1.909    2.848    9.259   10.161   11.238   11.825
            0.880000  0.530000  0.100000
   -2.281   -0.983    1.916    2.873    9.266   10.094   11.250   11.905
            0.880000  0.530000  0.110000
   -2.312   -0.959    1.923    2.901    9.273   10.028   11.263   11.988
            0.880000  0.530000  0.120000
   -2.345   -0.934    1.931    2.931    9.281    9.961   11.276   12.073
            0.880000  0.530000  0.130000
   -2.380   -0.909    1.940    2.962    9.289    9.896   11.289   12.160
            0.880000  0.530000  0.140000
   -2.416   -0.882    1.949    2.996    9.298    9.831   11.303   12.248
            0.880000  0.530000  0.150000
   -2.453   -0.855    1.959    3.032    9.307    9.767   11.317   12.338
            0.880000  0.530000  0.160000
   -2.490   -0.827    1.970    3.070    9.316    9.705   11.333   12.429
            0.880000  0.530000  0.170000
   -2.529   -0.799    1.982    3.110    9.325    9.644   11.349   12.520
            0.880000  0.530000  0.180000
   -2.569   -0.770    1.995    3.152    9.332    9.586   11.366   12.613
            0.880000  0.530000  0.190000
   -2.609   -0.741    2.008    3.195    9.337    9.533   11.383   12.706
            0.880000  0.530000  0.200000
   -2.649   -0.711    2.022    3.240    9.335    9.489   11.402   12.801
            0.880000  0.530000  0.210000
   -2.691   -0.681    2.037    3.286    9.319    9.460   11.421   12.896
            0.880000  0.530000  0.220000
   -2.732   -0.651    2.053    3.333    9.285    9.450   11.442   12.991
            0.880000  0.530000  0.230000
   -2.774   -0.620    2.069    3.382    9.241    9.454   11.463   13.085
            0.880000  0.530000  0.240000
   -2.816   -0.588    2.086    3.432    9.192    9.463   11.485   13.056
            0.880000  0.530000  0.250000
   -2.858   -0.557    2.104    3.483    9.142    9.476   11.507   12.953
            0.880000  0.530000  0.260000
   -2.901   -0.525    2.123    3.535    9.092    9.491   11.531   12.850
            0.880000  0.530000  0.270000
   -2.943   -0.492    2.142    3.588    9.042    9.508   11.555   12.748
            0.880000  0.530000  0.280000
   -2.986   -0.460    2.163    3.641    8.994    9.525   11.579   12.645
            0.880000  0.530000  0.290000
   -3.028   -0.427    2.184    3.695    8.946    9.544   11.604   12.544
            0.880000  0.530000  0.300000
   -3.071   -0.393    2.205    3.749    8.900    9.563   11.629   12.443
            0.880000  0.530000  0.310000
   -3.113   -0.359    2.228    3.804    8.856    9.583   11.654   12.344
            0.880000  0.530000  0.320000
   -3.155   -0.325    2.251    3.858    8.814    9.604   11.677   12.247
            0.880000  0.530000  0.330000
   -3.197   -0.291    2.275    3.913    8.773    9.625   11.697   12.155
            0.880000  0.530000  0.340000
   -3.239   -0.256    2.300    3.968    8.734    9.647   11.710   12.071
            0.880000  0.530000  0.350000
   -3.281   -0.220    2.325    4.022    8.697    9.669   11.708   12.004
            0.880000  0.530000  0.360000
   -3.322   -0.184    2.351    4.076    8.662    9.692   11.678   11.965
            0.880000  0.530000  0.370000
   -3.364   -0.148    2.378    4.129    8.629    9.715   11.619   11.958
            0.880000  0.530000  0.380000
   -3.404   -0.112    2.405    4.182    8.599    9.739   11.540   11.971
            0.880000  0.530000  0.390000
   -3.445   -0.074    2.433    4.233    8.571    9.763   11.452   11.995
            0.880000  0.530000  0.400000
   -3.485   -0.037    2.462    4.284    8.546    9.788   11.359   12.025
            0.880000  0.530000  0.410000
   -3.525    0.001    2.491    4.334    8.523    9.813   11.264   12.059
            0.880000  0.530000  0.420000
   -3.564    0.040    2.522    4.382    8.502    9.838   11.168   12.095
            0.880000  0.530000  0.430000
   -3.603    0.079    2.552    4.428    8.485    9.864   11.071   12.133
            0.880000  0.530000  0.440000
   -3.642    0.118    2.584    4.473    8.471    9.890   10.975   12.173
            0.880000  0.530000  0.450000
   -3.680    0.158    2.615    4.516    8.459    9.916   10.879   12.214
            0.880000  0.530000  0.460000
   -3.718    0.198    2.648    4.558    8.451    9.943   10.783   12.256
            0.880000  0.530000  0.470000
   -3.755    0.239    2.681    4.596    8.445    9.970   10.688   12.299
            0.880000  0.530000  0.480000
   -3.791    0.280    2.715    4.633    8.443    9.997   10.593   12.342
            0.880000  0.530000  0.490000
   -3.828    0.322    2.749    4.667    8.444   10.024   10.499   12.386
            0.880000  0.530000  0.500000
   -3.863    0.364    2.784    4.699    8.449   10.051   10.406   12.428
            0.880000  0.530000  0.510000
   -3.898    0.407    2.819    4.728    8.456   10.078   10.314   12.467
            0.880000  0.530000  0.520000
   -3.933    0.450    2.855    4.755    8.467   10.106   10.223   12.496
            0.880000  0.530000  0.530000
   -3.967    0.494    2.891    4.778    8.482   10.126   10.140   12.493
            0.880000  0.530000  0.540000
   -4.000    0.538    2.928    4.799    8.499   10.044   10.162   12.438
            0.880000  0.530000  0.550000
   -4.033    0.583    2.965    4.817    8.519    9.957   10.189   12.354
            0.880000  0.530000  0.560000
   -4.065    0.628    3.002    4.831    8.543    9.871   10.216   12.260
            0.880000  0.530000  0.570000
   -4.097    0.673    3.040    4.844    8.568    9.788   10.244   12.164
            0.880000  0.530000  0.580000
   -4.128    0.719    3.079    4.853    8.597    9.706   10.271   12.067
            0.880000  0.530000  0.590000
   -4.158    0.765    3.118    4.859    8.626    9.627   10.298   11.970
            0.880000  0.530000  0.600000
   -4.188    0.812    3.157    4.862    8.657    9.551   10.325   11.874
            0.880000  0.530000  0.610000
   -4.217    0.859    3.196    4.863    8.688    9.479   10.352   11.779
            0.880000  0.530000  0.620000
   -4.245    0.906    3.235    4.861    8.718    9.413   10.378   11.685
            0.880000  0.530000  0.630000
   -4.273    0.954    3.275    4.857    8.744    9.354   10.404   11.593
            0.880000  0.530000  0.640000
   -4.300    1.003    3.315    4.850    8.763    9.306   10.430   11.502
            0.880000  0.530000  0.650000
   -4.327    1.051    3.355    4.841    8.771    9.272   10.455   11.413
            0.880000  0.530000  0.660000
   -4.352    1.100    3.396    4.829    8.765    9.256   10.479   11.327
            0.880000  0.530000  0.670000
   -4.377    1.149    3.436    4.815    8.743    9.260   10.503   11.242
            0.880000  0.530000  0.680000
   -4.402    1.198    3.476    4.799    8.707    9.280   10.525   11.160
            0.880000  0.530000  0.690000
   -4.425    1.248    3.516    4.782    8.662    9.313   10.547   11.081
            0.880000  0.530000  0.700000
   -4.448    1.298    3.557    4.762    8.610    9.354   10.566   11.006
            0.880000  0.530000  0.710000
   -4.471    1.348    3.597    4.740    8.555    9.402   10.582   10.936
            0.880000  0.530000  0.720000
   -4.492    1.398    3.637    4.717    8.499    9.453   10.593   10.874
            0.880000  0.530000  0.730000
   -4.513    1.448    3.676    4.693    8.441    9.507   10.594   10.824
            0.880000  0.530000  0.740000
   -4.533    1.498    3.716    4.667    8.384    9.561   10.580   10.792
            0.880000  0.530000  0.750000
   -4.553    1.549    3.754    4.640    8.327    9.616   10.549   10.780
            0.880000  0.530000  0.760000
   -4.571    1.599    3.793    4.611    8.271    9.669   10.509   10.783
            0.880000  0.530000  0.770000
   -4.589    1.649    3.831    4.582    8.216    9.719   10.467   10.793
            0.880000  0.530000  0.780000
   -4.606    1.699    3.868    4.551    8.163    9.764   10.428   10.807
            0.880000  0.530000  0.790000
   -4.623    1.749    3.904    4.520    8.112    9.801   10.397   10.824
            0.880000  0.530000  0.800000
   -4.638    1.798    3.940    4.488    8.062    9.827   10.378   10.842
            0.880000  0.530000  0.810000
   -4.653    1.847    3.974    4.456    8.014    9.840   10.372   10.860
            0.880000  0.530000  0.820000
   -4.668    1.895    4.007    4.424    7.967    9.840   10.382   10.879
            0.880000  0.530000  0.830000
   -4.681    1.943    4.039    4.392    7.923    9.827   10.404   10.899
            0.880000  0.530000  0.840000
   -4.694    1.990    4.068    4.360    7.881    9.806   10.436   10.919
            0.880000  0.530000  0.850000
   -4.706    2.036    4.095    4.331    7.841    9.779   10.474   10.940
            0.880000  0.530000  0.860000
   -4.717    2.081    4.118    4.303    7.803    9.748   10.515   10.961
            0.880000  0.530000  0.870000
   -4.727    2.124    4.135    4.282    7.768    9.716   10.557   10.984
            0.880000  0.530000  0.880000
   -4.737    2.166    4.140    4.270    7.735    9.684   10.598   11.008
            0.880000  0.530000  0.890000
   -4.746    2.207    4.133    4.271    7.704    9.653   10.636   11.033
            0.880000  0.530000  0.900000
   -4.754    2.245    4.116    4.280    7.676    9.624   10.672   11.060
            0.880000  0.530000  0.910000
   -4.761    2.282    4.094    4.294    7.650    9.596   10.703   11.087
            0.880000  0.530000  0.920000
   -4.768    2.315    4.071    4.309    7.626    9.571   10.730   11.115
            0.880000  0.530000  0.930000
   -4.774    2.346    4.048    4.324    7.606    9.548   10.754   11.143
            0.880000  0.530000  0.940000
   -4.779    2.374    4.027    4.337    7.588    9.528   10.773   11.169
            0.880000  0.530000  0.950000
   -4.783    2.398    4.008    4.349    7.572    9.511   10.789   11.194
            0.880000  0.530000  0.960000
   -4.786    2.419    3.992    4.359    7.560    9.497   10.801   11.215
            0.880000  0.530000  0.970000
   -4.789    2.435    3.979    4.367    7.550    9.485   10.811   11.233
            0.880000  0.530000  0.980000
   -4.791    2.447    3.969    4.373    7.543    9.477   10.817   11.246
            0.880000  0.530000  0.990000
   -4.792    2.454    3.963    4.376    7.539    9.473   10.821   11.254
            0.880000  0.530000  1.000000
   -4.793    2.456    3.961    4.377    7.537    9.471   10.822   11.257
