 &plot nbnd=   8, nks=    81 /
            0.550000  0.625000 -1.000000
   -4.816    0.554    2.284    4.106    7.681    8.570    9.460   10.048
            0.550000  0.625000 -0.975000
   -4.814    0.539    2.302    4.106    7.672    8.562    9.436   10.083
            0.550000  0.625000 -0.950000
   -4.809    0.496    2.351    4.103    7.645    8.539    9.375   10.173
            0.550000  0.625000 -0.925000
   -4.799    0.431    2.429    4.099    7.599    8.507    9.297   10.299
            0.550000  0.625000 -0.900000
   -4.786    0.348    2.529    4.094    7.535    8.472    9.211   10.449
            0.550000  0.625000 -0.875000
   -4.770    0.252    2.645    4.087    7.452    8.437    9.125   10.615
            0.550000  0.625000 -0.850000
   -4.750    0.148    2.773    4.078    7.354    8.407    9.042   10.793
            0.550000  0.625000 -0.825000
   -4.726    0.039    2.909    4.067    7.243    8.381    8.962   10.981
            0.550000  0.625000 -0.800000
   -4.699   -0.072    3.050    4.054    7.123    8.360    8.889   11.176
            0.550000  0.625000 -0.775000
   -4.669   -0.184    3.192    4.039    6.997    8.343    8.822   11.375
            0.550000  0.625000 -0.750000
   -4.635   -0.294    3.333    4.021    6.871    8.330    8.761   11.577
            0.550000  0.625000 -0.725000
   -4.599   -0.403    3.468    4.001    6.747    8.321    8.706   11.779
            0.550000  0.625000 -0.700000
   -4.560   -0.509    3.596    3.977    6.629    8.315    8.657   11.975
            0.550000  0.625000 -0.675000
   -4.518   -0.611    3.712    3.951    6.523    8.314    8.611   12.159
            0.550000  0.625000 -0.650000
   -4.474   -0.709    3.811    3.922    6.433    8.318    8.569   12.319
            0.550000  0.625000 -0.625000
   -4.429   -0.802    3.888    3.889    6.364    8.329    8.529   12.441
            0.550000  0.625000 -0.600000
   -4.381   -0.889    3.851    3.941    6.322    8.346    8.490   12.520
            0.550000  0.625000 -0.575000
   -4.332   -0.971    3.808    3.966    6.309    8.371    8.451   12.561
            0.550000  0.625000 -0.550000
   -4.282   -1.046    3.758    3.964    6.326    8.399    8.419   12.580
            0.550000  0.625000 -0.525000
   -4.232   -1.113    3.697    3.940    6.372    8.373    8.450   12.586
            0.550000  0.625000 -0.500000
   -4.182   -1.174    3.623    3.900    6.441    8.338    8.501   12.587
            0.550000  0.625000 -0.475000
   -4.132   -1.227    3.533    3.853    6.529    8.305    8.562   12.584
            0.550000  0.625000 -0.450000
   -4.083   -1.271    3.425    3.805    6.628    8.278    8.632   12.579
            0.550000  0.625000 -0.425000
   -4.036   -1.306    3.303    3.759    6.732    8.260    8.711   12.569
            0.550000  0.625000 -0.400000
   -3.991   -1.332    3.168    3.716    6.834    8.253    8.799   12.555
            0.550000  0.625000 -0.375000
   -3.949   -1.349    3.024    3.675    6.929    8.263    8.896   12.538
            0.550000  0.625000 -0.350000
   -3.910   -1.356    2.874    3.637    7.011    8.293    9.002   12.516
            0.550000  0.625000 -0.325000
   -3.874   -1.354    2.721    3.601    7.075    8.346    9.115   12.492
            0.550000  0.625000 -0.300000
   -3.842   -1.342    2.566    3.568    7.121    8.423    9.237   12.465
            0.550000  0.625000 -0.275000
   -3.814   -1.321    2.412    3.537    7.149    8.523    9.366   12.437
            0.550000  0.625000 -0.250000
   -3.790   -1.292    2.261    3.508    7.162    8.642    9.502   12.407
            0.550000  0.625000 -0.225000
   -3.769   -1.256    2.114    3.481    7.164    8.776    9.644   12.370
            0.550000  0.625000 -0.200000
   -3.752   -1.215    1.972    3.457    7.159    8.922    9.791   12.249
            0.550000  0.625000 -0.175000
   -3.738   -1.169    1.838    3.436    7.150    9.076    9.942   12.049
            0.550000  0.625000 -0.150000
   -3.727   -1.121    1.714    3.417    7.139    9.234   10.094   11.844
            0.550000  0.625000 -0.125000
   -3.718   -1.073    1.602    3.401    7.127    9.394   10.246   11.643
            0.550000  0.625000 -0.100000
   -3.711   -1.029    1.505    3.388    7.117    9.553   10.392   11.450
            0.550000  0.625000 -0.075000
   -3.706   -0.990    1.426    3.378    7.107    9.705   10.529   11.269
            0.550000  0.625000 -0.050000
   -3.703   -0.959    1.366    3.370    7.100    9.838   10.647   11.111
            0.550000  0.625000 -0.025000
   -3.701   -0.940    1.329    3.366    7.096    9.937   10.737   10.987
            0.550000  0.625000  0.000000
   -3.701   -0.933    1.317    3.364    7.095    9.974   10.779   10.932
            0.550000  0.625000  0.025000
   -3.701   -0.940    1.329    3.366    7.096    9.937   10.737   10.987
            0.550000  0.625000  0.050000
   -3.703   -0.959    1.366    3.370    7.100    9.838   10.647   11.111
            0.550000  0.625000  0.075000
   -3.706   -0.990    1.426    3.378    7.107    9.705   10.529   11.269
            0.550000  0.625000  0.100000
   -3.711   -1.029    1.505    3.388    7.117    9.553   10.392   11.450
            0.550000  0.625000  0.125000
   -3.718   -1.073    1.602    3.401    7.127    9.394   10.246   11.643
            0.550000  0.625000  0.150000
   -3.727   -1.121    1.714    3.417    7.139    9.234   10.094   11.844
            0.550000  0.625000  0.175000
   -3.738   -1.169    1.838    3.436    7.150    9.076    9.942   12.049
            0.550000  0.625000  0.200000
   -3.752   -1.215    1.972    3.457    7.159    8.922    9.791   12.249
            0.550000  0.625000  0.225000
   -3.769   -1.256    2.114    3.481    7.164    8.776    9.644   12.370
            0.550000  0.625000  0.250000
   -3.790   -1.292    2.261    3.508    7.162    8.642    9.502   12.407
            0.550000  0.625000  0.275000
   -3.814   -1.321    2.412    3.537    7.149    8.523    9.366   12.437
            0.550000  0.625000  0.300000
   -3.842   -1.342    2.566    3.568    7.121    8.423    9.237   12.465
            0.550000  0.625000  0.325000
   -3.874   -1.354    2.721    3.601    7.075    8.346    9.115   12.492
            0.550000  0.625000  0.350000
   -3.910   -1.356    2.874    3.637    7.011    8.293    9.002   12.516
            0.550000  0.625000  0.375000
   -3.949   -1.349    3.024    3.675    6.929    8.263    8.896   12.538
            0.550000  0.625000  0.400000
   -3.991   -1.332    3.168    3.716    6.834    8.253    8.799   12.555
            0.550000  0.625000  0.425000
   -4.036   -1.306    3.303    3.759    6.732    8.260    8.711   12.569
            0.550000  0.625000  0.450000
   -4.083   -1.271    3.425    3.805    6.628    8.278    8.632   12.579
            0.550000  0.625000  0.475000
   -4.132   -1.227    3.533    3.853    6.529    8.305    8.562   12.584
            0.550000  0.625000  0.500000
   -4.182   -1.174    3.623    3.900    6.441    8.338    8.501   12.587
            0.550000  0.625000  0.525000
   -4.232   -1.113    3.697    3.940    6.372    8.373    8.450   12.586
            0.550000  0.625000  0.550000
   -4.282   -1.046    3.758    3.964    6.326    8.399    8.419   12.580
            0.550000  0.625000  0.575000
   -4.332   -0.971    3.808    3.966    6.309    8.371    8.451   12.561
            0.550000  0.625000  0.600000
   -4.381   -0.889    3.851    3.941    6.322    8.346    8.490   12.520
            0.550000  0.625000  0.625000
   -4.429   -0.802    3.888    3.889    6.364    8.329    8.529   12.441
            0.550000  0.625000  0.650000
   -4.474   -0.709    3.811    3.922    6.433    8.318    8.569   12.319
            0.550000  0.625000  0.675000
   -4.518   -0.611    3.712    3.951    6.523    8.314    8.611   12.159
            0.550000  0.625000  0.700000
   -4.560   -0.509    3.596    3.977    6.629    8.315    8.657   11.975
            0.550000  0.625000  0.725000
   -4.599   -0.403    3.468    4.001    6.747    8.321    8.706   11.779
            0.550000  0.625000  0.750000
   -4.635   -0.294    3.333    4.021    6.871    8.330    8.761   11.577
            0.550000  0.625000  0.775000
   -4.669   -0.184    3.192    4.039    6.997    8.343    8.822   11.375
            0.550000  0.625000  0.800000
   -4.699   -0.072    3.050    4.054    7.123    8.360    8.889   11.176
            0.550000  0.625000  0.825000
   -4.726    0.039    2.909    4.067    7.243    8.381    8.962   10.981
            0.550000  0.625000  0.850000
   -4.750    0.148    2.773    4.078    7.354    8.407    9.042   10.793
            0.550000  0.625000  0.875000
   -4.770    0.252    2.645    4.087    7.452    8.437    9.125   10.615
            0.550000  0.625000  0.900000
   -4.786    0.348    2.529    4.094    7.535    8.472    9.211   10.449
            0.550000  0.625000  0.925000
   -4.799    0.431    2.429    4.099    7.599    8.507    9.297   10.299
            0.550000  0.625000  0.950000
   -4.809    0.496    2.351    4.103    7.645    8.539    9.375   10.173
            0.550000  0.625000  0.975000
   -4.814    0.539    2.302    4.106    7.672    8.562    9.436   10.083
            0.550000  0.625000  1.000000
   -4.816    0.554    2.284    4.106    7.681    8.570    9.460   10.048
