 &plot nbnd=   8, nks=   101 /
            0.570000  0.660000  0.000000
   -2.943   -0.394    1.765    3.983    7.948   11.305   12.190   12.457
            0.570000  0.660000  0.010000
   -2.943   -0.395    1.767    3.984    7.949   11.298   12.195   12.454
            0.570000  0.660000  0.020000
   -2.944   -0.399    1.774    3.985    7.950   11.277   12.211   12.444
            0.570000  0.660000  0.030000
   -2.945   -0.405    1.786    3.986    7.952   11.243   12.231   12.432
            0.570000  0.660000  0.040000
   -2.947   -0.413    1.802    3.988    7.955   11.200   12.244   12.429
            0.570000  0.660000  0.050000
   -2.949   -0.423    1.822    3.991    7.958   11.149   12.235   12.447
            0.570000  0.660000  0.060000
   -2.952   -0.435    1.847    3.994    7.962   11.093   12.203   12.488
            0.570000  0.660000  0.070000
   -2.955   -0.449    1.875    3.998    7.968   11.032   12.157   12.542
            0.570000  0.660000  0.080000
   -2.959   -0.464    1.907    4.003    7.973   10.969   12.101   12.603
            0.570000  0.660000  0.090000
   -2.964   -0.480    1.943    4.008    7.980   10.903   12.039   12.667
            0.570000  0.660000  0.100000
   -2.969   -0.497    1.982    4.014    7.987   10.836   11.973   12.732
            0.570000  0.660000  0.110000
   -2.974   -0.515    2.024    4.020    7.995   10.768   11.905   12.795
            0.570000  0.660000  0.120000
   -2.981   -0.533    2.069    4.027    8.004   10.700   11.834   12.853
            0.570000  0.660000  0.130000
   -2.988   -0.552    2.117    4.035    8.013   10.630   11.762   12.904
            0.570000  0.660000  0.140000
   -2.995   -0.571    2.167    4.043    8.023   10.561   11.689   12.945
            0.570000  0.660000  0.150000
   -3.004   -0.590    2.219    4.052    8.034   10.492   11.615   12.979
            0.570000  0.660000  0.160000
   -3.013   -0.608    2.273    4.061    8.045   10.423   11.541   13.005
            0.570000  0.660000  0.170000
   -3.023   -0.626    2.329    4.071    8.056   10.354   11.466   13.028
            0.570000  0.660000  0.180000
   -3.034   -0.643    2.387    4.082    8.069   10.285   11.392   13.047
            0.570000  0.660000  0.190000
   -3.046   -0.659    2.447    4.093    8.081   10.217   11.318   13.066
            0.570000  0.660000  0.200000
   -3.058   -0.674    2.507    4.105    8.094   10.150   11.244   13.083
            0.570000  0.660000  0.210000
   -3.071   -0.689    2.569    4.117    8.107   10.083   11.170   13.100
            0.570000  0.660000  0.220000
   -3.085   -0.702    2.632    4.130    8.121   10.017   11.097   13.117
            0.570000  0.660000  0.230000
   -3.100   -0.713    2.696    4.144    8.134    9.952   11.025   13.134
            0.570000  0.660000  0.240000
   -3.116   -0.724    2.761    4.158    8.148    9.887   10.954   13.151
            0.570000  0.660000  0.250000
   -3.133   -0.733    2.827    4.172    8.161    9.824   10.883   13.168
            0.570000  0.660000  0.260000
   -3.151   -0.740    2.893    4.188    8.174    9.762   10.813   13.186
            0.570000  0.660000  0.270000
   -3.169   -0.746    2.960    4.203    8.187    9.702   10.744   13.204
            0.570000  0.660000  0.280000
   -3.188   -0.750    3.027    4.220    8.199    9.643   10.676   13.223
            0.570000  0.660000  0.290000
   -3.208   -0.752    3.094    4.237    8.210    9.586   10.610   13.241
            0.570000  0.660000  0.300000
   -3.229   -0.753    3.161    4.254    8.220    9.531   10.544   13.260
            0.570000  0.660000  0.310000
   -3.251   -0.752    3.228    4.273    8.228    9.478   10.480   13.280
            0.570000  0.660000  0.320000
   -3.273   -0.750    3.296    4.291    8.235    9.428   10.417   13.300
            0.570000  0.660000  0.330000
   -3.296   -0.746    3.362    4.311    8.239    9.381   10.356   13.320
            0.570000  0.660000  0.340000
   -3.320   -0.740    3.429    4.331    8.241    9.338   10.295   13.340
            0.570000  0.660000  0.350000
   -3.344   -0.732    3.495    4.352    8.240    9.298   10.237   13.361
            0.570000  0.660000  0.360000
   -3.368   -0.723    3.560    4.373    8.236    9.263   10.179   13.382
            0.570000  0.660000  0.370000
   -3.394   -0.712    3.624    4.395    8.227    9.233   10.124   13.402
            0.570000  0.660000  0.380000
   -3.419   -0.700    3.688    4.418    8.215    9.208   10.070   13.423
            0.570000  0.660000  0.390000
   -3.445   -0.686    3.750    4.441    8.199    9.187   10.017   13.445
            0.570000  0.660000  0.400000
   -3.472   -0.670    3.811    4.465    8.179    9.172    9.966   13.466
            0.570000  0.660000  0.410000
   -3.498   -0.653    3.870    4.490    8.155    9.162    9.917   13.487
            0.570000  0.660000  0.420000
   -3.525   -0.634    3.927    4.515    8.128    9.156    9.869   13.507
            0.570000  0.660000  0.430000
   -3.553   -0.614    3.983    4.541    8.098    9.155    9.823   13.528
            0.570000  0.660000  0.440000
   -3.580   -0.592    4.037    4.568    8.065    9.158    9.779   13.548
            0.570000  0.660000  0.450000
   -3.608   -0.569    4.088    4.595    8.030    9.164    9.737   13.568
            0.570000  0.660000  0.460000
   -3.635   -0.545    4.137    4.623    7.994    9.173    9.696   13.588
            0.570000  0.660000  0.470000
   -3.663   -0.519    4.184    4.651    7.958    9.185    9.658   13.607
            0.570000  0.660000  0.480000
   -3.690   -0.492    4.229    4.678    7.921    9.199    9.621   13.625
            0.570000  0.660000  0.490000
   -3.718   -0.464    4.271    4.706    7.885    9.214    9.586   13.643
            0.570000  0.660000  0.500000
   -3.745   -0.434    4.312    4.732    7.850    9.231    9.552   13.659
            0.570000  0.660000  0.510000
   -3.773   -0.403    4.350    4.757    7.817    9.250    9.521   13.675
            0.570000  0.660000  0.520000
   -3.800   -0.371    4.385    4.781    7.785    9.269    9.492   13.688
            0.570000  0.660000  0.530000
   -3.827   -0.338    4.419    4.803    7.756    9.289    9.464   13.701
            0.570000  0.660000  0.540000
   -3.854   -0.304    4.452    4.822    7.730    9.308    9.439   13.710
            0.570000  0.660000  0.550000
   -3.881   -0.268    4.482    4.839    7.707    9.328    9.417   13.717
            0.570000  0.660000  0.560000
   -3.907   -0.232    4.512    4.852    7.688    9.344    9.399   13.720
            0.570000  0.660000  0.570000
   -3.933   -0.194    4.539    4.861    7.673    9.349    9.395   13.718
            0.570000  0.660000  0.580000
   -3.959   -0.156    4.566    4.866    7.661    9.339    9.408   13.709
            0.570000  0.660000  0.590000
   -3.984   -0.116    4.591    4.868    7.655    9.325    9.427   13.692
            0.570000  0.660000  0.600000
   -4.009   -0.075    4.616    4.864    7.652    9.310    9.447   13.665
            0.570000  0.660000  0.610000
   -4.034   -0.034    4.639    4.856    7.655    9.297    9.468   13.629
            0.570000  0.660000  0.620000
   -4.058    0.008    4.661    4.844    7.661    9.285    9.490   13.582
            0.570000  0.660000  0.630000
   -4.081    0.052    4.683    4.828    7.673    9.274    9.511   13.525
            0.570000  0.660000  0.640000
   -4.105    0.096    4.702    4.807    7.688    9.265    9.532   13.461
            0.570000  0.660000  0.650000
   -4.128    0.141    4.720    4.784    7.708    9.258    9.554   13.391
            0.570000  0.660000  0.660000
   -4.150    0.187    4.727    4.766    7.732    9.251    9.575   13.316
            0.570000  0.660000  0.670000
   -4.172    0.233    4.706    4.772    7.759    9.246    9.597   13.237
            0.570000  0.660000  0.680000
   -4.193    0.280    4.672    4.786    7.790    9.243    9.619   13.156
            0.570000  0.660000  0.690000
   -4.214    0.328    4.632    4.803    7.824    9.240    9.640   13.072
            0.570000  0.660000  0.700000
   -4.234    0.377    4.589    4.819    7.861    9.239    9.663   12.988
            0.570000  0.660000  0.710000
   -4.254    0.426    4.542    4.834    7.900    9.238    9.685   12.903
            0.570000  0.660000  0.720000
   -4.273    0.476    4.493    4.849    7.942    9.239    9.708   12.817
            0.570000  0.660000  0.730000
   -4.291    0.527    4.441    4.864    7.985    9.241    9.731   12.731
            0.570000  0.660000  0.740000
   -4.309    0.578    4.388    4.878    8.030    9.243    9.755   12.645
            0.570000  0.660000  0.750000
   -4.326    0.629    4.333    4.891    8.077    9.246    9.780   12.560
            0.570000  0.660000  0.760000
   -4.343    0.681    4.276    4.904    8.124    9.249    9.805   12.475
            0.570000  0.660000  0.770000
   -4.359    0.733    4.218    4.916    8.173    9.253    9.831   12.391
            0.570000  0.660000  0.780000
   -4.375    0.786    4.159    4.928    8.222    9.257    9.858   12.308
            0.570000  0.660000  0.790000
   -4.389    0.839    4.100    4.939    8.272    9.262    9.887   12.226
            0.570000  0.660000  0.800000
   -4.404    0.891    4.039    4.950    8.321    9.267    9.916   12.145
            0.570000  0.660000  0.810000
   -4.417    0.944    3.979    4.959    8.371    9.272    9.946   12.066
            0.570000  0.660000  0.820000
   -4.430    0.997    3.918    4.969    8.421    9.277    9.977   11.988
            0.570000  0.660000  0.830000
   -4.442    1.050    3.857    4.977    8.470    9.282   10.009   11.911
            0.570000  0.660000  0.840000
   -4.454    1.102    3.797    4.986    8.518    9.287   10.042   11.836
            0.570000  0.660000  0.850000
   -4.464    1.155    3.737    4.993    8.565    9.293   10.076   11.764
            0.570000  0.660000  0.860000
   -4.475    1.206    3.678    5.000    8.611    9.298   10.111   11.693
            0.570000  0.660000  0.870000
   -4.484    1.257    3.620    5.007    8.655    9.303   10.146   11.624
            0.570000  0.660000  0.880000
   -4.493    1.306    3.564    5.013    8.698    9.308   10.181   11.558
            0.570000  0.660000  0.890000
   -4.501    1.354    3.509    5.019    8.739    9.314   10.217   11.494
            0.570000  0.660000  0.900000
   -4.508    1.401    3.456    5.024    8.777    9.319   10.252   11.433
            0.570000  0.660000  0.910000
   -4.515    1.445    3.406    5.028    8.812    9.324   10.287   11.376
            0.570000  0.660000  0.920000
   -4.521    1.487    3.359    5.032    8.845    9.329   10.321   11.322
            0.570000  0.660000  0.930000
   -4.526    1.526    3.315    5.036    8.874    9.335   10.354   11.271
            0.570000  0.660000  0.940000
   -4.531    1.562    3.276    5.039    8.900    9.340   10.385   11.225
            0.570000  0.660000  0.950000
   -4.535    1.594    3.240    5.041    8.923    9.344   10.413   11.184
            0.570000  0.660000  0.960000
   -4.538    1.621    3.210    5.043    8.941    9.348   10.439   11.149
            0.570000  0.660000  0.970000
   -4.541    1.643    3.186    5.045    8.955    9.352   10.460   11.120
            0.570000  0.660000  0.980000
   -4.542    1.659    3.169    5.046    8.966    9.354   10.476   11.099
            0.570000  0.660000  0.990000
   -4.543    1.668    3.158    5.047    8.972    9.356   10.486   11.085
            0.570000  0.660000  1.000000
   -4.544    1.672    3.154    5.047    8.974    9.357   10.489   11.081
