 &plot nbnd=   8, nks=   100 /
            0.025600  0.948700 -1.000000
   -2.889   -2.538    2.139    2.142    5.650    5.741   13.533   13.591
            0.025600  0.948700 -0.979800
   -2.888   -2.537    2.109    2.164    5.646    5.761   13.527   13.577
            0.025600  0.948700 -0.959600
   -2.887   -2.536    2.071    2.180    5.645    5.810   13.508   13.533
            0.025600  0.948700 -0.939400
   -2.885   -2.534    2.027    2.187    5.656    5.879   13.453   13.483
            0.025600  0.948700 -0.919200
   -2.882   -2.531    1.978    2.185    5.681    5.963   13.349   13.433
            0.025600  0.948700 -0.899000
   -2.879   -2.527    1.925    2.175    5.723    6.061   13.214   13.364
            0.025600  0.948700 -0.878800
   -2.875   -2.522    1.870    2.157    5.781    6.170   13.054   13.270
            0.025600  0.948700 -0.858600
   -2.871   -2.517    1.812    2.132    5.853    6.289   12.873   13.148
            0.025600  0.948700 -0.838400
   -2.866   -2.511    1.754    2.102    5.939    6.419   12.678   12.998
            0.025600  0.948700 -0.818200
   -2.861   -2.504    1.696    2.066    6.039    6.557   12.470   12.825
            0.025600  0.948700 -0.798000
   -2.855   -2.497    1.639    2.027    6.151    6.703   12.253   12.633
            0.025600  0.948700 -0.777800
   -2.850   -2.489    1.584    1.985    6.274    6.857   12.030   12.428
            0.025600  0.948700 -0.757600
   -2.845   -2.481    1.530    1.942    6.407    7.017   11.802   12.212
            0.025600  0.948700 -0.737400
   -2.840   -2.472    1.480    1.897    6.550    7.184   11.573   11.990
            0.025600  0.948700 -0.717200
   -2.835   -2.463    1.432    1.853    6.701    7.356   11.343   11.763
            0.025600  0.948700 -0.697000
   -2.831   -2.453    1.388    1.809    6.860    7.534   11.111   11.534
            0.025600  0.948700 -0.676800
   -2.828   -2.444    1.348    1.768    7.025    7.717   10.880   11.304
            0.025600  0.948700 -0.656600
   -2.825   -2.434    1.313    1.728    7.198    7.904   10.649   11.073
            0.025600  0.948700 -0.636400
   -2.824   -2.424    1.282    1.691    7.377    8.097   10.419   10.843
            0.025600  0.948700 -0.616200
   -2.823   -2.414    1.256    1.657    7.561    8.293   10.191   10.614
            0.025600  0.948700 -0.596000
   -2.824   -2.404    1.234    1.627    7.750    8.491    9.965   10.386
            0.025600  0.948700 -0.575800
   -2.825   -2.395    1.218    1.601    7.943    8.692    9.744   10.160
            0.025600  0.948700 -0.555600
   -2.827   -2.386    1.207    1.580    8.141    8.891    9.529    9.938
            0.025600  0.948700 -0.535400
   -2.832   -2.378    1.201    1.563    8.341    9.064    9.343    9.721
            0.025600  0.948700 -0.515200
   -2.837   -2.370    1.200    1.551    8.543    9.033    9.343    9.535
            0.025600  0.948700 -0.494900
   -2.844   -2.363    1.204    1.544    8.726    8.860    9.260    9.603
            0.025600  0.948700 -0.474700
   -2.852   -2.356    1.214    1.543    8.622    8.916    9.115    9.806
            0.025600  0.948700 -0.454500
   -2.860   -2.350    1.229    1.547    8.422    8.806    9.230   10.023
            0.025600  0.948700 -0.434300
   -2.870   -2.345    1.248    1.556    8.221    8.611    9.437   10.245
            0.025600  0.948700 -0.414100
   -2.881   -2.341    1.272    1.570    8.022    8.411    9.655   10.471
            0.025600  0.948700 -0.393900
   -2.892   -2.338    1.300    1.589    7.827    8.213    9.878   10.699
            0.025600  0.948700 -0.373700
   -2.904   -2.336    1.333    1.613    7.637    8.018   10.104   10.928
            0.025600  0.948700 -0.353500
   -2.916   -2.335    1.369    1.641    7.451    7.827   10.332   11.158
            0.025600  0.948700 -0.333300
   -2.928   -2.334    1.410    1.673    7.270    7.640   10.562   11.388
            0.025600  0.948700 -0.313100
   -2.941   -2.334    1.454    1.710    7.095    7.459   10.792   11.618
            0.025600  0.948700 -0.292900
   -2.953   -2.334    1.501    1.749    6.927    7.283   11.024   11.847
            0.025600  0.948700 -0.272700
   -2.966   -2.335    1.551    1.791    6.765    7.113   11.256   12.071
            0.025600  0.948700 -0.252500
   -2.978   -2.336    1.603    1.834    6.610    6.949   11.487   12.291
            0.025600  0.948700 -0.232300
   -2.989   -2.338    1.657    1.879    6.463    6.792   11.716   12.503
            0.025600  0.948700 -0.212100
   -3.000   -2.340    1.712    1.925    6.324    6.642   11.944   12.703
            0.025600  0.948700 -0.191900
   -3.011   -2.343    1.768    1.969    6.195    6.501   12.168   12.886
            0.025600  0.948700 -0.171700
   -3.021   -2.345    1.824    2.012    6.075    6.368   12.387   13.047
            0.025600  0.948700 -0.151500
   -3.030   -2.348    1.879    2.053    5.967    6.245   12.598   13.180
            0.025600  0.948700 -0.131300
   -3.038   -2.350    1.932    2.089    5.871    6.133   12.799   13.286
            0.025600  0.948700 -0.111100
   -3.045   -2.352    1.983    2.121    5.787    6.033   12.986   13.365
            0.025600  0.948700 -0.090900
   -3.051   -2.354    2.030    2.147    5.716    5.946   13.154   13.422
            0.025600  0.948700 -0.070700
   -3.056   -2.355    2.072    2.166    5.659    5.874   13.298   13.460
            0.025600  0.948700 -0.050500
   -3.059   -2.357    2.109    2.177    5.617    5.818   13.412   13.487
            0.025600  0.948700 -0.030300
   -3.062   -2.358    2.138    2.180    5.589    5.780   13.491   13.502
            0.025600  0.948700 -0.010100
   -3.063   -2.358    2.160    2.174    5.575    5.760   13.510   13.532
            0.025600  0.948700  0.010100
   -3.063   -2.358    2.160    2.174    5.575    5.760   13.510   13.532
            0.025600  0.948700  0.030300
   -3.062   -2.358    2.138    2.180    5.589    5.780   13.491   13.502
            0.025600  0.948700  0.050500
   -3.059   -2.357    2.109    2.177    5.617    5.818   13.412   13.487
            0.025600  0.948700  0.070700
   -3.056   -2.355    2.072    2.166    5.659    5.874   13.298   13.460
            0.025600  0.948700  0.090900
   -3.051   -2.354    2.030    2.147    5.716    5.946   13.154   13.422
            0.025600  0.948700  0.111100
   -3.045   -2.352    1.983    2.121    5.787    6.033   12.986   13.365
            0.025600  0.948700  0.131300
   -3.038   -2.350    1.932    2.089    5.871    6.133   12.799   13.286
            0.025600  0.948700  0.151500
   -3.030   -2.348    1.879    2.053    5.967    6.245   12.598   13.180
            0.025600  0.948700  0.171700
   -3.021   -2.345    1.824    2.012    6.075    6.368   12.387   13.047
            0.025600  0.948700  0.191900
   -3.011   -2.343    1.768    1.969    6.195    6.501   12.168   12.886
            0.025600  0.948700  0.212100
   -3.000   -2.340    1.712    1.925    6.324    6.642   11.944   12.703
            0.025600  0.948700  0.232300
   -2.989   -2.338    1.657    1.879    6.463    6.792   11.716   12.503
            0.025600  0.948700  0.252500
   -2.978   -2.336    1.603    1.834    6.610    6.949   11.487   12.291
            0.025600  0.948700  0.272700
   -2.966   -2.335    1.551    1.791    6.765    7.113   11.256   12.071
            0.025600  0.948700  0.292900
   -2.953   -2.334    1.501    1.749    6.927    7.283   11.024   11.847
            0.025600  0.948700  0.313100
   -2.941   -2.334    1.454    1.710    7.095    7.459   10.792   11.618
            0.025600  0.948700  0.333300
   -2.928   -2.334    1.410    1.673    7.270    7.640   10.562   11.388
            0.025600  0.948700  0.353500
   -2.916   -2.335    1.369    1.641    7.451    7.827   10.332   11.158
            0.025600  0.948700  0.373700
   -2.904   -2.336    1.333    1.613    7.637    8.018   10.104   10.928
            0.025600  0.948700  0.393900
   -2.892   -2.338    1.300    1.589    7.827    8.213    9.878   10.699
            0.025600  0.948700  0.414100
   -2.881   -2.341    1.272    1.570    8.022    8.411    9.655   10.471
            0.025600  0.948700  0.434300
   -2.870   -2.345    1.248    1.556    8.221    8.611    9.437   10.245
            0.025600  0.948700  0.454500
   -2.860   -2.350    1.229    1.547    8.422    8.806    9.230   10.023
            0.025600  0.948700  0.474700
   -2.852   -2.356    1.214    1.543    8.622    8.916    9.115    9.806
            0.025600  0.948700  0.494900
   -2.844   -2.363    1.204    1.544    8.726    8.860    9.260    9.603
            0.025600  0.948700  0.515200
   -2.837   -2.370    1.200    1.551    8.543    9.033    9.343    9.535
            0.025600  0.948700  0.535400
   -2.832   -2.378    1.201    1.563    8.341    9.064    9.343    9.721
            0.025600  0.948700  0.555600
   -2.827   -2.386    1.207    1.580    8.141    8.891    9.529    9.938
            0.025600  0.948700  0.575800
   -2.825   -2.395    1.218    1.601    7.943    8.692    9.744   10.160
            0.025600  0.948700  0.596000
   -2.824   -2.404    1.234    1.627    7.750    8.491    9.965   10.386
            0.025600  0.948700  0.616200
   -2.823   -2.414    1.256    1.657    7.561    8.293   10.191   10.614
            0.025600  0.948700  0.636400
   -2.824   -2.424    1.282    1.691    7.377    8.097   10.419   10.843
            0.025600  0.948700  0.656600
   -2.825   -2.434    1.313    1.728    7.198    7.904   10.649   11.073
            0.025600  0.948700  0.676800
   -2.828   -2.444    1.348    1.768    7.025    7.717   10.880   11.304
            0.025600  0.948700  0.697000
   -2.831   -2.453    1.388    1.809    6.860    7.534   11.111   11.534
            0.025600  0.948700  0.717200
   -2.835   -2.463    1.432    1.853    6.701    7.356   11.343   11.763
            0.025600  0.948700  0.737400
   -2.840   -2.472    1.480    1.897    6.550    7.184   11.573   11.990
            0.025600  0.948700  0.757600
   -2.845   -2.481    1.530    1.942    6.407    7.017   11.802   12.212
            0.025600  0.948700  0.777800
   -2.850   -2.489    1.584    1.985    6.274    6.857   12.030   12.428
            0.025600  0.948700  0.798000
   -2.855   -2.497    1.639    2.027    6.151    6.703   12.253   12.633
            0.025600  0.948700  0.818200
   -2.861   -2.504    1.696    2.066    6.039    6.557   12.470   12.825
            0.025600  0.948700  0.838400
   -2.866   -2.511    1.754    2.102    5.939    6.419   12.678   12.998
            0.025600  0.948700  0.858600
   -2.871   -2.517    1.812    2.132    5.853    6.289   12.873   13.148
            0.025600  0.948700  0.878800
   -2.875   -2.522    1.870    2.157    5.781    6.170   13.054   13.270
            0.025600  0.948700  0.899000
   -2.879   -2.527    1.925    2.175    5.723    6.061   13.214   13.364
            0.025600  0.948700  0.919200
   -2.882   -2.531    1.978    2.185    5.681    5.963   13.349   13.433
            0.025600  0.948700  0.939400
   -2.885   -2.534    2.027    2.187    5.656    5.879   13.453   13.483
            0.025600  0.948700  0.959600
   -2.887   -2.536    2.071    2.180    5.645    5.810   13.508   13.533
            0.025600  0.948700  0.979800
   -2.888   -2.537    2.109    2.164    5.646    5.761   13.527   13.577
            0.025600  0.948700  1.000000
   -2.889   -2.538    2.139    2.142    5.650    5.741   13.533   13.591
