 &plot nbnd=   8, nks=    50 /
            0.444400  0.111100  0.000000
   -5.592    1.417    3.050    3.381    6.370    8.081    9.307    9.554
            0.444400  0.111100  0.020400
   -5.591    1.409    3.057    3.376    6.376    8.084    9.304    9.548
            0.444400  0.111100  0.040800
   -5.586    1.385    3.077    3.362    6.394    8.090    9.294    9.529
            0.444400  0.111100  0.061200
   -5.579    1.345    3.108    3.339    6.423    8.098    9.276    9.502
            0.444400  0.111100  0.081600
   -5.568    1.293    3.145    3.311    6.463    8.108    9.252    9.469
            0.444400  0.111100  0.102000
   -5.555    1.230    3.178    3.288    6.512    8.115    9.227    9.435
            0.444400  0.111100  0.122400
   -5.539    1.158    3.174    3.299    6.571    8.117    9.203    9.401
            0.444400  0.111100  0.142900
   -5.520    1.079    3.132    3.346    6.638    8.110    9.189    9.368
            0.444400  0.111100  0.163300
   -5.497    0.995    3.075    3.403    6.712    8.091    9.187    9.338
            0.444400  0.111100  0.183700
   -5.472    0.907    3.012    3.464    6.792    8.060    9.195    9.317
            0.444400  0.111100  0.204100
   -5.445    0.816    2.943    3.523    6.875    8.019    9.196    9.322
            0.444400  0.111100  0.224500
   -5.414    0.723    2.871    3.581    6.959    7.972    9.176    9.367
            0.444400  0.111100  0.244900
   -5.380    0.628    2.797    3.635    7.040    7.925    9.142    9.441
            0.444400  0.111100  0.265300
   -5.343    0.533    2.721    3.684    7.113    7.891    9.102    9.535
            0.444400  0.111100  0.285700
   -5.304    0.437    2.644    3.727    7.169    7.877    9.058    9.643
            0.444400  0.111100  0.306100
   -5.262    0.341    2.566    3.763    7.199    7.895    9.012    9.762
            0.444400  0.111100  0.326500
   -5.218    0.245    2.488    3.790    7.204    7.949    8.964    9.889
            0.444400  0.111100  0.346900
   -5.170    0.150    2.410    3.808    7.188    8.035    8.915   10.022
            0.444400  0.111100  0.367300
   -5.120    0.056    2.333    3.816    7.162    8.144    8.864   10.157
            0.444400  0.111100  0.387800
   -5.067   -0.038    2.257    3.814    7.134    8.269    8.813   10.289
            0.444400  0.111100  0.408200
   -5.012   -0.131    2.182    3.800    7.109    8.406    8.760   10.410
            0.444400  0.111100  0.428600
   -4.954   -0.222    2.108    3.775    7.091    8.550    8.708   10.508
            0.444400  0.111100  0.449000
   -4.894   -0.313    2.036    3.738    7.082    8.649    8.707   10.566
            0.444400  0.111100  0.469400
   -4.831   -0.402    1.966    3.691    7.083    8.600    8.861   10.580
            0.444400  0.111100  0.489800
   -4.767   -0.490    1.897    3.633    7.095    8.547    9.021   10.556
            0.444400  0.111100  0.510200
   -4.700   -0.576    1.831    3.566    7.117    8.495    9.183   10.511
            0.444400  0.111100  0.530600
   -4.631   -0.662    1.767    3.490    7.150    8.444    9.346   10.457
            0.444400  0.111100  0.551000
   -4.560   -0.746    1.706    3.408    7.193    8.393    9.506   10.401
            0.444400  0.111100  0.571400
   -4.487   -0.829    1.647    3.319    7.245    8.344    9.659   10.356
            0.444400  0.111100  0.591800
   -4.412   -0.911    1.590    3.226    7.306    8.296    9.789   10.335
            0.444400  0.111100  0.612200
   -4.336   -0.991    1.537    3.130    7.375    8.250    9.874   10.364
            0.444400  0.111100  0.632700
   -4.257   -1.071    1.486    3.030    7.451    8.205    9.899   10.456
            0.444400  0.111100  0.653100
   -4.178   -1.149    1.438    2.930    7.533    8.164    9.881   10.595
            0.444400  0.111100  0.673500
   -4.097   -1.227    1.392    2.830    7.620    8.125    9.844   10.757
            0.444400  0.111100  0.693900
   -4.015   -1.303    1.350    2.730    7.710    8.091    9.800   10.928
            0.444400  0.111100  0.714300
   -3.933   -1.379    1.311    2.632    7.798    8.067    9.754   11.103
            0.444400  0.111100  0.734700
   -3.850   -1.454    1.275    2.537    7.870    8.067    9.708   11.276
            0.444400  0.111100  0.755100
   -3.766   -1.529    1.242    2.445    7.899    8.116    9.665   11.433
            0.444400  0.111100  0.775500
   -3.682   -1.602    1.213    2.357    7.894    8.208    9.624   11.515
            0.444400  0.111100  0.795900
   -3.599   -1.675    1.186    2.273    7.875    8.319    9.586   11.438
            0.444400  0.111100  0.816300
   -3.517   -1.747    1.163    2.195    7.854    8.438    9.553   11.288
            0.444400  0.111100  0.836700
   -3.436   -1.817    1.142    2.122    7.834    8.564    9.523   11.120
            0.444400  0.111100  0.857100
   -3.357   -1.886    1.125    2.057    7.814    8.693    9.496   10.948
            0.444400  0.111100  0.877600
   -3.281   -1.953    1.110    1.998    7.797    8.827    9.475   10.775
            0.444400  0.111100  0.898000
   -3.210   -2.016    1.098    1.947    7.783    8.961    9.460   10.604
            0.444400  0.111100  0.918400
   -3.145   -2.073    1.088    1.905    7.771    9.092    9.454   10.435
            0.444400  0.111100  0.938800
   -3.089   -2.124    1.081    1.871    7.761    9.210    9.468   10.270
            0.444400  0.111100  0.959200
   -3.044   -2.164    1.077    1.847    7.755    9.291    9.523   10.110
            0.444400  0.111100  0.979600
   -3.016   -2.190    1.074    1.832    7.750    9.324    9.625    9.960
            0.444400  0.111100  1.000000
   -3.006   -2.200    1.073    1.827    7.749    9.331    9.704    9.868
