 &plot nbnd=   8, nks=   101 /
            0.560000  0.720000  0.000000
   -2.731   -0.584    1.737    3.677    8.145   11.121   11.869   12.459
            0.560000  0.720000  0.010000
   -2.731   -0.584    1.739    3.677    8.145   11.112   11.878   12.459
            0.560000  0.720000  0.020000
   -2.733   -0.586    1.745    3.678    8.146   11.087   11.903   12.461
            0.560000  0.720000  0.030000
   -2.735   -0.590    1.755    3.681    8.149   11.049   11.942   12.464
            0.560000  0.720000  0.040000
   -2.738   -0.594    1.768    3.684    8.151   11.001   11.991   12.467
            0.560000  0.720000  0.050000
   -2.743   -0.600    1.786    3.687    8.155   10.946   12.047   12.472
            0.560000  0.720000  0.060000
   -2.748   -0.606    1.806    3.692    8.160   10.886   12.107   12.477
            0.560000  0.720000  0.070000
   -2.755   -0.614    1.831    3.698    8.165   10.823   12.169   12.483
            0.560000  0.720000  0.080000
   -2.762   -0.622    1.858    3.704    8.171   10.757   12.230   12.489
            0.560000  0.720000  0.090000
   -2.770   -0.631    1.889    3.711    8.178   10.690   12.288   12.494
            0.560000  0.720000  0.100000
   -2.780   -0.640    1.922    3.719    8.185   10.622   12.340   12.491
            0.560000  0.720000  0.110000
   -2.790   -0.649    1.958    3.728    8.194   10.553   12.384   12.476
            0.560000  0.720000  0.120000
   -2.802   -0.658    1.997    3.738    8.203   10.485   12.418   12.445
            0.560000  0.720000  0.130000
   -2.814   -0.667    2.038    3.749    8.213   10.416   12.390   12.451
            0.560000  0.720000  0.140000
   -2.828   -0.676    2.082    3.761    8.223   10.347   12.328   12.474
            0.560000  0.720000  0.150000
   -2.842   -0.684    2.127    3.773    8.235   10.279   12.258   12.494
            0.560000  0.720000  0.160000
   -2.858   -0.692    2.175    3.787    8.247   10.211   12.183   12.513
            0.560000  0.720000  0.170000
   -2.875   -0.699    2.224    3.801    8.259   10.144   12.105   12.530
            0.560000  0.720000  0.180000
   -2.893   -0.705    2.274    3.816    8.272   10.078   12.026   12.548
            0.560000  0.720000  0.190000
   -2.912   -0.711    2.326    3.833    8.286   10.012   11.945   12.565
            0.560000  0.720000  0.200000
   -2.932   -0.715    2.379    3.850    8.300    9.947   11.864   12.583
            0.560000  0.720000  0.210000
   -2.953   -0.718    2.433    3.868    8.315    9.883   11.782   12.601
            0.560000  0.720000  0.220000
   -2.974   -0.720    2.488    3.887    8.330    9.820   11.700   12.620
            0.560000  0.720000  0.230000
   -2.997   -0.721    2.544    3.907    8.345    9.758   11.618   12.639
            0.560000  0.720000  0.240000
   -3.021   -0.720    2.600    3.928    8.361    9.698   11.536   12.658
            0.560000  0.720000  0.250000
   -3.046   -0.718    2.657    3.950    8.376    9.638   11.454   12.679
            0.560000  0.720000  0.260000
   -3.071   -0.715    2.714    3.973    8.392    9.581   11.373   12.700
            0.560000  0.720000  0.270000
   -3.097   -0.710    2.771    3.997    8.407    9.525   11.292   12.721
            0.560000  0.720000  0.280000
   -3.124   -0.704    2.828    4.022    8.422    9.470   11.211   12.744
            0.560000  0.720000  0.290000
   -3.152   -0.696    2.886    4.049    8.437    9.418   11.131   12.767
            0.560000  0.720000  0.300000
   -3.180   -0.687    2.943    4.076    8.450    9.369   11.052   12.791
            0.560000  0.720000  0.310000
   -3.209   -0.677    3.000    4.104    8.462    9.322   10.974   12.816
            0.560000  0.720000  0.320000
   -3.239   -0.665    3.056    4.133    8.472    9.278   10.896   12.841
            0.560000  0.720000  0.330000
   -3.268   -0.652    3.112    4.164    8.480    9.238   10.819   12.867
            0.560000  0.720000  0.340000
   -3.299   -0.637    3.167    4.195    8.485    9.203   10.744   12.894
            0.560000  0.720000  0.350000
   -3.329   -0.621    3.222    4.227    8.487    9.172   10.669   12.922
            0.560000  0.720000  0.360000
   -3.360   -0.604    3.275    4.260    8.484    9.147   10.595   12.950
            0.560000  0.720000  0.370000
   -3.392   -0.585    3.328    4.294    8.477    9.128   10.523   12.979
            0.560000  0.720000  0.380000
   -3.423   -0.565    3.380    4.328    8.465    9.115   10.451   13.009
            0.560000  0.720000  0.390000
   -3.455   -0.544    3.431    4.364    8.449    9.108   10.381   13.040
            0.560000  0.720000  0.400000
   -3.487   -0.521    3.481    4.399    8.429    9.107   10.313   13.071
            0.560000  0.720000  0.410000
   -3.518   -0.498    3.529    4.435    8.405    9.111   10.245   13.103
            0.560000  0.720000  0.420000
   -3.550   -0.473    3.577    4.472    8.378    9.119   10.180   13.136
            0.560000  0.720000  0.430000
   -3.582   -0.447    3.624    4.508    8.349    9.132   10.115   13.170
            0.560000  0.720000  0.440000
   -3.614   -0.419    3.669    4.544    8.318    9.147   10.053   13.204
            0.560000  0.720000  0.450000
   -3.646   -0.391    3.714    4.580    8.286    9.166    9.992   13.239
            0.560000  0.720000  0.460000
   -3.677   -0.361    3.757    4.615    8.254    9.186    9.933   13.275
            0.560000  0.720000  0.470000
   -3.709   -0.331    3.800    4.649    8.222    9.209    9.876   13.311
            0.560000  0.720000  0.480000
   -3.740   -0.299    3.841    4.682    8.190    9.233    9.821   13.348
            0.560000  0.720000  0.490000
   -3.771   -0.266    3.882    4.714    8.159    9.258    9.768   13.385
            0.560000  0.720000  0.500000
   -3.802   -0.232    3.921    4.744    8.130    9.284    9.717   13.423
            0.560000  0.720000  0.510000
   -3.833   -0.198    3.960    4.772    8.101    9.311    9.669   13.460
            0.560000  0.720000  0.520000
   -3.863   -0.162    3.998    4.798    8.075    9.338    9.622   13.497
            0.560000  0.720000  0.530000
   -3.893   -0.125    4.035    4.821    8.050    9.366    9.578   13.531
            0.560000  0.720000  0.540000
   -3.922   -0.087    4.072    4.842    8.028    9.395    9.536   13.561
            0.560000  0.720000  0.550000
   -3.951   -0.049    4.107    4.859    8.008    9.423    9.497   13.580
            0.560000  0.720000  0.560000
   -3.980   -0.009    4.142    4.874    7.990    9.445    9.466   13.577
            0.560000  0.720000  0.570000
   -4.008    0.031    4.176    4.885    7.976    9.422    9.484   13.542
            0.560000  0.720000  0.580000
   -4.036    0.072    4.210    4.892    7.964    9.391    9.512   13.478
            0.560000  0.720000  0.590000
   -4.064    0.114    4.242    4.896    7.955    9.362    9.540   13.400
            0.560000  0.720000  0.600000
   -4.090    0.157    4.274    4.896    7.949    9.334    9.569   13.314
            0.560000  0.720000  0.610000
   -4.117    0.201    4.306    4.892    7.946    9.310    9.598   13.224
            0.560000  0.720000  0.620000
   -4.143    0.246    4.337    4.884    7.946    9.288    9.627   13.132
            0.560000  0.720000  0.630000
   -4.168    0.291    4.367    4.872    7.949    9.269    9.655   13.040
            0.560000  0.720000  0.640000
   -4.193    0.337    4.396    4.856    7.954    9.252    9.684   12.947
            0.560000  0.720000  0.650000
   -4.217    0.384    4.425    4.836    7.963    9.237    9.712   12.854
            0.560000  0.720000  0.660000
   -4.241    0.431    4.453    4.813    7.974    9.225    9.740   12.761
            0.560000  0.720000  0.670000
   -4.264    0.479    4.480    4.786    7.987    9.216    9.768   12.669
            0.560000  0.720000  0.680000
   -4.287    0.528    4.507    4.756    8.003    9.209    9.796   12.577
            0.560000  0.720000  0.690000
   -4.309    0.577    4.533    4.723    8.021    9.204    9.824   12.486
            0.560000  0.720000  0.700000
   -4.330    0.627    4.558    4.687    8.041    9.201    9.852   12.395
            0.560000  0.720000  0.710000
   -4.351    0.677    4.582    4.648    8.062    9.201    9.880   12.306
            0.560000  0.720000  0.720000
   -4.371    0.728    4.597    4.615    8.085    9.202    9.908   12.218
            0.560000  0.720000  0.730000
   -4.390    0.779    4.560    4.631    8.110    9.205    9.937   12.130
            0.560000  0.720000  0.740000
   -4.409    0.831    4.515    4.652    8.135    9.210    9.965   12.044
            0.560000  0.720000  0.750000
   -4.427    0.883    4.467    4.673    8.162    9.216    9.994   11.959
            0.560000  0.720000  0.760000
   -4.445    0.936    4.417    4.694    8.190    9.223   10.024   11.876
            0.560000  0.720000  0.770000
   -4.462    0.989    4.366    4.713    8.218    9.231   10.054   11.794
            0.560000  0.720000  0.780000
   -4.478    1.042    4.314    4.732    8.247    9.240   10.084   11.713
            0.560000  0.720000  0.790000
   -4.493    1.095    4.261    4.750    8.277    9.250   10.115   11.635
            0.560000  0.720000  0.800000
   -4.508    1.148    4.206    4.768    8.307    9.259   10.147   11.558
            0.560000  0.720000  0.810000
   -4.522    1.201    4.152    4.784    8.338    9.269   10.179   11.483
            0.560000  0.720000  0.820000
   -4.536    1.254    4.096    4.799    8.369    9.279   10.211   11.410
            0.560000  0.720000  0.830000
   -4.548    1.307    4.041    4.814    8.401    9.288   10.245   11.340
            0.560000  0.720000  0.840000
   -4.560    1.359    3.985    4.828    8.432    9.297   10.278   11.271
            0.560000  0.720000  0.850000
   -4.572    1.411    3.930    4.841    8.464    9.305   10.312   11.206
            0.560000  0.720000  0.860000
   -4.582    1.463    3.876    4.853    8.495    9.313   10.346   11.143
            0.560000  0.720000  0.870000
   -4.592    1.513    3.822    4.864    8.527    9.319   10.380   11.083
            0.560000  0.720000  0.880000
   -4.601    1.562    3.769    4.875    8.558    9.324   10.413   11.026
            0.560000  0.720000  0.890000
   -4.610    1.610    3.718    4.884    8.588    9.329   10.446   10.973
            0.560000  0.720000  0.900000
   -4.617    1.656    3.669    4.893    8.618    9.332   10.477   10.924
            0.560000  0.720000  0.910000
   -4.624    1.700    3.622    4.901    8.646    9.334   10.507   10.879
            0.560000  0.720000  0.920000
   -4.630    1.742    3.577    4.908    8.673    9.335   10.535   10.838
            0.560000  0.720000  0.930000
   -4.636    1.781    3.536    4.914    8.699    9.335   10.560   10.802
            0.560000  0.720000  0.940000
   -4.641    1.816    3.499    4.919    8.722    9.334   10.582   10.771
            0.560000  0.720000  0.950000
   -4.645    1.847    3.465    4.924    8.743    9.332   10.599   10.747
            0.560000  0.720000  0.960000
   -4.648    1.873    3.437    4.928    8.761    9.331   10.611   10.730
            0.560000  0.720000  0.970000
   -4.651    1.895    3.414    4.930    8.776    9.329   10.617   10.720
            0.560000  0.720000  0.980000
   -4.653    1.911    3.398    4.932    8.786    9.327   10.619   10.716
            0.560000  0.720000  0.990000
   -4.654    1.920    3.388    4.934    8.793    9.326   10.618   10.715
            0.560000  0.720000  1.000000
   -4.654    1.923    3.384    4.934    8.795    9.326   10.618   10.715
