 &plot nbnd=   8, nks=   101 /
            0.560000  0.120000  0.000000
   -4.410    1.750    3.647    3.972    7.287    8.871   11.493   12.055
            0.560000  0.120000  0.010000
   -4.410    1.748    3.647    3.972    7.288    8.873   11.492   12.051
            0.560000  0.120000  0.020000
   -4.409    1.744    3.649    3.971    7.292    8.880   11.490   12.038
            0.560000  0.120000  0.030000
   -4.407    1.736    3.651    3.968    7.298    8.890   11.486   12.017
            0.560000  0.120000  0.040000
   -4.404    1.725    3.654    3.966    7.306    8.905   11.480   11.989
            0.560000  0.120000  0.050000
   -4.401    1.711    3.657    3.963    7.317    8.924   11.472   11.954
            0.560000  0.120000  0.060000
   -4.397    1.695    3.661    3.960    7.330    8.946   11.461   11.914
            0.560000  0.120000  0.070000
   -4.392    1.676    3.664    3.957    7.346    8.973   11.447   11.870
            0.560000  0.120000  0.080000
   -4.387    1.654    3.666    3.955    7.364    9.004   11.428   11.824
            0.560000  0.120000  0.090000
   -4.380    1.630    3.667    3.954    7.385    9.038   11.404   11.778
            0.560000  0.120000  0.100000
   -4.373    1.604    3.665    3.954    7.408    9.076   11.374   11.734
            0.560000  0.120000  0.110000
   -4.366    1.575    3.661    3.957    7.434    9.117   11.335   11.693
            0.560000  0.120000  0.120000
   -4.357    1.545    3.654    3.963    7.462    9.162   11.287   11.658
            0.560000  0.120000  0.130000
   -4.348    1.513    3.644    3.970    7.493    9.210   11.231   11.627
            0.560000  0.120000  0.140000
   -4.338    1.480    3.630    3.981    7.527    9.262   11.168   11.601
            0.560000  0.120000  0.150000
   -4.328    1.445    3.614    3.993    7.563    9.316   11.098   11.579
            0.560000  0.120000  0.160000
   -4.317    1.409    3.596    4.007    7.602    9.373   11.023   11.560
            0.560000  0.120000  0.170000
   -4.305    1.371    3.574    4.023    7.643    9.432   10.945   11.542
            0.560000  0.120000  0.180000
   -4.292    1.333    3.551    4.040    7.687    9.495   10.863   11.526
            0.560000  0.120000  0.190000
   -4.278    1.293    3.526    4.058    7.734    9.559   10.780   11.511
            0.560000  0.120000  0.200000
   -4.264    1.253    3.499    4.077    7.783    9.626   10.695   11.496
            0.560000  0.120000  0.210000
   -4.250    1.212    3.471    4.097    7.834    9.695   10.608   11.482
            0.560000  0.120000  0.220000
   -4.234    1.171    3.442    4.117    7.888    9.766   10.522   11.467
            0.560000  0.120000  0.230000
   -4.218    1.129    3.411    4.137    7.944    9.838   10.435   11.453
            0.560000  0.120000  0.240000
   -4.201    1.086    3.380    4.158    8.002    9.910   10.350   11.439
            0.560000  0.120000  0.250000
   -4.184    1.044    3.347    4.178    8.062    9.979   10.270   11.424
            0.560000  0.120000  0.260000
   -4.165    1.001    3.314    4.199    8.125   10.030   10.209   11.410
            0.560000  0.120000  0.270000
   -4.146    0.957    3.280    4.219    8.189   10.020   10.212   11.395
            0.560000  0.120000  0.280000
   -4.127    0.914    3.246    4.239    8.256    9.954   10.272   11.381
            0.560000  0.120000  0.290000
   -4.107    0.870    3.212    4.259    8.324    9.874   10.349   11.366
            0.560000  0.120000  0.300000
   -4.086    0.827    3.177    4.279    8.394    9.791   10.431   11.351
            0.560000  0.120000  0.310000
   -4.064    0.783    3.141    4.298    8.466    9.707   10.515   11.337
            0.560000  0.120000  0.320000
   -4.042    0.740    3.106    4.316    8.539    9.623   10.601   11.323
            0.560000  0.120000  0.330000
   -4.020    0.696    3.070    4.334    8.612    9.541   10.688   11.311
            0.560000  0.120000  0.340000
   -3.996    0.653    3.034    4.351    8.686    9.462   10.774   11.300
            0.560000  0.120000  0.350000
   -3.972    0.610    2.998    4.368    8.759    9.386   10.857   11.293
            0.560000  0.120000  0.360000
   -3.948    0.567    2.963    4.384    8.828    9.316   10.935   11.293
            0.560000  0.120000  0.370000
   -3.923    0.525    2.927    4.398    8.888    9.259   11.001   11.306
            0.560000  0.120000  0.380000
   -3.897    0.482    2.891    4.412    8.925    9.228   11.047   11.340
            0.560000  0.120000  0.390000
   -3.871    0.440    2.856    4.425    8.923    9.239   11.071   11.398
            0.560000  0.120000  0.400000
   -3.844    0.399    2.821    4.436    8.886    9.288   11.076   11.474
            0.560000  0.120000  0.410000
   -3.817    0.357    2.786    4.446    8.832    9.358   11.071   11.562
            0.560000  0.120000  0.420000
   -3.789    0.316    2.751    4.455    8.771    9.438   11.061   11.656
            0.560000  0.120000  0.430000
   -3.760    0.276    2.717    4.462    8.709    9.523   11.046   11.755
            0.560000  0.120000  0.440000
   -3.731    0.236    2.683    4.468    8.647    9.611   11.030   11.856
            0.560000  0.120000  0.450000
   -3.702    0.196    2.649    4.471    8.586    9.702   11.013   11.960
            0.560000  0.120000  0.460000
   -3.672    0.157    2.616    4.473    8.527    9.795   10.994   12.066
            0.560000  0.120000  0.470000
   -3.642    0.118    2.584    4.473    8.471    9.890   10.975   12.173
            0.560000  0.120000  0.480000
   -3.611    0.080    2.551    4.471    8.417    9.986   10.955   12.282
            0.560000  0.120000  0.490000
   -3.580    0.042    2.520    4.467    8.366   10.083   10.935   12.391
            0.560000  0.120000  0.500000
   -3.548    0.005    2.489    4.461    8.318   10.181   10.915   12.501
            0.560000  0.120000  0.510000
   -3.516   -0.032    2.458    4.452    8.274   10.281   10.894   12.612
            0.560000  0.120000  0.520000
   -3.484   -0.068    2.429    4.441    8.233   10.381   10.874   12.724
            0.560000  0.120000  0.530000
   -3.451   -0.103    2.399    4.427    8.196   10.482   10.853   12.835
            0.560000  0.120000  0.540000
   -3.418   -0.138    2.371    4.411    8.163   10.584   10.832   12.944
            0.560000  0.120000  0.550000
   -3.385   -0.172    2.343    4.392    8.134   10.686   10.812   13.045
            0.560000  0.120000  0.560000
   -3.351   -0.206    2.316    4.371    8.108   10.781   10.800   13.114
            0.560000  0.120000  0.570000
   -3.318   -0.239    2.289    4.347    8.086   10.769   10.895   13.120
            0.560000  0.120000  0.580000
   -3.284   -0.272    2.264    4.320    8.068   10.749   10.999   13.095
            0.560000  0.120000  0.590000
   -3.249   -0.304    2.239    4.291    8.055   10.728   11.104   13.062
            0.560000  0.120000  0.600000
   -3.215   -0.335    2.215    4.260    8.045   10.708   11.210   13.026
            0.560000  0.120000  0.610000
   -3.180   -0.366    2.192    4.226    8.039   10.688   11.316   12.990
            0.560000  0.120000  0.620000
   -3.146   -0.395    2.169    4.191    8.036   10.668   11.422   12.953
            0.560000  0.120000  0.630000
   -3.111   -0.425    2.148    4.153    8.038   10.648   11.529   12.916
            0.560000  0.120000  0.640000
   -3.076   -0.453    2.127    4.113    8.043   10.629   11.635   12.878
            0.560000  0.120000  0.650000
   -3.041   -0.481    2.108    4.071    8.052   10.610   11.742   12.838
            0.560000  0.120000  0.660000
   -3.007   -0.509    2.089    4.027    8.064   10.591   11.848   12.796
            0.560000  0.120000  0.670000
   -2.972   -0.535    2.071    3.982    8.079   10.572   11.954   12.751
            0.560000  0.120000  0.680000
   -2.937   -0.561    2.054    3.935    8.098   10.554   12.059   12.700
            0.560000  0.120000  0.690000
   -2.903   -0.587    2.038    3.888    8.120   10.536   12.162   12.641
            0.560000  0.120000  0.700000
   -2.869   -0.611    2.024    3.839    8.145   10.519   12.263   12.574
            0.560000  0.120000  0.710000
   -2.835   -0.635    2.010    3.789    8.173   10.501   12.358   12.499
            0.560000  0.120000  0.720000
   -2.802   -0.658    1.997    3.738    8.203   10.485   12.418   12.445
            0.560000  0.120000  0.730000
   -2.768   -0.681    1.985    3.687    8.236   10.468   12.332   12.514
            0.560000  0.120000  0.740000
   -2.735   -0.702    1.975    3.635    8.272   10.452   12.243   12.557
            0.560000  0.120000  0.750000
   -2.703   -0.723    1.965    3.583    8.310   10.436   12.152   12.574
            0.560000  0.120000  0.760000
   -2.671   -0.744    1.957    3.531    8.350   10.421   12.060   12.573
            0.560000  0.120000  0.770000
   -2.640   -0.763    1.950    3.479    8.393   10.406   11.968   12.564
            0.560000  0.120000  0.780000
   -2.609   -0.782    1.944    3.427    8.437   10.391   11.875   12.550
            0.560000  0.120000  0.790000
   -2.580   -0.800    1.939    3.376    8.484   10.377   11.783   12.535
            0.560000  0.120000  0.800000
   -2.550   -0.818    1.935    3.325    8.533   10.363   11.691   12.519
            0.560000  0.120000  0.810000
   -2.522   -0.834    1.932    3.274    8.583   10.349   11.599   12.504
            0.560000  0.120000  0.820000
   -2.495   -0.850    1.930    3.224    8.635   10.336   11.509   12.488
            0.560000  0.120000  0.830000
   -2.468   -0.865    1.930    3.175    8.689   10.322   11.419   12.473
            0.560000  0.120000  0.840000
   -2.443   -0.880    1.930    3.127    8.745   10.309   11.331   12.459
            0.560000  0.120000  0.850000
   -2.418   -0.893    1.932    3.081    8.802   10.296   11.243   12.446
            0.560000  0.120000  0.860000
   -2.395   -0.906    1.934    3.035    8.861   10.282   11.158   12.433
            0.560000  0.120000  0.870000
   -2.373   -0.918    1.938    2.991    8.920   10.268   11.074   12.421
            0.560000  0.120000  0.880000
   -2.353   -0.929    1.942    2.949    8.982   10.254   10.993   12.410
            0.560000  0.120000  0.890000
   -2.333   -0.940    1.947    2.909    9.044   10.238   10.914   12.400
            0.560000  0.120000  0.900000
   -2.315   -0.949    1.953    2.871    9.107   10.220   10.839   12.391
            0.560000  0.120000  0.910000
   -2.299   -0.958    1.959    2.835    9.172   10.200   10.768   12.382
            0.560000  0.120000  0.920000
   -2.284   -0.965    1.965    2.802    9.237   10.177   10.703   12.375
            0.560000  0.120000  0.930000
   -2.271   -0.972    1.972    2.772    9.303   10.149   10.644   12.368
            0.560000  0.120000  0.940000
   -2.259   -0.978    1.979    2.744    9.370   10.116   10.593   12.362
            0.560000  0.120000  0.950000
   -2.250   -0.984    1.985    2.721    9.437   10.076   10.550   12.357
            0.560000  0.120000  0.960000
   -2.241   -0.988    1.990    2.701    9.503   10.031   10.516   12.353
            0.560000  0.120000  0.970000
   -2.235   -0.991    1.995    2.685    9.569    9.981   10.491   12.350
            0.560000  0.120000  0.980000
   -2.230   -0.993    1.999    2.673    9.631    9.929   10.474   12.348
            0.560000  0.120000  0.990000
   -2.228   -0.995    2.001    2.666    9.686    9.880   10.464   12.347
            0.560000  0.120000  1.000000
   -2.227   -0.995    2.001    2.664    9.712    9.856   10.460   12.346
