 &plot nbnd=   8, nks=   101 /
            0.670000  0.070000  0.000000
   -3.892    0.923    3.483    3.565    6.832    8.039   12.806   13.075
            0.670000  0.070000  0.010000
   -3.892    0.923    3.480    3.567    6.833    8.041   12.805   13.069
            0.670000  0.070000  0.020000
   -3.891    0.920    3.473    3.571    6.839    8.048   12.804   13.052
            0.670000  0.070000  0.030000
   -3.889    0.917    3.461    3.576    6.849    8.058   12.802   13.023
            0.670000  0.070000  0.040000
   -3.887    0.912    3.446    3.582    6.862    8.073   12.798   12.985
            0.670000  0.070000  0.050000
   -3.884    0.906    3.429    3.587    6.879    8.092   12.791   12.940
            0.670000  0.070000  0.060000
   -3.880    0.899    3.410    3.592    6.899    8.115   12.778   12.892
            0.670000  0.070000  0.070000
   -3.876    0.890    3.389    3.597    6.923    8.141   12.747   12.853
            0.670000  0.070000  0.080000
   -3.871    0.879    3.367    3.601    6.951    8.172   12.693   12.831
            0.670000  0.070000  0.090000
   -3.865    0.868    3.343    3.605    6.982    8.206   12.622   12.819
            0.670000  0.070000  0.100000
   -3.858    0.855    3.318    3.607    7.017    8.244   12.541   12.812
            0.670000  0.070000  0.110000
   -3.851    0.841    3.291    3.610    7.054    8.286   12.454   12.806
            0.670000  0.070000  0.120000
   -3.844    0.826    3.264    3.612    7.096    8.331   12.363   12.801
            0.670000  0.070000  0.130000
   -3.835    0.809    3.235    3.614    7.140    8.379   12.268   12.797
            0.670000  0.070000  0.140000
   -3.826    0.792    3.206    3.616    7.187    8.431   12.171   12.792
            0.670000  0.070000  0.150000
   -3.816    0.773    3.175    3.618    7.238    8.485   12.071   12.787
            0.670000  0.070000  0.160000
   -3.806    0.753    3.144    3.619    7.291    8.543   11.969   12.782
            0.670000  0.070000  0.170000
   -3.795    0.732    3.111    3.621    7.347    8.603   11.865   12.777
            0.670000  0.070000  0.180000
   -3.783    0.710    3.079    3.623    7.405    8.666   11.760   12.771
            0.670000  0.070000  0.190000
   -3.771    0.687    3.045    3.625    7.467    8.732   11.654   12.765
            0.670000  0.070000  0.200000
   -3.758    0.663    3.011    3.628    7.530    8.801   11.547   12.759
            0.670000  0.070000  0.210000
   -3.744    0.638    2.976    3.631    7.596    8.871   11.440   12.753
            0.670000  0.070000  0.220000
   -3.730    0.612    2.941    3.634    7.665    8.944   11.332   12.746
            0.670000  0.070000  0.230000
   -3.715    0.586    2.905    3.638    7.736    9.019   11.223   12.739
            0.670000  0.070000  0.240000
   -3.700    0.559    2.870    3.643    7.809    9.097   11.115   12.732
            0.670000  0.070000  0.250000
   -3.683    0.531    2.834    3.648    7.884    9.176   11.006   12.724
            0.670000  0.070000  0.260000
   -3.667    0.502    2.797    3.653    7.960    9.257   10.898   12.717
            0.670000  0.070000  0.270000
   -3.650    0.473    2.761    3.659    8.039    9.340   10.789   12.709
            0.670000  0.070000  0.280000
   -3.632    0.443    2.725    3.666    8.120    9.425   10.681   12.700
            0.670000  0.070000  0.290000
   -3.613    0.412    2.688    3.674    8.203    9.511   10.574   12.691
            0.670000  0.070000  0.300000
   -3.594    0.382    2.652    3.681    8.287    9.599   10.467   12.682
            0.670000  0.070000  0.310000
   -3.575    0.350    2.616    3.690    8.373    9.687   10.361   12.673
            0.670000  0.070000  0.320000
   -3.555    0.319    2.580    3.699    8.460    9.774   10.259   12.664
            0.670000  0.070000  0.330000
   -3.534    0.287    2.544    3.709    8.549    9.857   10.162   12.654
            0.670000  0.070000  0.340000
   -3.513    0.255    2.508    3.719    8.639    9.916   10.093   12.644
            0.670000  0.070000  0.350000
   -3.492    0.222    2.473    3.729    8.731    9.887   10.113   12.633
            0.670000  0.070000  0.360000
   -3.469    0.190    2.438    3.740    8.825    9.801   10.192   12.623
            0.670000  0.070000  0.370000
   -3.447    0.157    2.404    3.752    8.919    9.704   10.285   12.612
            0.670000  0.070000  0.380000
   -3.424    0.124    2.370    3.763    9.015    9.605   10.382   12.601
            0.670000  0.070000  0.390000
   -3.400    0.091    2.336    3.775    9.112    9.505   10.482   12.589
            0.670000  0.070000  0.400000
   -3.376    0.058    2.303    3.788    9.210    9.406   10.583   12.578
            0.670000  0.070000  0.410000
   -3.352    0.025    2.271    3.800    9.303    9.314   10.686   12.566
            0.670000  0.070000  0.420000
   -3.327   -0.008    2.239    3.813    9.210    9.410   10.791   12.554
            0.670000  0.070000  0.430000
   -3.302   -0.041    2.208    3.825    9.115    9.512   10.896   12.542
            0.670000  0.070000  0.440000
   -3.276   -0.074    2.178    3.838    9.020    9.614   11.003   12.530
            0.670000  0.070000  0.450000
   -3.250   -0.107    2.148    3.850    8.927    9.717   11.110   12.518
            0.670000  0.070000  0.460000
   -3.224   -0.140    2.119    3.863    8.836    9.822   11.218   12.505
            0.670000  0.070000  0.470000
   -3.197   -0.172    2.091    3.875    8.746    9.927   11.327   12.493
            0.670000  0.070000  0.480000
   -3.170   -0.204    2.064    3.886    8.659   10.033   11.437   12.481
            0.670000  0.070000  0.490000
   -3.143   -0.236    2.038    3.897    8.573   10.140   11.547   12.468
            0.670000  0.070000  0.500000
   -3.116   -0.268    2.012    3.908    8.490   10.247   11.656   12.456
            0.670000  0.070000  0.510000
   -3.088   -0.299    1.988    3.918    8.409   10.356   11.766   12.445
            0.670000  0.070000  0.520000
   -3.060   -0.331    1.964    3.926    8.330   10.465   11.873   12.435
            0.670000  0.070000  0.530000
   -3.032   -0.361    1.942    3.934    8.254   10.574   11.978   12.427
            0.670000  0.070000  0.540000
   -3.003   -0.392    1.920    3.941    8.181   10.684   12.077   12.424
            0.670000  0.070000  0.550000
   -2.975   -0.422    1.900    3.947    8.111   10.794   12.162   12.432
            0.670000  0.070000  0.560000
   -2.946   -0.452    1.880    3.951    8.043   10.905   12.220   12.460
            0.670000  0.070000  0.570000
   -2.918   -0.481    1.862    3.954    7.979   11.016   12.245   12.512
            0.670000  0.070000  0.580000
   -2.889   -0.510    1.845    3.955    7.919   11.126   12.244   12.564
            0.670000  0.070000  0.590000
   -2.860   -0.539    1.829    3.954    7.861   11.236   12.228   12.582
            0.670000  0.070000  0.600000
   -2.832   -0.567    1.815    3.951    7.808   11.346   12.201   12.558
            0.670000  0.070000  0.610000
   -2.803   -0.595    1.801    3.947    7.758   11.453   12.163   12.514
            0.670000  0.070000  0.620000
   -2.774   -0.622    1.789    3.940    7.712   11.557   12.115   12.469
            0.670000  0.070000  0.630000
   -2.745   -0.648    1.778    3.931    7.670   11.652   12.061   12.432
            0.670000  0.070000  0.640000
   -2.717   -0.675    1.768    3.920    7.632   11.726   12.016   12.406
            0.670000  0.070000  0.650000
   -2.689   -0.700    1.760    3.906    7.598   11.746   12.012   12.390
            0.670000  0.070000  0.660000
   -2.660   -0.726    1.753    3.890    7.569   11.702   12.059   12.388
            0.670000  0.070000  0.670000
   -2.633   -0.750    1.748    3.871    7.544   11.626   12.117   12.406
            0.670000  0.070000  0.680000
   -2.605   -0.775    1.744    3.850    7.524   11.539   12.160   12.452
            0.670000  0.070000  0.690000
   -2.578   -0.798    1.741    3.826    7.507   11.445   12.181   12.525
            0.670000  0.070000  0.700000
   -2.550   -0.821    1.740    3.800    7.495   11.350   12.187   12.616
            0.670000  0.070000  0.710000
   -2.524   -0.844    1.740    3.772    7.488   11.252   12.185   12.715
            0.670000  0.070000  0.720000
   -2.497   -0.866    1.742    3.741    7.484   11.155   12.180   12.818
            0.670000  0.070000  0.730000
   -2.472   -0.887    1.745    3.708    7.485   11.056   12.173   12.922
            0.670000  0.070000  0.740000
   -2.446   -0.908    1.750    3.673    7.490   10.958   12.165   13.024
            0.670000  0.070000  0.750000
   -2.421   -0.928    1.756    3.635    7.499   10.860   12.157   13.120
            0.670000  0.070000  0.760000
   -2.397   -0.948    1.764    3.596    7.512   10.763   12.148   13.207
            0.670000  0.070000  0.770000
   -2.373   -0.967    1.774    3.555    7.528   10.666   12.140   13.277
            0.670000  0.070000  0.780000
   -2.350   -0.985    1.785    3.513    7.549   10.569   12.132   13.324
            0.670000  0.070000  0.790000
   -2.328   -1.003    1.798    3.469    7.572   10.474   12.123   13.350
            0.670000  0.070000  0.800000
   -2.306   -1.020    1.812    3.424    7.599   10.379   12.115   13.361
            0.670000  0.070000  0.810000
   -2.285   -1.037    1.828    3.378    7.630   10.284   12.108   13.362
            0.670000  0.070000  0.820000
   -2.264   -1.052    1.846    3.330    7.663   10.191   12.100   13.357
            0.670000  0.070000  0.830000
   -2.245   -1.068    1.865    3.282    7.700   10.098   12.093   13.350
            0.670000  0.070000  0.840000
   -2.226   -1.082    1.885    3.234    7.739   10.006   12.087   13.342
            0.670000  0.070000  0.850000
   -2.208   -1.096    1.907    3.184    7.781    9.915   12.080   13.333
            0.670000  0.070000  0.860000
   -2.192   -1.109    1.931    3.135    7.825    9.826   12.074   13.324
            0.670000  0.070000  0.870000
   -2.176   -1.121    1.956    3.085    7.872    9.737   12.069   13.314
            0.670000  0.070000  0.880000
   -2.161   -1.132    1.982    3.035    7.922    9.649   12.063   13.306
            0.670000  0.070000  0.890000
   -2.147   -1.143    2.010    2.986    7.973    9.562   12.058   13.297
            0.670000  0.070000  0.900000
   -2.134   -1.153    2.039    2.936    8.027    9.477   12.054   13.289
            0.670000  0.070000  0.910000
   -2.122   -1.162    2.070    2.888    8.083    9.392   12.050   13.282
            0.670000  0.070000  0.920000
   -2.112   -1.170    2.101    2.839    8.140    9.309   12.046   13.275
            0.670000  0.070000  0.930000
   -2.102   -1.177    2.133    2.792    8.200    9.227   12.043   13.269
            0.670000  0.070000  0.940000
   -2.094   -1.183    2.166    2.746    8.261    9.147   12.040   13.264
            0.670000  0.070000  0.950000
   -2.087   -1.189    2.199    2.702    8.323    9.069   12.038   13.260
            0.670000  0.070000  0.960000
   -2.081   -1.193    2.232    2.661    8.386    8.992   12.036   13.256
            0.670000  0.070000  0.970000
   -2.076   -1.196    2.262    2.623    8.450    8.918   12.035   13.254
            0.670000  0.070000  0.980000
   -2.073   -1.199    2.289    2.591    8.512    8.849   12.033   13.252
            0.670000  0.070000  0.990000
   -2.071   -1.200    2.308    2.568    8.566    8.790   12.033   13.250
            0.670000  0.070000  1.000000
   -2.071   -1.201    2.316    2.560    8.592    8.762   12.033   13.250
