 &plot nbnd=   8, nks=   101 /
            0.510000  0.160000  0.000000
   -4.587    2.006    3.660    4.275    7.662    9.357   10.790   11.565
            0.510000  0.160000  0.010000
   -4.587    2.004    3.662    4.274    7.663    9.359   10.790   11.562
            0.510000  0.160000  0.020000
   -4.586    1.998    3.667    4.272    7.664    9.366   10.787   11.551
            0.510000  0.160000  0.030000
   -4.584    1.987    3.676    4.268    7.667    9.376   10.783   11.534
            0.510000  0.160000  0.040000
   -4.581    1.972    3.689    4.264    7.671    9.392   10.777   11.511
            0.510000  0.160000  0.050000
   -4.578    1.953    3.704    4.257    7.676    9.411   10.770   11.483
            0.510000  0.160000  0.060000
   -4.574    1.930    3.721    4.250    7.683    9.434   10.760   11.450
            0.510000  0.160000  0.070000
   -4.569    1.904    3.742    4.242    7.690    9.461   10.748   11.412
            0.510000  0.160000  0.080000
   -4.563    1.875    3.763    4.232    7.700    9.492   10.734   11.372
            0.510000  0.160000  0.090000
   -4.557    1.843    3.787    4.222    7.711    9.527   10.717   11.330
            0.510000  0.160000  0.100000
   -4.550    1.809    3.811    4.212    7.723    9.565   10.697   11.286
            0.510000  0.160000  0.110000
   -4.542    1.772    3.834    4.202    7.738    9.606   10.674   11.242
            0.510000  0.160000  0.120000
   -4.534    1.734    3.857    4.192    7.754    9.649   10.647   11.199
            0.510000  0.160000  0.130000
   -4.524    1.693    3.878    4.184    7.772    9.696   10.616   11.157
            0.510000  0.160000  0.140000
   -4.514    1.652    3.896    4.179    7.793    9.744   10.582   11.117
            0.510000  0.160000  0.150000
   -4.504    1.609    3.909    4.179    7.815    9.793   10.545   11.080
            0.510000  0.160000  0.160000
   -4.492    1.565    3.915    4.183    7.840    9.842   10.506   11.045
            0.510000  0.160000  0.170000
   -4.480    1.520    3.914    4.194    7.866    9.890   10.466   11.013
            0.510000  0.160000  0.180000
   -4.467    1.474    3.907    4.210    7.895    9.934   10.429   10.983
            0.510000  0.160000  0.190000
   -4.453    1.427    3.894    4.231    7.927    9.970   10.400   10.956
            0.510000  0.160000  0.200000
   -4.439    1.380    3.876    4.255    7.960    9.989   10.385   10.931
            0.510000  0.160000  0.210000
   -4.424    1.333    3.855    4.282    7.996    9.987   10.391   10.908
            0.510000  0.160000  0.220000
   -4.408    1.285    3.831    4.309    8.034    9.963   10.419   10.886
            0.510000  0.160000  0.230000
   -4.391    1.237    3.805    4.337    8.074    9.923   10.463   10.867
            0.510000  0.160000  0.240000
   -4.374    1.189    3.777    4.366    8.116    9.871   10.516   10.852
            0.510000  0.160000  0.250000
   -4.356    1.141    3.748    4.394    8.160    9.814   10.573   10.841
            0.510000  0.160000  0.260000
   -4.338    1.093    3.718    4.422    8.206    9.753   10.624   10.841
            0.510000  0.160000  0.270000
   -4.319    1.044    3.687    4.450    8.254    9.691   10.660   10.860
            0.510000  0.160000  0.280000
   -4.299    0.996    3.654    4.476    8.303    9.627   10.673   10.906
            0.510000  0.160000  0.290000
   -4.278    0.948    3.622    4.502    8.354    9.564   10.670   10.970
            0.510000  0.160000  0.300000
   -4.257    0.901    3.588    4.527    8.405    9.502   10.658   11.046
            0.510000  0.160000  0.310000
   -4.235    0.853    3.554    4.550    8.456    9.443   10.642   11.128
            0.510000  0.160000  0.320000
   -4.212    0.806    3.519    4.572    8.507    9.387   10.623   11.213
            0.510000  0.160000  0.330000
   -4.189    0.759    3.485    4.593    8.555    9.335   10.603   11.302
            0.510000  0.160000  0.340000
   -4.165    0.712    3.449    4.612    8.600    9.290   10.582   11.393
            0.510000  0.160000  0.350000
   -4.141    0.666    3.414    4.630    8.639    9.255   10.561   11.487
            0.510000  0.160000  0.360000
   -4.116    0.620    3.378    4.645    8.668    9.233   10.538   11.582
            0.510000  0.160000  0.370000
   -4.090    0.575    3.343    4.659    8.684    9.227   10.515   11.678
            0.510000  0.160000  0.380000
   -4.064    0.530    3.307    4.671    8.686    9.240   10.492   11.776
            0.510000  0.160000  0.390000
   -4.037    0.485    3.271    4.681    8.674    9.270   10.468   11.876
            0.510000  0.160000  0.400000
   -4.009    0.441    3.235    4.689    8.651    9.314   10.444   11.977
            0.510000  0.160000  0.410000
   -3.981    0.398    3.200    4.695    8.622    9.369   10.420   12.079
            0.510000  0.160000  0.420000
   -3.953    0.355    3.164    4.698    8.589    9.432   10.396   12.182
            0.510000  0.160000  0.430000
   -3.924    0.312    3.128    4.699    8.554    9.501   10.371   12.286
            0.510000  0.160000  0.440000
   -3.894    0.271    3.093    4.697    8.519    9.574   10.347   12.391
            0.510000  0.160000  0.450000
   -3.864    0.229    3.058    4.693    8.486    9.650   10.322   12.498
            0.510000  0.160000  0.460000
   -3.833    0.189    3.023    4.686    8.453    9.729   10.298   12.605
            0.510000  0.160000  0.470000
   -3.802    0.149    2.988    4.677    8.423    9.810   10.274   12.712
            0.510000  0.160000  0.480000
   -3.770    0.109    2.954    4.664    8.395    9.892   10.251   12.819
            0.510000  0.160000  0.490000
   -3.738    0.071    2.919    4.649    8.371    9.974   10.230   12.926
            0.510000  0.160000  0.500000
   -3.706    0.033    2.886    4.632    8.349   10.050   10.216   13.026
            0.510000  0.160000  0.510000
   -3.673   -0.005    2.852    4.611    8.330   10.104   10.227   13.096
            0.510000  0.160000  0.520000
   -3.640   -0.041    2.819    4.588    8.315   10.112   10.283   13.095
            0.510000  0.160000  0.530000
   -3.606   -0.077    2.786    4.563    8.303   10.098   10.365   13.063
            0.510000  0.160000  0.540000
   -3.572   -0.113    2.754    4.535    8.294   10.077   10.453   13.025
            0.510000  0.160000  0.550000
   -3.538   -0.147    2.722    4.504    8.289   10.055   10.545   12.986
            0.510000  0.160000  0.560000
   -3.503   -0.181    2.690    4.471    8.287   10.031   10.638   12.947
            0.510000  0.160000  0.570000
   -3.468   -0.214    2.659    4.436    8.289   10.008   10.733   12.908
            0.510000  0.160000  0.580000
   -3.433   -0.247    2.628    4.398    8.294    9.984   10.829   12.870
            0.510000  0.160000  0.590000
   -3.398   -0.278    2.598    4.359    8.302    9.961   10.926   12.833
            0.510000  0.160000  0.600000
   -3.363   -0.309    2.568    4.318    8.313    9.937   11.023   12.797
            0.510000  0.160000  0.610000
   -3.327   -0.339    2.539    4.275    8.328    9.914   11.122   12.761
            0.510000  0.160000  0.620000
   -3.291   -0.369    2.510    4.231    8.345    9.891   11.221   12.726
            0.510000  0.160000  0.630000
   -3.255   -0.397    2.482    4.185    8.365    9.868   11.320   12.692
            0.510000  0.160000  0.640000
   -3.219   -0.425    2.454    4.138    8.389    9.846   11.420   12.659
            0.510000  0.160000  0.650000
   -3.183   -0.452    2.427    4.091    8.414    9.824   11.520   12.627
            0.510000  0.160000  0.660000
   -3.148   -0.478    2.400    4.042    8.443    9.803   11.620   12.596
            0.510000  0.160000  0.670000
   -3.112   -0.503    2.374    3.993    8.474    9.782   11.720   12.566
            0.510000  0.160000  0.680000
   -3.076   -0.528    2.348    3.943    8.507    9.761   11.820   12.537
            0.510000  0.160000  0.690000
   -3.041   -0.552    2.323    3.893    8.542    9.741   11.920   12.509
            0.510000  0.160000  0.700000
   -3.005   -0.574    2.299    3.843    8.580    9.722   12.017   12.484
            0.510000  0.160000  0.710000
   -2.970   -0.596    2.275    3.793    8.620    9.703   12.112   12.463
            0.510000  0.160000  0.720000
   -2.936   -0.618    2.251    3.743    8.662    9.684   12.198   12.451
            0.510000  0.160000  0.730000
   -2.901   -0.638    2.228    3.693    8.705    9.667   12.261   12.460
            0.510000  0.160000  0.740000
   -2.868   -0.657    2.206    3.644    8.751    9.650   12.286   12.509
            0.510000  0.160000  0.750000
   -2.834   -0.676    2.184    3.595    8.798    9.633   12.279   12.587
            0.510000  0.160000  0.760000
   -2.801   -0.694    2.163    3.547    8.847    9.617   12.259   12.670
            0.510000  0.160000  0.770000
   -2.769   -0.711    2.142    3.500    8.897    9.602   12.232   12.686
            0.510000  0.160000  0.780000
   -2.738   -0.727    2.122    3.454    8.948    9.588   12.199   12.618
            0.510000  0.160000  0.790000
   -2.707   -0.742    2.102    3.409    9.001    9.575   12.160   12.546
            0.510000  0.160000  0.800000
   -2.677   -0.757    2.083    3.365    9.055    9.563   12.115   12.480
            0.510000  0.160000  0.810000
   -2.648   -0.770    2.065    3.323    9.109    9.552   12.062   12.423
            0.510000  0.160000  0.820000
   -2.620   -0.783    2.048    3.282    9.164    9.543   12.001   12.375
            0.510000  0.160000  0.830000
   -2.593   -0.795    2.031    3.243    9.218    9.537   11.933   12.335
            0.510000  0.160000  0.840000
   -2.567   -0.806    2.014    3.206    9.271    9.534   11.859   12.302
            0.510000  0.160000  0.850000
   -2.543   -0.817    1.999    3.170    9.319    9.537   11.781   12.275
            0.510000  0.160000  0.860000
   -2.519   -0.826    1.984    3.136    9.359    9.550   11.701   12.252
            0.510000  0.160000  0.870000
   -2.497   -0.835    1.970    3.104    9.386    9.577   11.619   12.232
            0.510000  0.160000  0.880000
   -2.476   -0.843    1.957    3.075    9.401    9.619   11.536   12.215
            0.510000  0.160000  0.890000
   -2.457   -0.850    1.944    3.047    9.407    9.671   11.453   12.200
            0.510000  0.160000  0.900000
   -2.439   -0.857    1.933    3.021    9.408    9.729   11.371   12.187
            0.510000  0.160000  0.910000
   -2.422   -0.862    1.922    2.998    9.407    9.790   11.289   12.175
            0.510000  0.160000  0.920000
   -2.408   -0.867    1.913    2.977    9.404    9.854   11.208   12.165
            0.510000  0.160000  0.930000
   -2.394   -0.872    1.904    2.959    9.402    9.919   11.128   12.157
            0.510000  0.160000  0.940000
   -2.383   -0.876    1.897    2.943    9.399    9.983   11.051   12.150
            0.510000  0.160000  0.950000
   -2.373   -0.879    1.890    2.929    9.396   10.047   10.977   12.143
            0.510000  0.160000  0.960000
   -2.365   -0.882    1.885    2.918    9.394   10.108   10.907   12.138
            0.510000  0.160000  0.970000
   -2.359   -0.884    1.881    2.909    9.392   10.165   10.844   12.135
            0.510000  0.160000  0.980000
   -2.354   -0.885    1.878    2.903    9.391   10.213   10.791   12.132
            0.510000  0.160000  0.990000
   -2.352   -0.886    1.876    2.899    9.390   10.247   10.755   12.130
            0.510000  0.160000  1.000000
   -2.351   -0.886    1.875    2.898    9.390   10.259   10.742   12.130
