 &plot nbnd=   8, nks=   101 /
            0.020000  0.850000  0.000000
   -2.814   -0.568    3.231    3.234    6.578    7.119   14.701   14.732
            0.020000  0.850000  0.010000
   -2.814   -0.568    3.226    3.238    6.580    7.121   14.701   14.724
            0.020000  0.850000  0.020000
   -2.813   -0.568    3.216    3.240    6.587    7.128   14.701   14.702
            0.020000  0.850000  0.030000
   -2.812   -0.568    3.204    3.241    6.599    7.139   14.664   14.701
            0.020000  0.850000  0.040000
   -2.810   -0.569    3.190    3.239    6.616    7.154   14.615   14.701
            0.020000  0.850000  0.050000
   -2.808   -0.570    3.174    3.235    6.637    7.174   14.553   14.701
            0.020000  0.850000  0.060000
   -2.805   -0.571    3.155    3.229    6.663    7.198   14.482   14.701
            0.020000  0.850000  0.070000
   -2.802   -0.572    3.134    3.221    6.693    7.225   14.401   14.700
            0.020000  0.850000  0.080000
   -2.798   -0.573    3.112    3.211    6.727    7.257   14.314   14.700
            0.020000  0.850000  0.090000
   -2.793   -0.575    3.087    3.200    6.765    7.293   14.220   14.700
            0.020000  0.850000  0.100000
   -2.788   -0.577    3.061    3.187    6.807    7.332   14.121   14.699
            0.020000  0.850000  0.110000
   -2.783   -0.579    3.033    3.174    6.853    7.375   14.017   14.699
            0.020000  0.850000  0.120000
   -2.777   -0.581    3.004    3.159    6.902    7.422   13.910   14.698
            0.020000  0.850000  0.130000
   -2.771   -0.584    2.973    3.143    6.955    7.472   13.800   14.697
            0.020000  0.850000  0.140000
   -2.764   -0.586    2.942    3.126    7.012    7.525   13.687   14.696
            0.020000  0.850000  0.150000
   -2.756   -0.589    2.909    3.109    7.071    7.582   13.572   14.695
            0.020000  0.850000  0.160000
   -2.749   -0.593    2.875    3.091    7.133    7.641   13.456   14.693
            0.020000  0.850000  0.170000
   -2.740   -0.596    2.841    3.072    7.198    7.703   13.338   14.691
            0.020000  0.850000  0.180000
   -2.732   -0.600    2.806    3.054    7.266    7.768   13.219   14.689
            0.020000  0.850000  0.190000
   -2.722   -0.605    2.771    3.036    7.336    7.836   13.099   14.686
            0.020000  0.850000  0.200000
   -2.713   -0.609    2.735    3.017    7.409    7.906   12.978   14.682
            0.020000  0.850000  0.210000
   -2.703   -0.615    2.699    2.999    7.484    7.978   12.856   14.678
            0.020000  0.850000  0.220000
   -2.692   -0.620    2.662    2.981    7.561    8.053   12.734   14.672
            0.020000  0.850000  0.230000
   -2.681   -0.626    2.626    2.964    7.640    8.130   12.612   14.663
            0.020000  0.850000  0.240000
   -2.670   -0.632    2.590    2.947    7.722    8.209   12.490   14.651
            0.020000  0.850000  0.250000
   -2.658   -0.639    2.553    2.930    7.805    8.290   12.367   14.634
            0.020000  0.850000  0.260000
   -2.646   -0.646    2.517    2.914    7.890    8.373   12.245   14.608
            0.020000  0.850000  0.270000
   -2.634   -0.653    2.482    2.899    7.977    8.458   12.123   14.567
            0.020000  0.850000  0.280000
   -2.621   -0.661    2.446    2.885    8.065    8.545   12.000   14.508
            0.020000  0.850000  0.290000
   -2.608   -0.669    2.411    2.872    8.155    8.633   11.879   14.427
            0.020000  0.850000  0.300000
   -2.595   -0.678    2.377    2.860    8.247    8.722   11.757   14.329
            0.020000  0.850000  0.310000
   -2.581   -0.687    2.343    2.849    8.340    8.813   11.636   14.220
            0.020000  0.850000  0.320000
   -2.567   -0.697    2.309    2.839    8.434    8.906   11.516   14.104
            0.020000  0.850000  0.330000
   -2.553   -0.707    2.277    2.830    8.530    9.000   11.396   13.984
            0.020000  0.850000  0.340000
   -2.539   -0.718    2.245    2.822    8.627    9.094   11.278   13.862
            0.020000  0.850000  0.350000
   -2.524   -0.729    2.214    2.815    8.725    9.190   11.160   13.738
            0.020000  0.850000  0.360000
   -2.509   -0.741    2.183    2.810    8.825    9.286   11.044   13.614
            0.020000  0.850000  0.370000
   -2.494   -0.753    2.154    2.805    8.925    9.382   10.929   13.489
            0.020000  0.850000  0.380000
   -2.479   -0.765    2.126    2.802    9.026    9.478   10.817   13.365
            0.020000  0.850000  0.390000
   -2.464   -0.778    2.098    2.801    9.129    9.573   10.708   13.241
            0.020000  0.850000  0.400000
   -2.448   -0.791    2.072    2.800    9.232    9.665   10.604   13.117
            0.020000  0.850000  0.410000
   -2.433   -0.805    2.046    2.801    9.335    9.751   10.509   12.993
            0.020000  0.850000  0.420000
   -2.417   -0.819    2.022    2.803    9.439    9.823   10.429   12.870
            0.020000  0.850000  0.430000
   -2.401   -0.834    1.999    2.806    9.542    9.871   10.377   12.748
            0.020000  0.850000  0.440000
   -2.386   -0.848    1.977    2.811    9.641    9.880   10.370   12.627
            0.020000  0.850000  0.450000
   -2.370   -0.864    1.956    2.816    9.720    9.866   10.411   12.507
            0.020000  0.850000  0.460000
   -2.354   -0.879    1.937    2.823    9.713    9.907   10.483   12.388
            0.020000  0.850000  0.470000
   -2.338   -0.895    1.919    2.831    9.639   10.000   10.572   12.270
            0.020000  0.850000  0.480000
   -2.323   -0.911    1.902    2.840    9.548   10.103   10.670   12.154
            0.020000  0.850000  0.490000
   -2.307   -0.927    1.886    2.851    9.451   10.208   10.774   12.040
            0.020000  0.850000  0.500000
   -2.291   -0.944    1.872    2.862    9.350   10.313   10.881   11.930
            0.020000  0.850000  0.510000
   -2.276   -0.960    1.859    2.874    9.249   10.418   10.989   11.823
            0.020000  0.850000  0.520000
   -2.261   -0.977    1.848    2.888    9.147   10.519   11.098   11.723
            0.020000  0.850000  0.530000
   -2.246   -0.994    1.838    2.902    9.046   10.614   11.205   11.634
            0.020000  0.850000  0.540000
   -2.231   -1.012    1.830    2.917    8.945   10.700   11.301   11.569
            0.020000  0.850000  0.550000
   -2.216   -1.029    1.823    2.933    8.845   10.766   11.363   11.559
            0.020000  0.850000  0.560000
   -2.201   -1.046    1.818    2.949    8.746   10.801   11.382   11.627
            0.020000  0.850000  0.570000
   -2.187   -1.064    1.814    2.967    8.648   10.793   11.411   11.730
            0.020000  0.850000  0.580000
   -2.173   -1.081    1.812    2.985    8.552   10.748   11.469   11.843
            0.020000  0.850000  0.590000
   -2.159   -1.099    1.811    3.003    8.457   10.677   11.552   11.960
            0.020000  0.850000  0.600000
   -2.146   -1.116    1.812    3.022    8.363   10.592   11.648   12.080
            0.020000  0.850000  0.610000
   -2.132   -1.134    1.815    3.041    8.271   10.499   11.753   12.201
            0.020000  0.850000  0.620000
   -2.119   -1.151    1.819    3.061    8.181   10.401   11.864   12.323
            0.020000  0.850000  0.630000
   -2.107   -1.168    1.825    3.080    8.093   10.301   11.977   12.446
            0.020000  0.850000  0.640000
   -2.094   -1.185    1.832    3.100    8.007   10.199   12.094   12.570
            0.020000  0.850000  0.650000
   -2.082   -1.202    1.841    3.120    7.922   10.097   12.212   12.695
            0.020000  0.850000  0.660000
   -2.070   -1.219    1.852    3.140    7.840    9.995   12.331   12.820
            0.020000  0.850000  0.670000
   -2.059   -1.236    1.864    3.159    7.761    9.893   12.452   12.945
            0.020000  0.850000  0.680000
   -2.048   -1.252    1.877    3.178    7.684    9.791   12.573   13.071
            0.020000  0.850000  0.690000
   -2.037   -1.269    1.893    3.196    7.609    9.690   12.694   13.196
            0.020000  0.850000  0.700000
   -2.027   -1.285    1.909    3.214    7.537    9.589   12.816   13.322
            0.020000  0.850000  0.710000
   -2.017   -1.301    1.928    3.231    7.468    9.489   12.939   13.447
            0.020000  0.850000  0.720000
   -2.007   -1.316    1.947    3.247    7.402    9.391   13.061   13.573
            0.020000  0.850000  0.730000
   -1.998   -1.331    1.969    3.262    7.340    9.293   13.183   13.697
            0.020000  0.850000  0.740000
   -1.989   -1.347    1.991    3.276    7.280    9.196   13.305   13.821
            0.020000  0.850000  0.750000
   -1.980   -1.361    2.015    3.288    7.224    9.100   13.426   13.943
            0.020000  0.850000  0.760000
   -1.972   -1.376    2.041    3.299    7.172    9.005   13.547   14.062
            0.020000  0.850000  0.770000
   -1.964   -1.390    2.068    3.308    7.123    8.911   13.666   14.179
            0.020000  0.850000  0.780000
   -1.956   -1.403    2.096    3.316    7.079    8.818   13.783   14.290
            0.020000  0.850000  0.790000
   -1.948   -1.417    2.125    3.321    7.038    8.727   13.899   14.394
            0.020000  0.850000  0.800000
   -1.941   -1.429    2.156    3.324    7.002    8.637   14.011   14.488
            0.020000  0.850000  0.810000
   -1.934   -1.442    2.187    3.325    6.970    8.549   14.118   14.570
            0.020000  0.850000  0.820000
   -1.928   -1.454    2.220    3.324    6.942    8.461   14.219   14.639
            0.020000  0.850000  0.830000
   -1.921   -1.466    2.254    3.320    6.919    8.375   14.312   14.697
            0.020000  0.850000  0.840000
   -1.915   -1.477    2.289    3.313    6.900    8.291   14.393   14.751
            0.020000  0.850000  0.850000
   -1.910   -1.487    2.324    3.305    6.887    8.208   14.461   14.802
            0.020000  0.850000  0.860000
   -1.904   -1.498    2.361    3.293    6.877    8.127   14.515   14.853
            0.020000  0.850000  0.870000
   -1.899   -1.507    2.398    3.280    6.873    8.047   14.557   14.900
            0.020000  0.850000  0.880000
   -1.894   -1.516    2.436    3.263    6.873    7.970   14.588   14.940
            0.020000  0.850000  0.890000
   -1.890   -1.525    2.475    3.245    6.877    7.894   14.612   14.971
            0.020000  0.850000  0.900000
   -1.885   -1.533    2.514    3.224    6.886    7.819   14.631   14.992
            0.020000  0.850000  0.910000
   -1.881   -1.540    2.553    3.200    6.899    7.747   14.645   15.006
            0.020000  0.850000  0.920000
   -1.878   -1.547    2.593    3.175    6.917    7.677   14.658   15.014
            0.020000  0.850000  0.930000
   -1.875   -1.552    2.633    3.147    6.939    7.609   14.668   15.018
            0.020000  0.850000  0.940000
   -1.872   -1.558    2.673    3.118    6.964    7.544   14.676   15.021
            0.020000  0.850000  0.950000
   -1.869   -1.562    2.713    3.087    6.994    7.480   14.682   15.021
            0.020000  0.850000  0.960000
   -1.867   -1.566    2.753    3.054    7.027    7.420   14.688   15.021
            0.020000  0.850000  0.970000
   -1.866   -1.569    2.793    3.020    7.064    7.362   14.692   15.020
            0.020000  0.850000  0.980000
   -1.864   -1.571    2.832    2.985    7.103    7.307   14.695   15.019
            0.020000  0.850000  0.990000
   -1.864   -1.572    2.871    2.949    7.143    7.258   14.696   15.019
            0.020000  0.850000  1.000000
   -1.863   -1.572    2.901    2.919    7.168    7.230   14.697   15.019
