 &plot nbnd=   8, nks=   101 /
            0.310000  0.120000  0.000000
   -5.314    3.653    4.632    5.196    8.070    9.474    9.921   10.674
            0.310000  0.120000  0.010000
   -5.314    3.649    4.635    5.195    8.071    9.470    9.922   10.676
            0.310000  0.120000  0.020000
   -5.312    3.636    4.646    5.191    8.075    9.460    9.924   10.683
            0.310000  0.120000  0.030000
   -5.310    3.616    4.663    5.184    8.082    9.444    9.927   10.693
            0.310000  0.120000  0.040000
   -5.307    3.589    4.686    5.175    8.092    9.423    9.930   10.708
            0.310000  0.120000  0.050000
   -5.304    3.556    4.714    5.163    8.104    9.397    9.933   10.727
            0.310000  0.120000  0.060000
   -5.299    3.518    4.745    5.150    8.119    9.368    9.935   10.750
            0.310000  0.120000  0.070000
   -5.294    3.476    4.778    5.134    8.136    9.337    9.936   10.776
            0.310000  0.120000  0.080000
   -5.288    3.431    4.812    5.118    8.156    9.304    9.935   10.806
            0.310000  0.120000  0.090000
   -5.281    3.383    4.845    5.101    8.177    9.270    9.933   10.838
            0.310000  0.120000  0.100000
   -5.273    3.332    4.876    5.086    8.199    9.236    9.928   10.874
            0.310000  0.120000  0.110000
   -5.264    3.280    4.899    5.077    8.223    9.202    9.922   10.912
            0.310000  0.120000  0.120000
   -5.255    3.226    4.910    5.078    8.249    9.169    9.914   10.953
            0.310000  0.120000  0.130000
   -5.245    3.171    4.905    5.093    8.274    9.137    9.904   10.995
            0.310000  0.120000  0.140000
   -5.234    3.115    4.888    5.117    8.300    9.108    9.892   11.040
            0.310000  0.120000  0.150000
   -5.222    3.058    4.863    5.147    8.325    9.083    9.879   11.087
            0.310000  0.120000  0.160000
   -5.209    3.001    4.833    5.178    8.350    9.061    9.864   11.135
            0.310000  0.120000  0.170000
   -5.196    2.943    4.800    5.210    8.373    9.043    9.848   11.186
            0.310000  0.120000  0.180000
   -5.181    2.885    4.765    5.240    8.393    9.031    9.831   11.237
            0.310000  0.120000  0.190000
   -5.166    2.827    4.728    5.269    8.411    9.025    9.813   11.291
            0.310000  0.120000  0.200000
   -5.150    2.768    4.690    5.296    8.426    9.026    9.794   11.345
            0.310000  0.120000  0.210000
   -5.134    2.709    4.650    5.320    8.437    9.033    9.774   11.401
            0.310000  0.120000  0.220000
   -5.116    2.650    4.610    5.341    8.446    9.047    9.754   11.458
            0.310000  0.120000  0.230000
   -5.098    2.592    4.569    5.359    8.452    9.067    9.733   11.517
            0.310000  0.120000  0.240000
   -5.079    2.533    4.527    5.374    8.456    9.093    9.713   11.575
            0.310000  0.120000  0.250000
   -5.059    2.475    4.484    5.386    8.460    9.123    9.692   11.634
            0.310000  0.120000  0.260000
   -5.038    2.416    4.441    5.393    8.463    9.156    9.673   11.693
            0.310000  0.120000  0.270000
   -5.017    2.358    4.398    5.397    8.466    9.191    9.655   11.751
            0.310000  0.120000  0.280000
   -4.994    2.300    4.354    5.397    8.471    9.226    9.640   11.806
            0.310000  0.120000  0.290000
   -4.971    2.242    4.310    5.393    8.477    9.260    9.629   11.855
            0.310000  0.120000  0.300000
   -4.948    2.184    4.266    5.385    8.485    9.290    9.625   11.894
            0.310000  0.120000  0.310000
   -4.923    2.127    4.221    5.373    8.494    9.313    9.630   11.916
            0.310000  0.120000  0.320000
   -4.898    2.070    4.177    5.358    8.506    9.326    9.647   11.916
            0.310000  0.120000  0.330000
   -4.871    2.013    4.132    5.338    8.519    9.330    9.676   11.894
            0.310000  0.120000  0.340000
   -4.844    1.956    4.088    5.316    8.534    9.326    9.715   11.855
            0.310000  0.120000  0.350000
   -4.817    1.900    4.043    5.289    8.551    9.316    9.762   11.805
            0.310000  0.120000  0.360000
   -4.788    1.844    3.998    5.260    8.569    9.303    9.815   11.750
            0.310000  0.120000  0.370000
   -4.759    1.788    3.954    5.227    8.587    9.289    9.872   11.690
            0.310000  0.120000  0.380000
   -4.729    1.733    3.909    5.192    8.606    9.275    9.932   11.628
            0.310000  0.120000  0.390000
   -4.698    1.678    3.865    5.154    8.624    9.262    9.996   11.566
            0.310000  0.120000  0.400000
   -4.667    1.623    3.821    5.114    8.641    9.252   10.061   11.502
            0.310000  0.120000  0.410000
   -4.634    1.569    3.777    5.071    8.655    9.245   10.128   11.439
            0.310000  0.120000  0.420000
   -4.601    1.514    3.733    5.027    8.667    9.242   10.196   11.376
            0.310000  0.120000  0.430000
   -4.568    1.461    3.689    4.981    8.675    9.244   10.266   11.314
            0.310000  0.120000  0.440000
   -4.533    1.407    3.646    4.933    8.679    9.252   10.336   11.252
            0.310000  0.120000  0.450000
   -4.498    1.354    3.602    4.884    8.677    9.267   10.407   11.193
            0.310000  0.120000  0.460000
   -4.462    1.301    3.559    4.833    8.672    9.287   10.477   11.135
            0.310000  0.120000  0.470000
   -4.425    1.248    3.516    4.782    8.662    9.313   10.547   11.081
            0.310000  0.120000  0.480000
   -4.388    1.196    3.474    4.729    8.648    9.343   10.612   11.032
            0.310000  0.120000  0.490000
   -4.350    1.143    3.431    4.676    8.631    9.378   10.670   10.994
            0.310000  0.120000  0.500000
   -4.311    1.091    3.389    4.623    8.612    9.417   10.708   10.977
            0.310000  0.120000  0.510000
   -4.272    1.039    3.347    4.569    8.591    9.460   10.714   10.994
            0.310000  0.120000  0.520000
   -4.232    0.988    3.306    4.514    8.568    9.505   10.691   11.041
            0.310000  0.120000  0.530000
   -4.191    0.936    3.264    4.460    8.543    9.552   10.654   11.106
            0.310000  0.120000  0.540000
   -4.149    0.885    3.223    4.406    8.518    9.602   10.610   11.179
            0.310000  0.120000  0.550000
   -4.107    0.834    3.182    4.352    8.492    9.654   10.563   11.257
            0.310000  0.120000  0.560000
   -4.064    0.783    3.141    4.298    8.466    9.707   10.515   11.337
            0.310000  0.120000  0.570000
   -4.021    0.732    3.101    4.244    8.439    9.761   10.468   11.419
            0.310000  0.120000  0.580000
   -3.977    0.682    3.060    4.191    8.412    9.817   10.421   11.503
            0.310000  0.120000  0.590000
   -3.932    0.631    3.021    4.139    8.385    9.874   10.375   11.588
            0.310000  0.120000  0.600000
   -3.887    0.580    2.981    4.087    8.358    9.931   10.330   11.674
            0.310000  0.120000  0.610000
   -3.841    0.530    2.941    4.036    8.331    9.989   10.287   11.761
            0.310000  0.120000  0.620000
   -3.794    0.479    2.902    3.986    8.305   10.047   10.246   11.848
            0.310000  0.120000  0.630000
   -3.747    0.429    2.863    3.937    8.278   10.099   10.213   11.936
            0.310000  0.120000  0.640000
   -3.699    0.378    2.825    3.889    8.252   10.122   10.211   12.025
            0.310000  0.120000  0.650000
   -3.651    0.328    2.787    3.842    8.227   10.099   10.256   12.114
            0.310000  0.120000  0.660000
   -3.602    0.277    2.749    3.796    8.201   10.065   10.316   12.204
            0.310000  0.120000  0.670000
   -3.553    0.226    2.711    3.752    8.176   10.029   10.378   12.294
            0.310000  0.120000  0.680000
   -3.503    0.175    2.674    3.708    8.152    9.993   10.443   12.385
            0.310000  0.120000  0.690000
   -3.452    0.124    2.638    3.666    8.128    9.958   10.509   12.476
            0.310000  0.120000  0.700000
   -3.401    0.073    2.601    3.625    8.105    9.924   10.576   12.567
            0.310000  0.120000  0.710000
   -3.350    0.021    2.566    3.586    8.082    9.890   10.644   12.659
            0.310000  0.120000  0.720000
   -3.298   -0.030    2.531    3.548    8.060    9.858   10.712   12.751
            0.310000  0.120000  0.730000
   -3.246   -0.082    2.496    3.512    8.038    9.827   10.782   12.843
            0.310000  0.120000  0.740000
   -3.193   -0.134    2.463    3.477    8.017    9.798   10.852   12.935
            0.310000  0.120000  0.750000
   -3.140   -0.186    2.429    3.443    7.997    9.769   10.923   13.028
            0.310000  0.120000  0.760000
   -3.086   -0.239    2.397    3.411    7.977    9.742   10.994   13.120
            0.310000  0.120000  0.770000
   -3.032   -0.292    2.366    3.380    7.958    9.715   11.067   13.212
            0.310000  0.120000  0.780000
   -2.978   -0.345    2.335    3.351    7.940    9.690   11.140   13.304
            0.310000  0.120000  0.790000
   -2.924   -0.398    2.306    3.323    7.923    9.666   11.213   13.396
            0.310000  0.120000  0.800000
   -2.869   -0.451    2.277    3.296    7.906    9.643   11.288   13.487
            0.310000  0.120000  0.810000
   -2.814   -0.505    2.249    3.271    7.890    9.621   11.363   13.577
            0.310000  0.120000  0.820000
   -2.758   -0.558    2.223    3.248    7.874    9.601   11.438   13.666
            0.310000  0.120000  0.830000
   -2.703   -0.612    2.197    3.225    7.860    9.581   11.514   13.752
            0.310000  0.120000  0.840000
   -2.648   -0.666    2.173    3.205    7.846    9.563   11.591   13.833
            0.310000  0.120000  0.850000
   -2.592   -0.720    2.150    3.185    7.833    9.545   11.669   13.904
            0.310000  0.120000  0.860000
   -2.537   -0.774    2.129    3.167    7.821    9.529   11.747   13.955
            0.310000  0.120000  0.870000
   -2.482   -0.828    2.108    3.150    7.810    9.514   11.826   13.968
            0.310000  0.120000  0.880000
   -2.427   -0.882    2.090    3.134    7.799    9.501   11.905   13.936
            0.310000  0.120000  0.890000
   -2.372   -0.936    2.072    3.120    7.790    9.488   11.985   13.876
            0.310000  0.120000  0.900000
   -2.318   -0.988    2.056    3.107    7.781    9.476   12.065   13.802
            0.310000  0.120000  0.910000
   -2.265   -1.040    2.041    3.095    7.773    9.466   12.145   13.721
            0.310000  0.120000  0.920000
   -2.213   -1.092    2.028    3.085    7.765    9.456   12.226   13.638
            0.310000  0.120000  0.930000
   -2.163   -1.141    2.016    3.076    7.759    9.448   12.307   13.553
            0.310000  0.120000  0.940000
   -2.115   -1.189    2.006    3.068    7.754    9.441   12.388   13.468
            0.310000  0.120000  0.950000
   -2.069   -1.233    1.998    3.061    7.749    9.435   12.469   13.384
            0.310000  0.120000  0.960000
   -2.028   -1.274    1.990    3.056    7.745    9.430   12.548   13.301
            0.310000  0.120000  0.970000
   -1.993   -1.309    1.985    3.052    7.742    9.426   12.625   13.221
            0.310000  0.120000  0.980000
   -1.965   -1.336    1.981    3.048    7.740    9.423   12.696   13.148
            0.310000  0.120000  0.990000
   -1.947   -1.354    1.979    3.047    7.739    9.422   12.753   13.090
            0.310000  0.120000  1.000000
   -1.941   -1.360    1.978    3.046    7.738    9.421   12.777   13.066
