 &plot nbnd=   8, nks=    81 /
            0.750000 -0.575000 -1.000000
   -5.173    1.291    2.879    4.099    7.600    8.108    9.483    9.567
            0.750000 -0.575000 -0.975000
   -5.171    1.275    2.895    4.096    7.587    8.113    9.464    9.590
            0.750000 -0.575000 -0.950000
   -5.164    1.230    2.943    4.086    7.550    8.126    9.426    9.641
            0.750000 -0.575000 -0.925000
   -5.154    1.160    3.015    4.070    7.496    8.141    9.379    9.712
            0.750000 -0.575000 -0.900000
   -5.139    1.072    3.108    4.047    7.430    8.154    9.327    9.801
            0.750000 -0.575000 -0.875000
   -5.119    0.971    3.213    4.018    7.357    8.163    9.272    9.908
            0.750000 -0.575000 -0.850000
   -5.096    0.861    3.326    3.982    7.281    8.167    9.215   10.034
            0.750000 -0.575000 -0.825000
   -5.069    0.745    3.443    3.941    7.203    8.168    9.157   10.176
            0.750000 -0.575000 -0.800000
   -5.037    0.626    3.559    3.894    7.126    8.170    9.099   10.332
            0.750000 -0.575000 -0.775000
   -5.001    0.506    3.672    3.842    7.051    8.174    9.040   10.502
            0.750000 -0.575000 -0.750000
   -4.962    0.386    3.762    3.800    6.981    8.184    8.982   10.682
            0.750000 -0.575000 -0.725000
   -4.918    0.267    3.717    3.878    6.918    8.201    8.922   10.873
            0.750000 -0.575000 -0.700000
   -4.871    0.149    3.651    3.959    6.864    8.228    8.862   11.071
            0.750000 -0.575000 -0.675000
   -4.820    0.033    3.581    4.023    6.824    8.265    8.799   11.275
            0.750000 -0.575000 -0.650000
   -4.765   -0.079    3.506    4.068    6.800    8.314    8.736   11.482
            0.750000 -0.575000 -0.625000
   -4.707   -0.189    3.428    4.091    6.794    8.376    8.671   11.686
            0.750000 -0.575000 -0.600000
   -4.645   -0.295    3.347    4.092    6.807    8.449    8.606   11.869
            0.750000 -0.575000 -0.575000
   -4.581   -0.398    3.262    4.071    6.839    8.529    8.546   11.983
            0.750000 -0.575000 -0.550000
   -4.513   -0.497    3.175    4.030    6.887    8.474    8.633   11.976
            0.750000 -0.575000 -0.525000
   -4.443   -0.591    3.085    3.973    6.951    8.411    8.742   11.902
            0.750000 -0.575000 -0.500000
   -4.370   -0.681    2.991    3.902    7.025    8.351    8.862   11.810
            0.750000 -0.575000 -0.475000
   -4.295   -0.767    2.894    3.822    7.106    8.297    8.992   11.715
            0.750000 -0.575000 -0.450000
   -4.218   -0.848    2.794    3.735    7.189    8.252    9.132   11.621
            0.750000 -0.575000 -0.425000
   -4.140   -0.924    2.690    3.646    7.269    8.221    9.281   11.531
            0.750000 -0.575000 -0.400000
   -4.061   -0.996    2.583    3.557    7.339    8.208    9.438   11.445
            0.750000 -0.575000 -0.375000
   -3.981   -1.062    2.472    3.469    7.393    8.221    9.602   11.365
            0.750000 -0.575000 -0.350000
   -3.901   -1.122    2.359    3.386    7.424    8.263    9.772   11.290
            0.750000 -0.575000 -0.325000
   -3.821   -1.178    2.243    3.307    7.435    8.335    9.948   11.221
            0.750000 -0.575000 -0.300000
   -3.743   -1.228    2.126    3.233    7.428    8.432   10.127   11.158
            0.750000 -0.575000 -0.275000
   -3.666   -1.272    2.010    3.166    7.410    8.549   10.309   11.101
            0.750000 -0.575000 -0.250000
   -3.593   -1.311    1.895    3.105    7.385    8.680   10.490   11.053
            0.750000 -0.575000 -0.225000
   -3.523   -1.344    1.783    3.051    7.357    8.822   10.663   11.018
            0.750000 -0.575000 -0.200000
   -3.457   -1.372    1.676    3.002    7.328    8.972   10.802   11.020
            0.750000 -0.575000 -0.175000
   -3.396   -1.395    1.576    2.960    7.301    9.129   10.847   11.112
            0.750000 -0.575000 -0.150000
   -3.342   -1.412    1.484    2.924    7.276    9.292   10.837   11.239
            0.750000 -0.575000 -0.125000
   -3.295   -1.426    1.402    2.893    7.254    9.458   10.817   11.302
            0.750000 -0.575000 -0.100000
   -3.255   -1.435    1.333    2.868    7.235    9.625   10.797   11.235
            0.750000 -0.575000 -0.075000
   -3.223   -1.442    1.277    2.849    7.220    9.791   10.779   11.092
            0.750000 -0.575000 -0.050000
   -3.200   -1.446    1.236    2.835    7.209    9.949   10.763   10.940
            0.750000 -0.575000 -0.025000
   -3.186   -1.448    1.210    2.827    7.203   10.078   10.737   10.826
            0.750000 -0.575000  0.000000
   -3.182   -1.449    1.202    2.824    7.200   10.134   10.707   10.795
            0.750000 -0.575000  0.025000
   -3.186   -1.448    1.210    2.827    7.203   10.078   10.737   10.826
            0.750000 -0.575000  0.050000
   -3.200   -1.446    1.236    2.835    7.209    9.949   10.763   10.940
            0.750000 -0.575000  0.075000
   -3.223   -1.442    1.277    2.849    7.220    9.791   10.779   11.092
            0.750000 -0.575000  0.100000
   -3.255   -1.435    1.333    2.868    7.235    9.625   10.797   11.235
            0.750000 -0.575000  0.125000
   -3.295   -1.426    1.402    2.893    7.254    9.458   10.817   11.302
            0.750000 -0.575000  0.150000
   -3.342   -1.412    1.484    2.924    7.276    9.292   10.837   11.239
            0.750000 -0.575000  0.175000
   -3.396   -1.395    1.576    2.960    7.301    9.129   10.847   11.112
            0.750000 -0.575000  0.200000
   -3.457   -1.372    1.676    3.002    7.328    8.972   10.802   11.020
            0.750000 -0.575000  0.225000
   -3.523   -1.344    1.783    3.051    7.357    8.822   10.663   11.018
            0.750000 -0.575000  0.250000
   -3.593   -1.311    1.895    3.105    7.385    8.680   10.490   11.053
            0.750000 -0.575000  0.275000
   -3.666   -1.272    2.010    3.166    7.410    8.549   10.309   11.101
            0.750000 -0.575000  0.300000
   -3.743   -1.228    2.126    3.233    7.428    8.432   10.127   11.158
            0.750000 -0.575000  0.325000
   -3.821   -1.178    2.243    3.307    7.435    8.335    9.948   11.221
            0.750000 -0.575000  0.350000
   -3.901   -1.122    2.359    3.386    7.424    8.263    9.772   11.290
            0.750000 -0.575000  0.375000
   -3.981   -1.062    2.472    3.469    7.393    8.221    9.602   11.365
            0.750000 -0.575000  0.400000
   -4.061   -0.996    2.583    3.557    7.339    8.208    9.438   11.445
            0.750000 -0.575000  0.425000
   -4.140   -0.924    2.690    3.646    7.269    8.221    9.281   11.531
            0.750000 -0.575000  0.450000
   -4.218   -0.848    2.794    3.735    7.189    8.252    9.132   11.621
            0.750000 -0.575000  0.475000
   -4.295   -0.767    2.894    3.822    7.106    8.297    8.992   11.715
            0.750000 -0.575000  0.500000
   -4.370   -0.681    2.991    3.902    7.025    8.351    8.862   11.810
            0.750000 -0.575000  0.525000
   -4.443   -0.591    3.085    3.973    6.951    8.411    8.742   11.902
            0.750000 -0.575000  0.550000
   -4.513   -0.497    3.175    4.030    6.887    8.474    8.633   11.976
            0.750000 -0.575000  0.575000
   -4.581   -0.398    3.262    4.071    6.839    8.529    8.546   11.983
            0.750000 -0.575000  0.600000
   -4.645   -0.295    3.347    4.092    6.807    8.449    8.606   11.869
            0.750000 -0.575000  0.625000
   -4.707   -0.189    3.428    4.091    6.794    8.376    8.671   11.686
            0.750000 -0.575000  0.650000
   -4.765   -0.079    3.506    4.068    6.800    8.314    8.736   11.482
            0.750000 -0.575000  0.675000
   -4.820    0.033    3.581    4.023    6.824    8.265    8.799   11.275
            0.750000 -0.575000  0.700000
   -4.871    0.149    3.651    3.959    6.864    8.228    8.862   11.071
            0.750000 -0.575000  0.725000
   -4.918    0.267    3.717    3.878    6.918    8.201    8.922   10.873
            0.750000 -0.575000  0.750000
   -4.962    0.386    3.762    3.800    6.981    8.184    8.982   10.682
            0.750000 -0.575000  0.775000
   -5.001    0.506    3.672    3.842    7.051    8.174    9.040   10.502
            0.750000 -0.575000  0.800000
   -5.037    0.626    3.559    3.894    7.126    8.170    9.099   10.332
            0.750000 -0.575000  0.825000
   -5.069    0.745    3.443    3.941    7.203    8.168    9.157   10.176
            0.750000 -0.575000  0.850000
   -5.096    0.861    3.326    3.982    7.281    8.167    9.215   10.034
            0.750000 -0.575000  0.875000
   -5.119    0.971    3.213    4.018    7.357    8.163    9.272    9.908
            0.750000 -0.575000  0.900000
   -5.139    1.072    3.108    4.047    7.430    8.154    9.327    9.801
            0.750000 -0.575000  0.925000
   -5.154    1.160    3.015    4.070    7.496    8.141    9.379    9.712
            0.750000 -0.575000  0.950000
   -5.164    1.230    2.943    4.086    7.550    8.126    9.426    9.641
            0.750000 -0.575000  0.975000
   -5.171    1.275    2.895    4.096    7.587    8.113    9.464    9.590
            0.750000 -0.575000  1.000000
   -5.173    1.291    2.879    4.099    7.600    8.108    9.483    9.567
