 &plot nbnd=   8, nks=   101 /
            0.200000  0.850000  0.000000
   -2.713   -0.609    2.759    2.993    7.432    7.873   12.977   14.711
            0.200000  0.850000  0.010000
   -2.713   -0.609    2.753    2.999    7.426    7.881   12.977   14.704
            0.200000  0.850000  0.020000
   -2.713   -0.609    2.735    3.017    7.409    7.906   12.978   14.682
            0.200000  0.850000  0.030000
   -2.712   -0.611    2.709    3.043    7.384    7.943   12.978   14.648
            0.200000  0.850000  0.040000
   -2.711   -0.612    2.680    3.072    7.354    7.990   12.979   14.601
            0.200000  0.850000  0.050000
   -2.710   -0.614    2.647    3.105    7.322    8.044   12.980   14.542
            0.200000  0.850000  0.060000
   -2.708   -0.616    2.614    3.138    7.290    8.103   12.982   14.474
            0.200000  0.850000  0.070000
   -2.706   -0.619    2.580    3.171    7.258    8.167   12.983   14.398
            0.200000  0.850000  0.080000
   -2.704   -0.622    2.546    3.205    7.229    8.234   12.985   14.314
            0.200000  0.850000  0.090000
   -2.702   -0.625    2.512    3.238    7.201    8.304   12.987   14.224
            0.200000  0.850000  0.100000
   -2.699   -0.629    2.479    3.270    7.176    8.377   12.990   14.128
            0.200000  0.850000  0.110000
   -2.696   -0.633    2.446    3.301    7.154    8.452   12.992   14.029
            0.200000  0.850000  0.120000
   -2.693   -0.638    2.415    3.330    7.136    8.529   12.995   13.925
            0.200000  0.850000  0.130000
   -2.690   -0.643    2.384    3.358    7.121    8.608   12.998   13.819
            0.200000  0.850000  0.140000
   -2.686   -0.648    2.354    3.385    7.109    8.689   13.001   13.710
            0.200000  0.850000  0.150000
   -2.682   -0.653    2.325    3.409    7.102    8.771   13.004   13.599
            0.200000  0.850000  0.160000
   -2.679   -0.659    2.297    3.432    7.098    8.856   13.008   13.486
            0.200000  0.850000  0.170000
   -2.675   -0.665    2.271    3.452    7.099    8.941   13.011   13.372
            0.200000  0.850000  0.180000
   -2.671   -0.672    2.245    3.471    7.104    9.028   13.015   13.257
            0.200000  0.850000  0.190000
   -2.666   -0.678    2.221    3.487    7.114    9.117   13.019   13.140
            0.200000  0.850000  0.200000
   -2.662   -0.685    2.198    3.501    7.127    9.207   13.022   13.024
            0.200000  0.850000  0.210000
   -2.658   -0.692    2.177    3.512    7.145    9.298   12.905   13.027
            0.200000  0.850000  0.220000
   -2.654   -0.699    2.157    3.522    7.168    9.390   12.787   13.032
            0.200000  0.850000  0.230000
   -2.650   -0.706    2.138    3.529    7.194    9.484   12.669   13.036
            0.200000  0.850000  0.240000
   -2.646   -0.713    2.121    3.535    7.226    9.578   12.550   13.040
            0.200000  0.850000  0.250000
   -2.642   -0.720    2.105    3.538    7.261    9.674   12.431   13.045
            0.200000  0.850000  0.260000
   -2.638   -0.727    2.090    3.539    7.300    9.770   12.313   13.049
            0.200000  0.850000  0.270000
   -2.634   -0.734    2.077    3.538    7.344    9.868   12.194   13.054
            0.200000  0.850000  0.280000
   -2.631   -0.741    2.065    3.536    7.391    9.966   12.076   13.058
            0.200000  0.850000  0.290000
   -2.627   -0.748    2.054    3.532    7.442   10.064   11.959   13.062
            0.200000  0.850000  0.300000
   -2.624   -0.754    2.045    3.527    7.497   10.163   11.842   13.067
            0.200000  0.850000  0.310000
   -2.622   -0.760    2.037    3.520    7.555   10.262   11.727   13.071
            0.200000  0.850000  0.320000
   -2.619   -0.766    2.030    3.512    7.616   10.361   11.613   13.074
            0.200000  0.850000  0.330000
   -2.617   -0.771    2.024    3.503    7.681   10.458   11.502   13.078
            0.200000  0.850000  0.340000
   -2.616   -0.776    2.019    3.493    7.749   10.552   11.395   13.081
            0.200000  0.850000  0.350000
   -2.615   -0.780    2.016    3.483    7.819   10.640   11.296   13.083
            0.200000  0.850000  0.360000
   -2.614   -0.784    2.013    3.472    7.893   10.712   11.214   13.085
            0.200000  0.850000  0.370000
   -2.614   -0.787    2.012    3.461    7.969   10.749   11.168   13.084
            0.200000  0.850000  0.380000
   -2.614   -0.789    2.012    3.449    8.048   10.732   11.178   13.082
            0.200000  0.850000  0.390000
   -2.615   -0.790    2.012    3.437    8.129   10.667   11.237   13.074
            0.200000  0.850000  0.400000
   -2.616   -0.791    2.013    3.425    8.212   10.578   11.321   13.057
            0.200000  0.850000  0.410000
   -2.618   -0.791    2.015    3.414    8.298   10.478   11.416   13.021
            0.200000  0.850000  0.420000
   -2.621   -0.790    2.018    3.402    8.385   10.374   11.518   12.958
            0.200000  0.850000  0.430000
   -2.624   -0.789    2.022    3.391    8.474   10.267   11.622   12.870
            0.200000  0.850000  0.440000
   -2.628   -0.786    2.026    3.381    8.566   10.160   11.726   12.770
            0.200000  0.850000  0.450000
   -2.633   -0.783    2.031    3.371    8.658   10.052   11.830   12.666
            0.200000  0.850000  0.460000
   -2.638   -0.778    2.036    3.362    8.753    9.945   11.929   12.565
            0.200000  0.850000  0.470000
   -2.643   -0.773    2.042    3.353    8.849    9.838   12.015   12.478
            0.200000  0.850000  0.480000
   -2.650   -0.767    2.048    3.345    8.946    9.732   12.065   12.427
            0.200000  0.850000  0.490000
   -2.656   -0.760    2.055    3.339    9.043    9.627   12.048   12.443
            0.200000  0.850000  0.500000
   -2.664   -0.752    2.062    3.333    9.140    9.525   11.976   12.516
            0.200000  0.850000  0.510000
   -2.672   -0.743    2.069    3.328    9.232    9.431   11.880   12.614
            0.200000  0.850000  0.520000
   -2.680   -0.734    2.077    3.324    9.267    9.395   11.776   12.722
            0.200000  0.850000  0.530000
   -2.689   -0.723    2.085    3.321    9.193    9.472   11.668   12.834
            0.200000  0.850000  0.540000
   -2.698   -0.712    2.093    3.320    9.097    9.570   11.559   12.947
            0.200000  0.850000  0.550000
   -2.708   -0.701    2.102    3.319    9.000    9.673   11.450   13.056
            0.200000  0.850000  0.560000
   -2.718   -0.688    2.110    3.320    8.903    9.778   11.341   13.139
            0.200000  0.850000  0.570000
   -2.728   -0.675    2.119    3.322    8.806    9.883   11.233   13.168
            0.200000  0.850000  0.580000
   -2.739   -0.662    2.128    3.325    8.711    9.988   11.127   13.177
            0.200000  0.850000  0.590000
   -2.750   -0.648    2.138    3.329    8.618   10.091   11.024   13.180
            0.200000  0.850000  0.600000
   -2.761   -0.633    2.147    3.333    8.526   10.191   10.927   13.182
            0.200000  0.850000  0.610000
   -2.772   -0.618    2.157    3.339    8.435   10.282   10.839   13.184
            0.200000  0.850000  0.620000
   -2.784   -0.603    2.167    3.346    8.347   10.352   10.773   13.185
            0.200000  0.850000  0.630000
   -2.795   -0.587    2.178    3.353    8.260   10.377   10.755   13.185
            0.200000  0.850000  0.640000
   -2.807   -0.571    2.189    3.361    8.175   10.343   10.798   13.185
            0.200000  0.850000  0.650000
   -2.819   -0.555    2.201    3.370    8.092   10.272   10.879   13.185
            0.200000  0.850000  0.660000
   -2.831   -0.539    2.213    3.379    8.012   10.185   10.977   13.185
            0.200000  0.850000  0.670000
   -2.843   -0.523    2.225    3.389    7.934   10.092   11.083   13.184
            0.200000  0.850000  0.680000
   -2.854   -0.507    2.238    3.398    7.858    9.996   11.193   13.184
            0.200000  0.850000  0.690000
   -2.866   -0.490    2.252    3.408    7.784    9.899   11.306   13.183
            0.200000  0.850000  0.700000
   -2.877   -0.474    2.267    3.418    7.714    9.802   11.420   13.182
            0.200000  0.850000  0.710000
   -2.889   -0.458    2.282    3.427    7.646    9.705   11.535   13.181
            0.200000  0.850000  0.720000
   -2.900   -0.443    2.298    3.436    7.581    9.609   11.651   13.180
            0.200000  0.850000  0.730000
   -2.911   -0.427    2.315    3.445    7.519    9.513   11.768   13.179
            0.200000  0.850000  0.740000
   -2.922   -0.412    2.333    3.453    7.460    9.419   11.885   13.178
            0.200000  0.850000  0.750000
   -2.933   -0.397    2.351    3.460    7.404    9.326   12.002   13.176
            0.200000  0.850000  0.760000
   -2.943   -0.382    2.371    3.465    7.352    9.233   12.119   13.175
            0.200000  0.850000  0.770000
   -2.953   -0.368    2.392    3.470    7.303    9.143   12.237   13.174
            0.200000  0.850000  0.780000
   -2.963   -0.354    2.413    3.474    7.258    9.053   12.354   13.172
            0.200000  0.850000  0.790000
   -2.973   -0.341    2.436    3.476    7.217    8.965   12.470   13.171
            0.200000  0.850000  0.800000
   -2.982   -0.328    2.459    3.476    7.179    8.878   12.586   13.170
            0.200000  0.850000  0.810000
   -2.990   -0.316    2.483    3.475    7.146    8.793   12.702   13.169
            0.200000  0.850000  0.820000
   -2.999   -0.304    2.509    3.472    7.116    8.710   12.816   13.168
            0.200000  0.850000  0.830000
   -3.007   -0.293    2.535    3.467    7.090    8.628   12.929   13.168
            0.200000  0.850000  0.840000
   -3.015   -0.283    2.562    3.461    7.069    8.549   13.037   13.171
            0.200000  0.850000  0.850000
   -3.022   -0.273    2.590    3.452    7.051    8.471   13.125   13.194
            0.200000  0.850000  0.860000
   -3.029   -0.264    2.618    3.441    7.037    8.395   13.149   13.278
            0.200000  0.850000  0.870000
   -3.035   -0.255    2.648    3.429    7.028    8.322   13.152   13.381
            0.200000  0.850000  0.880000
   -3.041   -0.247    2.678    3.414    7.021    8.251   13.152   13.485
            0.200000  0.850000  0.890000
   -3.047   -0.239    2.708    3.398    7.019    8.183   13.152   13.586
            0.200000  0.850000  0.900000
   -3.052   -0.232    2.739    3.380    7.020    8.117   13.151   13.685
            0.200000  0.850000  0.910000
   -3.056   -0.226    2.771    3.360    7.023    8.055   13.151   13.779
            0.200000  0.850000  0.920000
   -3.061   -0.221    2.802    3.339    7.030    7.997   13.150   13.868
            0.200000  0.850000  0.930000
   -3.064   -0.216    2.833    3.316    7.038    7.942   13.149   13.952
            0.200000  0.850000  0.940000
   -3.067   -0.212    2.864    3.293    7.048    7.893   13.149   14.028
            0.200000  0.850000  0.950000
   -3.070   -0.208    2.894    3.270    7.059    7.848   13.148   14.096
            0.200000  0.850000  0.960000
   -3.072   -0.205    2.923    3.246    7.070    7.810   13.148   14.154
            0.200000  0.850000  0.970000
   -3.074   -0.203    2.949    3.224    7.080    7.778   13.147   14.202
            0.200000  0.850000  0.980000
   -3.075   -0.201    2.972    3.205    7.089    7.755   13.147   14.237
            0.200000  0.850000  0.990000
   -3.076   -0.200    2.987    3.191    7.094    7.740   13.147   14.258
            0.200000  0.850000  1.000000
   -3.076   -0.200    2.993    3.186    7.096    7.735   13.147   14.265
