 &plot nbnd=   8, nks=   101 /
            0.970000  0.250000  0.000000
   -1.878   -1.470    2.588    2.654    7.893    7.973   13.376   13.904
            0.970000  0.250000  0.010000
   -1.879   -1.469    2.565    2.678    7.857    8.011   13.376   13.905
            0.970000  0.250000  0.020000
   -1.881   -1.467    2.524    2.720    7.800    8.074   13.376   13.906
            0.970000  0.250000  0.030000
   -1.885   -1.463    2.481    2.764    7.742    8.142   13.376   13.909
            0.970000  0.250000  0.040000
   -1.889   -1.458    2.438    2.810    7.684    8.213   13.376   13.913
            0.970000  0.250000  0.050000
   -1.896   -1.451    2.396    2.856    7.629    8.286   13.375   13.917
            0.970000  0.250000  0.060000
   -1.903   -1.444    2.354    2.902    7.576    8.361   13.375   13.923
            0.970000  0.250000  0.070000
   -1.912   -1.435    2.312    2.948    7.526    8.438   13.374   13.929
            0.970000  0.250000  0.080000
   -1.921   -1.424    2.272    2.994    7.478    8.516   13.373   13.936
            0.970000  0.250000  0.090000
   -1.932   -1.413    2.232    3.039    7.433    8.595   13.372   13.944
            0.970000  0.250000  0.100000
   -1.943   -1.401    2.194    3.084    7.390    8.677   13.371   13.952
            0.970000  0.250000  0.110000
   -1.955   -1.389    2.157    3.127    7.351    8.759   13.370   13.961
            0.970000  0.250000  0.120000
   -1.968   -1.375    2.120    3.170    7.315    8.843   13.369   13.971
            0.970000  0.250000  0.130000
   -1.982   -1.361    2.086    3.211    7.282    8.928   13.368   13.980
            0.970000  0.250000  0.140000
   -1.996   -1.346    2.052    3.252    7.252    9.015   13.366   13.989
            0.970000  0.250000  0.150000
   -2.011   -1.330    2.020    3.291    7.226    9.102   13.364   13.997
            0.970000  0.250000  0.160000
   -2.026   -1.314    1.989    3.328    7.204    9.191   13.362   14.002
            0.970000  0.250000  0.170000
   -2.042   -1.297    1.959    3.363    7.186    9.281   13.358   14.004
            0.970000  0.250000  0.180000
   -2.059   -1.280    1.931    3.397    7.172    9.373   13.354   13.998
            0.970000  0.250000  0.190000
   -2.076   -1.262    1.904    3.428    7.161    9.465   13.349   13.979
            0.970000  0.250000  0.200000
   -2.093   -1.244    1.879    3.458    7.156    9.558   13.342   13.940
            0.970000  0.250000  0.210000
   -2.111   -1.225    1.856    3.485    7.154    9.653   13.331   13.880
            0.970000  0.250000  0.220000
   -2.129   -1.206    1.833    3.509    7.157    9.748   13.316   13.805
            0.970000  0.250000  0.230000
   -2.148   -1.187    1.813    3.532    7.164    9.844   13.294   13.724
            0.970000  0.250000  0.240000
   -2.167   -1.167    1.794    3.552    7.176    9.942   13.260   13.648
            0.970000  0.250000  0.250000
   -2.187   -1.146    1.777    3.569    7.192   10.040   13.209   13.583
            0.970000  0.250000  0.260000
   -2.207   -1.125    1.761    3.584    7.213   10.139   13.141   13.533
            0.970000  0.250000  0.270000
   -2.227   -1.104    1.747    3.596    7.238   10.238   13.056   13.496
            0.970000  0.250000  0.280000
   -2.248   -1.083    1.734    3.606    7.268   10.338   12.960   13.466
            0.970000  0.250000  0.290000
   -2.269   -1.061    1.723    3.613    7.302   10.439   12.856   13.437
            0.970000  0.250000  0.300000
   -2.290   -1.038    1.714    3.618    7.340   10.540   12.748   13.399
            0.970000  0.250000  0.310000
   -2.312   -1.016    1.706    3.621    7.383   10.642   12.637   13.345
            0.970000  0.250000  0.320000
   -2.334   -0.993    1.700    3.622    7.429   10.743   12.526   13.267
            0.970000  0.250000  0.330000
   -2.356   -0.969    1.696    3.621    7.480   10.844   12.414   13.171
            0.970000  0.250000  0.340000
   -2.379   -0.946    1.693    3.617    7.534   10.944   12.304   13.063
            0.970000  0.250000  0.350000
   -2.401   -0.922    1.692    3.613    7.592   11.042   12.196   12.950
            0.970000  0.250000  0.360000
   -2.424   -0.898    1.692    3.606    7.654   11.135   12.092   12.833
            0.970000  0.250000  0.370000
   -2.447   -0.873    1.694    3.598    7.719   11.221   11.997   12.715
            0.970000  0.250000  0.380000
   -2.471   -0.848    1.697    3.589    7.787   11.291   11.918   12.596
            0.970000  0.250000  0.390000
   -2.494   -0.824    1.702    3.579    7.858   11.332   11.868   12.478
            0.970000  0.250000  0.400000
   -2.518   -0.798    1.708    3.568    7.932   11.328   11.863   12.361
            0.970000  0.250000  0.410000
   -2.542   -0.773    1.716    3.555    8.009   11.279   11.899   12.249
            0.970000  0.250000  0.420000
   -2.565   -0.747    1.726    3.543    8.088   11.201   11.948   12.155
            0.970000  0.250000  0.430000
   -2.589   -0.722    1.736    3.529    8.170   11.107   11.935   12.139
            0.970000  0.250000  0.440000
   -2.613   -0.696    1.748    3.515    8.254   11.006   11.845   12.211
            0.970000  0.250000  0.450000
   -2.637   -0.670    1.762    3.501    8.341   10.900   11.736   12.308
            0.970000  0.250000  0.460000
   -2.661   -0.644    1.777    3.486    8.429   10.792   11.622   12.413
            0.970000  0.250000  0.470000
   -2.685   -0.617    1.793    3.471    8.520   10.682   11.508   12.523
            0.970000  0.250000  0.480000
   -2.709   -0.591    1.811    3.457    8.612   10.572   11.393   12.635
            0.970000  0.250000  0.490000
   -2.732   -0.565    1.830    3.442    8.706   10.462   11.279   12.750
            0.970000  0.250000  0.500000
   -2.756   -0.538    1.850    3.427    8.801   10.351   11.166   12.866
            0.970000  0.250000  0.510000
   -2.780   -0.512    1.871    3.413    8.898   10.241   11.054   12.983
            0.970000  0.250000  0.520000
   -2.803   -0.485    1.894    3.399    8.996   10.132   10.942   13.101
            0.970000  0.250000  0.530000
   -2.826   -0.459    1.917    3.385    9.095   10.023   10.832   13.220
            0.970000  0.250000  0.540000
   -2.849   -0.433    1.942    3.372    9.194    9.914   10.724   13.339
            0.970000  0.250000  0.550000
   -2.872   -0.407    1.968    3.360    9.294    9.807   10.617   13.456
            0.970000  0.250000  0.560000
   -2.894   -0.381    1.995    3.347    9.393    9.702   10.513   13.562
            0.970000  0.250000  0.570000
   -2.917   -0.355    2.023    3.336    9.483    9.605   10.411   13.608
            0.970000  0.250000  0.580000
   -2.939   -0.330    2.052    3.325    9.471    9.608   10.315   13.620
            0.970000  0.250000  0.590000
   -2.961   -0.304    2.082    3.315    9.374    9.691   10.227   13.628
            0.970000  0.250000  0.600000
   -2.982   -0.279    2.113    3.306    9.272    9.762   10.159   13.634
            0.970000  0.250000  0.610000
   -3.003   -0.254    2.145    3.297    9.170    9.792   10.135   13.640
            0.970000  0.250000  0.620000
   -3.024   -0.230    2.177    3.289    9.068    9.763   10.173   13.646
            0.970000  0.250000  0.630000
   -3.044   -0.206    2.211    3.283    8.967    9.695   10.252   13.651
            0.970000  0.250000  0.640000
   -3.065   -0.182    2.245    3.277    8.868    9.613   10.347   13.657
            0.970000  0.250000  0.650000
   -3.084   -0.159    2.280    3.272    8.769    9.524   10.451   13.662
            0.970000  0.250000  0.660000
   -3.103   -0.136    2.315    3.267    8.671    9.434   10.559   13.667
            0.970000  0.250000  0.670000
   -3.122   -0.113    2.352    3.264    8.575    9.343   10.669   13.672
            0.970000  0.250000  0.680000
   -3.141   -0.091    2.388    3.262    8.480    9.253   10.782   13.677
            0.970000  0.250000  0.690000
   -3.159   -0.070    2.426    3.260    8.386    9.164   10.895   13.682
            0.970000  0.250000  0.700000
   -3.176   -0.049    2.464    3.260    8.294    9.075   11.009   13.686
            0.970000  0.250000  0.710000
   -3.193   -0.029    2.502    3.261    8.203    8.988   11.124   13.691
            0.970000  0.250000  0.720000
   -3.210   -0.009    2.540    3.262    8.114    8.903   11.239   13.695
            0.970000  0.250000  0.730000
   -3.226    0.010    2.579    3.264    8.026    8.819   11.355   13.699
            0.970000  0.250000  0.740000
   -3.242    0.029    2.618    3.267    7.940    8.737   11.471   13.703
            0.970000  0.250000  0.750000
   -3.257    0.046    2.657    3.271    7.855    8.657   11.587   13.707
            0.970000  0.250000  0.760000
   -3.271    0.064    2.697    3.276    7.772    8.579   11.704   13.710
            0.970000  0.250000  0.770000
   -3.285    0.080    2.736    3.281    7.691    8.503   11.820   13.714
            0.970000  0.250000  0.780000
   -3.299    0.096    2.775    3.287    7.613    8.429   11.936   13.717
            0.970000  0.250000  0.790000
   -3.312    0.111    2.814    3.293    7.536    8.357   12.052   13.720
            0.970000  0.250000  0.800000
   -3.324    0.125    2.853    3.300    7.461    8.288   12.167   13.723
            0.970000  0.250000  0.810000
   -3.336    0.139    2.891    3.308    7.389    8.221   12.281   13.726
            0.970000  0.250000  0.820000
   -3.347    0.152    2.929    3.316    7.318    8.156   12.395   13.729
            0.970000  0.250000  0.830000
   -3.358    0.164    2.966    3.324    7.251    8.094   12.508   13.732
            0.970000  0.250000  0.840000
   -3.368    0.176    3.002    3.332    7.186    8.035   12.620   13.734
            0.970000  0.250000  0.850000
   -3.378    0.187    3.038    3.340    7.124    7.979   12.730   13.736
            0.970000  0.250000  0.860000
   -3.387    0.197    3.072    3.348    7.064    7.926   12.838   13.738
            0.970000  0.250000  0.870000
   -3.395    0.206    3.105    3.356    7.008    7.876   12.945   13.740
            0.970000  0.250000  0.880000
   -3.403    0.215    3.138    3.364    6.955    7.829   13.048   13.742
            0.970000  0.250000  0.890000
   -3.410    0.223    3.168    3.371    6.906    7.785   13.149   13.744
            0.970000  0.250000  0.900000
   -3.416    0.230    3.197    3.378    6.860    7.745   13.246   13.745
            0.970000  0.250000  0.910000
   -3.422    0.237    3.225    3.384    6.817    7.708   13.338   13.747
            0.970000  0.250000  0.920000
   -3.428    0.242    3.250    3.389    6.779    7.675   13.426   13.748
            0.970000  0.250000  0.930000
   -3.432    0.247    3.274    3.393    6.745    7.645   13.507   13.749
            0.970000  0.250000  0.940000
   -3.436    0.252    3.296    3.396    6.714    7.620   13.582   13.750
            0.970000  0.250000  0.950000
   -3.440    0.256    3.315    3.397    6.689    7.598   13.648   13.751
            0.970000  0.250000  0.960000
   -3.443    0.259    3.333    3.398    6.667    7.580   13.704   13.752
            0.970000  0.250000  0.970000
   -3.445    0.261    3.348    3.397    6.651    7.566   13.745   13.757
            0.970000  0.250000  0.980000
   -3.446    0.263    3.360    3.394    6.639    7.555   13.751   13.785
            0.970000  0.250000  0.990000
   -3.447    0.264    3.371    3.390    6.631    7.549   13.751   13.805
            0.970000  0.250000  1.000000
   -3.448    0.264    3.376    3.387    6.629    7.547   13.752   13.812
