 &plot nbnd=   8, nks=   101 /
            0.810000  0.260000  0.000000
   -2.892   -0.371    2.559    3.022    7.937    8.456   11.927   14.340
            0.810000  0.260000  0.010000
   -2.891   -0.371    2.557    3.026    7.930    8.465   11.927   14.333
            0.810000  0.260000  0.020000
   -2.891   -0.373    2.549    3.036    7.910    8.491   11.928   14.312
            0.810000  0.260000  0.030000
   -2.890   -0.375    2.537    3.052    7.880    8.530   11.929   14.278
            0.810000  0.260000  0.040000
   -2.890   -0.378    2.521    3.074    7.843    8.580   11.930   14.231
            0.810000  0.260000  0.050000
   -2.888   -0.382    2.502    3.099    7.803    8.637   11.931   14.174
            0.810000  0.260000  0.060000
   -2.887   -0.387    2.482    3.128    7.762    8.700   11.933   14.108
            0.810000  0.260000  0.070000
   -2.885   -0.393    2.461    3.158    7.720    8.767   11.935   14.033
            0.810000  0.260000  0.080000
   -2.884   -0.400    2.439    3.191    7.678    8.838   11.938   13.952
            0.810000  0.260000  0.090000
   -2.882   -0.408    2.418    3.225    7.638    8.912   11.941   13.865
            0.810000  0.260000  0.100000
   -2.879   -0.416    2.396    3.260    7.599    8.988   11.944   13.773
            0.810000  0.260000  0.110000
   -2.877   -0.425    2.375    3.295    7.563    9.066   11.947   13.677
            0.810000  0.260000  0.120000
   -2.874   -0.435    2.355    3.331    7.529    9.146   11.951   13.578
            0.810000  0.260000  0.130000
   -2.872   -0.446    2.336    3.366    7.497    9.228   11.955   13.476
            0.810000  0.260000  0.140000
   -2.869   -0.457    2.317    3.401    7.468    9.312   11.959   13.371
            0.810000  0.260000  0.150000
   -2.866   -0.468    2.300    3.435    7.442    9.397   11.964   13.265
            0.810000  0.260000  0.160000
   -2.863   -0.480    2.284    3.468    7.420    9.483   11.969   13.157
            0.810000  0.260000  0.170000
   -2.860   -0.493    2.269    3.501    7.401    9.571   11.974   13.048
            0.810000  0.260000  0.180000
   -2.856   -0.506    2.255    3.532    7.385    9.661   11.979   12.937
            0.810000  0.260000  0.190000
   -2.853   -0.519    2.243    3.562    7.373    9.751   11.984   12.826
            0.810000  0.260000  0.200000
   -2.850   -0.533    2.232    3.590    7.365    9.843   11.990   12.714
            0.810000  0.260000  0.210000
   -2.847   -0.546    2.222    3.617    7.361    9.935   11.995   12.602
            0.810000  0.260000  0.220000
   -2.844   -0.560    2.214    3.642    7.361   10.029   12.000   12.490
            0.810000  0.260000  0.230000
   -2.841   -0.574    2.206    3.664    7.365   10.124   12.005   12.379
            0.810000  0.260000  0.240000
   -2.838   -0.587    2.200    3.685    7.373   10.219   12.009   12.268
            0.810000  0.260000  0.250000
   -2.836   -0.601    2.196    3.704    7.386   10.315   12.007   12.163
            0.810000  0.260000  0.260000
   -2.834   -0.614    2.192    3.721    7.402   10.412   11.982   12.082
            0.810000  0.260000  0.270000
   -2.831   -0.627    2.190    3.736    7.423   10.509   11.901   12.058
            0.810000  0.260000  0.280000
   -2.830   -0.639    2.188    3.749    7.448   10.606   11.798   12.057
            0.810000  0.260000  0.290000
   -2.828   -0.651    2.188    3.760    7.478   10.703   11.692   12.061
            0.810000  0.260000  0.300000
   -2.827   -0.662    2.189    3.768    7.511   10.797   11.587   12.067
            0.810000  0.260000  0.310000
   -2.826   -0.673    2.191    3.775    7.549   10.887   11.487   12.073
            0.810000  0.260000  0.320000
   -2.826   -0.683    2.194    3.780    7.591   10.964   11.401   12.080
            0.810000  0.260000  0.330000
   -2.826   -0.692    2.197    3.784    7.636   11.007   11.350   12.087
            0.810000  0.260000  0.340000
   -2.827   -0.700    2.202    3.785    7.685   10.988   11.362   12.094
            0.810000  0.260000  0.350000
   -2.828   -0.707    2.207    3.785    7.738   10.918   11.426   12.101
            0.810000  0.260000  0.360000
   -2.830   -0.714    2.213    3.784    7.795   10.825   11.513   12.108
            0.810000  0.260000  0.370000
   -2.832   -0.719    2.220    3.782    7.855   10.724   11.610   12.116
            0.810000  0.260000  0.380000
   -2.835   -0.723    2.228    3.778    7.918   10.619   11.712   12.123
            0.810000  0.260000  0.390000
   -2.839   -0.726    2.236    3.774    7.984   10.513   11.816   12.131
            0.810000  0.260000  0.400000
   -2.843   -0.728    2.244    3.768    8.053   10.406   11.921   12.140
            0.810000  0.260000  0.410000
   -2.848   -0.729    2.254    3.762    8.125   10.299   12.023   12.152
            0.810000  0.260000  0.420000
   -2.853   -0.728    2.263    3.756    8.200   10.192   12.108   12.182
            0.810000  0.260000  0.430000
   -2.860   -0.726    2.273    3.749    8.277   10.086   12.140   12.265
            0.810000  0.260000  0.440000
   -2.866   -0.723    2.283    3.742    8.356    9.980   12.151   12.368
            0.810000  0.260000  0.450000
   -2.874   -0.718    2.293    3.734    8.438    9.875   12.159   12.472
            0.810000  0.260000  0.460000
   -2.882   -0.713    2.304    3.727    8.522    9.771   12.165   12.571
            0.810000  0.260000  0.470000
   -2.890   -0.706    2.314    3.720    8.609    9.668   12.170   12.651
            0.810000  0.260000  0.480000
   -2.899   -0.697    2.325    3.713    8.697    9.565   12.175   12.672
            0.810000  0.260000  0.490000
   -2.909   -0.688    2.336    3.706    8.787    9.464   12.178   12.614
            0.810000  0.260000  0.500000
   -2.919   -0.677    2.346    3.700    8.878    9.364   12.180   12.522
            0.810000  0.260000  0.510000
   -2.930   -0.665    2.357    3.694    8.971    9.265   12.177   12.422
            0.810000  0.260000  0.520000
   -2.941   -0.652    2.367    3.689    9.064    9.170   12.164   12.328
            0.810000  0.260000  0.530000
   -2.952   -0.638    2.377    3.684    9.067    9.167   12.120   12.265
            0.810000  0.260000  0.540000
   -2.964   -0.622    2.387    3.680    8.974    9.262   12.035   12.241
            0.810000  0.260000  0.550000
   -2.976   -0.606    2.397    3.676    8.881    9.361   11.933   12.234
            0.810000  0.260000  0.560000
   -2.989   -0.588    2.406    3.674    8.789    9.461   11.825   12.232
            0.810000  0.260000  0.570000
   -3.002   -0.570    2.415    3.672    8.699    9.562   11.717   12.233
            0.810000  0.260000  0.580000
   -3.015   -0.551    2.424    3.670    8.611    9.664   11.608   12.234
            0.810000  0.260000  0.590000
   -3.028   -0.531    2.433    3.669    8.524    9.766   11.499   12.236
            0.810000  0.260000  0.600000
   -3.042   -0.510    2.441    3.669    8.440    9.870   11.391   12.237
            0.810000  0.260000  0.610000
   -3.055   -0.488    2.449    3.670    8.357    9.974   11.284   12.239
            0.810000  0.260000  0.620000
   -3.069   -0.466    2.456    3.671    8.276   10.078   11.179   12.240
            0.810000  0.260000  0.630000
   -3.083   -0.443    2.464    3.672    8.198   10.181   11.076   12.241
            0.810000  0.260000  0.640000
   -3.096   -0.420    2.471    3.674    8.122   10.282   10.976   12.242
            0.810000  0.260000  0.650000
   -3.110   -0.396    2.478    3.676    8.049   10.378   10.883   12.243
            0.810000  0.260000  0.660000
   -3.124   -0.372    2.486    3.678    7.978   10.460   10.806   12.244
            0.810000  0.260000  0.670000
   -3.137   -0.347    2.493    3.680    7.910   10.498   10.774   12.245
            0.810000  0.260000  0.680000
   -3.151   -0.322    2.500    3.682    7.845   10.463   10.816   12.246
            0.810000  0.260000  0.690000
   -3.164   -0.297    2.507    3.684    7.782   10.387   10.901   12.246
            0.810000  0.260000  0.700000
   -3.177   -0.272    2.515    3.686    7.723   10.298   10.999   12.247
            0.810000  0.260000  0.710000
   -3.190   -0.247    2.523    3.686    7.667   10.205   11.104   12.247
            0.810000  0.260000  0.720000
   -3.203   -0.221    2.531    3.687    7.614   10.111   11.211   12.248
            0.810000  0.260000  0.730000
   -3.215   -0.196    2.539    3.686    7.564   10.016   11.319   12.248
            0.810000  0.260000  0.740000
   -3.227   -0.171    2.548    3.684    7.519    9.922   11.428   12.249
            0.810000  0.260000  0.750000
   -3.239   -0.146    2.557    3.682    7.476    9.829   11.536   12.250
            0.810000  0.260000  0.760000
   -3.251   -0.122    2.567    3.678    7.438    9.736   11.644   12.252
            0.810000  0.260000  0.770000
   -3.262   -0.098    2.578    3.673    7.403    9.645   11.751   12.255
            0.810000  0.260000  0.780000
   -3.273   -0.074    2.589    3.666    7.372    9.555   11.856   12.261
            0.810000  0.260000  0.790000
   -3.283   -0.051    2.601    3.658    7.345    9.466   11.955   12.271
            0.810000  0.260000  0.800000
   -3.293   -0.028    2.614    3.649    7.322    9.378   12.045   12.290
            0.810000  0.260000  0.810000
   -3.303   -0.006    2.628    3.638    7.303    9.292   12.115   12.328
            0.810000  0.260000  0.820000
   -3.312    0.015    2.642    3.626    7.287    9.208   12.158   12.393
            0.810000  0.260000  0.830000
   -3.321    0.036    2.657    3.612    7.276    9.125   12.180   12.478
            0.810000  0.260000  0.840000
   -3.329    0.056    2.673    3.596    7.268    9.045   12.191   12.573
            0.810000  0.260000  0.850000
   -3.337    0.074    2.690    3.579    7.264    8.966   12.196   12.671
            0.810000  0.260000  0.860000
   -3.345    0.092    2.707    3.561    7.263    8.889   12.200   12.770
            0.810000  0.260000  0.870000
   -3.352    0.109    2.725    3.542    7.266    8.815   12.201   12.869
            0.810000  0.260000  0.880000
   -3.358    0.125    2.744    3.522    7.272    8.742   12.202   12.966
            0.810000  0.260000  0.890000
   -3.364    0.140    2.763    3.501    7.281    8.673   12.203   13.060
            0.810000  0.260000  0.900000
   -3.370    0.153    2.783    3.479    7.292    8.607   12.203   13.152
            0.810000  0.260000  0.910000
   -3.375    0.166    2.803    3.457    7.306    8.543   12.203   13.240
            0.810000  0.260000  0.920000
   -3.379    0.177    2.823    3.435    7.321    8.484   12.203   13.323
            0.810000  0.260000  0.930000
   -3.383    0.187    2.843    3.413    7.337    8.429   12.203   13.400
            0.810000  0.260000  0.940000
   -3.387    0.195    2.862    3.392    7.354    8.378   12.203   13.471
            0.810000  0.260000  0.950000
   -3.390    0.203    2.880    3.372    7.371    8.333   12.203   13.534
            0.810000  0.260000  0.960000
   -3.392    0.209    2.896    3.354    7.387    8.294   12.202   13.588
            0.810000  0.260000  0.970000
   -3.394    0.213    2.910    3.339    7.400    8.263   12.202   13.632
            0.810000  0.260000  0.980000
   -3.395    0.217    2.920    3.327    7.411    8.239   12.202   13.664
            0.810000  0.260000  0.990000
   -3.396    0.219    2.927    3.320    7.418    8.225   12.202   13.684
            0.810000  0.260000  1.000000
   -3.397    0.220    2.929    3.317    7.420    8.220   12.202   13.690
