 &plot nbnd=   8, nks=   101 /
            0.190000  0.160000  0.000000
   -5.520    4.239    5.018    5.771    8.669    8.813    8.978   10.650
            0.190000  0.160000  0.010000
   -5.520    4.234    5.022    5.769    8.667    8.806    8.986   10.653
            0.190000  0.160000  0.020000
   -5.518    4.219    5.034    5.765    8.662    8.791    9.006   10.660
            0.190000  0.160000  0.030000
   -5.516    4.195    5.054    5.759    8.649    8.777    9.032   10.673
            0.190000  0.160000  0.040000
   -5.513    4.163    5.079    5.750    8.626    8.771    9.059   10.690
            0.190000  0.160000  0.050000
   -5.509    4.125    5.108    5.739    8.594    8.774    9.085   10.712
            0.190000  0.160000  0.060000
   -5.505    4.082    5.141    5.725    8.557    8.783    9.110   10.740
            0.190000  0.160000  0.070000
   -5.499    4.034    5.175    5.709    8.518    8.798    9.132   10.771
            0.190000  0.160000  0.080000
   -5.493    3.984    5.209    5.692    8.478    8.816    9.151   10.807
            0.190000  0.160000  0.090000
   -5.486    3.931    5.244    5.672    8.438    8.838    9.167   10.848
            0.190000  0.160000  0.100000
   -5.478    3.876    5.277    5.650    8.399    8.862    9.179   10.892
            0.190000  0.160000  0.110000
   -5.469    3.819    5.309    5.627    8.362    8.889    9.189   10.940
            0.190000  0.160000  0.120000
   -5.460    3.761    5.338    5.603    8.327    8.918    9.196   10.992
            0.190000  0.160000  0.130000
   -5.449    3.702    5.363    5.577    8.295    8.948    9.200   11.046
            0.190000  0.160000  0.140000
   -5.438    3.642    5.384    5.552    8.266    8.980    9.203   11.102
            0.190000  0.160000  0.150000
   -5.426    3.582    5.398    5.529    8.241    9.012    9.204   11.161
            0.190000  0.160000  0.160000
   -5.413    3.521    5.403    5.510    8.219    9.043    9.205   11.220
            0.190000  0.160000  0.170000
   -5.399    3.460    5.395    5.498    8.202    9.072    9.208   11.280
            0.190000  0.160000  0.180000
   -5.385    3.399    5.376    5.493    8.189    9.093    9.218   11.340
            0.190000  0.160000  0.190000
   -5.370    3.337    5.348    5.489    8.180    9.105    9.238   11.398
            0.190000  0.160000  0.200000
   -5.353    3.275    5.317    5.485    8.176    9.106    9.268   11.454
            0.190000  0.160000  0.210000
   -5.336    3.214    5.283    5.477    8.176    9.101    9.305   11.505
            0.190000  0.160000  0.220000
   -5.318    3.152    5.247    5.465    8.181    9.092    9.346   11.551
            0.190000  0.160000  0.230000
   -5.300    3.090    5.210    5.449    8.189    9.081    9.390   11.590
            0.190000  0.160000  0.240000
   -5.280    3.029    5.173    5.429    8.200    9.069    9.436   11.619
            0.190000  0.160000  0.250000
   -5.260    2.967    5.134    5.405    8.215    9.058    9.483   11.637
            0.190000  0.160000  0.260000
   -5.239    2.906    5.095    5.377    8.232    9.047    9.532   11.642
            0.190000  0.160000  0.270000
   -5.217    2.844    5.055    5.345    8.250    9.038    9.581   11.634
            0.190000  0.160000  0.280000
   -5.194    2.783    5.015    5.309    8.268    9.032    9.632   11.614
            0.190000  0.160000  0.290000
   -5.171    2.722    4.974    5.271    8.287    9.029    9.683   11.584
            0.190000  0.160000  0.300000
   -5.146    2.662    4.933    5.229    8.303    9.030    9.736   11.544
            0.190000  0.160000  0.310000
   -5.121    2.601    4.892    5.185    8.317    9.036    9.788   11.497
            0.190000  0.160000  0.320000
   -5.095    2.541    4.850    5.138    8.327    9.049    9.842   11.444
            0.190000  0.160000  0.330000
   -5.068    2.480    4.808    5.090    8.333    9.068    9.896   11.387
            0.190000  0.160000  0.340000
   -5.041    2.421    4.766    5.040    8.334    9.094    9.950   11.326
            0.190000  0.160000  0.350000
   -5.012    2.361    4.723    4.988    8.330    9.127   10.006   11.262
            0.190000  0.160000  0.360000
   -4.983    2.301    4.680    4.936    8.321    9.165   10.061   11.197
            0.190000  0.160000  0.370000
   -4.953    2.242    4.636    4.883    8.309    9.210   10.117   11.131
            0.190000  0.160000  0.380000
   -4.923    2.183    4.591    4.829    8.292    9.259   10.174   11.064
            0.190000  0.160000  0.390000
   -4.891    2.124    4.545    4.776    8.273    9.313   10.231   10.996
            0.190000  0.160000  0.400000
   -4.859    2.065    4.499    4.723    8.251    9.371   10.289   10.929
            0.190000  0.160000  0.410000
   -4.826    2.007    4.451    4.671    8.227    9.431   10.346   10.862
            0.190000  0.160000  0.420000
   -4.792    1.948    4.401    4.620    8.201    9.494   10.405   10.797
            0.190000  0.160000  0.430000
   -4.757    1.890    4.350    4.570    8.173    9.558   10.463   10.732
            0.190000  0.160000  0.440000
   -4.722    1.832    4.297    4.522    8.145    9.624   10.520   10.671
            0.190000  0.160000  0.450000
   -4.686    1.774    4.243    4.476    8.115    9.690   10.566   10.624
            0.190000  0.160000  0.460000
   -4.649    1.716    4.187    4.432    8.085    9.755   10.540   10.652
            0.190000  0.160000  0.470000
   -4.611    1.658    4.130    4.389    8.054    9.817   10.491   10.710
            0.190000  0.160000  0.480000
   -4.573    1.600    4.072    4.347    8.022    9.875   10.446   10.770
            0.190000  0.160000  0.490000
   -4.534    1.543    4.013    4.307    7.991    9.924   10.411   10.831
            0.190000  0.160000  0.500000
   -4.494    1.485    3.954    4.269    7.959    9.957   10.394   10.893
            0.190000  0.160000  0.510000
   -4.453    1.427    3.894    4.231    7.927    9.970   10.400   10.956
            0.190000  0.160000  0.520000
   -4.412    1.370    3.833    4.195    7.894    9.960   10.429   11.019
            0.190000  0.160000  0.530000
   -4.370    1.312    3.773    4.159    7.862    9.933   10.478   11.083
            0.190000  0.160000  0.540000
   -4.327    1.254    3.713    4.125    7.830    9.896   10.539   11.147
            0.190000  0.160000  0.550000
   -4.283    1.196    3.653    4.091    7.798    9.853   10.607   11.212
            0.190000  0.160000  0.560000
   -4.239    1.139    3.594    4.059    7.767    9.806   10.681   11.278
            0.190000  0.160000  0.570000
   -4.194    1.080    3.534    4.027    7.735    9.758   10.757   11.344
            0.190000  0.160000  0.580000
   -4.149    1.022    3.476    3.995    7.704    9.710   10.837   11.410
            0.190000  0.160000  0.590000
   -4.102    0.964    3.418    3.965    7.673    9.661   10.917   11.478
            0.190000  0.160000  0.600000
   -4.055    0.905    3.361    3.935    7.642    9.613   10.999   11.546
            0.190000  0.160000  0.610000
   -4.008    0.847    3.305    3.907    7.612    9.565   11.082   11.614
            0.190000  0.160000  0.620000
   -3.959    0.787    3.249    3.878    7.582    9.518   11.166   11.684
            0.190000  0.160000  0.630000
   -3.910    0.728    3.195    3.851    7.553    9.473   11.250   11.753
            0.190000  0.160000  0.640000
   -3.860    0.669    3.141    3.824    7.524    9.428   11.334   11.824
            0.190000  0.160000  0.650000
   -3.810    0.609    3.089    3.798    7.496    9.384   11.419   11.896
            0.190000  0.160000  0.660000
   -3.759    0.549    3.037    3.773    7.468    9.342   11.505   11.968
            0.190000  0.160000  0.670000
   -3.707    0.488    2.987    3.748    7.441    9.300   11.590   12.041
            0.190000  0.160000  0.680000
   -3.655    0.427    2.938    3.724    7.414    9.260   11.676   12.114
            0.190000  0.160000  0.690000
   -3.602    0.366    2.891    3.701    7.388    9.221   11.762   12.189
            0.190000  0.160000  0.700000
   -3.549    0.305    2.845    3.679    7.363    9.183   11.847   12.264
            0.190000  0.160000  0.710000
   -3.495    0.243    2.800    3.657    7.338    9.147   11.933   12.340
            0.190000  0.160000  0.720000
   -3.440    0.181    2.756    3.636    7.314    9.111   12.019   12.417
            0.190000  0.160000  0.730000
   -3.385    0.118    2.714    3.616    7.291    9.077   12.105   12.494
            0.190000  0.160000  0.740000
   -3.329    0.056    2.673    3.596    7.268    9.045   12.191   12.573
            0.190000  0.160000  0.750000
   -3.273   -0.008    2.634    3.577    7.246    9.013   12.276   12.652
            0.190000  0.160000  0.760000
   -3.216   -0.071    2.596    3.559    7.225    8.983   12.362   12.732
            0.190000  0.160000  0.770000
   -3.159   -0.135    2.559    3.542    7.204    8.954   12.447   12.813
            0.190000  0.160000  0.780000
   -3.101   -0.199    2.525    3.525    7.185    8.926   12.533   12.894
            0.190000  0.160000  0.790000
   -3.043   -0.263    2.491    3.509    7.166    8.900   12.618   12.977
            0.190000  0.160000  0.800000
   -2.984   -0.328    2.459    3.494    7.148    8.875   12.703   13.060
            0.190000  0.160000  0.810000
   -2.925   -0.392    2.429    3.479    7.130    8.851   12.788   13.143
            0.190000  0.160000  0.820000
   -2.866   -0.457    2.400    3.466    7.114    8.828   12.873   13.228
            0.190000  0.160000  0.830000
   -2.806   -0.522    2.373    3.453    7.098    8.807   12.957   13.313
            0.190000  0.160000  0.840000
   -2.745   -0.588    2.348    3.440    7.083    8.787   13.042   13.398
            0.190000  0.160000  0.850000
   -2.685   -0.653    2.324    3.429    7.069    8.768   13.126   13.484
            0.190000  0.160000  0.860000
   -2.624   -0.718    2.301    3.418    7.056    8.750   13.210   13.570
            0.190000  0.160000  0.870000
   -2.563   -0.783    2.280    3.408    7.044    8.734   13.294   13.656
            0.190000  0.160000  0.880000
   -2.502   -0.848    2.261    3.399    7.032    8.719   13.377   13.742
            0.190000  0.160000  0.890000
   -2.441   -0.913    2.243    3.390    7.022    8.705   13.460   13.829
            0.190000  0.160000  0.900000
   -2.380   -0.977    2.227    3.382    7.012    8.692   13.542   13.915
            0.190000  0.160000  0.910000
   -2.319   -1.041    2.212    3.375    7.004    8.681   13.623   14.001
            0.190000  0.160000  0.920000
   -2.259   -1.104    2.199    3.369    6.996    8.670   13.702   14.085
            0.190000  0.160000  0.930000
   -2.200   -1.166    2.187    3.363    6.989    8.661   13.780   14.169
            0.190000  0.160000  0.940000
   -2.141   -1.226    2.177    3.358    6.983    8.654   13.855   14.251
            0.190000  0.160000  0.950000
   -2.085   -1.284    2.169    3.354    6.978    8.647   13.926   14.330
            0.190000  0.160000  0.960000
   -2.032   -1.339    2.162    3.351    6.974    8.642   13.992   14.405
            0.190000  0.160000  0.970000
   -1.984   -1.388    2.157    3.348    6.971    8.637   14.049   14.474
            0.190000  0.160000  0.980000
   -1.945   -1.428    2.153    3.346    6.968    8.634   14.095   14.534
            0.190000  0.160000  0.990000
   -1.917   -1.456    2.150    3.345    6.967    8.632   14.125   14.578
            0.190000  0.160000  1.000000
   -1.908   -1.466    2.150    3.345    6.966    8.632   14.136   14.595
