 &plot nbnd=   8, nks=   101 /
            0.510000  0.580000  0.000000
   -3.457    0.143    2.043    4.348    8.245   10.750   11.708   11.828
            0.510000  0.580000  0.010000
   -3.457    0.141    2.046    4.348    8.245   10.744   11.694   11.843
            0.510000  0.580000  0.020000
   -3.457    0.135    2.054    4.348    8.246   10.728   11.662   11.877
            0.510000  0.580000  0.030000
   -3.456    0.125    2.068    4.349    8.247   10.702   11.621   11.922
            0.510000  0.580000  0.040000
   -3.455    0.111    2.088    4.351    8.248   10.668   11.575   11.974
            0.510000  0.580000  0.050000
   -3.455    0.093    2.113    4.353    8.251   10.627   11.525   12.031
            0.510000  0.580000  0.060000
   -3.453    0.072    2.142    4.355    8.253   10.580   11.471   12.093
            0.510000  0.580000  0.070000
   -3.452    0.048    2.176    4.357    8.256   10.528   11.413   12.159
            0.510000  0.580000  0.080000
   -3.450    0.021    2.214    4.360    8.259   10.473   11.353   12.229
            0.510000  0.580000  0.090000
   -3.449   -0.008    2.256    4.364    8.263   10.416   11.291   12.302
            0.510000  0.580000  0.100000
   -3.447   -0.038    2.301    4.368    8.267   10.356   11.227   12.377
            0.510000  0.580000  0.110000
   -3.445   -0.071    2.349    4.372    8.271   10.295   11.162   12.455
            0.510000  0.580000  0.120000
   -3.443   -0.104    2.401    4.376    8.276   10.234   11.096   12.535
            0.510000  0.580000  0.130000
   -3.440   -0.139    2.454    4.381    8.280   10.171   11.029   12.617
            0.510000  0.580000  0.140000
   -3.438   -0.175    2.510    4.387    8.285   10.109   10.962   12.700
            0.510000  0.580000  0.150000
   -3.436   -0.210    2.569    4.392    8.289   10.046   10.896   12.785
            0.510000  0.580000  0.160000
   -3.433   -0.247    2.628    4.398    8.294    9.984   10.829   12.870
            0.510000  0.580000  0.170000
   -3.431   -0.283    2.690    4.405    8.298    9.922   10.763   12.957
            0.510000  0.580000  0.180000
   -3.429   -0.319    2.753    4.411    8.302    9.861   10.697   13.044
            0.510000  0.580000  0.190000
   -3.426   -0.355    2.817    4.418    8.305    9.802   10.632   13.131
            0.510000  0.580000  0.200000
   -3.424   -0.390    2.882    4.426    8.307    9.743   10.568   13.218
            0.510000  0.580000  0.210000
   -3.422   -0.425    2.948    4.433    8.309    9.685   10.505   13.305
            0.510000  0.580000  0.220000
   -3.420   -0.459    3.015    4.441    8.309    9.630   10.442   13.392
            0.510000  0.580000  0.230000
   -3.418   -0.493    3.083    4.449    8.308    9.576   10.381   13.477
            0.510000  0.580000  0.240000
   -3.417   -0.525    3.151    4.458    8.305    9.525   10.321   13.560
            0.510000  0.580000  0.250000
   -3.415   -0.556    3.220    4.466    8.300    9.476   10.263   13.640
            0.510000  0.580000  0.260000
   -3.414   -0.586    3.288    4.475    8.293    9.431   10.205   13.716
            0.510000  0.580000  0.270000
   -3.414   -0.615    3.357    4.485    8.283    9.388   10.149   13.787
            0.510000  0.580000  0.280000
   -3.414   -0.643    3.426    4.494    8.270    9.350   10.095   13.848
            0.510000  0.580000  0.290000
   -3.414   -0.669    3.495    4.504    8.254    9.315   10.042   13.899
            0.510000  0.580000  0.300000
   -3.414   -0.694    3.564    4.514    8.234    9.284    9.990   13.938
            0.510000  0.580000  0.310000
   -3.415   -0.717    3.632    4.524    8.211    9.258    9.941   13.963
            0.510000  0.580000  0.320000
   -3.417   -0.738    3.699    4.534    8.185    9.235    9.892   13.977
            0.510000  0.580000  0.330000
   -3.419   -0.758    3.766    4.544    8.156    9.217    9.846   13.979
            0.510000  0.580000  0.340000
   -3.422   -0.776    3.832    4.555    8.123    9.203    9.801   13.974
            0.510000  0.580000  0.350000
   -3.425   -0.792    3.897    4.566    8.088    9.193    9.758   13.963
            0.510000  0.580000  0.360000
   -3.429   -0.807    3.961    4.577    8.051    9.186    9.717   13.948
            0.510000  0.580000  0.370000
   -3.434   -0.819    4.023    4.588    8.011    9.182    9.677   13.930
            0.510000  0.580000  0.380000
   -3.439   -0.830    4.084    4.600    7.971    9.181    9.639   13.910
            0.510000  0.580000  0.390000
   -3.445   -0.838    4.143    4.611    7.929    9.182    9.603   13.889
            0.510000  0.580000  0.400000
   -3.452   -0.845    4.199    4.623    7.887    9.185    9.569   13.867
            0.510000  0.580000  0.410000
   -3.459   -0.849    4.253    4.635    7.846    9.190    9.536   13.846
            0.510000  0.580000  0.420000
   -3.467   -0.852    4.305    4.648    7.805    9.197    9.506   13.824
            0.510000  0.580000  0.430000
   -3.476   -0.853    4.353    4.660    7.764    9.205    9.477   13.804
            0.510000  0.580000  0.440000
   -3.485   -0.851    4.398    4.673    7.726    9.214    9.450   13.784
            0.510000  0.580000  0.450000
   -3.495   -0.848    4.439    4.687    7.689    9.224    9.425   13.766
            0.510000  0.580000  0.460000
   -3.505   -0.842    4.476    4.700    7.655    9.234    9.402   13.750
            0.510000  0.580000  0.470000
   -3.517   -0.835    4.510    4.713    7.624    9.245    9.380   13.735
            0.510000  0.580000  0.480000
   -3.528   -0.826    4.539    4.726    7.595    9.256    9.361   13.722
            0.510000  0.580000  0.490000
   -3.541   -0.815    4.565    4.737    7.571    9.267    9.343   13.711
            0.510000  0.580000  0.500000
   -3.554   -0.801    4.588    4.747    7.550    9.278    9.328   13.702
            0.510000  0.580000  0.510000
   -3.567   -0.786    4.607    4.754    7.534    9.286    9.317   13.695
            0.510000  0.580000  0.520000
   -3.580   -0.770    4.625    4.758    7.522    9.286    9.317   13.690
            0.510000  0.580000  0.530000
   -3.595   -0.751    4.640    4.759    7.515    9.279    9.326   13.687
            0.510000  0.580000  0.540000
   -3.609   -0.731    4.653    4.755    7.513    9.270    9.337   13.685
            0.510000  0.580000  0.550000
   -3.624   -0.709    4.664    4.748    7.515    9.262    9.350   13.686
            0.510000  0.580000  0.560000
   -3.639   -0.685    4.674    4.736    7.523    9.255    9.364   13.687
            0.510000  0.580000  0.570000
   -3.654   -0.660    4.681    4.722    7.535    9.249    9.378   13.690
            0.510000  0.580000  0.580000
   -3.669   -0.633    4.680    4.710    7.552    9.244    9.392   13.693
            0.510000  0.580000  0.590000
   -3.685   -0.605    4.661    4.711    7.573    9.240    9.408   13.696
            0.510000  0.580000  0.600000
   -3.701   -0.575    4.632    4.716    7.599    9.237    9.424   13.698
            0.510000  0.580000  0.610000
   -3.717   -0.544    4.598    4.722    7.628    9.235    9.441   13.699
            0.510000  0.580000  0.620000
   -3.732   -0.512    4.560    4.728    7.660    9.233    9.459   13.696
            0.510000  0.580000  0.630000
   -3.748   -0.478    4.517    4.733    7.696    9.233    9.478   13.689
            0.510000  0.580000  0.640000
   -3.764   -0.443    4.472    4.738    7.735    9.233    9.498   13.675
            0.510000  0.580000  0.650000
   -3.779   -0.406    4.423    4.743    7.776    9.234    9.520   13.654
            0.510000  0.580000  0.660000
   -3.795   -0.369    4.371    4.747    7.818    9.236    9.543   13.625
            0.510000  0.580000  0.670000
   -3.810   -0.330    4.317    4.751    7.863    9.238    9.567   13.586
            0.510000  0.580000  0.680000
   -3.826   -0.291    4.261    4.755    7.909    9.241    9.593   13.538
            0.510000  0.580000  0.690000
   -3.841   -0.250    4.203    4.758    7.956    9.245    9.621   13.481
            0.510000  0.580000  0.700000
   -3.855   -0.208    4.143    4.761    8.003    9.249    9.650   13.418
            0.510000  0.580000  0.710000
   -3.870   -0.166    4.082    4.764    8.051    9.255    9.682   13.348
            0.510000  0.580000  0.720000
   -3.884   -0.122    4.020    4.766    8.099    9.262    9.715   13.273
            0.510000  0.580000  0.730000
   -3.898   -0.078    3.956    4.768    8.146    9.270    9.749   13.195
            0.510000  0.580000  0.740000
   -3.912   -0.033    3.892    4.770    8.192    9.279    9.786   13.115
            0.510000  0.580000  0.750000
   -3.925    0.013    3.827    4.772    8.238    9.290    9.824   13.032
            0.510000  0.580000  0.760000
   -3.938    0.059    3.761    4.773    8.281    9.304    9.864   12.949
            0.510000  0.580000  0.770000
   -3.950    0.106    3.696    4.774    8.324    9.319    9.905   12.864
            0.510000  0.580000  0.780000
   -3.962    0.153    3.630    4.775    8.364    9.336    9.948   12.780
            0.510000  0.580000  0.790000
   -3.974    0.201    3.564    4.776    8.401    9.356    9.993   12.695
            0.510000  0.580000  0.800000
   -3.985    0.249    3.498    4.777    8.436    9.379   10.039   12.610
            0.510000  0.580000  0.810000
   -3.996    0.297    3.433    4.777    8.469    9.404   10.086   12.526
            0.510000  0.580000  0.820000
   -4.006    0.345    3.368    4.778    8.498    9.432   10.135   12.443
            0.510000  0.580000  0.830000
   -4.016    0.393    3.304    4.778    8.525    9.463   10.184   12.360
            0.510000  0.580000  0.840000
   -4.025    0.441    3.241    4.778    8.548    9.496   10.235   12.279
            0.510000  0.580000  0.850000
   -4.034    0.488    3.179    4.778    8.569    9.531   10.286   12.198
            0.510000  0.580000  0.860000
   -4.042    0.535    3.119    4.778    8.588    9.568   10.338   12.120
            0.510000  0.580000  0.870000
   -4.049    0.581    3.060    4.778    8.604    9.606   10.390   12.043
            0.510000  0.580000  0.880000
   -4.057    0.627    3.003    4.778    8.617    9.645   10.443   11.967
            0.510000  0.580000  0.890000
   -4.063    0.670    2.948    4.778    8.629    9.685   10.495   11.894
            0.510000  0.580000  0.900000
   -4.069    0.713    2.895    4.778    8.639    9.725   10.547   11.823
            0.510000  0.580000  0.910000
   -4.075    0.753    2.846    4.778    8.648    9.764   10.599   11.755
            0.510000  0.580000  0.920000
   -4.080    0.791    2.800    4.778    8.655    9.802   10.649   11.689
            0.510000  0.580000  0.930000
   -4.084    0.826    2.757    4.777    8.661    9.839   10.698   11.628
            0.510000  0.580000  0.940000
   -4.088    0.857    2.719    4.777    8.665    9.872   10.744   11.570
            0.510000  0.580000  0.950000
   -4.091    0.885    2.685    4.777    8.669    9.902   10.788   11.516
            0.510000  0.580000  0.960000
   -4.094    0.909    2.657    4.777    8.672    9.928   10.828   11.469
            0.510000  0.580000  0.970000
   -4.096    0.928    2.634    4.777    8.675    9.950   10.862   11.428
            0.510000  0.580000  0.980000
   -4.097    0.942    2.618    4.777    8.676    9.965   10.889   11.397
            0.510000  0.580000  0.990000
   -4.098    0.951    2.608    4.777    8.677    9.975   10.907   11.377
            0.510000  0.580000  1.000000
   -4.098    0.954    2.604    4.777    8.677    9.978   10.913   11.370
