 &plot nbnd=   8, nks=    41 /
            0.000000  0.800000 -1.000000
   -2.359   -2.359    2.132    2.132    6.681    6.681   12.822   12.822
            0.000000  0.800000 -0.950000
   -2.428   -2.288    1.941    2.318    6.443    6.975   12.770   12.871
            0.000000  0.800000 -0.900000
   -2.495   -2.213    1.760    2.486    6.277    7.317   12.715   12.910
            0.000000  0.800000 -0.850000
   -2.564   -2.134    1.596    2.620    6.195    7.698   12.639   12.910
            0.000000  0.800000 -0.800000
   -2.635   -2.050    1.456    2.707    6.211    8.112   12.467   12.788
            0.000000  0.800000 -0.750000
   -2.709   -1.960    1.346    2.741    6.329    8.555   12.073   12.449
            0.000000  0.800000 -0.700000
   -2.787   -1.866    1.269    2.727    6.543    9.023   11.549   11.958
            0.000000  0.800000 -0.650000
   -2.869   -1.768    1.227    2.680    6.838    9.510   10.998   11.415
            0.000000  0.800000 -0.600000
   -2.956   -1.667    1.220    2.613    7.200    9.990   10.473   10.861
            0.000000  0.800000 -0.550000
   -3.044   -1.566    1.248    2.542    7.614    9.842   10.313   10.600
            0.000000  0.800000 -0.500000
   -3.133   -1.465    1.309    2.475    8.069    9.320    9.780   11.129
            0.000000  0.800000 -0.450000
   -3.221   -1.368    1.400    2.422    8.556    8.801    9.267   11.678
            0.000000  0.800000 -0.400000
   -3.306   -1.277    1.518    2.388    8.300    8.773    9.074   12.211
            0.000000  0.800000 -0.350000
   -3.386   -1.195    1.660    2.376    7.821    8.316    9.604   12.604
            0.000000  0.800000 -0.300000
   -3.458   -1.123    1.819    2.385    7.370    7.892   10.149   12.737
            0.000000  0.800000 -0.250000
   -3.522   -1.062    1.991    2.415    6.953    7.508   10.702   12.779
            0.000000  0.800000 -0.200000
   -3.576   -1.013    2.166    2.459    6.578    7.173   11.253   12.800
            0.000000  0.800000 -0.150000
   -3.619   -0.977    2.331    2.510    6.257    6.895   11.788   12.812
            0.000000  0.800000 -0.100000
   -3.650   -0.951    2.473    2.557    6.005    6.686   12.280   12.819
            0.000000  0.800000 -0.050000
   -3.669   -0.936    2.569    2.592    5.842    6.555   12.666   12.823
            0.000000  0.800000  0.000000
   -3.676   -0.932    2.604    2.604    5.785    6.510   12.825   12.825
            0.000000  0.800000  0.050000
   -3.669   -0.936    2.569    2.592    5.842    6.555   12.666   12.823
            0.000000  0.800000  0.100000
   -3.650   -0.951    2.473    2.557    6.005    6.686   12.280   12.819
            0.000000  0.800000  0.150000
   -3.619   -0.977    2.331    2.510    6.257    6.895   11.788   12.812
            0.000000  0.800000  0.200000
   -3.576   -1.013    2.166    2.459    6.578    7.173   11.253   12.800
            0.000000  0.800000  0.250000
   -3.522   -1.062    1.991    2.415    6.953    7.508   10.702   12.779
            0.000000  0.800000  0.300000
   -3.458   -1.123    1.819    2.385    7.370    7.892   10.149   12.737
            0.000000  0.800000  0.350000
   -3.386   -1.195    1.660    2.376    7.821    8.316    9.604   12.604
            0.000000  0.800000  0.400000
   -3.306   -1.277    1.518    2.388    8.300    8.773    9.074   12.211
            0.000000  0.800000  0.450000
   -3.221   -1.368    1.400    2.422    8.556    8.801    9.267   11.678
            0.000000  0.800000  0.500000
   -3.133   -1.465    1.309    2.475    8.069    9.320    9.780   11.129
            0.000000  0.800000  0.550000
   -3.044   -1.566    1.248    2.542    7.614    9.842   10.313   10.600
            0.000000  0.800000  0.600000
   -2.956   -1.667    1.220    2.613    7.200    9.990   10.473   10.861
            0.000000  0.800000  0.650000
   -2.869   -1.768    1.227    2.680    6.838    9.510   10.998   11.415
            0.000000  0.800000  0.700000
   -2.787   -1.866    1.269    2.727    6.543    9.023   11.549   11.958
            0.000000  0.800000  0.750000
   -2.709   -1.960    1.346    2.741    6.329    8.555   12.073   12.449
            0.000000  0.800000  0.800000
   -2.635   -2.050    1.456    2.707    6.211    8.112   12.467   12.788
            0.000000  0.800000  0.850000
   -2.564   -2.134    1.596    2.620    6.195    7.698   12.639   12.910
            0.000000  0.800000  0.900000
   -2.495   -2.213    1.760    2.486    6.277    7.317   12.715   12.910
            0.000000  0.800000  0.950000
   -2.428   -2.288    1.941    2.318    6.443    6.975   12.770   12.871
            0.000000  0.800000  1.000000
   -2.359   -2.359    2.132    2.132    6.681    6.681   12.822   12.822
