 &plot nbnd=   8, nks=   101 /
            0.930000  0.070000  0.000000
   -2.252   -1.207    3.103    3.119    6.730    6.972   15.105   15.412
            0.930000  0.070000  0.010000
   -2.252   -1.207    3.088    3.132    6.729    6.976   15.105   15.405
            0.930000  0.070000  0.020000
   -2.251   -1.207    3.064    3.149    6.728    6.990   15.104   15.384
            0.930000  0.070000  0.030000
   -2.251   -1.207    3.039    3.165    6.726    7.012   15.102   15.351
            0.930000  0.070000  0.040000
   -2.249   -1.206    3.012    3.178    6.726    7.042   15.100   15.305
            0.930000  0.070000  0.050000
   -2.248   -1.206    2.984    3.189    6.728    7.077   15.096   15.249
            0.930000  0.070000  0.060000
   -2.246   -1.205    2.954    3.197    6.733    7.118   15.088   15.187
            0.930000  0.070000  0.070000
   -2.243   -1.204    2.924    3.203    6.741    7.163   15.061   15.133
            0.930000  0.070000  0.080000
   -2.241   -1.204    2.892    3.207    6.753    7.212   14.995   15.110
            0.930000  0.070000  0.090000
   -2.238   -1.203    2.859    3.208    6.769    7.265   14.908   15.100
            0.930000  0.070000  0.100000
   -2.235   -1.202    2.826    3.206    6.788    7.322   14.812   15.092
            0.930000  0.070000  0.110000
   -2.231   -1.201    2.793    3.203    6.812    7.382   14.710   15.084
            0.930000  0.070000  0.120000
   -2.227   -1.200    2.759    3.197    6.840    7.444   14.604   15.075
            0.930000  0.070000  0.130000
   -2.223   -1.199    2.725    3.189    6.873    7.510   14.493   15.064
            0.930000  0.070000  0.140000
   -2.218   -1.197    2.690    3.178    6.909    7.578   14.380   15.049
            0.930000  0.070000  0.150000
   -2.214   -1.196    2.656    3.166    6.949    7.648   14.264   15.029
            0.930000  0.070000  0.160000
   -2.209   -1.195    2.622    3.152    6.993    7.721   14.146   15.003
            0.930000  0.070000  0.170000
   -2.203   -1.194    2.588    3.137    7.041    7.796   14.027   14.968
            0.930000  0.070000  0.180000
   -2.198   -1.192    2.554    3.120    7.092    7.874   13.906   14.922
            0.930000  0.070000  0.190000
   -2.192   -1.191    2.521    3.102    7.147    7.953   13.784   14.862
            0.930000  0.070000  0.200000
   -2.186   -1.190    2.488    3.082    7.205    8.034   13.661   14.787
            0.930000  0.070000  0.210000
   -2.180   -1.189    2.455    3.062    7.266    8.117   13.537   14.699
            0.930000  0.070000  0.220000
   -2.174   -1.187    2.424    3.041    7.330    8.201   13.413   14.600
            0.930000  0.070000  0.230000
   -2.168   -1.186    2.393    3.019    7.397    8.288   13.288   14.493
            0.930000  0.070000  0.240000
   -2.161   -1.185    2.363    2.996    7.467    8.376   13.163   14.380
            0.930000  0.070000  0.250000
   -2.155   -1.184    2.333    2.973    7.539    8.465   13.038   14.263
            0.930000  0.070000  0.260000
   -2.148   -1.183    2.305    2.950    7.614    8.556   12.913   14.143
            0.930000  0.070000  0.270000
   -2.141   -1.182    2.277    2.927    7.692    8.648   12.788   14.021
            0.930000  0.070000  0.280000
   -2.135   -1.181    2.250    2.904    7.771    8.742   12.663   13.897
            0.930000  0.070000  0.290000
   -2.128   -1.180    2.225    2.881    7.853    8.837   12.538   13.772
            0.930000  0.070000  0.300000
   -2.121   -1.179    2.200    2.858    7.937    8.933   12.414   13.647
            0.930000  0.070000  0.310000
   -2.115   -1.178    2.177    2.836    8.023    9.030   12.290   13.521
            0.930000  0.070000  0.320000
   -2.108   -1.178    2.155    2.814    8.110    9.128   12.166   13.395
            0.930000  0.070000  0.330000
   -2.102   -1.177    2.133    2.792    8.200    9.227   12.043   13.269
            0.930000  0.070000  0.340000
   -2.096   -1.176    2.113    2.772    8.291    9.327   11.921   13.144
            0.930000  0.070000  0.350000
   -2.090   -1.176    2.094    2.752    8.383    9.428   11.800   13.018
            0.930000  0.070000  0.360000
   -2.084   -1.176    2.077    2.733    8.478    9.529   11.679   12.893
            0.930000  0.070000  0.370000
   -2.079   -1.175    2.060    2.714    8.573    9.631   11.560   12.769
            0.930000  0.070000  0.380000
   -2.073   -1.175    2.045    2.697    8.670    9.733   11.442   12.645
            0.930000  0.070000  0.390000
   -2.068   -1.175    2.031    2.681    8.768    9.834   11.327   12.521
            0.930000  0.070000  0.400000
   -2.064   -1.175    2.018    2.666    8.868    9.934   11.214   12.399
            0.930000  0.070000  0.410000
   -2.059   -1.175    2.007    2.653    8.968   10.031   11.105   12.277
            0.930000  0.070000  0.420000
   -2.055   -1.175    1.996    2.640    9.069   10.124   11.003   12.157
            0.930000  0.070000  0.430000
   -2.052   -1.175    1.987    2.629    9.170   10.207   10.911   12.038
            0.930000  0.070000  0.440000
   -2.049   -1.175    1.979    2.620    9.272   10.272   10.839   11.921
            0.930000  0.070000  0.450000
   -2.046   -1.175    1.973    2.611    9.374   10.302   10.802   11.806
            0.930000  0.070000  0.460000
   -2.044   -1.175    1.967    2.605    9.475   10.287   10.812   11.695
            0.930000  0.070000  0.470000
   -2.042   -1.175    1.963    2.599    9.573   10.234   10.860   11.590
            0.930000  0.070000  0.480000
   -2.041   -1.175    1.960    2.595    9.666   10.165   10.924   11.494
            0.930000  0.070000  0.490000
   -2.040   -1.175    1.958    2.593    9.742   10.098   10.983   11.420
            0.930000  0.070000  0.500000
   -2.040   -1.175    1.958    2.592    9.776   10.068   11.009   11.390
            0.930000  0.070000  0.510000
   -2.040   -1.175    1.958    2.593    9.742   10.098   10.983   11.420
            0.930000  0.070000  0.520000
   -2.041   -1.175    1.960    2.595    9.666   10.165   10.924   11.494
            0.930000  0.070000  0.530000
   -2.042   -1.175    1.963    2.599    9.573   10.234   10.860   11.590
            0.930000  0.070000  0.540000
   -2.044   -1.175    1.967    2.605    9.475   10.287   10.812   11.695
            0.930000  0.070000  0.550000
   -2.046   -1.175    1.973    2.611    9.374   10.302   10.802   11.806
            0.930000  0.070000  0.560000
   -2.049   -1.175    1.979    2.620    9.272   10.272   10.839   11.921
            0.930000  0.070000  0.570000
   -2.052   -1.175    1.987    2.629    9.170   10.207   10.911   12.038
            0.930000  0.070000  0.580000
   -2.055   -1.175    1.996    2.640    9.069   10.124   11.003   12.157
            0.930000  0.070000  0.590000
   -2.059   -1.175    2.007    2.653    8.968   10.031   11.105   12.277
            0.930000  0.070000  0.600000
   -2.064   -1.175    2.018    2.666    8.868    9.934   11.214   12.399
            0.930000  0.070000  0.610000
   -2.068   -1.175    2.031    2.681    8.768    9.834   11.327   12.521
            0.930000  0.070000  0.620000
   -2.073   -1.175    2.045    2.697    8.670    9.733   11.442   12.645
            0.930000  0.070000  0.630000
   -2.079   -1.175    2.060    2.714    8.573    9.631   11.560   12.769
            0.930000  0.070000  0.640000
   -2.084   -1.176    2.077    2.733    8.478    9.529   11.679   12.893
            0.930000  0.070000  0.650000
   -2.090   -1.176    2.094    2.752    8.383    9.428   11.800   13.018
            0.930000  0.070000  0.660000
   -2.096   -1.176    2.113    2.772    8.291    9.327   11.921   13.144
            0.930000  0.070000  0.670000
   -2.102   -1.177    2.133    2.792    8.200    9.227   12.043   13.269
            0.930000  0.070000  0.680000
   -2.108   -1.178    2.155    2.814    8.110    9.128   12.166   13.395
            0.930000  0.070000  0.690000
   -2.115   -1.178    2.177    2.836    8.023    9.030   12.290   13.521
            0.930000  0.070000  0.700000
   -2.121   -1.179    2.200    2.858    7.937    8.933   12.414   13.647
            0.930000  0.070000  0.710000
   -2.128   -1.180    2.225    2.881    7.853    8.837   12.538   13.772
            0.930000  0.070000  0.720000
   -2.135   -1.181    2.250    2.904    7.771    8.742   12.663   13.897
            0.930000  0.070000  0.730000
   -2.141   -1.182    2.277    2.927    7.692    8.648   12.788   14.021
            0.930000  0.070000  0.740000
   -2.148   -1.183    2.305    2.950    7.614    8.556   12.913   14.143
            0.930000  0.070000  0.750000
   -2.155   -1.184    2.333    2.973    7.539    8.465   13.038   14.263
            0.930000  0.070000  0.760000
   -2.161   -1.185    2.363    2.996    7.467    8.376   13.163   14.380
            0.930000  0.070000  0.770000
   -2.168   -1.186    2.393    3.019    7.397    8.288   13.288   14.493
            0.930000  0.070000  0.780000
   -2.174   -1.187    2.424    3.041    7.330    8.201   13.413   14.600
            0.930000  0.070000  0.790000
   -2.180   -1.189    2.455    3.062    7.266    8.117   13.537   14.699
            0.930000  0.070000  0.800000
   -2.186   -1.190    2.488    3.082    7.205    8.034   13.661   14.787
            0.930000  0.070000  0.810000
   -2.192   -1.191    2.521    3.102    7.147    7.953   13.784   14.862
            0.930000  0.070000  0.820000
   -2.198   -1.192    2.554    3.120    7.092    7.874   13.906   14.922
            0.930000  0.070000  0.830000
   -2.203   -1.194    2.588    3.137    7.041    7.796   14.027   14.968
            0.930000  0.070000  0.840000
   -2.209   -1.195    2.622    3.152    6.993    7.721   14.146   15.003
            0.930000  0.070000  0.850000
   -2.214   -1.196    2.656    3.166    6.949    7.648   14.264   15.029
            0.930000  0.070000  0.860000
   -2.218   -1.197    2.690    3.178    6.909    7.578   14.380   15.049
            0.930000  0.070000  0.870000
   -2.223   -1.199    2.725    3.189    6.873    7.510   14.493   15.064
            0.930000  0.070000  0.880000
   -2.227   -1.200    2.759    3.197    6.840    7.444   14.604   15.075
            0.930000  0.070000  0.890000
   -2.231   -1.201    2.793    3.203    6.812    7.382   14.710   15.084
            0.930000  0.070000  0.900000
   -2.235   -1.202    2.826    3.206    6.788    7.322   14.812   15.092
            0.930000  0.070000  0.910000
   -2.238   -1.203    2.859    3.208    6.769    7.265   14.908   15.100
            0.930000  0.070000  0.920000
   -2.241   -1.204    2.892    3.207    6.753    7.212   14.995   15.110
            0.930000  0.070000  0.930000
   -2.243   -1.204    2.924    3.203    6.741    7.163   15.061   15.133
            0.930000  0.070000  0.940000
   -2.246   -1.205    2.954    3.197    6.733    7.118   15.088   15.187
            0.930000  0.070000  0.950000
   -2.248   -1.206    2.984    3.189    6.728    7.077   15.096   15.249
            0.930000  0.070000  0.960000
   -2.249   -1.206    3.012    3.178    6.726    7.042   15.100   15.305
            0.930000  0.070000  0.970000
   -2.251   -1.207    3.039    3.165    6.726    7.012   15.102   15.351
            0.930000  0.070000  0.980000
   -2.251   -1.207    3.064    3.149    6.728    6.990   15.104   15.384
            0.930000  0.070000  0.990000
   -2.252   -1.207    3.088    3.132    6.729    6.976   15.105   15.405
            0.930000  0.070000  1.000000
   -2.252   -1.207    3.103    3.119    6.730    6.972   15.105   15.412
