 &plot nbnd=   8, nks=   101 /
            0.050000  0.630000  0.000000
   -4.113    1.281    3.628    3.677    6.843    8.235   12.582   12.718
            0.050000  0.630000  0.010000
   -4.112    1.280    3.626    3.678    6.845    8.237   12.582   12.713
            0.050000  0.630000  0.020000
   -4.111    1.277    3.620    3.679    6.852    8.242   12.580   12.697
            0.050000  0.630000  0.030000
   -4.109    1.273    3.611    3.681    6.863    8.251   12.575   12.672
            0.050000  0.630000  0.040000
   -4.107    1.267    3.599    3.684    6.879    8.264   12.564   12.642
            0.050000  0.630000  0.050000
   -4.104    1.260    3.585    3.687    6.899    8.281   12.541   12.615
            0.050000  0.630000  0.060000
   -4.100    1.250    3.568    3.690    6.924    8.301   12.497   12.600
            0.050000  0.630000  0.070000
   -4.095    1.240    3.548    3.693    6.953    8.324   12.438   12.591
            0.050000  0.630000  0.080000
   -4.090    1.227    3.526    3.697    6.985    8.351   12.370   12.585
            0.050000  0.630000  0.090000
   -4.084    1.213    3.502    3.701    7.022    8.382   12.295   12.580
            0.050000  0.630000  0.100000
   -4.077    1.198    3.476    3.705    7.062    8.415   12.214   12.575
            0.050000  0.630000  0.110000
   -4.070    1.181    3.448    3.710    7.106    8.452   12.129   12.570
            0.050000  0.630000  0.120000
   -4.062    1.163    3.418    3.715    7.154    8.493   12.040   12.565
            0.050000  0.630000  0.130000
   -4.053    1.143    3.387    3.720    7.204    8.536   11.949   12.559
            0.050000  0.630000  0.140000
   -4.043    1.122    3.354    3.726    7.258    8.583   11.854   12.553
            0.050000  0.630000  0.150000
   -4.033    1.100    3.319    3.732    7.315    8.632   11.758   12.547
            0.050000  0.630000  0.160000
   -4.022    1.076    3.284    3.738    7.374    8.684   11.659   12.540
            0.050000  0.630000  0.170000
   -4.010    1.051    3.247    3.746    7.436    8.740   11.559   12.533
            0.050000  0.630000  0.180000
   -3.998    1.026    3.210    3.753    7.501    8.797   11.458   12.525
            0.050000  0.630000  0.190000
   -3.985    0.999    3.172    3.761    7.568    8.858   11.356   12.517
            0.050000  0.630000  0.200000
   -3.972    0.971    3.133    3.770    7.637    8.921   11.253   12.509
            0.050000  0.630000  0.210000
   -3.957    0.942    3.094    3.779    7.709    8.987   11.149   12.501
            0.050000  0.630000  0.220000
   -3.942    0.912    3.054    3.788    7.783    9.055   11.045   12.492
            0.050000  0.630000  0.230000
   -3.927    0.882    3.014    3.798    7.859    9.125   10.940   12.482
            0.050000  0.630000  0.240000
   -3.910    0.851    2.973    3.809    7.936    9.198   10.835   12.472
            0.050000  0.630000  0.250000
   -3.894    0.819    2.932    3.819    8.016    9.273   10.731   12.462
            0.050000  0.630000  0.260000
   -3.876    0.786    2.892    3.831    8.097    9.349   10.626   12.452
            0.050000  0.630000  0.270000
   -3.858    0.753    2.851    3.842    8.180    9.428   10.521   12.441
            0.050000  0.630000  0.280000
   -3.839    0.719    2.810    3.854    8.264    9.509   10.417   12.430
            0.050000  0.630000  0.290000
   -3.820    0.685    2.770    3.867    8.351    9.592   10.313   12.419
            0.050000  0.630000  0.300000
   -3.800    0.650    2.729    3.879    8.438    9.676   10.210   12.407
            0.050000  0.630000  0.310000
   -3.779    0.615    2.689    3.892    8.527    9.761   10.108   12.395
            0.050000  0.630000  0.320000
   -3.758    0.580    2.649    3.905    8.618    9.846   10.009   12.383
            0.050000  0.630000  0.330000
   -3.736    0.544    2.610    3.919    8.709    9.883    9.959   12.370
            0.050000  0.630000  0.340000
   -3.713    0.508    2.570    3.932    8.802    9.796   10.038   12.357
            0.050000  0.630000  0.350000
   -3.690    0.472    2.532    3.946    8.896    9.697   10.129   12.344
            0.050000  0.630000  0.360000
   -3.667    0.435    2.493    3.960    8.991    9.599   10.223   12.331
            0.050000  0.630000  0.370000
   -3.643    0.399    2.456    3.973    9.088    9.502   10.318   12.318
            0.050000  0.630000  0.380000
   -3.618    0.362    2.419    3.987    9.184    9.407   10.415   12.304
            0.050000  0.630000  0.390000
   -3.593    0.325    2.382    4.001    9.271    9.323   10.513   12.291
            0.050000  0.630000  0.400000
   -3.567    0.289    2.346    4.014    9.211    9.388   10.613   12.277
            0.050000  0.630000  0.410000
   -3.541    0.252    2.311    4.027    9.120    9.487   10.714   12.263
            0.050000  0.630000  0.420000
   -3.514    0.215    2.277    4.040    9.030    9.588   10.816   12.249
            0.050000  0.630000  0.430000
   -3.487    0.178    2.243    4.052    8.941    9.691   10.919   12.235
            0.050000  0.630000  0.440000
   -3.459    0.142    2.210    4.063    8.853    9.794   11.023   12.221
            0.050000  0.630000  0.450000
   -3.431    0.105    2.178    4.075    8.768    9.898   11.128   12.207
            0.050000  0.630000  0.460000
   -3.402    0.069    2.146    4.085    8.684   10.003   11.234   12.193
            0.050000  0.630000  0.470000
   -3.373    0.033    2.116    4.094    8.603   10.109   11.340   12.180
            0.050000  0.630000  0.480000
   -3.344   -0.003    2.086    4.103    8.524   10.215   11.446   12.168
            0.050000  0.630000  0.490000
   -3.314   -0.039    2.058    4.110    8.448   10.322   11.552   12.157
            0.050000  0.630000  0.500000
   -3.284   -0.075    2.030    4.116    8.374   10.430   11.656   12.148
            0.050000  0.630000  0.510000
   -3.253   -0.110    2.003    4.121    8.303   10.538   11.757   12.143
            0.050000  0.630000  0.520000
   -3.222   -0.145    1.978    4.125    8.235   10.647   11.849   12.147
            0.050000  0.630000  0.530000
   -3.191   -0.180    1.953    4.126    8.171   10.756   11.922   12.171
            0.050000  0.630000  0.540000
   -3.160   -0.215    1.929    4.126    8.109   10.865   11.965   12.226
            0.050000  0.630000  0.550000
   -3.128   -0.249    1.907    4.124    8.051   10.975   11.980   12.308
            0.050000  0.630000  0.560000
   -3.096   -0.283    1.885    4.121    7.996   11.085   11.979   12.405
            0.050000  0.630000  0.570000
   -3.063   -0.317    1.865    4.115    7.945   11.194   11.972   12.507
            0.050000  0.630000  0.580000
   -3.031   -0.351    1.846    4.107    7.898   11.304   11.962   12.609
            0.050000  0.630000  0.590000
   -2.998   -0.384    1.828    4.096    7.855   11.412   11.949   12.705
            0.050000  0.630000  0.600000
   -2.965   -0.417    1.811    4.083    7.816   11.519   11.936   12.779
            0.050000  0.630000  0.610000
   -2.932   -0.449    1.796    4.068    7.780   11.623   11.923   12.797
            0.050000  0.630000  0.620000
   -2.899   -0.481    1.781    4.050    7.750   11.719   11.913   12.754
            0.050000  0.630000  0.630000
   -2.865   -0.513    1.768    4.030    7.723   11.793   11.921   12.687
            0.050000  0.630000  0.640000
   -2.832   -0.544    1.757    4.007    7.701   11.816   11.970   12.619
            0.050000  0.630000  0.650000
   -2.798   -0.575    1.746    3.982    7.683   11.805   12.038   12.562
            0.050000  0.630000  0.660000
   -2.765   -0.606    1.737    3.954    7.669   11.781   12.089   12.531
            0.050000  0.630000  0.670000
   -2.731   -0.636    1.729    3.924    7.659   11.750   12.107   12.539
            0.050000  0.630000  0.680000
   -2.698   -0.666    1.723    3.891    7.654   11.711   12.091   12.585
            0.050000  0.630000  0.690000
   -2.664   -0.696    1.718    3.856    7.653   11.663   12.058   12.652
            0.050000  0.630000  0.700000
   -2.631   -0.725    1.715    3.819    7.655   11.606   12.021   12.723
            0.050000  0.630000  0.710000
   -2.598   -0.754    1.713    3.780    7.662   11.540   11.985   12.783
            0.050000  0.630000  0.720000
   -2.565   -0.783    1.712    3.739    7.673   11.467   11.954   12.822
            0.050000  0.630000  0.730000
   -2.532   -0.811    1.713    3.696    7.687   11.388   11.927   12.838
            0.050000  0.630000  0.740000
   -2.499   -0.838    1.716    3.651    7.705   11.304   11.904   12.838
            0.050000  0.630000  0.750000
   -2.467   -0.866    1.720    3.605    7.726   11.218   11.884   12.830
            0.050000  0.630000  0.760000
   -2.435   -0.893    1.725    3.557    7.751   11.129   11.866   12.817
            0.050000  0.630000  0.770000
   -2.403   -0.919    1.732    3.509    7.779   11.039   11.851   12.801
            0.050000  0.630000  0.780000
   -2.372   -0.945    1.741    3.459    7.810   10.947   11.836   12.785
            0.050000  0.630000  0.790000
   -2.341   -0.971    1.751    3.408    7.844   10.856   11.823   12.768
            0.050000  0.630000  0.800000
   -2.310   -0.996    1.763    3.357    7.880   10.764   11.812   12.751
            0.050000  0.630000  0.810000
   -2.280   -1.021    1.776    3.305    7.920   10.673   11.801   12.734
            0.050000  0.630000  0.820000
   -2.251   -1.046    1.791    3.253    7.962   10.581   11.791   12.718
            0.050000  0.630000  0.830000
   -2.222   -1.069    1.808    3.200    8.006   10.490   11.781   12.703
            0.050000  0.630000  0.840000
   -2.193   -1.093    1.826    3.147    8.053   10.399   11.773   12.688
            0.050000  0.630000  0.850000
   -2.166   -1.116    1.845    3.095    8.102   10.309   11.765   12.674
            0.050000  0.630000  0.860000
   -2.139   -1.138    1.867    3.042    8.153   10.220   11.757   12.660
            0.050000  0.630000  0.870000
   -2.113   -1.160    1.889    2.989    8.206   10.131   11.750   12.648
            0.050000  0.630000  0.880000
   -2.088   -1.181    1.913    2.937    8.262   10.044   11.744   12.636
            0.050000  0.630000  0.890000
   -2.064   -1.201    1.939    2.885    8.319    9.956   11.738   12.625
            0.050000  0.630000  0.900000
   -2.041   -1.220    1.966    2.834    8.378    9.870   11.733   12.615
            0.050000  0.630000  0.910000
   -2.019   -1.238    1.994    2.784    8.439    9.785   11.729   12.606
            0.050000  0.630000  0.920000
   -1.999   -1.255    2.024    2.734    8.501    9.701   11.724   12.598
            0.050000  0.630000  0.930000
   -1.981   -1.271    2.054    2.686    8.565    9.618   11.721   12.591
            0.050000  0.630000  0.940000
   -1.964   -1.285    2.086    2.639    8.630    9.536   11.718   12.585
            0.050000  0.630000  0.950000
   -1.950   -1.297    2.118    2.594    8.697    9.455   11.715   12.580
            0.050000  0.630000  0.960000
   -1.938   -1.308    2.150    2.551    8.765    9.376   11.713   12.575
            0.050000  0.630000  0.970000
   -1.928   -1.317    2.180    2.512    8.834    9.298   11.711   12.572
            0.050000  0.630000  0.980000
   -1.920   -1.323    2.208    2.479    8.902    9.223   11.710   12.570
            0.050000  0.630000  0.990000
   -1.916   -1.327    2.228    2.455    8.966    9.155   11.709   12.568
            0.050000  0.630000  1.000000
   -1.915   -1.328    2.236    2.446    9.003    9.117   11.709   12.568
