 &plot nbnd=   8, nks=   101 /
            0.180000 -0.840000 -1.000000
   -2.942   -0.361    2.933    3.126    7.153    7.717   13.201   14.450
            0.180000 -0.840000 -0.980000
   -2.941   -0.362    2.910    3.148    7.142    7.740   13.201   14.421
            0.180000 -0.840000 -0.960000
   -2.938   -0.366    2.857    3.195    7.114    7.802   13.202   14.338
            0.180000 -0.840000 -0.940000
   -2.934   -0.371    2.795    3.247    7.081    7.893   13.204   14.210
            0.180000 -0.840000 -0.920000
   -2.928   -0.378    2.729    3.299    7.052    8.005   13.206   14.048
            0.180000 -0.840000 -0.900000
   -2.920   -0.388    2.664    3.346    7.031    8.133   13.208   13.862
            0.180000 -0.840000 -0.880000
   -2.910   -0.400    2.600    3.386    7.022    8.272   13.211   13.659
            0.180000 -0.840000 -0.860000
   -2.899   -0.414    2.539    3.419    7.028    8.421   13.214   13.445
            0.180000 -0.840000 -0.840000
   -2.887   -0.430    2.480    3.444    7.050    8.579   13.199   13.240
            0.180000 -0.840000 -0.820000
   -2.873   -0.448    2.426    3.460    7.088    8.744   12.988   13.226
            0.180000 -0.840000 -0.800000
   -2.858   -0.467    2.376    3.469    7.143    8.915   12.756   13.230
            0.180000 -0.840000 -0.780000
   -2.842   -0.489    2.330    3.470    7.214    9.092   12.521   13.234
            0.180000 -0.840000 -0.760000
   -2.825   -0.512    2.288    3.464    7.301    9.275   12.285   13.239
            0.180000 -0.840000 -0.740000
   -2.807   -0.536    2.251    3.452    7.403    9.463   12.048   13.243
            0.180000 -0.840000 -0.720000
   -2.788   -0.561    2.218    3.436    7.519    9.654   11.813   13.248
            0.180000 -0.840000 -0.700000
   -2.770   -0.586    2.189    3.417    7.647    9.849   11.579   13.252
            0.180000 -0.840000 -0.680000
   -2.751   -0.612    2.164    3.396    7.787   10.045   11.350   13.255
            0.180000 -0.840000 -0.660000
   -2.732   -0.637    2.143    3.373    7.937   10.237   11.130   13.258
            0.180000 -0.840000 -0.640000
   -2.714   -0.662    2.124    3.352    8.097   10.406   10.938   13.259
            0.180000 -0.840000 -0.620000
   -2.697   -0.686    2.108    3.331    8.266   10.460   10.868   13.257
            0.180000 -0.840000 -0.600000
   -2.680   -0.708    2.095    3.313    8.443   10.324   10.994   13.246
            0.180000 -0.840000 -0.580000
   -2.665   -0.728    2.083    3.298    8.627   10.125   11.188   13.184
            0.180000 -0.840000 -0.560000
   -2.652   -0.745    2.073    3.287    8.817    9.915   11.399   12.997
            0.180000 -0.840000 -0.540000
   -2.640   -0.760    2.064    3.280    9.011    9.704   11.614   12.773
            0.180000 -0.840000 -0.520000
   -2.630   -0.772    2.057    3.277    9.203    9.503   11.824   12.555
            0.180000 -0.840000 -0.500000
   -2.623   -0.780    2.050    3.279    9.253    9.452   11.987   12.389
            0.180000 -0.840000 -0.480000
   -2.618   -0.785    2.045    3.286    9.067    9.644   11.949   12.428
            0.180000 -0.840000 -0.460000
   -2.615   -0.787    2.041    3.297    8.872    9.854   11.764   12.620
            0.180000 -0.840000 -0.440000
   -2.615   -0.785    2.039    3.312    8.681   10.068   11.554   12.838
            0.180000 -0.840000 -0.420000
   -2.617   -0.780    2.039    3.331    8.495   10.280   11.345   13.046
            0.180000 -0.840000 -0.400000
   -2.621   -0.772    2.040    3.352    8.316   10.479   11.152   13.175
            0.180000 -0.840000 -0.380000
   -2.628   -0.761    2.045    3.374    8.145   10.611   11.031   13.210
            0.180000 -0.840000 -0.360000
   -2.636   -0.748    2.053    3.398    7.983   10.554   11.105   13.216
            0.180000 -0.840000 -0.340000
   -2.645   -0.733    2.065    3.421    7.830   10.384   11.297   13.215
            0.180000 -0.840000 -0.320000
   -2.656   -0.716    2.080    3.444    7.688   10.191   11.518   13.211
            0.180000 -0.840000 -0.300000
   -2.667   -0.699    2.100    3.463    7.557    9.994   11.748   13.205
            0.180000 -0.840000 -0.280000
   -2.680   -0.681    2.124    3.479    7.440    9.797   11.983   13.199
            0.180000 -0.840000 -0.260000
   -2.692   -0.663    2.154    3.490    7.336    9.603   12.220   13.192
            0.180000 -0.840000 -0.240000
   -2.705   -0.644    2.188    3.495    7.247    9.413   12.457   13.185
            0.180000 -0.840000 -0.220000
   -2.717   -0.627    2.227    3.492    7.175    9.227   12.695   13.179
            0.180000 -0.840000 -0.200000
   -2.730   -0.610    2.272    3.482    7.119    9.046   12.931   13.172
            0.180000 -0.840000 -0.180000
   -2.741   -0.595    2.321    3.463    7.080    8.871   13.159   13.172
            0.180000 -0.840000 -0.160000
   -2.752   -0.580    2.375    3.435    7.058    8.701   13.159   13.395
            0.180000 -0.840000 -0.140000
   -2.762   -0.567    2.433    3.399    7.053    8.538   13.154   13.620
            0.180000 -0.840000 -0.120000
   -2.771   -0.556    2.495    3.355    7.064    8.383   13.149   13.836
            0.180000 -0.840000 -0.100000
   -2.778   -0.546    2.560    3.304    7.090    8.236   13.144   14.040
            0.180000 -0.840000 -0.080000
   -2.785   -0.538    2.627    3.247    7.129    8.100   13.141   14.227
            0.180000 -0.840000 -0.060000
   -2.790   -0.532    2.695    3.187    7.176    7.977   13.138   14.389
            0.180000 -0.840000 -0.040000
   -2.794   -0.528    2.761    3.126    7.226    7.873   13.136   14.517
            0.180000 -0.840000 -0.020000
   -2.796   -0.525    2.816    3.074    7.268    7.799   13.135   14.601
            0.180000 -0.840000  0.000000
   -2.797   -0.524    2.841    3.050    7.286    7.771   13.134   14.630
            0.180000 -0.840000  0.020000
   -2.796   -0.525    2.816    3.074    7.268    7.799   13.135   14.601
            0.180000 -0.840000  0.040000
   -2.794   -0.528    2.761    3.126    7.226    7.873   13.136   14.517
            0.180000 -0.840000  0.060000
   -2.790   -0.532    2.695    3.187    7.176    7.977   13.138   14.389
            0.180000 -0.840000  0.080000
   -2.785   -0.538    2.627    3.247    7.129    8.100   13.141   14.227
            0.180000 -0.840000  0.100000
   -2.778   -0.546    2.560    3.304    7.090    8.236   13.144   14.040
            0.180000 -0.840000  0.120000
   -2.771   -0.556    2.495    3.355    7.064    8.383   13.149   13.836
            0.180000 -0.840000  0.140000
   -2.762   -0.567    2.433    3.399    7.053    8.538   13.154   13.620
            0.180000 -0.840000  0.160000
   -2.752   -0.580    2.375    3.435    7.058    8.701   13.159   13.395
            0.180000 -0.840000  0.180000
   -2.741   -0.595    2.321    3.463    7.080    8.871   13.159   13.172
            0.180000 -0.840000  0.200000
   -2.730   -0.610    2.272    3.482    7.119    9.046   12.931   13.172
            0.180000 -0.840000  0.220000
   -2.717   -0.627    2.227    3.492    7.175    9.227   12.695   13.179
            0.180000 -0.840000  0.240000
   -2.705   -0.644    2.188    3.495    7.247    9.413   12.457   13.185
            0.180000 -0.840000  0.260000
   -2.692   -0.663    2.154    3.490    7.336    9.603   12.220   13.192
            0.180000 -0.840000  0.280000
   -2.680   -0.681    2.124    3.479    7.440    9.797   11.983   13.199
            0.180000 -0.840000  0.300000
   -2.667   -0.699    2.100    3.463    7.557    9.994   11.748   13.205
            0.180000 -0.840000  0.320000
   -2.656   -0.716    2.080    3.444    7.688   10.191   11.518   13.211
            0.180000 -0.840000  0.340000
   -2.645   -0.733    2.065    3.421    7.830   10.384   11.297   13.215
            0.180000 -0.840000  0.360000
   -2.636   -0.748    2.053    3.398    7.983   10.554   11.105   13.216
            0.180000 -0.840000  0.380000
   -2.628   -0.761    2.045    3.374    8.145   10.611   11.031   13.210
            0.180000 -0.840000  0.400000
   -2.621   -0.772    2.040    3.352    8.316   10.479   11.152   13.175
            0.180000 -0.840000  0.420000
   -2.617   -0.780    2.039    3.331    8.495   10.280   11.345   13.046
            0.180000 -0.840000  0.440000
   -2.615   -0.785    2.039    3.312    8.681   10.068   11.554   12.838
            0.180000 -0.840000  0.460000
   -2.615   -0.787    2.041    3.297    8.872    9.854   11.764   12.620
            0.180000 -0.840000  0.480000
   -2.618   -0.785    2.045    3.286    9.067    9.644   11.949   12.428
            0.180000 -0.840000  0.500000
   -2.623   -0.780    2.050    3.279    9.253    9.452   11.987   12.389
            0.180000 -0.840000  0.520000
   -2.630   -0.772    2.057    3.277    9.203    9.503   11.824   12.555
            0.180000 -0.840000  0.540000
   -2.640   -0.760    2.064    3.280    9.011    9.704   11.614   12.773
            0.180000 -0.840000  0.560000
   -2.652   -0.745    2.073    3.287    8.817    9.915   11.399   12.997
            0.180000 -0.840000  0.580000
   -2.665   -0.728    2.083    3.298    8.627   10.125   11.188   13.184
            0.180000 -0.840000  0.600000
   -2.680   -0.708    2.095    3.313    8.443   10.324   10.994   13.246
            0.180000 -0.840000  0.620000
   -2.697   -0.686    2.108    3.331    8.266   10.460   10.868   13.257
            0.180000 -0.840000  0.640000
   -2.714   -0.662    2.124    3.352    8.097   10.406   10.938   13.259
            0.180000 -0.840000  0.660000
   -2.732   -0.637    2.143    3.373    7.937   10.237   11.130   13.258
            0.180000 -0.840000  0.680000
   -2.751   -0.612    2.164    3.396    7.787   10.045   11.350   13.255
            0.180000 -0.840000  0.700000
   -2.770   -0.586    2.189    3.417    7.647    9.849   11.579   13.252
            0.180000 -0.840000  0.720000
   -2.788   -0.561    2.218    3.436    7.519    9.654   11.813   13.248
            0.180000 -0.840000  0.740000
   -2.807   -0.536    2.251    3.452    7.403    9.463   12.048   13.243
            0.180000 -0.840000  0.760000
   -2.825   -0.512    2.288    3.464    7.301    9.275   12.285   13.239
            0.180000 -0.840000  0.780000
   -2.842   -0.489    2.330    3.470    7.214    9.092   12.521   13.234
            0.180000 -0.840000  0.800000
   -2.858   -0.467    2.376    3.469    7.143    8.915   12.756   13.230
            0.180000 -0.840000  0.820000
   -2.873   -0.448    2.426    3.460    7.088    8.744   12.988   13.226
            0.180000 -0.840000  0.840000
   -2.887   -0.430    2.480    3.444    7.050    8.579   13.199   13.240
            0.180000 -0.840000  0.860000
   -2.899   -0.414    2.539    3.419    7.028    8.421   13.214   13.445
            0.180000 -0.840000  0.880000
   -2.910   -0.400    2.600    3.386    7.022    8.272   13.211   13.659
            0.180000 -0.840000  0.900000
   -2.920   -0.388    2.664    3.346    7.031    8.133   13.208   13.862
            0.180000 -0.840000  0.920000
   -2.928   -0.378    2.729    3.299    7.052    8.005   13.206   14.048
            0.180000 -0.840000  0.940000
   -2.934   -0.371    2.795    3.247    7.081    7.893   13.204   14.210
            0.180000 -0.840000  0.960000
   -2.938   -0.366    2.857    3.195    7.114    7.802   13.202   14.338
            0.180000 -0.840000  0.980000
   -2.941   -0.362    2.910    3.148    7.142    7.740   13.201   14.421
            0.180000 -0.840000  1.000000
   -2.942   -0.361    2.933    3.126    7.153    7.717   13.201   14.450
