 &plot nbnd=   8, nks=   101 /
            0.830000  0.150000  0.000000
   -2.887   -0.434    2.958    3.120    7.085    7.625   13.401   14.543
            0.830000  0.150000  0.010000
   -2.886   -0.434    2.951    3.127    7.083    7.630   13.401   14.536
            0.830000  0.150000  0.020000
   -2.886   -0.435    2.932    3.144    7.075    7.647   13.401   14.514
            0.830000  0.150000  0.030000
   -2.885   -0.436    2.906    3.167    7.064    7.673   13.402   14.478
            0.830000  0.150000  0.040000
   -2.883   -0.437    2.876    3.192    7.051    7.708   13.402   14.430
            0.830000  0.150000  0.050000
   -2.881   -0.439    2.844    3.218    7.036    7.750   13.403   14.370
            0.830000  0.150000  0.060000
   -2.879   -0.442    2.811    3.244    7.022    7.798   13.404   14.300
            0.830000  0.150000  0.070000
   -2.876   -0.445    2.777    3.269    7.009    7.851   13.405   14.222
            0.830000  0.150000  0.080000
   -2.873   -0.448    2.743    3.293    6.997    7.909   13.406   14.137
            0.830000  0.150000  0.090000
   -2.869   -0.452    2.710    3.315    6.988    7.970   13.407   14.046
            0.830000  0.150000  0.100000
   -2.865   -0.456    2.676    3.336    6.982    8.034   13.408   13.950
            0.830000  0.150000  0.110000
   -2.860   -0.461    2.643    3.355    6.979    8.102   13.409   13.849
            0.830000  0.150000  0.120000
   -2.855   -0.466    2.610    3.372    6.980    8.172   13.411   13.745
            0.830000  0.150000  0.130000
   -2.850   -0.472    2.577    3.387    6.985    8.245   13.412   13.638
            0.830000  0.150000  0.140000
   -2.844   -0.478    2.546    3.400    6.993    8.320   13.414   13.529
            0.830000  0.150000  0.150000
   -2.838   -0.484    2.515    3.411    7.006    8.397   13.406   13.427
            0.830000  0.150000  0.160000
   -2.832   -0.491    2.485    3.419    7.022    8.476   13.302   13.419
            0.830000  0.150000  0.170000
   -2.825   -0.498    2.456    3.426    7.043    8.557   13.187   13.421
            0.830000  0.150000  0.180000
   -2.818   -0.506    2.427    3.431    7.068    8.640   13.071   13.423
            0.830000  0.150000  0.190000
   -2.811   -0.514    2.400    3.433    7.097    8.724   12.955   13.425
            0.830000  0.150000  0.200000
   -2.803   -0.523    2.374    3.434    7.130    8.810   12.837   13.427
            0.830000  0.150000  0.210000
   -2.795   -0.532    2.349    3.432    7.167    8.898   12.719   13.429
            0.830000  0.150000  0.220000
   -2.787   -0.541    2.324    3.429    7.209    8.987   12.600   13.431
            0.830000  0.150000  0.230000
   -2.779   -0.551    2.301    3.425    7.254    9.077   12.481   13.433
            0.830000  0.150000  0.240000
   -2.770   -0.561    2.279    3.419    7.302    9.169   12.362   13.435
            0.830000  0.150000  0.250000
   -2.761   -0.571    2.259    3.411    7.354    9.262   12.242   13.437
            0.830000  0.150000  0.260000
   -2.752   -0.582    2.239    3.403    7.410    9.356   12.123   13.439
            0.830000  0.150000  0.270000
   -2.743   -0.593    2.220    3.393    7.469    9.451   12.004   13.441
            0.830000  0.150000  0.280000
   -2.734   -0.604    2.202    3.383    7.531    9.547   11.886   13.442
            0.830000  0.150000  0.290000
   -2.725   -0.615    2.186    3.371    7.597    9.644   11.767   13.444
            0.830000  0.150000  0.300000
   -2.716   -0.626    2.170    3.360    7.665    9.742   11.650   13.445
            0.830000  0.150000  0.310000
   -2.706   -0.638    2.155    3.348    7.736    9.840   11.533   13.446
            0.830000  0.150000  0.320000
   -2.697   -0.649    2.142    3.335    7.810    9.938   11.417   13.447
            0.830000  0.150000  0.330000
   -2.688   -0.660    2.129    3.323    7.886   10.036   11.304   13.447
            0.830000  0.150000  0.340000
   -2.678   -0.672    2.117    3.311    7.965   10.133   11.192   13.447
            0.830000  0.150000  0.350000
   -2.669   -0.683    2.106    3.298    8.046   10.228   11.085   13.445
            0.830000  0.150000  0.360000
   -2.660   -0.694    2.096    3.287    8.129   10.316   10.986   13.442
            0.830000  0.150000  0.370000
   -2.652   -0.705    2.086    3.275    8.214   10.390   10.902   13.435
            0.830000  0.150000  0.380000
   -2.643   -0.715    2.077    3.264    8.301   10.432   10.851   13.421
            0.830000  0.150000  0.390000
   -2.635   -0.725    2.069    3.254    8.390   10.421   10.855   13.390
            0.830000  0.150000  0.400000
   -2.627   -0.735    2.062    3.245    8.481   10.360   10.911   13.329
            0.830000  0.150000  0.410000
   -2.619   -0.745    2.055    3.236    8.573   10.274   10.993   13.237
            0.830000  0.150000  0.420000
   -2.612   -0.754    2.048    3.229    8.667   10.176   11.088   13.129
            0.830000  0.150000  0.430000
   -2.605   -0.762    2.042    3.222    8.763   10.073   11.190   13.016
            0.830000  0.150000  0.440000
   -2.598   -0.770    2.037    3.217    8.859    9.969   11.294   12.900
            0.830000  0.150000  0.450000
   -2.592   -0.777    2.032    3.212    8.957    9.864   11.401   12.784
            0.830000  0.150000  0.460000
   -2.587   -0.784    2.027    3.209    9.055    9.759   11.507   12.669
            0.830000  0.150000  0.470000
   -2.582   -0.790    2.023    3.207    9.153    9.657   11.613   12.557
            0.830000  0.150000  0.480000
   -2.577   -0.795    2.019    3.206    9.247    9.560   11.715   12.451
            0.830000  0.150000  0.490000
   -2.573   -0.799    2.015    3.207    9.318    9.487   11.808   12.355
            0.830000  0.150000  0.500000
   -2.570   -0.803    2.012    3.208    9.294    9.511   11.876   12.285
            0.830000  0.150000  0.510000
   -2.567   -0.806    2.010    3.211    9.208    9.599   11.890   12.272
            0.830000  0.150000  0.520000
   -2.565   -0.808    2.007    3.215    9.112    9.700   11.840   12.324
            0.830000  0.150000  0.530000
   -2.563   -0.810    2.005    3.221    9.014    9.804   11.755   12.413
            0.830000  0.150000  0.540000
   -2.562   -0.810    2.004    3.227    8.916    9.910   11.657   12.517
            0.830000  0.150000  0.550000
   -2.562   -0.810    2.003    3.234    8.818   10.016   11.554   12.627
            0.830000  0.150000  0.560000
   -2.562   -0.810    2.003    3.243    8.722   10.122   11.449   12.740
            0.830000  0.150000  0.570000
   -2.563   -0.808    2.003    3.252    8.627   10.228   11.346   12.854
            0.830000  0.150000  0.580000
   -2.564   -0.806    2.004    3.262    8.534   10.331   11.246   12.968
            0.830000  0.150000  0.590000
   -2.566   -0.803    2.006    3.273    8.442   10.428   11.152   13.079
            0.830000  0.150000  0.600000
   -2.568   -0.799    2.008    3.284    8.352   10.514   11.071   13.183
            0.830000  0.150000  0.610000
   -2.571   -0.795    2.011    3.296    8.263   10.572   11.018   13.272
            0.830000  0.150000  0.620000
   -2.574   -0.791    2.015    3.309    8.177   10.582   11.016   13.334
            0.830000  0.150000  0.630000
   -2.578   -0.785    2.020    3.322    8.093   10.538   11.068   13.369
            0.830000  0.150000  0.640000
   -2.582   -0.780    2.026    3.335    8.011   10.464   11.153   13.387
            0.830000  0.150000  0.650000
   -2.586   -0.774    2.032    3.348    7.931   10.376   11.253   13.396
            0.830000  0.150000  0.660000
   -2.591   -0.767    2.040    3.361    7.854   10.281   11.360   13.400
            0.830000  0.150000  0.670000
   -2.596   -0.760    2.049    3.374    7.779   10.184   11.472   13.402
            0.830000  0.150000  0.680000
   -2.602   -0.753    2.058    3.386    7.707   10.085   11.586   13.402
            0.830000  0.150000  0.690000
   -2.607   -0.746    2.069    3.398    7.637    9.986   11.702   13.401
            0.830000  0.150000  0.700000
   -2.613   -0.739    2.082    3.409    7.571    9.887   11.819   13.400
            0.830000  0.150000  0.710000
   -2.619   -0.731    2.095    3.419    7.508    9.788   11.937   13.398
            0.830000  0.150000  0.720000
   -2.625   -0.724    2.109    3.429    7.448    9.690   12.056   13.395
            0.830000  0.150000  0.730000
   -2.631   -0.716    2.125    3.437    7.391    9.593   12.175   13.393
            0.830000  0.150000  0.740000
   -2.638   -0.708    2.142    3.444    7.338    9.496   12.295   13.390
            0.830000  0.150000  0.750000
   -2.644   -0.701    2.160    3.450    7.288    9.401   12.414   13.387
            0.830000  0.150000  0.760000
   -2.650   -0.693    2.180    3.454    7.242    9.307   12.534   13.384
            0.830000  0.150000  0.770000
   -2.656   -0.686    2.201    3.456    7.200    9.213   12.654   13.381
            0.830000  0.150000  0.780000
   -2.663   -0.679    2.223    3.457    7.163    9.121   12.773   13.378
            0.830000  0.150000  0.790000
   -2.669   -0.672    2.246    3.456    7.129    9.031   12.893   13.375
            0.830000  0.150000  0.800000
   -2.675   -0.665    2.271    3.452    7.099    8.941   13.011   13.372
            0.830000  0.150000  0.810000
   -2.680   -0.659    2.296    3.447    7.074    8.853   13.129   13.369
            0.830000  0.150000  0.820000
   -2.686   -0.652    2.323    3.439    7.053    8.767   13.247   13.366
            0.830000  0.150000  0.830000
   -2.692   -0.646    2.351    3.429    7.036    8.681   13.360   13.367
            0.830000  0.150000  0.840000
   -2.697   -0.641    2.380    3.417    7.024    8.598   13.361   13.479
            0.830000  0.150000  0.850000
   -2.702   -0.635    2.410    3.402    7.016    8.516   13.358   13.593
            0.830000  0.150000  0.860000
   -2.707   -0.630    2.441    3.386    7.012    8.436   13.356   13.705
            0.830000  0.150000  0.870000
   -2.711   -0.626    2.473    3.367    7.012    8.358   13.353   13.815
            0.830000  0.150000  0.880000
   -2.715   -0.621    2.506    3.346    7.016    8.282   13.351   13.922
            0.830000  0.150000  0.890000
   -2.719   -0.617    2.539    3.324    7.024    8.208   13.349   14.027
            0.830000  0.150000  0.900000
   -2.723   -0.613    2.574    3.299    7.036    8.136   13.347   14.127
            0.830000  0.150000  0.910000
   -2.726   -0.610    2.608    3.273    7.051    8.067   13.345   14.224
            0.830000  0.150000  0.920000
   -2.729   -0.607    2.643    3.245    7.068    8.001   13.344   14.315
            0.830000  0.150000  0.930000
   -2.732   -0.604    2.678    3.217    7.089    7.938   13.342   14.401
            0.830000  0.150000  0.940000
   -2.734   -0.602    2.714    3.187    7.111    7.879   13.341   14.479
            0.830000  0.150000  0.950000
   -2.736   -0.600    2.748    3.157    7.135    7.825   13.340   14.548
            0.830000  0.150000  0.960000
   -2.738   -0.599    2.782    3.127    7.158    7.777   13.339   14.608
            0.830000  0.150000  0.970000
   -2.739   -0.597    2.813    3.098    7.180    7.735   13.338   14.656
            0.830000  0.150000  0.980000
   -2.740   -0.596    2.841    3.072    7.198    7.703   13.338   14.691
            0.830000  0.150000  0.990000
   -2.741   -0.596    2.861    3.053    7.210    7.682   13.338   14.713
            0.830000  0.150000  1.000000
   -2.741   -0.596    2.869    3.046    7.215    7.675   13.337   14.721
