 &plot nbnd=   8, nks=    81 /
            0.200000 -0.650000 -1.000000
   -3.386   -1.195    1.660    2.376    7.821    8.316    9.604   12.604
            0.200000 -0.650000 -0.975000
   -3.386   -1.197    1.657    2.387    7.771    8.374    9.605   12.583
            0.200000 -0.650000 -0.950000
   -3.387   -1.205    1.649    2.418    7.661    8.509    9.609   12.518
            0.200000 -0.650000 -0.925000
   -3.389   -1.217    1.639    2.466    7.534    8.677    9.616   12.401
            0.200000 -0.650000 -0.900000
   -3.392   -1.232    1.629    2.529    7.407    8.862    9.625   12.237
            0.200000 -0.650000 -0.875000
   -3.396   -1.251    1.620    2.603    7.287    9.058    9.636   12.040
            0.200000 -0.650000 -0.850000
   -3.402   -1.271    1.615    2.684    7.176    9.263    9.650   11.823
            0.200000 -0.650000 -0.825000
   -3.409   -1.292    1.614    2.770    7.077    9.473    9.668   11.593
            0.200000 -0.650000 -0.800000
   -3.419   -1.312    1.618    2.858    6.992    9.659    9.717   11.356
            0.200000 -0.650000 -0.775000
   -3.432   -1.330    1.627    2.944    6.923    9.694    9.924   11.115
            0.200000 -0.650000 -0.750000
   -3.447   -1.345    1.642    3.028    6.871    9.713   10.152   10.875
            0.200000 -0.650000 -0.725000
   -3.466   -1.356    1.661    3.105    6.838    9.729   10.382   10.641
            0.200000 -0.650000 -0.700000
   -3.488   -1.361    1.686    3.175    6.826    9.738   10.397   10.635
            0.200000 -0.650000 -0.675000
   -3.514   -1.361    1.715    3.235    6.835    9.727   10.193   10.874
            0.200000 -0.650000 -0.650000
   -3.543   -1.354    1.748    3.285    6.866    9.662   10.044   11.121
            0.200000 -0.650000 -0.625000
   -3.575   -1.341    1.784    3.323    6.919    9.512    9.982   11.371
            0.200000 -0.650000 -0.600000
   -3.611   -1.320    1.824    3.350    6.993    9.312    9.973   11.625
            0.200000 -0.650000 -0.575000
   -3.649   -1.293    1.867    3.366    7.087    9.099    9.985   11.881
            0.200000 -0.650000 -0.550000
   -3.689   -1.258    1.911    3.372    7.199    8.885   10.003   12.136
            0.200000 -0.650000 -0.525000
   -3.732   -1.217    1.957    3.370    7.324    8.677   10.024   11.924
            0.200000 -0.650000 -0.500000
   -3.775   -1.170    2.004    3.362    7.458    8.483   10.046   11.657
            0.200000 -0.650000 -0.475000
   -3.820   -1.117    2.050    3.348    7.584    8.315   10.067   11.394
            0.200000 -0.650000 -0.450000
   -3.865   -1.058    2.096    3.330    7.666    8.213   10.085   11.137
            0.200000 -0.650000 -0.425000
   -3.909   -0.995    2.141    3.310    7.641    8.236   10.099   10.888
            0.200000 -0.650000 -0.400000
   -3.954   -0.927    2.183    3.288    7.530    8.365   10.104   10.653
            0.200000 -0.650000 -0.375000
   -3.997   -0.856    2.222    3.266    7.392    8.538   10.081   10.450
            0.200000 -0.650000 -0.350000
   -4.039   -0.782    2.257    3.244    7.252    8.729    9.988   10.326
            0.200000 -0.650000 -0.325000
   -4.079   -0.705    2.288    3.222    7.121    8.926    9.817   10.289
            0.200000 -0.650000 -0.300000
   -4.117   -0.628    2.315    3.201    7.002    9.113    9.631   10.290
            0.200000 -0.650000 -0.275000
   -4.153   -0.549    2.337    3.179    6.898    9.220    9.519   10.307
            0.200000 -0.650000 -0.250000
   -4.187   -0.472    2.355    3.156    6.812    9.111    9.616   10.337
            0.200000 -0.650000 -0.225000
   -4.218   -0.395    2.369    3.133    6.743    8.929    9.776   10.388
            0.200000 -0.650000 -0.200000
   -4.246   -0.321    2.379    3.108    6.693    8.742    9.916   10.470
            0.200000 -0.650000 -0.175000
   -4.271   -0.251    2.388    3.082    6.661    8.560   10.016   10.594
            0.200000 -0.650000 -0.150000
   -4.293   -0.186    2.394    3.055    6.647    8.389   10.077   10.751
            0.200000 -0.650000 -0.125000
   -4.312   -0.128    2.399    3.028    6.648    8.230   10.113   10.924
            0.200000 -0.650000 -0.100000
   -4.327   -0.078    2.403    3.002    6.661    8.089   10.135   11.097
            0.200000 -0.650000 -0.075000
   -4.339   -0.037    2.406    2.980    6.682    7.969   10.148   11.255
            0.200000 -0.650000 -0.050000
   -4.348   -0.007    2.408    2.963    6.704    7.876   10.157   11.384
            0.200000 -0.650000 -0.025000
   -4.353    0.012    2.410    2.951    6.722    7.816   10.161   11.471
            0.200000 -0.650000  0.000000
   -4.355    0.018    2.410    2.948    6.729    7.795   10.162   11.501
            0.200000 -0.650000  0.025000
   -4.353    0.012    2.410    2.951    6.722    7.816   10.161   11.471
            0.200000 -0.650000  0.050000
   -4.348   -0.007    2.408    2.963    6.704    7.876   10.157   11.384
            0.200000 -0.650000  0.075000
   -4.339   -0.037    2.406    2.980    6.682    7.969   10.148   11.255
            0.200000 -0.650000  0.100000
   -4.327   -0.078    2.403    3.002    6.661    8.089   10.135   11.097
            0.200000 -0.650000  0.125000
   -4.312   -0.128    2.399    3.028    6.648    8.230   10.113   10.924
            0.200000 -0.650000  0.150000
   -4.293   -0.186    2.394    3.055    6.647    8.389   10.077   10.751
            0.200000 -0.650000  0.175000
   -4.271   -0.251    2.388    3.082    6.661    8.560   10.016   10.594
            0.200000 -0.650000  0.200000
   -4.246   -0.321    2.379    3.108    6.693    8.742    9.916   10.470
            0.200000 -0.650000  0.225000
   -4.218   -0.395    2.369    3.133    6.743    8.929    9.776   10.388
            0.200000 -0.650000  0.250000
   -4.187   -0.472    2.355    3.156    6.812    9.111    9.616   10.337
            0.200000 -0.650000  0.275000
   -4.153   -0.549    2.337    3.179    6.898    9.220    9.519   10.307
            0.200000 -0.650000  0.300000
   -4.117   -0.628    2.315    3.201    7.002    9.113    9.631   10.290
            0.200000 -0.650000  0.325000
   -4.079   -0.705    2.288    3.222    7.121    8.926    9.817   10.289
            0.200000 -0.650000  0.350000
   -4.039   -0.782    2.257    3.244    7.252    8.729    9.988   10.326
            0.200000 -0.650000  0.375000
   -3.997   -0.856    2.222    3.266    7.392    8.538   10.081   10.450
            0.200000 -0.650000  0.400000
   -3.954   -0.927    2.183    3.288    7.530    8.365   10.104   10.653
            0.200000 -0.650000  0.425000
   -3.909   -0.995    2.141    3.310    7.641    8.236   10.099   10.888
            0.200000 -0.650000  0.450000
   -3.865   -1.058    2.096    3.330    7.666    8.213   10.085   11.137
            0.200000 -0.650000  0.475000
   -3.820   -1.117    2.050    3.348    7.584    8.315   10.067   11.394
            0.200000 -0.650000  0.500000
   -3.775   -1.170    2.004    3.362    7.458    8.483   10.046   11.657
            0.200000 -0.650000  0.525000
   -3.732   -1.217    1.957    3.370    7.324    8.677   10.024   11.924
            0.200000 -0.650000  0.550000
   -3.689   -1.258    1.911    3.372    7.199    8.885   10.003   12.136
            0.200000 -0.650000  0.575000
   -3.649   -1.293    1.867    3.366    7.087    9.099    9.985   11.881
            0.200000 -0.650000  0.600000
   -3.611   -1.320    1.824    3.350    6.993    9.312    9.973   11.625
            0.200000 -0.650000  0.625000
   -3.575   -1.341    1.784    3.323    6.919    9.512    9.982   11.371
            0.200000 -0.650000  0.650000
   -3.543   -1.354    1.748    3.285    6.866    9.662   10.044   11.121
            0.200000 -0.650000  0.675000
   -3.514   -1.361    1.715    3.235    6.835    9.727   10.193   10.874
            0.200000 -0.650000  0.700000
   -3.488   -1.361    1.686    3.175    6.826    9.738   10.397   10.635
            0.200000 -0.650000  0.725000
   -3.466   -1.356    1.661    3.105    6.838    9.729   10.382   10.641
            0.200000 -0.650000  0.750000
   -3.447   -1.345    1.642    3.028    6.871    9.713   10.152   10.875
            0.200000 -0.650000  0.775000
   -3.432   -1.330    1.627    2.944    6.923    9.694    9.924   11.115
            0.200000 -0.650000  0.800000
   -3.419   -1.312    1.618    2.858    6.992    9.659    9.717   11.356
            0.200000 -0.650000  0.825000
   -3.409   -1.292    1.614    2.770    7.077    9.473    9.668   11.593
            0.200000 -0.650000  0.850000
   -3.402   -1.271    1.615    2.684    7.176    9.263    9.650   11.823
            0.200000 -0.650000  0.875000
   -3.396   -1.251    1.620    2.603    7.287    9.058    9.636   12.040
            0.200000 -0.650000  0.900000
   -3.392   -1.232    1.629    2.529    7.407    8.862    9.625   12.237
            0.200000 -0.650000  0.925000
   -3.389   -1.217    1.639    2.466    7.534    8.677    9.616   12.401
            0.200000 -0.650000  0.950000
   -3.387   -1.205    1.649    2.418    7.661    8.509    9.609   12.518
            0.200000 -0.650000  0.975000
   -3.386   -1.197    1.657    2.387    7.771    8.374    9.605   12.583
            0.200000 -0.650000  1.000000
   -3.386   -1.195    1.660    2.376    7.821    8.316    9.604   12.604
