 &plot nbnd=   8, nks=   101 /
            0.050000  0.450000  0.000000
   -4.916    2.825    4.232    4.319    7.316    9.465   11.057   11.142
            0.050000  0.450000  0.010000
   -4.916    2.823    4.234    4.317    7.318    9.467   11.054   11.140
            0.050000  0.450000  0.020000
   -4.915    2.816    4.239    4.312    7.325    9.470   11.048   11.133
            0.050000  0.450000  0.030000
   -4.913    2.805    4.247    4.304    7.337    9.476   11.036   11.124
            0.050000  0.450000  0.040000
   -4.910    2.790    4.257    4.295    7.354    9.485   11.017   11.113
            0.050000  0.450000  0.050000
   -4.906    2.770    4.262    4.290    7.375    9.496   10.991   11.102
            0.050000  0.450000  0.060000
   -4.902    2.747    4.251    4.300    7.400    9.509   10.957   11.092
            0.050000  0.450000  0.070000
   -4.897    2.721    4.232    4.318    7.430    9.524   10.917   11.083
            0.050000  0.450000  0.080000
   -4.891    2.691    4.209    4.340    7.463    9.542   10.872   11.073
            0.050000  0.450000  0.090000
   -4.884    2.659    4.183    4.364    7.501    9.561   10.823   11.063
            0.050000  0.450000  0.100000
   -4.877    2.624    4.155    4.390    7.542    9.582   10.770   11.052
            0.050000  0.450000  0.110000
   -4.868    2.587    4.124    4.417    7.587    9.605   10.715   11.041
            0.050000  0.450000  0.120000
   -4.859    2.547    4.091    4.444    7.635    9.629   10.659   11.029
            0.050000  0.450000  0.130000
   -4.849    2.507    4.057    4.473    7.686    9.653   10.602   11.016
            0.050000  0.450000  0.140000
   -4.839    2.464    4.021    4.502    7.740    9.678   10.545   11.003
            0.050000  0.450000  0.150000
   -4.827    2.421    3.983    4.532    7.797    9.702   10.491   10.989
            0.050000  0.450000  0.160000
   -4.815    2.376    3.944    4.561    7.857    9.723   10.440   10.974
            0.050000  0.450000  0.170000
   -4.802    2.330    3.904    4.591    7.918    9.741   10.395   10.959
            0.050000  0.450000  0.180000
   -4.788    2.283    3.863    4.620    7.983    9.751   10.358   10.943
            0.050000  0.450000  0.190000
   -4.774    2.235    3.821    4.649    8.049    9.753   10.332   10.926
            0.050000  0.450000  0.200000
   -4.759    2.187    3.779    4.678    8.117    9.743   10.320   10.909
            0.050000  0.450000  0.210000
   -4.743    2.138    3.735    4.705    8.187    9.720   10.322   10.892
            0.050000  0.450000  0.220000
   -4.726    2.089    3.692    4.732    8.259    9.687   10.338   10.874
            0.050000  0.450000  0.230000
   -4.708    2.040    3.648    4.758    8.333    9.645   10.366   10.855
            0.050000  0.450000  0.240000
   -4.690    1.990    3.604    4.783    8.408    9.596   10.402   10.837
            0.050000  0.450000  0.250000
   -4.671    1.939    3.559    4.807    8.484    9.543   10.445   10.819
            0.050000  0.450000  0.260000
   -4.651    1.889    3.514    4.829    8.561    9.488   10.492   10.802
            0.050000  0.450000  0.270000
   -4.630    1.838    3.470    4.850    8.639    9.432   10.542   10.787
            0.050000  0.450000  0.280000
   -4.609    1.788    3.425    4.870    8.717    9.376   10.589   10.778
            0.050000  0.450000  0.290000
   -4.587    1.737    3.381    4.888    8.795    9.322   10.626   10.783
            0.050000  0.450000  0.300000
   -4.564    1.686    3.336    4.904    8.870    9.272   10.642   10.811
            0.050000  0.450000  0.310000
   -4.540    1.635    3.292    4.918    8.937    9.231   10.639   10.861
            0.050000  0.450000  0.320000
   -4.516    1.585    3.248    4.931    8.984    9.214   10.626   10.923
            0.050000  0.450000  0.330000
   -4.491    1.534    3.204    4.941    8.992    9.238   10.608   10.992
            0.050000  0.450000  0.340000
   -4.465    1.483    3.161    4.949    8.968    9.297   10.588   11.065
            0.050000  0.450000  0.350000
   -4.439    1.433    3.118    4.955    8.930    9.373   10.567   11.141
            0.050000  0.450000  0.360000
   -4.412    1.383    3.075    4.958    8.888    9.455   10.545   11.219
            0.050000  0.450000  0.370000
   -4.384    1.332    3.033    4.959    8.846    9.541   10.523   11.298
            0.050000  0.450000  0.380000
   -4.355    1.282    2.992    4.957    8.805    9.629   10.501   11.379
            0.050000  0.450000  0.390000
   -4.326    1.232    2.951    4.953    8.766    9.719   10.479   11.461
            0.050000  0.450000  0.400000
   -4.296    1.183    2.910    4.946    8.729    9.808   10.458   11.543
            0.050000  0.450000  0.410000
   -4.265    1.133    2.870    4.935    8.695    9.898   10.439   11.623
            0.050000  0.450000  0.420000
   -4.234    1.084    2.831    4.923    8.665    9.985   10.422   11.701
            0.050000  0.450000  0.430000
   -4.202    1.035    2.792    4.907    8.637   10.069   10.410   11.772
            0.050000  0.450000  0.440000
   -4.169    0.986    2.754    4.888    8.613   10.142   10.409   11.830
            0.050000  0.450000  0.450000
   -4.135    0.938    2.716    4.866    8.592   10.193   10.430   11.866
            0.050000  0.450000  0.460000
   -4.101    0.890    2.680    4.842    8.574   10.216   10.482   11.874
            0.050000  0.450000  0.470000
   -4.067    0.842    2.643    4.814    8.560   10.216   10.556   11.858
            0.050000  0.450000  0.480000
   -4.031    0.794    2.608    4.784    8.550   10.204   10.642   11.827
            0.050000  0.450000  0.490000
   -3.995    0.746    2.574    4.751    8.543   10.188   10.734   11.788
            0.050000  0.450000  0.500000
   -3.959    0.699    2.540    4.716    8.539   10.169   10.828   11.746
            0.050000  0.450000  0.510000
   -3.922    0.652    2.507    4.677    8.539   10.149   10.924   11.702
            0.050000  0.450000  0.520000
   -3.884    0.605    2.474    4.637    8.542   10.128   11.020   11.659
            0.050000  0.450000  0.530000
   -3.845    0.559    2.443    4.594    8.548   10.106   11.115   11.618
            0.050000  0.450000  0.540000
   -3.806    0.513    2.413    4.549    8.558   10.085   11.205   11.582
            0.050000  0.450000  0.550000
   -3.767    0.466    2.383    4.503    8.570   10.063   11.283   11.560
            0.050000  0.450000  0.560000
   -3.727    0.421    2.354    4.454    8.586   10.042   11.332   11.568
            0.050000  0.450000  0.570000
   -3.686    0.375    2.326    4.403    8.604   10.020   11.337   11.621
            0.050000  0.450000  0.580000
   -3.645    0.330    2.299    4.352    8.625    9.999   11.315   11.703
            0.050000  0.450000  0.590000
   -3.603    0.284    2.273    4.298    8.649    9.978   11.281   11.797
            0.050000  0.450000  0.600000
   -3.561    0.239    2.248    4.244    8.675    9.958   11.244   11.896
            0.050000  0.450000  0.610000
   -3.518    0.195    2.223    4.188    8.704    9.937   11.206   11.998
            0.050000  0.450000  0.620000
   -3.475    0.150    2.200    4.132    8.735    9.918   11.167   12.102
            0.050000  0.450000  0.630000
   -3.431    0.105    2.178    4.075    8.768    9.898   11.128   12.207
            0.050000  0.450000  0.640000
   -3.387    0.061    2.156    4.017    8.803    9.879   11.090   12.313
            0.050000  0.450000  0.650000
   -3.342    0.017    2.136    3.958    8.840    9.860   11.053   12.419
            0.050000  0.450000  0.660000
   -3.297   -0.027    2.117    3.899    8.880    9.842   11.016   12.526
            0.050000  0.450000  0.670000
   -3.251   -0.071    2.098    3.840    8.921    9.824   10.980   12.633
            0.050000  0.450000  0.680000
   -3.205   -0.115    2.081    3.781    8.963    9.807   10.946   12.740
            0.050000  0.450000  0.690000
   -3.159   -0.159    2.065    3.722    9.007    9.791   10.912   12.848
            0.050000  0.450000  0.700000
   -3.113   -0.203    2.050    3.663    9.053    9.775   10.880   12.956
            0.050000  0.450000  0.710000
   -3.066   -0.247    2.036    3.604    9.100    9.759   10.848   13.064
            0.050000  0.450000  0.720000
   -3.018   -0.290    2.023    3.545    9.149    9.745   10.818   13.171
            0.050000  0.450000  0.730000
   -2.971   -0.334    2.011    3.487    9.198    9.731   10.789   13.279
            0.050000  0.450000  0.740000
   -2.923   -0.378    2.000    3.429    9.248    9.718   10.762   13.383
            0.050000  0.450000  0.750000
   -2.874   -0.421    1.991    3.372    9.299    9.706   10.735   13.447
            0.050000  0.450000  0.760000
   -2.826   -0.465    1.982    3.316    9.349    9.696   10.710   13.374
            0.050000  0.450000  0.770000
   -2.777   -0.509    1.975    3.260    9.399    9.688   10.687   13.280
            0.050000  0.450000  0.780000
   -2.729   -0.553    1.969    3.205    9.447    9.684   10.664   13.183
            0.050000  0.450000  0.790000
   -2.680   -0.597    1.964    3.151    9.490    9.686   10.644   13.087
            0.050000  0.450000  0.800000
   -2.630   -0.640    1.960    3.098    9.524    9.697   10.625   12.990
            0.050000  0.450000  0.810000
   -2.581   -0.684    1.957    3.046    9.546    9.723   10.608   12.894
            0.050000  0.450000  0.820000
   -2.532   -0.728    1.955    2.996    9.555    9.761   10.594   12.799
            0.050000  0.450000  0.830000
   -2.483   -0.773    1.955    2.946    9.557    9.807   10.581   12.704
            0.050000  0.450000  0.840000
   -2.434   -0.817    1.956    2.898    9.555    9.857   10.572   12.610
            0.050000  0.450000  0.850000
   -2.384   -0.861    1.958    2.852    9.551    9.908   10.566   12.516
            0.050000  0.450000  0.860000
   -2.335   -0.905    1.961    2.806    9.546    9.959   10.564   12.423
            0.050000  0.450000  0.870000
   -2.287   -0.949    1.965    2.763    9.540   10.008   10.567   12.330
            0.050000  0.450000  0.880000
   -2.238   -0.993    1.970    2.721    9.535   10.054   10.576   12.239
            0.050000  0.450000  0.890000
   -2.190   -1.037    1.975    2.681    9.530   10.095   10.592   12.148
            0.050000  0.450000  0.900000
   -2.142   -1.081    1.982    2.643    9.524   10.130   10.616   12.058
            0.050000  0.450000  0.910000
   -2.095   -1.125    1.990    2.607    9.520   10.158   10.649   11.969
            0.050000  0.450000  0.920000
   -2.049   -1.167    1.998    2.573    9.516   10.181   10.690   11.880
            0.050000  0.450000  0.930000
   -2.004   -1.209    2.006    2.542    9.512   10.197   10.739   11.793
            0.050000  0.450000  0.940000
   -1.961   -1.250    2.015    2.514    9.508   10.209   10.794   11.707
            0.050000  0.450000  0.950000
   -1.920   -1.289    2.023    2.489    9.505   10.218   10.855   11.622
            0.050000  0.450000  0.960000
   -1.882   -1.325    2.031    2.467    9.503   10.223   10.921   11.538
            0.050000  0.450000  0.970000
   -1.848   -1.357    2.038    2.450    9.501   10.227   10.990   11.455
            0.050000  0.450000  0.980000
   -1.821   -1.383    2.043    2.437    9.500   10.229   11.061   11.374
            0.050000  0.450000  0.990000
   -1.804   -1.400    2.046    2.429    9.499   10.231   11.134   11.295
            0.050000  0.450000  1.000000
   -1.797   -1.406    2.047    2.426    9.499   10.231   11.193   11.235
