 &plot nbnd=   8, nks=   101 /
            0.300000  0.830000  0.000000
   -2.715   -0.548    2.396    2.914    8.294    8.732   11.601   14.420
            0.300000  0.830000  0.010000
   -2.715   -0.549    2.393    2.918    8.284    8.743   11.601   14.416
            0.300000  0.830000  0.020000
   -2.715   -0.550    2.387    2.928    8.256    8.776   11.602   14.404
            0.300000  0.830000  0.030000
   -2.715   -0.552    2.376    2.944    8.217    8.823   11.603   14.383
            0.300000  0.830000  0.040000
   -2.715   -0.555    2.362    2.965    8.171    8.880   11.604   14.351
            0.300000  0.830000  0.050000
   -2.715   -0.558    2.346    2.990    8.122    8.945   11.606   14.308
            0.300000  0.830000  0.060000
   -2.715   -0.562    2.328    3.020    8.071    9.014   11.609   14.253
            0.300000  0.830000  0.070000
   -2.714   -0.567    2.310    3.052    8.020    9.086   11.612   14.188
            0.300000  0.830000  0.080000
   -2.714   -0.573    2.291    3.086    7.970    9.161   11.615   14.114
            0.300000  0.830000  0.090000
   -2.714   -0.579    2.272    3.123    7.920    9.239   11.619   14.032
            0.300000  0.830000  0.100000
   -2.714   -0.586    2.253    3.161    7.872    9.319   11.623   13.944
            0.300000  0.830000  0.110000
   -2.714   -0.593    2.234    3.200    7.826    9.401   11.627   13.851
            0.300000  0.830000  0.120000
   -2.714   -0.601    2.217    3.239    7.783    9.484   11.632   13.754
            0.300000  0.830000  0.130000
   -2.715   -0.609    2.200    3.279    7.741    9.568   11.638   13.653
            0.300000  0.830000  0.140000
   -2.715   -0.617    2.185    3.319    7.702    9.654   11.644   13.550
            0.300000  0.830000  0.150000
   -2.716   -0.626    2.170    3.360    7.665    9.742   11.650   13.445
            0.300000  0.830000  0.160000
   -2.716   -0.635    2.157    3.400    7.631    9.830   11.656   13.338
            0.300000  0.830000  0.170000
   -2.717   -0.644    2.145    3.439    7.600    9.920   11.663   13.230
            0.300000  0.830000  0.180000
   -2.719   -0.654    2.134    3.478    7.572   10.011   11.671   13.120
            0.300000  0.830000  0.190000
   -2.720   -0.663    2.124    3.516    7.548   10.103   11.678   13.010
            0.300000  0.830000  0.200000
   -2.722   -0.672    2.116    3.553    7.527   10.195   11.686   12.898
            0.300000  0.830000  0.210000
   -2.724   -0.681    2.109    3.589    7.509   10.289   11.695   12.786
            0.300000  0.830000  0.220000
   -2.727   -0.689    2.104    3.623    7.495   10.383   11.703   12.674
            0.300000  0.830000  0.230000
   -2.730   -0.698    2.100    3.656    7.484   10.478   11.713   12.562
            0.300000  0.830000  0.240000
   -2.733   -0.706    2.097    3.687    7.478   10.574   11.722   12.449
            0.300000  0.830000  0.250000
   -2.737   -0.713    2.095    3.717    7.476   10.670   11.732   12.337
            0.300000  0.830000  0.260000
   -2.742   -0.720    2.095    3.744    7.477   10.766   11.742   12.225
            0.300000  0.830000  0.270000
   -2.747   -0.726    2.096    3.769    7.483   10.862   11.753   12.114
            0.300000  0.830000  0.280000
   -2.753   -0.731    2.098    3.793    7.493   10.958   11.764   12.004
            0.300000  0.830000  0.290000
   -2.759   -0.735    2.101    3.814    7.507   11.051   11.776   11.897
            0.300000  0.830000  0.300000
   -2.766   -0.739    2.105    3.833    7.526   11.140   11.780   11.803
            0.300000  0.830000  0.310000
   -2.773   -0.742    2.111    3.850    7.549   11.219   11.699   11.805
            0.300000  0.830000  0.320000
   -2.781   -0.743    2.117    3.864    7.576   11.273   11.630   11.821
            0.300000  0.830000  0.330000
   -2.790   -0.744    2.125    3.877    7.607   11.274   11.611   11.841
            0.300000  0.830000  0.340000
   -2.800   -0.744    2.134    3.887    7.642   11.217   11.646   11.867
            0.300000  0.830000  0.350000
   -2.810   -0.742    2.143    3.895    7.682   11.130   11.699   11.905
            0.300000  0.830000  0.360000
   -2.821   -0.739    2.153    3.902    7.725   11.030   11.748   11.961
            0.300000  0.830000  0.370000
   -2.832   -0.735    2.165    3.906    7.772   10.926   11.784   12.036
            0.300000  0.830000  0.380000
   -2.844   -0.730    2.177    3.909    7.823   10.820   11.810   12.124
            0.300000  0.830000  0.390000
   -2.857   -0.724    2.189    3.910    7.878   10.713   11.829   12.220
            0.300000  0.830000  0.400000
   -2.870   -0.716    2.203    3.909    7.936   10.605   11.846   12.320
            0.300000  0.830000  0.410000
   -2.884   -0.707    2.217    3.907    7.997   10.498   11.860   12.423
            0.300000  0.830000  0.420000
   -2.899   -0.697    2.232    3.904    8.062   10.391   11.873   12.526
            0.300000  0.830000  0.430000
   -2.914   -0.686    2.247    3.900    8.129   10.284   11.885   12.628
            0.300000  0.830000  0.440000
   -2.929   -0.673    2.263    3.895    8.200   10.178   11.897   12.725
            0.300000  0.830000  0.450000
   -2.945   -0.660    2.279    3.888    8.273   10.072   11.907   12.804
            0.300000  0.830000  0.460000
   -2.962   -0.645    2.296    3.881    8.349    9.968   11.918   12.826
            0.300000  0.830000  0.470000
   -2.978   -0.629    2.313    3.874    8.427    9.864   11.927   12.766
            0.300000  0.830000  0.480000
   -2.996   -0.612    2.330    3.866    8.508    9.761   11.936   12.671
            0.300000  0.830000  0.490000
   -3.013   -0.593    2.348    3.858    8.590    9.659   11.943   12.565
            0.300000  0.830000  0.500000
   -3.031   -0.574    2.366    3.849    8.675    9.559   11.950   12.456
            0.300000  0.830000  0.510000
   -3.049   -0.554    2.384    3.841    8.762    9.459   11.953   12.349
            0.300000  0.830000  0.520000
   -3.067   -0.533    2.402    3.832    8.850    9.361   11.951   12.246
            0.300000  0.830000  0.530000
   -3.086   -0.511    2.420    3.823    8.939    9.266   11.938   12.155
            0.300000  0.830000  0.540000
   -3.104   -0.488    2.438    3.815    9.024    9.177   11.897   12.091
            0.300000  0.830000  0.550000
   -3.123   -0.464    2.456    3.807    9.049    9.151   11.821   12.062
            0.300000  0.830000  0.560000
   -3.141   -0.439    2.474    3.799    8.970    9.232   11.726   12.053
            0.300000  0.830000  0.570000
   -3.160   -0.414    2.492    3.791    8.881    9.326   11.623   12.052
            0.300000  0.830000  0.580000
   -3.179   -0.387    2.509    3.784    8.792    9.423   11.517   12.055
            0.300000  0.830000  0.590000
   -3.197   -0.361    2.526    3.778    8.704    9.521   11.411   12.059
            0.300000  0.830000  0.600000
   -3.216   -0.333    2.543    3.772    8.617    9.621   11.304   12.064
            0.300000  0.830000  0.610000
   -3.234   -0.305    2.560    3.766    8.533    9.721   11.198   12.069
            0.300000  0.830000  0.620000
   -3.252   -0.277    2.576    3.761    8.450    9.822   11.093   12.074
            0.300000  0.830000  0.630000
   -3.271   -0.248    2.592    3.757    8.369    9.924   10.989   12.079
            0.300000  0.830000  0.640000
   -3.288   -0.219    2.607    3.753    8.290   10.026   10.887   12.084
            0.300000  0.830000  0.650000
   -3.306   -0.189    2.622    3.749    8.214   10.126   10.787   12.088
            0.300000  0.830000  0.660000
   -3.323   -0.159    2.637    3.746    8.139   10.224   10.692   12.093
            0.300000  0.830000  0.670000
   -3.341   -0.129    2.651    3.744    8.067   10.311   10.609   12.098
            0.300000  0.830000  0.680000
   -3.357   -0.099    2.665    3.741    7.998   10.357   10.569   12.102
            0.300000  0.830000  0.690000
   -3.374   -0.068    2.679    3.739    7.931   10.319   10.614   12.106
            0.300000  0.830000  0.700000
   -3.390   -0.038    2.692    3.737    7.867   10.239   10.703   12.110
            0.300000  0.830000  0.710000
   -3.406   -0.007    2.705    3.735    7.806   10.149   10.802   12.114
            0.300000  0.830000  0.720000
   -3.421    0.023    2.718    3.733    7.748   10.057   10.906   12.118
            0.300000  0.830000  0.730000
   -3.436    0.053    2.731    3.731    7.693    9.964   11.011   12.122
            0.300000  0.830000  0.740000
   -3.451    0.083    2.743    3.728    7.641    9.872   11.117   12.126
            0.300000  0.830000  0.750000
   -3.465    0.113    2.756    3.725    7.592    9.781   11.223   12.130
            0.300000  0.830000  0.760000
   -3.478    0.142    2.769    3.722    7.547    9.691   11.328   12.135
            0.300000  0.830000  0.770000
   -3.492    0.171    2.781    3.718    7.505    9.602   11.433   12.140
            0.300000  0.830000  0.780000
   -3.504    0.199    2.794    3.713    7.466    9.515   11.537   12.146
            0.300000  0.830000  0.790000
   -3.517    0.227    2.807    3.707    7.431    9.429   11.638   12.154
            0.300000  0.830000  0.800000
   -3.528    0.254    2.820    3.700    7.400    9.344   11.736   12.164
            0.300000  0.830000  0.810000
   -3.540    0.280    2.834    3.693    7.372    9.262   11.828   12.180
            0.300000  0.830000  0.820000
   -3.550    0.305    2.848    3.684    7.348    9.181   11.910   12.205
            0.300000  0.830000  0.830000
   -3.561    0.330    2.862    3.674    7.327    9.102   11.977   12.244
            0.300000  0.830000  0.840000
   -3.570    0.354    2.877    3.663    7.310    9.026   12.023   12.303
            0.300000  0.830000  0.850000
   -3.579    0.376    2.892    3.652    7.297    8.951   12.052   12.377
            0.300000  0.830000  0.860000
   -3.588    0.398    2.907    3.639    7.286    8.879   12.069   12.460
            0.300000  0.830000  0.870000
   -3.596    0.418    2.923    3.625    7.279    8.810   12.080   12.548
            0.300000  0.830000  0.880000
   -3.603    0.437    2.939    3.610    7.275    8.743   12.088   12.636
            0.300000  0.830000  0.890000
   -3.610    0.455    2.955    3.595    7.274    8.680   12.093   12.724
            0.300000  0.830000  0.900000
   -3.616    0.471    2.971    3.579    7.275    8.619   12.097   12.810
            0.300000  0.830000  0.910000
   -3.622    0.486    2.987    3.563    7.278    8.563   12.100   12.893
            0.300000  0.830000  0.920000
   -3.627    0.500    3.004    3.547    7.283    8.510   12.102   12.971
            0.300000  0.830000  0.930000
   -3.632    0.512    3.019    3.531    7.289    8.462   12.104   13.045
            0.300000  0.830000  0.940000
   -3.636    0.523    3.034    3.515    7.296    8.418   12.105   13.112
            0.300000  0.830000  0.950000
   -3.639    0.532    3.048    3.501    7.303    8.380   12.106   13.171
            0.300000  0.830000  0.960000
   -3.642    0.539    3.060    3.488    7.310    8.348   12.107   13.222
            0.300000  0.830000  0.970000
   -3.644    0.545    3.071    3.478    7.316    8.322   12.108   13.263
            0.300000  0.830000  0.980000
   -3.645    0.549    3.078    3.469    7.321    8.303   12.108   13.293
            0.300000  0.830000  0.990000
   -3.646    0.551    3.083    3.464    7.324    8.292   12.108   13.312
            0.300000  0.830000  1.000000
   -3.647    0.552    3.085    3.463    7.325    8.288   12.108   13.318
