 &plot nbnd=   8, nks=   101 /
            0.400000  0.350000  0.000000
   -4.616    1.788    3.231    5.165    8.888    9.519   10.191   11.332
            0.400000  0.350000  0.010000
   -4.616    1.784    3.235    5.165    8.886    9.518   10.189   11.336
            0.400000  0.350000  0.020000
   -4.614    1.774    3.246    5.164    8.881    9.515   10.181   11.349
            0.400000  0.350000  0.030000
   -4.613    1.758    3.265    5.163    8.872    9.510   10.168   11.370
            0.400000  0.350000  0.040000
   -4.610    1.735    3.289    5.161    8.859    9.504   10.151   11.399
            0.400000  0.350000  0.050000
   -4.607    1.707    3.320    5.159    8.843    9.497   10.130   11.434
            0.400000  0.350000  0.060000
   -4.603    1.674    3.356    5.156    8.823    9.488   10.107   11.476
            0.400000  0.350000  0.070000
   -4.598    1.638    3.397    5.152    8.800    9.479   10.082   11.523
            0.400000  0.350000  0.080000
   -4.593    1.597    3.442    5.149    8.773    9.469   10.055   11.575
            0.400000  0.350000  0.090000
   -4.587    1.554    3.490    5.144    8.743    9.458   10.027   11.631
            0.400000  0.350000  0.100000
   -4.580    1.509    3.541    5.139    8.709    9.448    9.999   11.690
            0.400000  0.350000  0.110000
   -4.572    1.461    3.595    5.134    8.672    9.437    9.971   11.753
            0.400000  0.350000  0.120000
   -4.564    1.412    3.650    5.128    8.632    9.427    9.943   11.819
            0.400000  0.350000  0.130000
   -4.555    1.361    3.708    5.122    8.590    9.416    9.915   11.887
            0.400000  0.350000  0.140000
   -4.545    1.310    3.766    5.115    8.545    9.406    9.888   11.957
            0.400000  0.350000  0.150000
   -4.535    1.257    3.826    5.107    8.499    9.396    9.862   12.029
            0.400000  0.350000  0.160000
   -4.524    1.204    3.886    5.099    8.450    9.386    9.836   12.104
            0.400000  0.350000  0.170000
   -4.512    1.151    3.947    5.090    8.400    9.377    9.812   12.179
            0.400000  0.350000  0.180000
   -4.500    1.097    4.008    5.081    8.349    9.368    9.789   12.257
            0.400000  0.350000  0.190000
   -4.487    1.043    4.069    5.071    8.297    9.359    9.766   12.335
            0.400000  0.350000  0.200000
   -4.473    0.989    4.129    5.061    8.245    9.351    9.744   12.415
            0.400000  0.350000  0.210000
   -4.458    0.936    4.189    5.050    8.192    9.343    9.724   12.496
            0.400000  0.350000  0.220000
   -4.443    0.882    4.249    5.039    8.140    9.336    9.704   12.578
            0.400000  0.350000  0.230000
   -4.428    0.829    4.307    5.027    8.088    9.329    9.684   12.661
            0.400000  0.350000  0.240000
   -4.411    0.776    4.364    5.015    8.036    9.323    9.666   12.744
            0.400000  0.350000  0.250000
   -4.394    0.723    4.420    5.002    7.986    9.317    9.648   12.828
            0.400000  0.350000  0.260000
   -4.376    0.671    4.474    4.989    7.937    9.313    9.630   12.912
            0.400000  0.350000  0.270000
   -4.358    0.619    4.525    4.975    7.889    9.309    9.612   12.996
            0.400000  0.350000  0.280000
   -4.339    0.567    4.575    4.960    7.844    9.306    9.595   13.080
            0.400000  0.350000  0.290000
   -4.320    0.517    4.621    4.945    7.801    9.304    9.578   13.163
            0.400000  0.350000  0.300000
   -4.299    0.467    4.664    4.930    7.761    9.304    9.561   13.244
            0.400000  0.350000  0.310000
   -4.279    0.417    4.704    4.915    7.723    9.304    9.544   13.323
            0.400000  0.350000  0.320000
   -4.257    0.368    4.739    4.900    7.690    9.305    9.527   13.399
            0.400000  0.350000  0.330000
   -4.236    0.320    4.769    4.885    7.660    9.308    9.510   13.471
            0.400000  0.350000  0.340000
   -4.213    0.272    4.792    4.873    7.634    9.311    9.493   13.537
            0.400000  0.350000  0.350000
   -4.190    0.226    4.803    4.868    7.612    9.316    9.476   13.594
            0.400000  0.350000  0.360000
   -4.167    0.180    4.799    4.872    7.595    9.322    9.460   13.642
            0.400000  0.350000  0.370000
   -4.143    0.134    4.786    4.879    7.583    9.328    9.444   13.678
            0.400000  0.350000  0.380000
   -4.118    0.090    4.769    4.885    7.576    9.334    9.429   13.702
            0.400000  0.350000  0.390000
   -4.093    0.047    4.749    4.888    7.575    9.338    9.417   13.714
            0.400000  0.350000  0.400000
   -4.068    0.004    4.728    4.886    7.578    9.339    9.410   13.717
            0.400000  0.350000  0.410000
   -4.042   -0.038    4.705    4.880    7.586    9.333    9.412   13.712
            0.400000  0.350000  0.420000
   -4.016   -0.079    4.681    4.869    7.599    9.321    9.421   13.701
            0.400000  0.350000  0.430000
   -3.989   -0.118    4.656    4.854    7.616    9.306    9.434   13.686
            0.400000  0.350000  0.440000
   -3.962   -0.157    4.629    4.836    7.637    9.290    9.450   13.668
            0.400000  0.350000  0.450000
   -3.935   -0.195    4.600    4.814    7.663    9.274    9.469   13.647
            0.400000  0.350000  0.460000
   -3.907   -0.232    4.569    4.790    7.691    9.257    9.490   13.626
            0.400000  0.350000  0.470000
   -3.879   -0.268    4.535    4.765    7.723    9.241    9.513   13.603
            0.400000  0.350000  0.480000
   -3.850   -0.302    4.499    4.738    7.756    9.226    9.537   13.579
            0.400000  0.350000  0.490000
   -3.822   -0.336    4.459    4.710    7.792    9.213    9.564   13.554
            0.400000  0.350000  0.500000
   -3.793   -0.369    4.417    4.683    7.828    9.201    9.591   13.529
            0.400000  0.350000  0.510000
   -3.764   -0.400    4.371    4.656    7.865    9.190    9.621   13.504
            0.400000  0.350000  0.520000
   -3.735   -0.430    4.322    4.629    7.902    9.183    9.652   13.478
            0.400000  0.350000  0.530000
   -3.706   -0.459    4.270    4.603    7.938    9.178    9.684   13.453
            0.400000  0.350000  0.540000
   -3.677   -0.487    4.215    4.578    7.973    9.177    9.718   13.427
            0.400000  0.350000  0.550000
   -3.647   -0.513    4.157    4.554    8.006    9.179    9.754   13.401
            0.400000  0.350000  0.560000
   -3.618   -0.538    4.098    4.531    8.036    9.186    9.791   13.375
            0.400000  0.350000  0.570000
   -3.589   -0.562    4.036    4.508    8.063    9.198    9.830   13.350
            0.400000  0.350000  0.580000
   -3.559   -0.585    3.973    4.486    8.086    9.214    9.870   13.324
            0.400000  0.350000  0.590000
   -3.530   -0.606    3.908    4.464    8.105    9.236    9.912   13.299
            0.400000  0.350000  0.600000
   -3.501   -0.626    3.841    4.443    8.120    9.264    9.955   13.274
            0.400000  0.350000  0.610000
   -3.473   -0.644    3.774    4.423    8.131    9.296    9.999   13.249
            0.400000  0.350000  0.620000
   -3.444   -0.661    3.706    4.403    8.138    9.334   10.045   13.225
            0.400000  0.350000  0.630000
   -3.416   -0.676    3.637    4.384    8.141    9.376   10.093   13.200
            0.400000  0.350000  0.640000
   -3.388   -0.690    3.567    4.365    8.141    9.423   10.142   13.177
            0.400000  0.350000  0.650000
   -3.361   -0.702    3.497    4.346    8.137    9.473   10.193   13.153
            0.400000  0.350000  0.660000
   -3.334   -0.713    3.427    4.328    8.132    9.527   10.244   13.131
            0.400000  0.350000  0.670000
   -3.308   -0.722    3.356    4.311    8.124    9.585   10.298   13.108
            0.400000  0.350000  0.680000
   -3.282   -0.729    3.286    4.293    8.114    9.644   10.352   13.086
            0.400000  0.350000  0.690000
   -3.257   -0.735    3.215    4.277    8.103    9.706   10.409   13.065
            0.400000  0.350000  0.700000
   -3.232   -0.739    3.145    4.261    8.090    9.770   10.466   13.044
            0.400000  0.350000  0.710000
   -3.208   -0.742    3.075    4.245    8.077    9.835   10.525   13.024
            0.400000  0.350000  0.720000
   -3.185   -0.743    3.005    4.229    8.063    9.902   10.585   13.004
            0.400000  0.350000  0.730000
   -3.163   -0.742    2.936    4.215    8.048    9.971   10.646   12.985
            0.400000  0.350000  0.740000
   -3.142   -0.740    2.867    4.200    8.033   10.040   10.709   12.966
            0.400000  0.350000  0.750000
   -3.121   -0.736    2.799    4.186    8.018   10.110   10.773   12.948
            0.400000  0.350000  0.760000
   -3.101   -0.731    2.732    4.173    8.003   10.180   10.838   12.931
            0.400000  0.350000  0.770000
   -3.082   -0.724    2.665    4.160    7.987   10.252   10.904   12.914
            0.400000  0.350000  0.780000
   -3.064   -0.716    2.600    4.148    7.972   10.323   10.971   12.898
            0.400000  0.350000  0.790000
   -3.047   -0.706    2.536    4.136    7.958   10.395   11.040   12.883
            0.400000  0.350000  0.800000
   -3.031   -0.696    2.473    4.124    7.943   10.468   11.109   12.868
            0.400000  0.350000  0.810000
   -3.016   -0.684    2.411    4.114    7.929   10.540   11.179   12.854
            0.400000  0.350000  0.820000
   -3.001   -0.671    2.351    4.103    7.916   10.613   11.249   12.840
            0.400000  0.350000  0.830000
   -2.988   -0.657    2.293    4.093    7.903   10.686   11.320   12.827
            0.400000  0.350000  0.840000
   -2.976   -0.642    2.236    4.084    7.890   10.758   11.392   12.815
            0.400000  0.350000  0.850000
   -2.964   -0.627    2.181    4.075    7.878   10.830   11.464   12.804
            0.400000  0.350000  0.860000
   -2.953   -0.612    2.129    4.067    7.867   10.903   11.536   12.792
            0.400000  0.350000  0.870000
   -2.943   -0.596    2.079    4.060    7.857   10.974   11.608   12.782
            0.400000  0.350000  0.880000
   -2.934   -0.580    2.031    4.052    7.847   11.045   11.679   12.771
            0.400000  0.350000  0.890000
   -2.926   -0.564    1.986    4.046    7.838   11.115   11.750   12.761
            0.400000  0.350000  0.900000
   -2.919   -0.548    1.944    4.040    7.829   11.184   11.819   12.751
            0.400000  0.350000  0.910000
   -2.912   -0.533    1.905    4.034    7.821   11.252   11.887   12.740
            0.400000  0.350000  0.920000
   -2.906   -0.519    1.870    4.030    7.814   11.317   11.953   12.727
            0.400000  0.350000  0.930000
   -2.901   -0.506    1.838    4.025    7.808   11.380   12.016   12.712
            0.400000  0.350000  0.940000
   -2.897   -0.494    1.809    4.022    7.803   11.439   12.075   12.694
            0.400000  0.350000  0.950000
   -2.893   -0.483    1.785    4.018    7.798   11.494   12.129   12.671
            0.400000  0.350000  0.960000
   -2.890   -0.474    1.765    4.016    7.795   11.542   12.178   12.644
            0.400000  0.350000  0.970000
   -2.888   -0.467    1.749    4.014    7.792   11.583   12.219   12.617
            0.400000  0.350000  0.980000
   -2.886   -0.462    1.738    4.012    7.790   11.614   12.251   12.592
            0.400000  0.350000  0.990000
   -2.885   -0.459    1.731    4.011    7.788   11.633   12.272   12.574
            0.400000  0.350000  1.000000
   -2.885   -0.458    1.728    4.011    7.788   11.640   12.280   12.567
