 &plot nbnd=   8, nks=   101 /
            0.320000  0.750000  0.000000
   -3.142   -0.083    2.388    3.249    8.537    9.183   10.779   13.736
            0.320000  0.750000  0.010000
   -3.142   -0.084    2.388    3.250    8.530    9.191   10.780   13.729
            0.320000  0.750000  0.020000
   -3.141   -0.086    2.388    3.255    8.510    9.216   10.780   13.709
            0.320000  0.750000  0.030000
   -3.141   -0.091    2.388    3.262    8.480    9.253   10.782   13.677
            0.320000  0.750000  0.040000
   -3.140   -0.098    2.389    3.272    8.443    9.301   10.783   13.633
            0.320000  0.750000  0.050000
   -3.139   -0.106    2.390    3.285    8.400    9.357   10.785   13.580
            0.320000  0.750000  0.060000
   -3.137   -0.117    2.391    3.300    8.355    9.419   10.788   13.518
            0.320000  0.750000  0.070000
   -3.135   -0.129    2.393    3.318    8.308    9.486   10.791   13.448
            0.320000  0.750000  0.080000
   -3.134   -0.142    2.395    3.339    8.260    9.556   10.794   13.372
            0.320000  0.750000  0.090000
   -3.131   -0.157    2.398    3.361    8.213    9.629   10.798   13.291
            0.320000  0.750000  0.100000
   -3.129   -0.173    2.401    3.385    8.166    9.705   10.803   13.206
            0.320000  0.750000  0.110000
   -3.127   -0.191    2.404    3.412    8.120    9.783   10.808   13.117
            0.320000  0.750000  0.120000
   -3.124   -0.210    2.408    3.439    8.076    9.863   10.813   13.025
            0.320000  0.750000  0.130000
   -3.121   -0.229    2.412    3.468    8.033    9.944   10.820   12.930
            0.320000  0.750000  0.140000
   -3.118   -0.250    2.417    3.498    7.992   10.027   10.827   12.833
            0.320000  0.750000  0.150000
   -3.115   -0.271    2.423    3.529    7.953   10.110   10.834   12.735
            0.320000  0.750000  0.160000
   -3.112   -0.294    2.429    3.561    7.917   10.195   10.843   12.635
            0.320000  0.750000  0.170000
   -3.108   -0.316    2.436    3.593    7.883   10.279   10.853   12.535
            0.320000  0.750000  0.180000
   -3.105   -0.339    2.443    3.625    7.851   10.364   10.864   12.433
            0.320000  0.750000  0.190000
   -3.101   -0.362    2.451    3.658    7.822   10.447   10.878   12.331
            0.320000  0.750000  0.200000
   -3.098   -0.386    2.460    3.690    7.797   10.527   10.896   12.228
            0.320000  0.750000  0.210000
   -3.095   -0.409    2.469    3.723    7.774   10.603   10.920   12.124
            0.320000  0.750000  0.220000
   -3.091   -0.433    2.479    3.754    7.754   10.670   10.953   12.021
            0.320000  0.750000  0.230000
   -3.088   -0.456    2.489    3.785    7.738   10.724   11.000   11.918
            0.320000  0.750000  0.240000
   -3.085   -0.479    2.500    3.815    7.725   10.764   11.061   11.816
            0.320000  0.750000  0.250000
   -3.082   -0.501    2.511    3.844    7.716   10.792   11.135   11.714
            0.320000  0.750000  0.260000
   -3.080   -0.523    2.523    3.872    7.710   10.811   11.217   11.614
            0.320000  0.750000  0.270000
   -3.077   -0.544    2.535    3.899    7.708   10.823   11.302   11.519
            0.320000  0.750000  0.280000
   -3.075   -0.565    2.548    3.924    7.710   10.830   11.365   11.452
            0.320000  0.750000  0.290000
   -3.074   -0.585    2.561    3.948    7.715   10.831   11.311   11.510
            0.320000  0.750000  0.300000
   -3.072   -0.603    2.575    3.970    7.725   10.824   11.230   11.603
            0.320000  0.750000  0.310000
   -3.071   -0.621    2.589    3.990    7.739   10.804   11.158   11.701
            0.320000  0.750000  0.320000
   -3.071   -0.638    2.603    4.009    7.756   10.767   11.102   11.802
            0.320000  0.750000  0.330000
   -3.070   -0.654    2.617    4.025    7.778   10.710   11.066   11.903
            0.320000  0.750000  0.340000
   -3.071   -0.668    2.632    4.040    7.803   10.637   11.046   12.006
            0.320000  0.750000  0.350000
   -3.072   -0.681    2.647    4.053    7.833   10.553   11.036   12.110
            0.320000  0.750000  0.360000
   -3.073   -0.693    2.662    4.065    7.866   10.463   11.034   12.215
            0.320000  0.750000  0.370000
   -3.075   -0.703    2.677    4.075    7.903   10.370   11.035   12.321
            0.320000  0.750000  0.380000
   -3.078   -0.712    2.692    4.083    7.943   10.275   11.038   12.427
            0.320000  0.750000  0.390000
   -3.081   -0.719    2.707    4.089    7.988   10.178   11.043   12.535
            0.320000  0.750000  0.400000
   -3.085   -0.725    2.723    4.094    8.035   10.082   11.049   12.642
            0.320000  0.750000  0.410000
   -3.090   -0.729    2.738    4.098    8.086    9.986   11.055   12.750
            0.320000  0.750000  0.420000
   -3.095   -0.731    2.753    4.100    8.141    9.890   11.062   12.859
            0.320000  0.750000  0.430000
   -3.101   -0.732    2.768    4.101    8.198    9.795   11.069   12.968
            0.320000  0.750000  0.440000
   -3.107   -0.731    2.782    4.101    8.258    9.701   11.076   13.077
            0.320000  0.750000  0.450000
   -3.115   -0.729    2.797    4.100    8.320    9.608   11.083   13.185
            0.320000  0.750000  0.460000
   -3.122   -0.725    2.811    4.099    8.384    9.517   11.089   13.293
            0.320000  0.750000  0.470000
   -3.131   -0.719    2.824    4.096    8.451    9.428   11.096   13.395
            0.320000  0.750000  0.480000
   -3.140   -0.712    2.838    4.093    8.518    9.341   11.103   13.435
            0.320000  0.750000  0.490000
   -3.149   -0.703    2.850    4.090    8.586    9.258   11.109   13.345
            0.320000  0.750000  0.500000
   -3.159   -0.693    2.862    4.086    8.651    9.181   11.115   13.234
            0.320000  0.750000  0.510000
   -3.170   -0.681    2.873    4.082    8.709    9.114   11.121   13.121
            0.320000  0.750000  0.520000
   -3.181   -0.667    2.884    4.077    8.750    9.070   11.127   13.007
            0.320000  0.750000  0.530000
   -3.193   -0.652    2.894    4.072    8.754    9.064   11.132   12.894
            0.320000  0.750000  0.540000
   -3.205   -0.635    2.903    4.068    8.719    9.101   11.138   12.781
            0.320000  0.750000  0.550000
   -3.217   -0.617    2.912    4.063    8.662    9.164   11.143   12.668
            0.320000  0.750000  0.560000
   -3.230   -0.598    2.919    4.058    8.597    9.238   11.147   12.556
            0.320000  0.750000  0.570000
   -3.243   -0.578    2.926    4.053    8.529    9.320   11.152   12.445
            0.320000  0.750000  0.580000
   -3.256   -0.556    2.932    4.048    8.460    9.405   11.156   12.334
            0.320000  0.750000  0.590000
   -3.269   -0.533    2.936    4.043    8.392    9.492   11.160   12.224
            0.320000  0.750000  0.600000
   -3.283   -0.508    2.940    4.038    8.326    9.582   11.164   12.114
            0.320000  0.750000  0.610000
   -3.297   -0.483    2.943    4.033    8.261    9.674   11.168   12.006
            0.320000  0.750000  0.620000
   -3.311   -0.457    2.945    4.028    8.199    9.766   11.172   11.898
            0.320000  0.750000  0.630000
   -3.324   -0.429    2.947    4.022    8.139    9.859   11.176   11.791
            0.320000  0.750000  0.640000
   -3.338   -0.401    2.947    4.016    8.082    9.953   11.179   11.684
            0.320000  0.750000  0.650000
   -3.352   -0.372    2.947    4.010    8.028   10.048   11.183   11.579
            0.320000  0.750000  0.660000
   -3.366   -0.342    2.946    4.004    7.977   10.143   11.188   11.475
            0.320000  0.750000  0.670000
   -3.380   -0.311    2.944    3.997    7.929   10.237   11.193   11.372
            0.320000  0.750000  0.680000
   -3.394   -0.280    2.941    3.989    7.884   10.331   11.198   11.270
            0.320000  0.750000  0.690000
   -3.407   -0.248    2.938    3.981    7.842   10.423   11.168   11.206
            0.320000  0.750000  0.700000
   -3.421   -0.216    2.934    3.972    7.805   10.513   11.069   11.215
            0.320000  0.750000  0.710000
   -3.434   -0.183    2.930    3.962    7.770   10.599   10.973   11.226
            0.320000  0.750000  0.720000
   -3.447   -0.149    2.925    3.951    7.740   10.673   10.885   11.242
            0.320000  0.750000  0.730000
   -3.459   -0.116    2.920    3.939    7.713   10.705   10.835   11.264
            0.320000  0.750000  0.740000
   -3.472   -0.082    2.915    3.927    7.689   10.647   10.867   11.294
            0.320000  0.750000  0.750000
   -3.484   -0.048    2.909    3.913    7.670   10.561   10.918   11.335
            0.320000  0.750000  0.760000
   -3.496   -0.014    2.903    3.899    7.654   10.470   10.962   11.389
            0.320000  0.750000  0.770000
   -3.507    0.020    2.897    3.883    7.642   10.378   10.995   11.454
            0.320000  0.750000  0.780000
   -3.518    0.054    2.890    3.867    7.634   10.288   11.020   11.529
            0.320000  0.750000  0.790000
   -3.529    0.087    2.884    3.850    7.629   10.198   11.037   11.611
            0.320000  0.750000  0.800000
   -3.539    0.121    2.877    3.833    7.628   10.109   11.049   11.698
            0.320000  0.750000  0.810000
   -3.549    0.153    2.871    3.815    7.630   10.022   11.058   11.788
            0.320000  0.750000  0.820000
   -3.558    0.185    2.864    3.796    7.636    9.936   11.064   11.879
            0.320000  0.750000  0.830000
   -3.567    0.217    2.858    3.777    7.645    9.852   11.068   11.972
            0.320000  0.750000  0.840000
   -3.576    0.248    2.852    3.758    7.657    9.769   11.071   12.064
            0.320000  0.750000  0.850000
   -3.584    0.278    2.845    3.739    7.672    9.688   11.074   12.156
            0.320000  0.750000  0.860000
   -3.592    0.306    2.839    3.720    7.689    9.609   11.075   12.248
            0.320000  0.750000  0.870000
   -3.599    0.334    2.833    3.701    7.709    9.533   11.076   12.338
            0.320000  0.750000  0.880000
   -3.606    0.360    2.828    3.683    7.732    9.458   11.077   12.426
            0.320000  0.750000  0.890000
   -3.612    0.385    2.822    3.665    7.756    9.387   11.077   12.511
            0.320000  0.750000  0.900000
   -3.617    0.408    2.817    3.649    7.781    9.318   11.077   12.594
            0.320000  0.750000  0.910000
   -3.623    0.430    2.813    3.633    7.808    9.252   11.077   12.673
            0.320000  0.750000  0.920000
   -3.627    0.449    2.808    3.618    7.835    9.190   11.077   12.748
            0.320000  0.750000  0.930000
   -3.631    0.467    2.804    3.605    7.862    9.132   11.077   12.818
            0.320000  0.750000  0.940000
   -3.635    0.483    2.801    3.594    7.889    9.079   11.077   12.881
            0.320000  0.750000  0.950000
   -3.638    0.496    2.798    3.583    7.914    9.032   11.077   12.938
            0.320000  0.750000  0.960000
   -3.640    0.507    2.795    3.575    7.937    8.991   11.077   12.986
            0.320000  0.750000  0.970000
   -3.642    0.516    2.793    3.568    7.956    8.958   11.077   13.025
            0.320000  0.750000  0.980000
   -3.643    0.522    2.792    3.563    7.971    8.933   11.076   13.054
            0.320000  0.750000  0.990000
   -3.644    0.526    2.791    3.560    7.980    8.918   11.076   13.072
            0.320000  0.750000  1.000000
   -3.645    0.527    2.791    3.560    7.983    8.913   11.076   13.078
