 &plot nbnd=   8, nks=   101 /
            0.260000  0.490000  0.000000
   -4.508    1.714    3.288    4.613    8.484    9.677   10.190   11.225
            0.260000  0.490000  0.010000
   -4.508    1.711    3.291    4.612    8.483    9.677   10.192   11.222
            0.260000  0.490000  0.020000
   -4.507    1.703    3.300    4.611    8.478    9.679   10.199   11.213
            0.260000  0.490000  0.030000
   -4.505    1.689    3.314    4.609    8.471    9.681   10.210   11.197
            0.260000  0.490000  0.040000
   -4.502    1.670    3.334    4.607    8.461    9.684   10.226   11.177
            0.260000  0.490000  0.050000
   -4.499    1.646    3.358    4.604    8.449    9.687   10.246   11.151
            0.260000  0.490000  0.060000
   -4.495    1.619    3.387    4.600    8.435    9.689   10.272   11.121
            0.260000  0.490000  0.070000
   -4.490    1.587    3.420    4.595    8.419    9.691   10.302   11.086
            0.260000  0.490000  0.080000
   -4.485    1.552    3.456    4.589    8.402    9.691   10.336   11.049
            0.260000  0.490000  0.090000
   -4.479    1.514    3.495    4.583    8.384    9.689   10.375   11.009
            0.260000  0.490000  0.100000
   -4.472    1.474    3.536    4.576    8.366    9.687   10.417   10.968
            0.260000  0.490000  0.110000
   -4.465    1.431    3.580    4.569    8.347    9.682   10.463   10.926
            0.260000  0.490000  0.120000
   -4.456    1.387    3.626    4.560    8.329    9.675   10.510   10.885
            0.260000  0.490000  0.130000
   -4.448    1.341    3.673    4.551    8.311    9.666   10.557   10.848
            0.260000  0.490000  0.140000
   -4.438    1.294    3.720    4.541    8.293    9.656   10.596   10.820
            0.260000  0.490000  0.150000
   -4.428    1.246    3.769    4.531    8.277    9.643   10.617   10.815
            0.260000  0.490000  0.160000
   -4.417    1.198    3.818    4.520    8.261    9.628   10.609   10.842
            0.260000  0.490000  0.170000
   -4.405    1.148    3.867    4.508    8.246    9.612   10.581   10.892
            0.260000  0.490000  0.180000
   -4.393    1.098    3.916    4.496    8.233    9.593   10.545   10.954
            0.260000  0.490000  0.190000
   -4.380    1.048    3.964    4.483    8.221    9.573   10.505   11.022
            0.260000  0.490000  0.200000
   -4.366    0.997    4.012    4.470    8.211    9.551   10.464   11.095
            0.260000  0.490000  0.210000
   -4.352    0.947    4.058    4.458    8.202    9.527   10.424   11.171
            0.260000  0.490000  0.220000
   -4.337    0.896    4.102    4.445    8.194    9.502   10.385   11.250
            0.260000  0.490000  0.230000
   -4.321    0.845    4.142    4.435    8.188    9.475   10.346   11.331
            0.260000  0.490000  0.240000
   -4.305    0.795    4.178    4.427    8.184    9.448   10.309   11.414
            0.260000  0.490000  0.250000
   -4.288    0.745    4.207    4.425    8.180    9.420   10.273   11.498
            0.260000  0.490000  0.260000
   -4.270    0.695    4.226    4.430    8.179    9.392   10.239   11.585
            0.260000  0.490000  0.270000
   -4.252    0.645    4.234    4.445    8.178    9.364   10.205   11.673
            0.260000  0.490000  0.280000
   -4.233    0.596    4.231    4.467    8.178    9.337   10.173   11.762
            0.260000  0.490000  0.290000
   -4.214    0.547    4.221    4.495    8.180    9.311   10.142   11.853
            0.260000  0.490000  0.300000
   -4.194    0.498    4.205    4.525    8.182    9.287   10.111   11.944
            0.260000  0.490000  0.310000
   -4.173    0.450    4.187    4.556    8.184    9.265   10.082   12.037
            0.260000  0.490000  0.320000
   -4.152    0.403    4.165    4.586    8.187    9.245   10.053   12.132
            0.260000  0.490000  0.330000
   -4.130    0.356    4.143    4.615    8.189    9.229   10.024   12.227
            0.260000  0.490000  0.340000
   -4.108    0.310    4.118    4.642    8.192    9.216    9.997   12.323
            0.260000  0.490000  0.350000
   -4.085    0.265    4.093    4.667    8.194    9.207    9.969   12.420
            0.260000  0.490000  0.360000
   -4.062    0.220    4.066    4.690    8.195    9.203    9.942   12.517
            0.260000  0.490000  0.370000
   -4.038    0.176    4.039    4.711    8.196    9.204    9.915   12.616
            0.260000  0.490000  0.380000
   -4.013    0.133    4.011    4.728    8.196    9.209    9.889   12.715
            0.260000  0.490000  0.390000
   -3.989    0.090    3.982    4.743    8.196    9.220    9.862   12.814
            0.260000  0.490000  0.400000
   -3.963    0.048    3.953    4.755    8.195    9.235    9.836   12.914
            0.260000  0.490000  0.410000
   -3.938    0.007    3.922    4.764    8.194    9.255    9.811   13.015
            0.260000  0.490000  0.420000
   -3.912   -0.033    3.892    4.770    8.192    9.279    9.786   13.115
            0.260000  0.490000  0.430000
   -3.885   -0.072    3.861    4.773    8.191    9.308    9.761   13.215
            0.260000  0.490000  0.440000
   -3.858   -0.111    3.829    4.773    8.191    9.339    9.738   13.314
            0.260000  0.490000  0.450000
   -3.831   -0.148    3.797    4.769    8.191    9.373    9.717   13.412
            0.260000  0.490000  0.460000
   -3.803   -0.185    3.764    4.763    8.192    9.407    9.700   13.506
            0.260000  0.490000  0.470000
   -3.775   -0.220    3.731    4.753    8.195    9.439    9.688   13.594
            0.260000  0.490000  0.480000
   -3.747   -0.255    3.697    4.740    8.199    9.464    9.687   13.667
            0.260000  0.490000  0.490000
   -3.719   -0.288    3.664    4.725    8.205    9.477    9.701   13.713
            0.260000  0.490000  0.500000
   -3.690   -0.321    3.629    4.706    8.213    9.476    9.732   13.725
            0.260000  0.490000  0.510000
   -3.661   -0.352    3.594    4.685    8.223    9.466    9.776   13.713
            0.260000  0.490000  0.520000
   -3.632   -0.382    3.559    4.662    8.236    9.449    9.828   13.689
            0.260000  0.490000  0.530000
   -3.603   -0.412    3.524    4.636    8.250    9.428    9.887   13.661
            0.260000  0.490000  0.540000
   -3.574   -0.440    3.487    4.608    8.266    9.406    9.950   13.630
            0.260000  0.490000  0.550000
   -3.545   -0.467    3.451    4.578    8.285    9.382   10.016   13.598
            0.260000  0.490000  0.560000
   -3.515   -0.492    3.414    4.547    8.306    9.358   10.085   13.566
            0.260000  0.490000  0.570000
   -3.486   -0.517    3.376    4.514    8.329    9.333   10.157   13.534
            0.260000  0.490000  0.580000
   -3.457   -0.540    3.338    4.479    8.354    9.309   10.230   13.503
            0.260000  0.490000  0.590000
   -3.428   -0.562    3.300    4.443    8.381    9.284   10.305   13.472
            0.260000  0.490000  0.600000
   -3.399   -0.583    3.261    4.407    8.410    9.260   10.382   13.441
            0.260000  0.490000  0.610000
   -3.370   -0.602    3.221    4.369    8.441    9.236   10.461   13.411
            0.260000  0.490000  0.620000
   -3.342   -0.620    3.181    4.332    8.474    9.212   10.540   13.381
            0.260000  0.490000  0.630000
   -3.314   -0.636    3.141    4.293    8.509    9.189   10.621   13.352
            0.260000  0.490000  0.640000
   -3.286   -0.651    3.099    4.255    8.545    9.166   10.703   13.323
            0.260000  0.490000  0.650000
   -3.258   -0.665    3.058    4.217    8.582    9.145   10.786   13.295
            0.260000  0.490000  0.660000
   -3.231   -0.677    3.015    4.178    8.620    9.124   10.870   13.268
            0.260000  0.490000  0.670000
   -3.205   -0.688    2.972    4.141    8.660    9.105   10.955   13.240
            0.260000  0.490000  0.680000
   -3.179   -0.697    2.928    4.103    8.699    9.087   11.041   13.214
            0.260000  0.490000  0.690000
   -3.154   -0.705    2.884    4.067    8.738    9.073   11.127   13.187
            0.260000  0.490000  0.700000
   -3.129   -0.711    2.840    4.031    8.775    9.062   11.214   13.161
            0.260000  0.490000  0.710000
   -3.105   -0.716    2.795    3.996    8.808    9.057   11.301   13.134
            0.260000  0.490000  0.720000
   -3.081   -0.720    2.749    3.961    8.833    9.062   11.389   13.107
            0.260000  0.490000  0.730000
   -3.059   -0.721    2.703    3.928    8.849    9.078   11.477   13.078
            0.260000  0.490000  0.740000
   -3.037   -0.722    2.657    3.896    8.855    9.106   11.566   13.046
            0.260000  0.490000  0.750000
   -3.016   -0.721    2.611    3.865    8.853    9.144   11.655   13.010
            0.260000  0.490000  0.760000
   -2.996   -0.718    2.565    3.836    8.846    9.189   11.743   12.965
            0.260000  0.490000  0.770000
   -2.977   -0.715    2.518    3.807    8.836    9.239   11.832   12.910
            0.260000  0.490000  0.780000
   -2.958   -0.710    2.472    3.780    8.824    9.292   11.920   12.845
            0.260000  0.490000  0.790000
   -2.941   -0.703    2.426    3.754    8.812    9.347   12.008   12.771
            0.260000  0.490000  0.800000
   -2.924   -0.696    2.381    3.729    8.799    9.405   12.094   12.693
            0.260000  0.490000  0.810000
   -2.909   -0.688    2.336    3.706    8.787    9.464   12.178   12.614
            0.260000  0.490000  0.820000
   -2.894   -0.678    2.291    3.684    8.774    9.525   12.254   12.540
            0.260000  0.490000  0.830000
   -2.880   -0.668    2.248    3.663    8.762    9.586   12.304   12.491
            0.260000  0.490000  0.840000
   -2.868   -0.657    2.206    3.644    8.751    9.650   12.286   12.509
            0.260000  0.490000  0.850000
   -2.856   -0.646    2.165    3.625    8.740    9.714   12.220   12.573
            0.260000  0.490000  0.860000
   -2.845   -0.634    2.125    3.608    8.729    9.778   12.141   12.648
            0.260000  0.490000  0.870000
   -2.834   -0.622    2.087    3.593    8.719    9.844   12.058   12.722
            0.260000  0.490000  0.880000
   -2.825   -0.610    2.051    3.578    8.710    9.910   11.974   12.787
            0.260000  0.490000  0.890000
   -2.817   -0.598    2.016    3.565    8.702    9.977   11.891   12.831
            0.260000  0.490000  0.900000
   -2.809   -0.586    1.984    3.552    8.694   10.044   11.809   12.850
            0.260000  0.490000  0.910000
   -2.802   -0.575    1.954    3.542    8.687   10.110   11.727   12.855
            0.260000  0.490000  0.920000
   -2.796   -0.564    1.927    3.532    8.680   10.176   11.648   12.855
            0.260000  0.490000  0.930000
   -2.791   -0.554    1.902    3.523    8.675   10.242   11.571   12.852
            0.260000  0.490000  0.940000
   -2.786   -0.545    1.880    3.516    8.670   10.305   11.497   12.849
            0.260000  0.490000  0.950000
   -2.783   -0.537    1.862    3.510    8.666   10.366   11.428   12.846
            0.260000  0.490000  0.960000
   -2.780   -0.530    1.846    3.504    8.662   10.423   11.364   12.843
            0.260000  0.490000  0.970000
   -2.777   -0.525    1.834    3.500    8.660   10.473   11.308   12.841
            0.260000  0.490000  0.980000
   -2.775   -0.521    1.825    3.498    8.658   10.514   11.264   12.840
            0.260000  0.490000  0.990000
   -2.774   -0.519    1.820    3.496    8.657   10.540   11.235   12.839
            0.260000  0.490000  1.000000
   -2.774   -0.518    1.818    3.495    8.656   10.550   11.224   12.838
