 &plot nbnd=   8, nks=   101 /
            0.600000 -0.500000 -1.000000
   -4.121    0.997    2.648    4.735    8.796    9.761   11.050   11.138
            0.600000 -0.500000 -0.980000
   -4.120    0.985    2.662    4.735    8.794    9.748   11.015   11.176
            0.600000 -0.500000 -0.960000
   -4.117    0.952    2.700    4.735    8.789    9.713   10.950   11.250
            0.600000 -0.500000 -0.940000
   -4.111    0.901    2.761    4.735    8.780    9.660   10.871   11.344
            0.600000 -0.500000 -0.920000
   -4.102    0.834    2.841    4.735    8.766    9.596   10.781   11.456
            0.600000 -0.500000 -0.900000
   -4.092    0.756    2.935    4.735    8.745    9.527   10.682   11.582
            0.600000 -0.500000 -0.880000
   -4.079    0.671    3.041    4.735    8.716    9.459   10.578   11.721
            0.600000 -0.500000 -0.860000
   -4.064    0.580    3.155    4.734    8.676    9.397   10.472   11.869
            0.600000 -0.500000 -0.840000
   -4.046    0.485    3.275    4.734    8.625    9.343   10.365   12.026
            0.600000 -0.500000 -0.820000
   -4.027    0.389    3.400    4.732    8.562    9.300   10.261   12.188
            0.600000 -0.500000 -0.800000
   -4.005    0.293    3.527    4.730    8.488    9.267   10.160   12.355
            0.600000 -0.500000 -0.780000
   -3.982    0.197    3.655    4.727    8.406    9.243   10.063   12.525
            0.600000 -0.500000 -0.760000
   -3.957    0.102    3.783    4.724    8.318    9.227    9.972   12.697
            0.600000 -0.500000 -0.740000
   -3.930    0.009    3.910    4.719    8.226    9.215    9.887   12.868
            0.600000 -0.500000 -0.720000
   -3.902   -0.081    4.033    4.713    8.132    9.207    9.810   13.037
            0.600000 -0.500000 -0.700000
   -3.872   -0.168    4.152    4.706    8.040    9.203    9.739   13.198
            0.600000 -0.500000 -0.680000
   -3.841   -0.251    4.265    4.698    7.951    9.200    9.675   13.347
            0.600000 -0.500000 -0.660000
   -3.809   -0.330    4.369    4.688    7.867    9.200    9.618   13.475
            0.600000 -0.500000 -0.640000
   -3.777   -0.406    4.462    4.677    7.791    9.202    9.567   13.575
            0.600000 -0.500000 -0.620000
   -3.744   -0.476    4.539    4.668    7.725    9.206    9.521   13.642
            0.600000 -0.500000 -0.600000
   -3.711   -0.541    4.589    4.670    7.671    9.214    9.480   13.681
            0.600000 -0.500000 -0.580000
   -3.677   -0.601    4.596    4.697    7.632    9.225    9.443   13.701
            0.600000 -0.500000 -0.560000
   -3.645   -0.656    4.579    4.727    7.608    9.241    9.409   13.713
            0.600000 -0.500000 -0.540000
   -3.613   -0.703    4.553    4.745    7.602    9.260    9.379   13.722
            0.600000 -0.500000 -0.520000
   -3.582   -0.745    4.519    4.748    7.614    9.277    9.358   13.733
            0.600000 -0.500000 -0.500000
   -3.552   -0.779    4.478    4.737    7.642    9.277    9.363   13.750
            0.600000 -0.500000 -0.480000
   -3.525   -0.807    4.427    4.716    7.686    9.257    9.396   13.771
            0.600000 -0.500000 -0.460000
   -3.499   -0.826    4.365    4.688    7.742    9.232    9.444   13.798
            0.600000 -0.500000 -0.440000
   -3.475   -0.838    4.292    4.657    7.810    9.206    9.502   13.830
            0.600000 -0.500000 -0.420000
   -3.454   -0.843    4.205    4.624    7.885    9.182    9.568   13.864
            0.600000 -0.500000 -0.400000
   -3.436   -0.839    4.108    4.593    7.964    9.162    9.643   13.899
            0.600000 -0.500000 -0.380000
   -3.420   -0.827    4.000    4.562    8.045    9.147    9.726   13.930
            0.600000 -0.500000 -0.360000
   -3.408   -0.808    3.885    4.533    8.124    9.141    9.816   13.950
            0.600000 -0.500000 -0.340000
   -3.397   -0.781    3.762    4.505    8.197    9.146    9.914   13.950
            0.600000 -0.500000 -0.320000
   -3.390   -0.746    3.635    4.479    8.260    9.164   10.019   13.914
            0.600000 -0.500000 -0.300000
   -3.384   -0.705    3.505    4.454    8.312    9.199   10.130   13.831
            0.600000 -0.500000 -0.280000
   -3.381   -0.658    3.372    4.431    8.349    9.252   10.248   13.704
            0.600000 -0.500000 -0.260000
   -3.380   -0.604    3.239    4.408    8.373    9.321   10.370   13.551
            0.600000 -0.500000 -0.240000
   -3.380   -0.546    3.105    4.387    8.385    9.406   10.498   13.383
            0.600000 -0.500000 -0.220000
   -3.381   -0.483    2.973    4.368    8.388    9.503   10.630   13.208
            0.600000 -0.500000 -0.200000
   -3.384   -0.417    2.844    4.350    8.386    9.609   10.765   13.032
            0.600000 -0.500000 -0.180000
   -3.387   -0.348    2.717    4.333    8.379    9.723   10.902   12.856
            0.600000 -0.500000 -0.160000
   -3.390   -0.278    2.596    4.318    8.370    9.841   11.041   12.682
            0.600000 -0.500000 -0.140000
   -3.394   -0.209    2.481    4.305    8.360    9.963   11.179   12.513
            0.600000 -0.500000 -0.120000
   -3.397   -0.141    2.374    4.293    8.350   10.086   11.315   12.350
            0.600000 -0.500000 -0.100000
   -3.401   -0.078    2.277    4.283    8.341   10.208   11.445   12.197
            0.600000 -0.500000 -0.080000
   -3.404   -0.020    2.192    4.275    8.333   10.326   11.562   12.060
            0.600000 -0.500000 -0.060000
   -3.406    0.028    2.122    4.269    8.326   10.435   11.651   11.953
            0.600000 -0.500000 -0.040000
   -3.408    0.065    2.070    4.264    8.321   10.527   11.679   11.910
            0.600000 -0.500000 -0.020000
   -3.409    0.089    2.037    4.261    8.318   10.592   11.653   11.925
            0.600000 -0.500000  0.000000
   -3.410    0.097    2.026    4.260    8.317   10.615   11.637   11.937
            0.600000 -0.500000  0.020000
   -3.409    0.089    2.037    4.261    8.318   10.592   11.653   11.925
            0.600000 -0.500000  0.040000
   -3.408    0.065    2.070    4.264    8.321   10.527   11.679   11.910
            0.600000 -0.500000  0.060000
   -3.406    0.028    2.122    4.269    8.326   10.435   11.651   11.953
            0.600000 -0.500000  0.080000
   -3.404   -0.020    2.192    4.275    8.333   10.326   11.562   12.060
            0.600000 -0.500000  0.100000
   -3.401   -0.078    2.277    4.283    8.341   10.208   11.445   12.197
            0.600000 -0.500000  0.120000
   -3.397   -0.141    2.374    4.293    8.350   10.086   11.315   12.350
            0.600000 -0.500000  0.140000
   -3.394   -0.209    2.481    4.305    8.360    9.963   11.179   12.513
            0.600000 -0.500000  0.160000
   -3.390   -0.278    2.596    4.318    8.370    9.841   11.041   12.682
            0.600000 -0.500000  0.180000
   -3.387   -0.348    2.717    4.333    8.379    9.723   10.902   12.856
            0.600000 -0.500000  0.200000
   -3.384   -0.417    2.844    4.350    8.386    9.609   10.765   13.032
            0.600000 -0.500000  0.220000
   -3.381   -0.483    2.973    4.368    8.388    9.503   10.630   13.208
            0.600000 -0.500000  0.240000
   -3.380   -0.546    3.105    4.387    8.385    9.406   10.498   13.383
            0.600000 -0.500000  0.260000
   -3.380   -0.604    3.239    4.408    8.373    9.321   10.370   13.551
            0.600000 -0.500000  0.280000
   -3.381   -0.658    3.372    4.431    8.349    9.252   10.248   13.704
            0.600000 -0.500000  0.300000
   -3.384   -0.705    3.505    4.454    8.312    9.199   10.130   13.831
            0.600000 -0.500000  0.320000
   -3.390   -0.746    3.635    4.479    8.260    9.164   10.019   13.914
            0.600000 -0.500000  0.340000
   -3.397   -0.781    3.762    4.505    8.197    9.146    9.914   13.950
            0.600000 -0.500000  0.360000
   -3.408   -0.808    3.885    4.533    8.124    9.141    9.816   13.950
            0.600000 -0.500000  0.380000
   -3.420   -0.827    4.000    4.562    8.045    9.147    9.726   13.930
            0.600000 -0.500000  0.400000
   -3.436   -0.839    4.108    4.593    7.964    9.162    9.643   13.899
            0.600000 -0.500000  0.420000
   -3.454   -0.843    4.205    4.624    7.885    9.182    9.568   13.864
            0.600000 -0.500000  0.440000
   -3.475   -0.838    4.292    4.657    7.810    9.206    9.502   13.830
            0.600000 -0.500000  0.460000
   -3.499   -0.826    4.365    4.688    7.742    9.232    9.444   13.798
            0.600000 -0.500000  0.480000
   -3.525   -0.807    4.427    4.716    7.686    9.257    9.396   13.771
            0.600000 -0.500000  0.500000
   -3.552   -0.779    4.478    4.737    7.642    9.277    9.363   13.750
            0.600000 -0.500000  0.520000
   -3.582   -0.745    4.519    4.748    7.614    9.277    9.358   13.733
            0.600000 -0.500000  0.540000
   -3.613   -0.703    4.553    4.745    7.602    9.260    9.379   13.722
            0.600000 -0.500000  0.560000
   -3.645   -0.656    4.579    4.727    7.608    9.241    9.409   13.713
            0.600000 -0.500000  0.580000
   -3.677   -0.601    4.596    4.697    7.632    9.225    9.443   13.701
            0.600000 -0.500000  0.600000
   -3.711   -0.541    4.589    4.670    7.671    9.214    9.480   13.681
            0.600000 -0.500000  0.620000
   -3.744   -0.476    4.539    4.668    7.725    9.206    9.521   13.642
            0.600000 -0.500000  0.640000
   -3.777   -0.406    4.462    4.677    7.791    9.202    9.567   13.575
            0.600000 -0.500000  0.660000
   -3.809   -0.330    4.369    4.688    7.867    9.200    9.618   13.475
            0.600000 -0.500000  0.680000
   -3.841   -0.251    4.265    4.698    7.951    9.200    9.675   13.347
            0.600000 -0.500000  0.700000
   -3.872   -0.168    4.152    4.706    8.040    9.203    9.739   13.198
            0.600000 -0.500000  0.720000
   -3.902   -0.081    4.033    4.713    8.132    9.207    9.810   13.037
            0.600000 -0.500000  0.740000
   -3.930    0.009    3.910    4.719    8.226    9.215    9.887   12.868
            0.600000 -0.500000  0.760000
   -3.957    0.102    3.783    4.724    8.318    9.227    9.972   12.697
            0.600000 -0.500000  0.780000
   -3.982    0.197    3.655    4.727    8.406    9.243   10.063   12.525
            0.600000 -0.500000  0.800000
   -4.005    0.293    3.527    4.730    8.488    9.267   10.160   12.355
            0.600000 -0.500000  0.820000
   -4.027    0.389    3.400    4.732    8.562    9.300   10.261   12.188
            0.600000 -0.500000  0.840000
   -4.046    0.485    3.275    4.734    8.625    9.343   10.365   12.026
            0.600000 -0.500000  0.860000
   -4.064    0.580    3.155    4.734    8.676    9.397   10.472   11.869
            0.600000 -0.500000  0.880000
   -4.079    0.671    3.041    4.735    8.716    9.459   10.578   11.721
            0.600000 -0.500000  0.900000
   -4.092    0.756    2.935    4.735    8.745    9.527   10.682   11.582
            0.600000 -0.500000  0.920000
   -4.102    0.834    2.841    4.735    8.766    9.596   10.781   11.456
            0.600000 -0.500000  0.940000
   -4.111    0.901    2.761    4.735    8.780    9.660   10.871   11.344
            0.600000 -0.500000  0.960000
   -4.117    0.952    2.700    4.735    8.789    9.713   10.950   11.250
            0.600000 -0.500000  0.980000
   -4.120    0.985    2.662    4.735    8.794    9.748   11.015   11.176
            0.600000 -0.500000  1.000000
   -4.121    0.997    2.648    4.735    8.796    9.761   11.050   11.138
