 &plot nbnd=   8, nks=    50 /
            0.888900  0.333300  0.000000
   -3.170   -1.912    1.467    1.838    7.400    7.671   10.162   11.936
            0.888900  0.333300  0.020400
   -3.171   -1.911    1.454    1.855    7.344    7.733   10.163   11.937
            0.888900  0.333300  0.040800
   -3.175   -1.909    1.421    1.901    7.238    7.857   10.166   11.937
            0.888900  0.333300  0.061200
   -3.182   -1.905    1.377    1.964    7.125    8.000   10.170   11.938
            0.888900  0.333300  0.081600
   -3.192   -1.900    1.330    2.039    7.013    8.152   10.176   11.938
            0.888900  0.333300  0.102000
   -3.205   -1.894    1.285    2.119    6.908    8.311   10.183   11.934
            0.888900  0.333300  0.122400
   -3.221   -1.885    1.242    2.203    6.809    8.475   10.192   11.922
            0.888900  0.333300  0.142900
   -3.240   -1.875    1.203    2.289    6.718    8.645   10.203   11.897
            0.888900  0.333300  0.163300
   -3.262   -1.862    1.169    2.374    6.637    8.819   10.215   11.846
            0.888900  0.333300  0.183700
   -3.286   -1.847    1.140    2.459    6.566    8.997   10.228   11.754
            0.888900  0.333300  0.204100
   -3.314   -1.830    1.117    2.541    6.506    9.179   10.242   11.620
            0.888900  0.333300  0.224500
   -3.344   -1.811    1.099    2.619    6.458    9.365   10.257   11.453
            0.888900  0.333300  0.244900
   -3.377   -1.788    1.086    2.693    6.423    9.554   10.273   11.266
            0.888900  0.333300  0.265300
   -3.413   -1.763    1.079    2.760    6.403    9.746   10.290   11.069
            0.888900  0.333300  0.285700
   -3.450   -1.735    1.077    2.821    6.398    9.941   10.305   10.868
            0.888900  0.333300  0.306100
   -3.490   -1.704    1.080    2.874    6.408   10.136   10.317   10.670
            0.888900  0.333300  0.326500
   -3.532   -1.670    1.089    2.918    6.433   10.276   10.361   10.496
            0.888900  0.333300  0.346900
   -3.576   -1.634    1.102    2.953    6.475   10.173   10.420   10.552
            0.888900  0.333300  0.367300
   -3.621   -1.595    1.120    2.980    6.533    9.985   10.416   10.757
            0.888900  0.333300  0.387800
   -3.667   -1.553    1.142    2.998    6.607    9.781   10.426   10.966
            0.888900  0.333300  0.408200
   -3.714   -1.509    1.168    3.008    6.694    9.576   10.437   11.176
            0.888900  0.333300  0.428600
   -3.761   -1.462    1.199    3.012    6.796    9.371   10.444   11.372
            0.888900  0.333300  0.449000
   -3.809   -1.414    1.233    3.008    6.910    9.168   10.443   11.215
            0.888900  0.333300  0.469400
   -3.856   -1.363    1.271    3.000    7.036    8.968   10.425   11.041
            0.888900  0.333300  0.489800
   -3.904   -1.310    1.312    2.987    7.171    8.771   10.372   10.901
            0.888900  0.333300  0.510200
   -3.951   -1.255    1.356    2.971    7.315    8.579   10.270   10.814
            0.888900  0.333300  0.530600
   -3.997   -1.199    1.402    2.953    7.464    8.393   10.123   10.773
            0.888900  0.333300  0.551000
   -4.042   -1.141    1.451    2.934    7.612    8.220    9.950   10.760
            0.888900  0.333300  0.571400
   -4.087   -1.083    1.502    2.913    7.733    8.083    9.766   10.762
            0.888900  0.333300  0.591800
   -4.130   -1.023    1.555    2.892    7.728    8.084    9.578   10.770
            0.888900  0.333300  0.612200
   -4.172   -0.964    1.608    2.871    7.599    8.217    9.391   10.782
            0.888900  0.333300  0.632700
   -4.213   -0.903    1.663    2.851    7.444    8.385    9.207   10.795
            0.888900  0.333300  0.653100
   -4.252   -0.843    1.719    2.832    7.289    8.556    9.034   10.810
            0.888900  0.333300  0.673500
   -4.289   -0.783    1.775    2.815    7.136    8.685    8.913   10.824
            0.888900  0.333300  0.693900
   -4.325   -0.724    1.831    2.800    6.990    8.614    9.000   10.839
            0.888900  0.333300  0.714300
   -4.358   -0.666    1.886    2.786    6.850    8.459    9.178   10.853
            0.888900  0.333300  0.734700
   -4.390   -0.609    1.941    2.774    6.718    8.299    9.369   10.866
            0.888900  0.333300  0.755100
   -4.419   -0.555    1.994    2.763    6.595    8.143    9.563   10.880
            0.888900  0.333300  0.775500
   -4.447   -0.502    2.047    2.754    6.480    7.992    9.757   10.893
            0.888900  0.333300  0.795900
   -4.472   -0.453    2.097    2.745    6.376    7.848    9.949   10.907
            0.888900  0.333300  0.816300
   -4.495   -0.406    2.147    2.737    6.282    7.712   10.138   10.922
            0.888900  0.333300  0.836700
   -4.516   -0.363    2.194    2.728    6.199    7.586   10.319   10.940
            0.888900  0.333300  0.857100
   -4.534   -0.324    2.240    2.719    6.127    7.470   10.487   10.966
            0.888900  0.333300  0.877600
   -4.550   -0.289    2.284    2.708    6.066    7.365   10.633   11.007
            0.888900  0.333300  0.898000
   -4.564   -0.260    2.325    2.696    6.015    7.273   10.739   11.073
            0.888900  0.333300  0.918400
   -4.575   -0.235    2.363    2.682    5.975    7.195   10.802   11.167
            0.888900  0.333300  0.938800
   -4.584   -0.215    2.398    2.667    5.945    7.133   10.835   11.270
            0.888900  0.333300  0.959200
   -4.590   -0.201    2.426    2.652    5.925    7.087   10.852   11.359
            0.888900  0.333300  0.979600
   -4.594   -0.193    2.446    2.641    5.913    7.059   10.860   11.420
            0.888900  0.333300  1.000000
   -4.595   -0.190    2.453    2.637    5.909    7.050   10.863   11.441
