 &plot nbnd=   8, nks=    81 /
            0.300000 -0.525000 -1.000000
   -3.609   -0.996    1.388    2.965    7.805    9.126    9.818   11.766
            0.300000 -0.525000 -0.975000
   -3.610   -1.001    1.398    2.968    7.806    9.081    9.868   11.732
            0.300000 -0.525000 -0.950000
   -3.612   -1.017    1.427    2.976    7.810    8.973    9.991   11.639
            0.300000 -0.525000 -0.925000
   -3.615   -1.042    1.473    2.990    7.815    8.839   10.149   11.506
            0.300000 -0.525000 -0.900000
   -3.620   -1.074    1.536    3.009    7.820    8.697   10.322   11.352
            0.300000 -0.525000 -0.875000
   -3.627   -1.111    1.611    3.035    7.825    8.558   10.491   11.199
            0.300000 -0.525000 -0.850000
   -3.636   -1.151    1.698    3.066    7.825    8.429   10.616   11.090
            0.300000 -0.525000 -0.825000
   -3.648   -1.191    1.793    3.103    7.813    8.318   10.603   11.121
            0.300000 -0.525000 -0.800000
   -3.662   -1.230    1.893    3.146    7.780    8.236   10.469   11.276
            0.300000 -0.525000 -0.775000
   -3.679   -1.265    1.998    3.194    7.720    8.191   10.297   11.472
            0.300000 -0.525000 -0.750000
   -3.701   -1.294    2.104    3.248    7.636    8.179   10.115   11.682
            0.300000 -0.525000 -0.725000
   -3.725   -1.317    2.210    3.308    7.541    8.188    9.931   11.896
            0.300000 -0.525000 -0.700000
   -3.754   -1.333    2.314    3.371    7.441    8.211    9.749   12.107
            0.300000 -0.525000 -0.675000
   -3.786   -1.340    2.415    3.438    7.344    8.242    9.572   12.306
            0.300000 -0.525000 -0.650000
   -3.822   -1.339    2.512    3.507    7.252    8.278    9.401   12.474
            0.300000 -0.525000 -0.625000
   -3.862   -1.329    2.605    3.576    7.167    8.317    9.239   12.591
            0.300000 -0.525000 -0.600000
   -3.904   -1.309    2.694    3.642    7.092    8.355    9.089   12.663
            0.300000 -0.525000 -0.575000
   -3.949   -1.281    2.778    3.704    7.026    8.391    8.954   12.707
            0.300000 -0.525000 -0.550000
   -3.997   -1.244    2.857    3.757    6.972    8.418    8.841   12.724
            0.300000 -0.525000 -0.525000
   -4.045   -1.199    2.931    3.799    6.930    8.427    8.762   12.703
            0.300000 -0.525000 -0.500000
   -4.095   -1.146    3.002    3.829    6.900    8.406    8.729   12.627
            0.300000 -0.525000 -0.475000
   -4.145   -1.086    3.067    3.843    6.881    8.362    8.736   12.490
            0.300000 -0.525000 -0.450000
   -4.195   -1.019    3.127    3.842    6.873    8.315    8.766   12.309
            0.300000 -0.525000 -0.425000
   -4.245   -0.945    3.182    3.825    6.875    8.276    8.807   12.102
            0.300000 -0.525000 -0.400000
   -4.294   -0.865    3.230    3.794    6.885    8.252    8.855   11.884
            0.300000 -0.525000 -0.375000
   -4.341   -0.780    3.270    3.751    6.902    8.244    8.908   11.660
            0.300000 -0.525000 -0.350000
   -4.387   -0.690    3.297    3.701    6.926    8.250    8.966   11.436
            0.300000 -0.525000 -0.325000
   -4.431   -0.595    3.305    3.652    6.956    8.268    9.031   11.213
            0.300000 -0.525000 -0.300000
   -4.472   -0.497    3.284    3.617    6.993    8.294    9.102   10.994
            0.300000 -0.525000 -0.275000
   -4.511   -0.395    3.230    3.603    7.037    8.323    9.182   10.781
            0.300000 -0.525000 -0.250000
   -4.547   -0.292    3.150    3.604    7.088    8.353    9.271   10.575
            0.300000 -0.525000 -0.225000
   -4.580   -0.187    3.052    3.613    7.146    8.379    9.367   10.380
            0.300000 -0.525000 -0.200000
   -4.610   -0.083    2.947    3.625    7.212    8.399    9.466   10.199
            0.300000 -0.525000 -0.175000
   -4.637    0.021    2.838    3.637    7.285    8.412    9.559   10.043
            0.300000 -0.525000 -0.150000
   -4.661    0.121    2.730    3.648    7.364    8.417    9.609    9.946
            0.300000 -0.525000 -0.125000
   -4.681    0.215    2.627    3.657    7.447    8.414    9.566    9.959
            0.300000 -0.525000 -0.100000
   -4.697    0.300    2.533    3.664    7.531    8.400    9.472   10.037
            0.300000 -0.525000 -0.075000
   -4.710    0.374    2.453    3.670    7.613    8.379    9.379   10.126
            0.300000 -0.525000 -0.050000
   -4.720    0.430    2.391    3.674    7.684    8.353    9.307   10.203
            0.300000 -0.525000 -0.025000
   -4.725    0.466    2.351    3.677    7.735    8.329    9.262   10.254
            0.300000 -0.525000  0.000000
   -4.727    0.479    2.338    3.677    7.754    8.320    9.246   10.273
            0.300000 -0.525000  0.025000
   -4.725    0.466    2.351    3.677    7.735    8.329    9.262   10.254
            0.300000 -0.525000  0.050000
   -4.720    0.430    2.391    3.674    7.684    8.353    9.307   10.203
            0.300000 -0.525000  0.075000
   -4.710    0.374    2.453    3.670    7.613    8.379    9.379   10.126
            0.300000 -0.525000  0.100000
   -4.697    0.300    2.533    3.664    7.531    8.400    9.472   10.037
            0.300000 -0.525000  0.125000
   -4.681    0.215    2.627    3.657    7.447    8.414    9.566    9.959
            0.300000 -0.525000  0.150000
   -4.661    0.121    2.730    3.648    7.364    8.417    9.609    9.946
            0.300000 -0.525000  0.175000
   -4.637    0.021    2.838    3.637    7.285    8.412    9.559   10.043
            0.300000 -0.525000  0.200000
   -4.610   -0.083    2.947    3.625    7.212    8.399    9.466   10.199
            0.300000 -0.525000  0.225000
   -4.580   -0.187    3.052    3.613    7.146    8.379    9.367   10.380
            0.300000 -0.525000  0.250000
   -4.547   -0.292    3.150    3.604    7.088    8.353    9.271   10.575
            0.300000 -0.525000  0.275000
   -4.511   -0.395    3.230    3.603    7.037    8.323    9.182   10.781
            0.300000 -0.525000  0.300000
   -4.472   -0.497    3.284    3.617    6.993    8.294    9.102   10.994
            0.300000 -0.525000  0.325000
   -4.431   -0.595    3.305    3.652    6.956    8.268    9.031   11.213
            0.300000 -0.525000  0.350000
   -4.387   -0.690    3.297    3.701    6.926    8.250    8.966   11.436
            0.300000 -0.525000  0.375000
   -4.341   -0.780    3.270    3.751    6.902    8.244    8.908   11.660
            0.300000 -0.525000  0.400000
   -4.294   -0.865    3.230    3.794    6.885    8.252    8.855   11.884
            0.300000 -0.525000  0.425000
   -4.245   -0.945    3.182    3.825    6.875    8.276    8.807   12.102
            0.300000 -0.525000  0.450000
   -4.195   -1.019    3.127    3.842    6.873    8.315    8.766   12.309
            0.300000 -0.525000  0.475000
   -4.145   -1.086    3.067    3.843    6.881    8.362    8.736   12.490
            0.300000 -0.525000  0.500000
   -4.095   -1.146    3.002    3.829    6.900    8.406    8.729   12.627
            0.300000 -0.525000  0.525000
   -4.045   -1.199    2.931    3.799    6.930    8.427    8.762   12.703
            0.300000 -0.525000  0.550000
   -3.997   -1.244    2.857    3.757    6.972    8.418    8.841   12.724
            0.300000 -0.525000  0.575000
   -3.949   -1.281    2.778    3.704    7.026    8.391    8.954   12.707
            0.300000 -0.525000  0.600000
   -3.904   -1.309    2.694    3.642    7.092    8.355    9.089   12.663
            0.300000 -0.525000  0.625000
   -3.862   -1.329    2.605    3.576    7.167    8.317    9.239   12.591
            0.300000 -0.525000  0.650000
   -3.822   -1.339    2.512    3.507    7.252    8.278    9.401   12.474
            0.300000 -0.525000  0.675000
   -3.786   -1.340    2.415    3.438    7.344    8.242    9.572   12.306
            0.300000 -0.525000  0.700000
   -3.754   -1.333    2.314    3.371    7.441    8.211    9.749   12.107
            0.300000 -0.525000  0.725000
   -3.725   -1.317    2.210    3.308    7.541    8.188    9.931   11.896
            0.300000 -0.525000  0.750000
   -3.701   -1.294    2.104    3.248    7.636    8.179   10.115   11.682
            0.300000 -0.525000  0.775000
   -3.679   -1.265    1.998    3.194    7.720    8.191   10.297   11.472
            0.300000 -0.525000  0.800000
   -3.662   -1.230    1.893    3.146    7.780    8.236   10.469   11.276
            0.300000 -0.525000  0.825000
   -3.648   -1.191    1.793    3.103    7.813    8.318   10.603   11.121
            0.300000 -0.525000  0.850000
   -3.636   -1.151    1.698    3.066    7.825    8.429   10.616   11.090
            0.300000 -0.525000  0.875000
   -3.627   -1.111    1.611    3.035    7.825    8.558   10.491   11.199
            0.300000 -0.525000  0.900000
   -3.620   -1.074    1.536    3.009    7.820    8.697   10.322   11.352
            0.300000 -0.525000  0.925000
   -3.615   -1.042    1.473    2.990    7.815    8.839   10.149   11.506
            0.300000 -0.525000  0.950000
   -3.612   -1.017    1.427    2.976    7.810    8.973    9.991   11.639
            0.300000 -0.525000  0.975000
   -3.610   -1.001    1.398    2.968    7.806    9.081    9.868   11.732
            0.300000 -0.525000  1.000000
   -3.609   -0.996    1.388    2.965    7.805    9.126    9.818   11.766
