 &plot nbnd=   8, nks=   101 /
            0.780000  0.440000  0.000000
   -2.743   -0.514    1.968    3.169    9.546    9.747   10.359   13.295
            0.780000  0.440000  0.010000
   -2.743   -0.514    1.969    3.171    9.545    9.739   10.369   13.296
            0.780000  0.440000  0.020000
   -2.744   -0.516    1.972    3.174    9.542    9.718   10.398   13.297
            0.780000  0.440000  0.030000
   -2.745   -0.520    1.977    3.179    9.535    9.688   10.442   13.299
            0.780000  0.440000  0.040000
   -2.747   -0.524    1.984    3.186    9.520    9.657   10.498   13.302
            0.780000  0.440000  0.050000
   -2.749   -0.530    1.993    3.195    9.492    9.633   10.561   13.305
            0.780000  0.440000  0.060000
   -2.751   -0.537    2.003    3.207    9.452    9.620   10.631   13.309
            0.780000  0.440000  0.070000
   -2.754   -0.545    2.016    3.220    9.402    9.615   10.704   13.314
            0.780000  0.440000  0.080000
   -2.758   -0.554    2.030    3.235    9.346    9.614   10.781   13.320
            0.780000  0.440000  0.090000
   -2.762   -0.564    2.045    3.253    9.288    9.616   10.861   13.326
            0.780000  0.440000  0.100000
   -2.767   -0.575    2.062    3.272    9.229    9.620   10.943   13.332
            0.780000  0.440000  0.110000
   -2.772   -0.586    2.080    3.293    9.169    9.625   11.027   13.332
            0.780000  0.440000  0.120000
   -2.778   -0.597    2.099    3.317    9.110    9.631   11.112   13.271
            0.780000  0.440000  0.130000
   -2.785   -0.608    2.119    3.342    9.051    9.638   11.199   13.181
            0.780000  0.440000  0.140000
   -2.792   -0.620    2.141    3.369    8.992    9.646   11.288   13.087
            0.780000  0.440000  0.150000
   -2.800   -0.631    2.163    3.397    8.935    9.655   11.377   12.992
            0.780000  0.440000  0.160000
   -2.809   -0.643    2.185    3.428    8.879    9.664   11.468   12.895
            0.780000  0.440000  0.170000
   -2.818   -0.654    2.208    3.460    8.824    9.674   11.559   12.798
            0.780000  0.440000  0.180000
   -2.828   -0.664    2.232    3.494    8.770    9.685   11.652   12.700
            0.780000  0.440000  0.190000
   -2.839   -0.674    2.256    3.529    8.718    9.696   11.746   12.601
            0.780000  0.440000  0.200000
   -2.851   -0.683    2.281    3.565    8.667    9.708   11.840   12.501
            0.780000  0.440000  0.210000
   -2.864   -0.692    2.306    3.602    8.618    9.720   11.935   12.402
            0.780000  0.440000  0.220000
   -2.877   -0.699    2.331    3.641    8.571    9.733   12.031   12.302
            0.780000  0.440000  0.230000
   -2.891   -0.706    2.357    3.681    8.526    9.746   12.127   12.202
            0.780000  0.440000  0.240000
   -2.906   -0.711    2.383    3.721    8.482    9.760   12.100   12.225
            0.780000  0.440000  0.250000
   -2.922   -0.715    2.409    3.762    8.441    9.774   12.000   12.323
            0.780000  0.440000  0.260000
   -2.939   -0.718    2.435    3.803    8.402    9.789   11.900   12.421
            0.780000  0.440000  0.270000
   -2.956   -0.720    2.461    3.845    8.365    9.804   11.800   12.520
            0.780000  0.440000  0.280000
   -2.974   -0.720    2.488    3.887    8.330    9.820   11.700   12.620
            0.780000  0.440000  0.290000
   -2.993   -0.719    2.515    3.929    8.298    9.836   11.600   12.719
            0.780000  0.440000  0.300000
   -3.013   -0.717    2.542    3.970    8.268    9.852   11.501   12.820
            0.780000  0.440000  0.310000
   -3.034   -0.713    2.569    4.012    8.241    9.869   11.401   12.920
            0.780000  0.440000  0.320000
   -3.055   -0.707    2.596    4.052    8.216    9.886   11.303   13.021
            0.780000  0.440000  0.330000
   -3.077   -0.701    2.624    4.092    8.195    9.903   11.205   13.122
            0.780000  0.440000  0.340000
   -3.099   -0.692    2.651    4.132    8.176    9.920   11.108   13.223
            0.780000  0.440000  0.350000
   -3.123   -0.683    2.679    4.169    8.161    9.937   11.011   13.324
            0.780000  0.440000  0.360000
   -3.146   -0.672    2.707    4.206    8.148    9.953   10.916   13.425
            0.780000  0.440000  0.370000
   -3.170   -0.659    2.735    4.241    8.139    9.970   10.822   13.526
            0.780000  0.440000  0.380000
   -3.195   -0.645    2.763    4.275    8.133    9.985   10.729   13.626
            0.780000  0.440000  0.390000
   -3.220   -0.630    2.792    4.307    8.130   10.000   10.639   13.726
            0.780000  0.440000  0.400000
   -3.245   -0.614    2.821    4.337    8.131   10.013   10.552   13.825
            0.780000  0.440000  0.410000
   -3.271   -0.596    2.849    4.365    8.136   10.022   10.469   13.918
            0.780000  0.440000  0.420000
   -3.297   -0.576    2.878    4.391    8.143   10.025   10.393   13.954
            0.780000  0.440000  0.430000
   -3.323   -0.556    2.907    4.415    8.155   10.018   10.329   13.970
            0.780000  0.440000  0.440000
   -3.349   -0.534    2.936    4.436    8.169    9.994   10.283   13.956
            0.780000  0.440000  0.450000
   -3.375   -0.511    2.965    4.455    8.187    9.950   10.258   13.890
            0.780000  0.440000  0.460000
   -3.402   -0.486    2.995    4.472    8.208    9.890   10.251   13.792
            0.780000  0.440000  0.470000
   -3.429   -0.461    3.024    4.486    8.233    9.821   10.254   13.685
            0.780000  0.440000  0.480000
   -3.455   -0.434    3.053    4.498    8.260    9.748   10.264   13.574
            0.780000  0.440000  0.490000
   -3.482   -0.406    3.083    4.508    8.290    9.673   10.277   13.462
            0.780000  0.440000  0.500000
   -3.508   -0.377    3.112    4.515    8.322    9.598   10.293   13.350
            0.780000  0.440000  0.510000
   -3.535   -0.348    3.141    4.520    8.356    9.525   10.309   13.239
            0.780000  0.440000  0.520000
   -3.561   -0.317    3.170    4.522    8.392    9.454   10.326   13.127
            0.780000  0.440000  0.530000
   -3.587   -0.285    3.199    4.523    8.428    9.387   10.344   13.016
            0.780000  0.440000  0.540000
   -3.613   -0.252    3.228    4.521    8.463    9.324   10.363   12.905
            0.780000  0.440000  0.550000
   -3.639   -0.218    3.257    4.517    8.496    9.267   10.381   12.795
            0.780000  0.440000  0.560000
   -3.664   -0.183    3.285    4.511    8.525    9.219   10.400   12.686
            0.780000  0.440000  0.570000
   -3.690   -0.147    3.313    4.503    8.547    9.182   10.418   12.578
            0.780000  0.440000  0.580000
   -3.714   -0.111    3.341    4.494    8.559    9.159   10.437   12.470
            0.780000  0.440000  0.590000
   -3.739   -0.073    3.368    4.482    8.558    9.152   10.455   12.363
            0.780000  0.440000  0.600000
   -3.763   -0.035    3.395    4.470    8.545    9.162   10.473   12.257
            0.780000  0.440000  0.610000
   -3.787    0.004    3.421    4.455    8.520    9.187   10.492   12.152
            0.780000  0.440000  0.620000
   -3.811    0.043    3.447    4.440    8.487    9.225   10.510   12.047
            0.780000  0.440000  0.630000
   -3.834    0.084    3.472    4.423    8.448    9.271   10.528   11.944
            0.780000  0.440000  0.640000
   -3.856    0.125    3.496    4.405    8.406    9.325   10.547   11.842
            0.780000  0.440000  0.650000
   -3.878    0.166    3.519    4.386    8.362    9.383   10.565   11.740
            0.780000  0.440000  0.660000
   -3.900    0.208    3.541    4.366    8.318    9.445   10.583   11.640
            0.780000  0.440000  0.670000
   -3.921    0.251    3.562    4.346    8.274    9.510   10.602   11.541
            0.780000  0.440000  0.680000
   -3.942    0.294    3.581    4.325    8.231    9.577   10.621   11.443
            0.780000  0.440000  0.690000
   -3.962    0.338    3.599    4.303    8.190    9.644   10.641   11.347
            0.780000  0.440000  0.700000
   -3.982    0.382    3.616    4.282    8.151    9.712   10.661   11.251
            0.780000  0.440000  0.710000
   -4.001    0.427    3.630    4.260    8.114    9.780   10.682   11.158
            0.780000  0.440000  0.720000
   -4.019    0.472    3.642    4.239    8.080    9.847   10.704   11.066
            0.780000  0.440000  0.730000
   -4.037    0.517    3.652    4.219    8.048    9.913   10.727   10.976
            0.780000  0.440000  0.740000
   -4.055    0.562    3.659    4.199    8.018    9.976   10.750   10.890
            0.780000  0.440000  0.750000
   -4.072    0.608    3.664    4.182    7.992   10.037   10.761   10.822
            0.780000  0.440000  0.760000
   -4.088    0.653    3.664    4.165    7.968   10.093   10.704   10.826
            0.780000  0.440000  0.770000
   -4.104    0.699    3.662    4.151    7.947   10.143   10.627   10.858
            0.780000  0.440000  0.780000
   -4.119    0.744    3.655    4.139    7.929   10.185   10.554   10.896
            0.780000  0.440000  0.790000
   -4.133    0.789    3.645    4.129    7.913   10.214   10.490   10.938
            0.780000  0.440000  0.800000
   -4.147    0.835    3.632    4.122    7.900   10.221   10.445   10.986
            0.780000  0.440000  0.810000
   -4.160    0.879    3.615    4.117    7.890   10.196   10.428   11.037
            0.780000  0.440000  0.820000
   -4.173    0.923    3.595    4.113    7.883   10.146   10.433   11.093
            0.780000  0.440000  0.830000
   -4.185    0.967    3.573    4.112    7.878   10.085   10.448   11.151
            0.780000  0.440000  0.840000
   -4.196    1.010    3.549    4.111    7.876   10.020   10.465   11.212
            0.780000  0.440000  0.850000
   -4.206    1.052    3.523    4.112    7.876    9.954   10.481   11.275
            0.780000  0.440000  0.860000
   -4.216    1.093    3.496    4.113    7.878    9.890   10.496   11.339
            0.780000  0.440000  0.870000
   -4.226    1.133    3.469    4.115    7.882    9.827   10.510   11.403
            0.780000  0.440000  0.880000
   -4.234    1.171    3.442    4.117    7.888    9.766   10.522   11.467
            0.780000  0.440000  0.890000
   -4.242    1.207    3.414    4.119    7.895    9.708   10.532   11.530
            0.780000  0.440000  0.900000
   -4.249    1.242    3.388    4.122    7.903    9.654   10.541   11.592
            0.780000  0.440000  0.910000
   -4.256    1.275    3.362    4.124    7.912    9.602   10.549   11.651
            0.780000  0.440000  0.920000
   -4.262    1.305    3.338    4.126    7.921    9.555   10.556   11.707
            0.780000  0.440000  0.930000
   -4.267    1.332    3.316    4.128    7.931    9.512   10.561   11.759
            0.780000  0.440000  0.940000
   -4.271    1.357    3.296    4.130    7.941    9.474   10.566   11.806
            0.780000  0.440000  0.950000
   -4.275    1.378    3.278    4.132    7.949    9.441   10.570   11.848
            0.780000  0.440000  0.960000
   -4.278    1.396    3.263    4.133    7.957    9.413   10.573   11.883
            0.780000  0.440000  0.970000
   -4.281    1.410    3.251    4.134    7.964    9.391   10.576   11.912
            0.780000  0.440000  0.980000
   -4.282    1.420    3.242    4.135    7.969    9.375   10.577   11.933
            0.780000  0.440000  0.990000
   -4.284    1.427    3.237    4.135    7.972    9.366   10.578   11.946
            0.780000  0.440000  1.000000
   -4.284    1.429    3.235    4.136    7.973    9.363   10.579   11.950
