 &plot nbnd=   8, nks=   101 /
            0.140000  0.680000  0.000000
   -3.788    0.756    3.244    3.534    7.158    8.236   12.264   13.144
            0.140000  0.680000  0.010000
   -3.787    0.755    3.242    3.535    7.158    8.239   12.264   13.138
            0.140000  0.680000  0.020000
   -3.786    0.753    3.237    3.539    7.158    8.248   12.263   13.120
            0.140000  0.680000  0.030000
   -3.785    0.748    3.229    3.546    7.159    8.264   12.262   13.090
            0.140000  0.680000  0.040000
   -3.783    0.743    3.218    3.555    7.160    8.285   12.261   13.051
            0.140000  0.680000  0.050000
   -3.780    0.735    3.205    3.565    7.161    8.311   12.259   13.001
            0.140000  0.680000  0.060000
   -3.776    0.726    3.190    3.576    7.164    8.343   12.256   12.944
            0.140000  0.680000  0.070000
   -3.772    0.715    3.174    3.588    7.168    8.380   12.253   12.880
            0.140000  0.680000  0.080000
   -3.767    0.703    3.157    3.600    7.174    8.422   12.249   12.809
            0.140000  0.680000  0.090000
   -3.762    0.689    3.140    3.612    7.181    8.468   12.243   12.735
            0.140000  0.680000  0.100000
   -3.756    0.674    3.122    3.623    7.191    8.518   12.235   12.657
            0.140000  0.680000  0.110000
   -3.749    0.657    3.103    3.634    7.203    8.572   12.223   12.579
            0.140000  0.680000  0.120000
   -3.742    0.639    3.085    3.644    7.217    8.629   12.205   12.504
            0.140000  0.680000  0.130000
   -3.734    0.620    3.066    3.654    7.235    8.690   12.176   12.436
            0.140000  0.680000  0.140000
   -3.725    0.599    3.048    3.663    7.255    8.753   12.131   12.382
            0.140000  0.680000  0.150000
   -3.716    0.577    3.029    3.671    7.278    8.820   12.066   12.345
            0.140000  0.680000  0.160000
   -3.706    0.554    3.011    3.678    7.305    8.889   11.987   12.321
            0.140000  0.680000  0.170000
   -3.696    0.530    2.992    3.685    7.335    8.961   11.897   12.305
            0.140000  0.680000  0.180000
   -3.685    0.505    2.973    3.691    7.368    9.035   11.802   12.294
            0.140000  0.680000  0.190000
   -3.673    0.479    2.955    3.696    7.404    9.111   11.703   12.285
            0.140000  0.680000  0.200000
   -3.661    0.452    2.936    3.701    7.444    9.190   11.601   12.278
            0.140000  0.680000  0.210000
   -3.648    0.424    2.917    3.705    7.487    9.270   11.497   12.271
            0.140000  0.680000  0.220000
   -3.635    0.396    2.898    3.709    7.533    9.352   11.393   12.265
            0.140000  0.680000  0.230000
   -3.621    0.367    2.879    3.713    7.582    9.436   11.287   12.259
            0.140000  0.680000  0.240000
   -3.607    0.337    2.859    3.716    7.634    9.522   11.181   12.253
            0.140000  0.680000  0.250000
   -3.592    0.306    2.839    3.720    7.689    9.609   11.075   12.248
            0.140000  0.680000  0.260000
   -3.576    0.276    2.819    3.723    7.747    9.698   10.969   12.242
            0.140000  0.680000  0.270000
   -3.560    0.244    2.799    3.727    7.808    9.788   10.863   12.236
            0.140000  0.680000  0.280000
   -3.544    0.213    2.778    3.731    7.872    9.878   10.757   12.230
            0.140000  0.680000  0.290000
   -3.527    0.181    2.757    3.735    7.938    9.969   10.653   12.224
            0.140000  0.680000  0.300000
   -3.510    0.149    2.736    3.739    8.007   10.060   10.551   12.217
            0.140000  0.680000  0.310000
   -3.492    0.116    2.714    3.744    8.078   10.144   10.456   12.211
            0.140000  0.680000  0.320000
   -3.473    0.084    2.692    3.749    8.152   10.202   10.390   12.204
            0.140000  0.680000  0.330000
   -3.455    0.052    2.669    3.755    8.228   10.174   10.412   12.197
            0.140000  0.680000  0.340000
   -3.435    0.019    2.647    3.762    8.306   10.089   10.492   12.189
            0.140000  0.680000  0.350000
   -3.416   -0.013    2.624    3.768    8.386    9.992   10.586   12.182
            0.140000  0.680000  0.360000
   -3.396   -0.045    2.600    3.776    8.468    9.892   10.684   12.174
            0.140000  0.680000  0.370000
   -3.375   -0.077    2.577    3.784    8.551    9.791   10.785   12.166
            0.140000  0.680000  0.380000
   -3.355   -0.109    2.553    3.792    8.637    9.690   10.888   12.158
            0.140000  0.680000  0.390000
   -3.334   -0.140    2.529    3.801    8.724    9.591   10.992   12.150
            0.140000  0.680000  0.400000
   -3.313   -0.172    2.505    3.810    8.813    9.492   11.097   12.142
            0.140000  0.680000  0.410000
   -3.291   -0.202    2.481    3.820    8.903    9.394   11.203   12.133
            0.140000  0.680000  0.420000
   -3.269   -0.233    2.457    3.829    8.993    9.299   11.309   12.126
            0.140000  0.680000  0.430000
   -3.247   -0.263    2.433    3.840    9.080    9.210   11.415   12.118
            0.140000  0.680000  0.440000
   -3.225   -0.292    2.409    3.850    9.089    9.202   11.521   12.112
            0.140000  0.680000  0.450000
   -3.203   -0.321    2.385    3.860    9.006    9.289   11.625   12.108
            0.140000  0.680000  0.460000
   -3.180   -0.350    2.362    3.871    8.916    9.384   11.726   12.108
            0.140000  0.680000  0.470000
   -3.157   -0.378    2.339    3.881    8.827    9.483   11.818   12.117
            0.140000  0.680000  0.480000
   -3.135   -0.405    2.316    3.891    8.740    9.582   11.891   12.145
            0.140000  0.680000  0.490000
   -3.112   -0.431    2.293    3.901    8.654    9.683   11.936   12.202
            0.140000  0.680000  0.500000
   -3.089   -0.457    2.271    3.911    8.570    9.785   11.955   12.285
            0.140000  0.680000  0.510000
   -3.066   -0.482    2.249    3.920    8.489    9.888   11.959   12.382
            0.140000  0.680000  0.520000
   -3.044   -0.506    2.228    3.928    8.409    9.992   11.955   12.486
            0.140000  0.680000  0.530000
   -3.021   -0.530    2.207    3.936    8.332   10.097   11.948   12.591
            0.140000  0.680000  0.540000
   -2.999   -0.552    2.187    3.943    8.258   10.203   11.938   12.692
            0.140000  0.680000  0.550000
   -2.976   -0.574    2.167    3.949    8.186   10.310   11.927   12.777
            0.140000  0.680000  0.560000
   -2.954   -0.595    2.148    3.953    8.118   10.417   11.915   12.810
            0.140000  0.680000  0.570000
   -2.932   -0.615    2.130    3.957    8.052   10.525   11.902   12.767
            0.140000  0.680000  0.580000
   -2.911   -0.634    2.113    3.959    7.989   10.633   11.888   12.685
            0.140000  0.680000  0.590000
   -2.890   -0.651    2.096    3.959    7.930   10.742   11.873   12.590
            0.140000  0.680000  0.600000
   -2.869   -0.668    2.080    3.958    7.874   10.851   11.856   12.491
            0.140000  0.680000  0.610000
   -2.848   -0.684    2.065    3.956    7.822   10.959   11.839   12.393
            0.140000  0.680000  0.620000
   -2.828   -0.699    2.051    3.951    7.774   11.067   11.819   12.297
            0.140000  0.680000  0.630000
   -2.809   -0.713    2.038    3.944    7.729   11.174   11.797   12.206
            0.140000  0.680000  0.640000
   -2.790   -0.726    2.026    3.935    7.689   11.277   11.772   12.121
            0.140000  0.680000  0.650000
   -2.771   -0.738    2.015    3.924    7.652   11.372   11.746   12.046
            0.140000  0.680000  0.660000
   -2.754   -0.749    2.005    3.911    7.620   11.446   11.728   11.985
            0.140000  0.680000  0.670000
   -2.736   -0.759    1.996    3.895    7.591   11.470   11.745   11.941
            0.140000  0.680000  0.680000
   -2.720   -0.768    1.989    3.878    7.568   11.436   11.795   11.922
            0.140000  0.680000  0.690000
   -2.704   -0.775    1.982    3.857    7.548   11.369   11.823   11.960
            0.140000  0.680000  0.700000
   -2.688   -0.782    1.977    3.835    7.533   11.287   11.815   12.048
            0.140000  0.680000  0.710000
   -2.674   -0.788    1.973    3.810    7.521   11.199   11.801   12.151
            0.140000  0.680000  0.720000
   -2.660   -0.793    1.970    3.783    7.515   11.107   11.786   12.260
            0.140000  0.680000  0.730000
   -2.647   -0.797    1.968    3.754    7.512   11.013   11.771   12.371
            0.140000  0.680000  0.740000
   -2.634   -0.800    1.968    3.723    7.513   10.918   11.758   12.483
            0.140000  0.680000  0.750000
   -2.622   -0.802    1.969    3.689    7.519   10.822   11.745   12.595
            0.140000  0.680000  0.760000
   -2.611   -0.803    1.972    3.654    7.528   10.726   11.733   12.708
            0.140000  0.680000  0.770000
   -2.601   -0.804    1.976    3.618    7.542   10.631   11.721   12.821
            0.140000  0.680000  0.780000
   -2.591   -0.804    1.981    3.580    7.558   10.536   11.710   12.934
            0.140000  0.680000  0.790000
   -2.582   -0.804    1.988    3.540    7.579   10.441   11.700   13.045
            0.140000  0.680000  0.800000
   -2.574   -0.803    1.996    3.499    7.603   10.347   11.690   13.157
            0.140000  0.680000  0.810000
   -2.566   -0.801    2.006    3.457    7.630   10.254   11.680   13.266
            0.140000  0.680000  0.820000
   -2.559   -0.799    2.017    3.415    7.660   10.162   11.672   13.375
            0.140000  0.680000  0.830000
   -2.552   -0.797    2.029    3.371    7.694   10.070   11.663   13.481
            0.140000  0.680000  0.840000
   -2.547   -0.794    2.043    3.327    7.730    9.980   11.655   13.584
            0.140000  0.680000  0.850000
   -2.541   -0.791    2.058    3.283    7.769    9.890   11.648   13.681
            0.140000  0.680000  0.860000
   -2.536   -0.788    2.074    3.239    7.811    9.802   11.641   13.772
            0.140000  0.680000  0.870000
   -2.532   -0.785    2.092    3.195    7.855    9.714   11.634   13.852
            0.140000  0.680000  0.880000
   -2.528   -0.782    2.111    3.151    7.901    9.628   11.628   13.915
            0.140000  0.680000  0.890000
   -2.524   -0.779    2.131    3.107    7.950    9.543   11.622   13.959
            0.140000  0.680000  0.900000
   -2.521   -0.776    2.151    3.065    8.000    9.460   11.617   13.987
            0.140000  0.680000  0.910000
   -2.518   -0.773    2.173    3.023    8.052    9.378   11.613   14.002
            0.140000  0.680000  0.920000
   -2.516   -0.770    2.195    2.983    8.106    9.298   11.608   14.010
            0.140000  0.680000  0.930000
   -2.514   -0.767    2.216    2.945    8.162    9.219   11.605   14.014
            0.140000  0.680000  0.940000
   -2.512   -0.765    2.238    2.909    8.218    9.143   11.602   14.016
            0.140000  0.680000  0.950000
   -2.511   -0.763    2.259    2.876    8.274    9.070   11.599   14.016
            0.140000  0.680000  0.960000
   -2.509   -0.762    2.278    2.847    8.330    9.000   11.597   14.016
            0.140000  0.680000  0.970000
   -2.509   -0.760    2.294    2.823    8.383    8.937   11.595   14.016
            0.140000  0.680000  0.980000
   -2.508   -0.759    2.307    2.804    8.430    8.882   11.594   14.015
            0.140000  0.680000  0.990000
   -2.507   -0.759    2.315    2.793    8.465    8.842   11.593   14.015
            0.140000  0.680000  1.000000
   -2.507   -0.759    2.318    2.789    8.478    8.827   11.593   14.015
