 &plot nbnd=   8, nks=   101 /
            0.480000  0.630000  0.000000
   -3.346    0.042    2.023    4.095    8.518   10.354   11.294   12.293
            0.480000  0.630000  0.010000
   -3.346    0.040    2.026    4.096    8.518   10.347   11.301   12.288
            0.480000  0.630000  0.020000
   -3.345    0.034    2.034    4.097    8.519   10.328   11.321   12.271
            0.480000  0.630000  0.030000
   -3.345    0.025    2.046    4.098    8.520   10.299   11.354   12.245
            0.480000  0.630000  0.040000
   -3.345    0.013    2.064    4.100    8.522   10.260   11.396   12.210
            0.480000  0.630000  0.050000
   -3.344   -0.003    2.086    4.103    8.524   10.215   11.446   12.168
            0.480000  0.630000  0.060000
   -3.343   -0.022    2.113    4.106    8.527   10.165   11.501   12.121
            0.480000  0.630000  0.070000
   -3.342   -0.044    2.144    4.110    8.531   10.110   11.557   12.073
            0.480000  0.630000  0.080000
   -3.341   -0.068    2.179    4.114    8.534   10.054   11.612   12.026
            0.480000  0.630000  0.090000
   -3.340   -0.094    2.217    4.119    8.538    9.995   11.657   11.989
            0.480000  0.630000  0.100000
   -3.339   -0.121    2.258    4.124    8.543    9.936   11.679   11.976
            0.480000  0.630000  0.110000
   -3.338   -0.151    2.303    4.130    8.548    9.875   11.666   11.997
            0.480000  0.630000  0.120000
   -3.336   -0.181    2.350    4.137    8.553    9.815   11.625   12.048
            0.480000  0.630000  0.130000
   -3.335   -0.213    2.399    4.144    8.558    9.755   11.568   12.114
            0.480000  0.630000  0.140000
   -3.334   -0.245    2.451    4.152    8.563    9.695   11.503   12.189
            0.480000  0.630000  0.150000
   -3.333   -0.278    2.504    4.160    8.568    9.636   11.434   12.269
            0.480000  0.630000  0.160000
   -3.331   -0.311    2.559    4.169    8.573    9.578   11.363   12.352
            0.480000  0.630000  0.170000
   -3.330   -0.344    2.615    4.179    8.578    9.522   11.290   12.437
            0.480000  0.630000  0.180000
   -3.329   -0.376    2.673    4.189    8.582    9.467   11.217   12.524
            0.480000  0.630000  0.190000
   -3.328   -0.409    2.732    4.199    8.585    9.414   11.143   12.612
            0.480000  0.630000  0.200000
   -3.328   -0.441    2.791    4.210    8.587    9.364   11.069   12.701
            0.480000  0.630000  0.210000
   -3.327   -0.473    2.852    4.222    8.587    9.316   10.995   12.790
            0.480000  0.630000  0.220000
   -3.327   -0.503    2.912    4.234    8.586    9.271   10.921   12.880
            0.480000  0.630000  0.230000
   -3.327   -0.533    2.974    4.247    8.581    9.230   10.847   12.971
            0.480000  0.630000  0.240000
   -3.328   -0.562    3.035    4.260    8.574    9.194   10.774   13.061
            0.480000  0.630000  0.250000
   -3.329   -0.590    3.097    4.274    8.563    9.162   10.702   13.151
            0.480000  0.630000  0.260000
   -3.330   -0.617    3.158    4.289    8.549    9.136   10.631   13.240
            0.480000  0.630000  0.270000
   -3.331   -0.642    3.219    4.304    8.530    9.115   10.560   13.328
            0.480000  0.630000  0.280000
   -3.333   -0.667    3.280    4.319    8.507    9.099   10.491   13.414
            0.480000  0.630000  0.290000
   -3.336   -0.689    3.340    4.335    8.481    9.088   10.422   13.498
            0.480000  0.630000  0.300000
   -3.339   -0.710    3.400    4.352    8.451    9.082   10.355   13.578
            0.480000  0.630000  0.310000
   -3.343   -0.730    3.459    4.369    8.418    9.080   10.289   13.654
            0.480000  0.630000  0.320000
   -3.347   -0.747    3.517    4.387    8.383    9.082   10.224   13.723
            0.480000  0.630000  0.330000
   -3.352   -0.764    3.573    4.405    8.346    9.086   10.161   13.785
            0.480000  0.630000  0.340000
   -3.358   -0.778    3.629    4.424    8.309    9.093   10.099   13.837
            0.480000  0.630000  0.350000
   -3.364   -0.790    3.683    4.443    8.270    9.102   10.040   13.878
            0.480000  0.630000  0.360000
   -3.371   -0.801    3.735    4.463    8.232    9.113    9.981   13.908
            0.480000  0.630000  0.370000
   -3.379   -0.810    3.786    4.483    8.194    9.125    9.925   13.929
            0.480000  0.630000  0.380000
   -3.387   -0.816    3.834    4.503    8.156    9.138    9.871   13.941
            0.480000  0.630000  0.390000
   -3.396   -0.821    3.881    4.524    8.119    9.151    9.819   13.946
            0.480000  0.630000  0.400000
   -3.406   -0.824    3.926    4.544    8.082    9.165    9.769   13.946
            0.480000  0.630000  0.410000
   -3.416   -0.825    3.969    4.565    8.047    9.180    9.722   13.942
            0.480000  0.630000  0.420000
   -3.427   -0.824    4.009    4.585    8.014    9.194    9.678   13.936
            0.480000  0.630000  0.430000
   -3.439   -0.821    4.048    4.604    7.982    9.209    9.636   13.927
            0.480000  0.630000  0.440000
   -3.451   -0.817    4.084    4.623    7.951    9.223    9.597   13.916
            0.480000  0.630000  0.450000
   -3.464   -0.810    4.118    4.641    7.923    9.236    9.562   13.905
            0.480000  0.630000  0.460000
   -3.478   -0.801    4.150    4.657    7.897    9.247    9.531   13.893
            0.480000  0.630000  0.470000
   -3.492   -0.791    4.180    4.672    7.874    9.257    9.505   13.881
            0.480000  0.630000  0.480000
   -3.506   -0.778    4.208    4.685    7.852    9.263    9.484   13.868
            0.480000  0.630000  0.490000
   -3.521   -0.764    4.235    4.695    7.834    9.266    9.470   13.855
            0.480000  0.630000  0.500000
   -3.537   -0.748    4.259    4.703    7.818    9.264    9.463   13.842
            0.480000  0.630000  0.510000
   -3.552   -0.730    4.282    4.709    7.806    9.259    9.462   13.828
            0.480000  0.630000  0.520000
   -3.569   -0.711    4.303    4.711    7.796    9.251    9.467   13.813
            0.480000  0.630000  0.530000
   -3.585   -0.690    4.322    4.710    7.790    9.241    9.476   13.797
            0.480000  0.630000  0.540000
   -3.602   -0.667    4.340    4.707    7.786    9.230    9.488   13.779
            0.480000  0.630000  0.550000
   -3.619   -0.643    4.357    4.700    7.786    9.220    9.502   13.758
            0.480000  0.630000  0.560000
   -3.636   -0.617    4.371    4.690    7.790    9.211    9.518   13.733
            0.480000  0.630000  0.570000
   -3.653   -0.590    4.383    4.677    7.796    9.203    9.536   13.704
            0.480000  0.630000  0.580000
   -3.670   -0.561    4.394    4.662    7.805    9.196    9.555   13.669
            0.480000  0.630000  0.590000
   -3.688   -0.531    4.401    4.645    7.817    9.191    9.575   13.628
            0.480000  0.630000  0.600000
   -3.705   -0.499    4.405    4.627    7.833    9.187    9.596   13.581
            0.480000  0.630000  0.610000
   -3.723   -0.467    4.405    4.610    7.850    9.184    9.619   13.526
            0.480000  0.630000  0.620000
   -3.740   -0.433    4.398    4.594    7.871    9.182    9.643   13.465
            0.480000  0.630000  0.630000
   -3.757   -0.397    4.384    4.582    7.894    9.181    9.668   13.398
            0.480000  0.630000  0.640000
   -3.774   -0.361    4.363    4.574    7.919    9.181    9.695   13.326
            0.480000  0.630000  0.650000
   -3.791   -0.323    4.334    4.570    7.946    9.182    9.723   13.250
            0.480000  0.630000  0.660000
   -3.808   -0.285    4.298    4.569    7.976    9.183    9.754   13.170
            0.480000  0.630000  0.670000
   -3.825   -0.245    4.258    4.570    8.007    9.185    9.786   13.088
            0.480000  0.630000  0.680000
   -3.841   -0.205    4.214    4.572    8.039    9.187    9.820   13.003
            0.480000  0.630000  0.690000
   -3.857   -0.163    4.166    4.575    8.074    9.189    9.856   12.917
            0.480000  0.630000  0.700000
   -3.873   -0.121    4.116    4.578    8.110    9.192    9.893   12.829
            0.480000  0.630000  0.710000
   -3.888   -0.077    4.064    4.582    8.147    9.194    9.933   12.741
            0.480000  0.630000  0.720000
   -3.904   -0.033    4.010    4.585    8.185    9.196    9.975   12.653
            0.480000  0.630000  0.730000
   -3.918    0.011    3.954    4.588    8.224    9.198   10.019   12.564
            0.480000  0.630000  0.740000
   -3.933    0.057    3.897    4.592    8.265    9.200   10.064   12.475
            0.480000  0.630000  0.750000
   -3.947    0.103    3.839    4.594    8.306    9.202   10.112   12.386
            0.480000  0.630000  0.760000
   -3.960    0.149    3.780    4.597    8.348    9.204   10.161   12.298
            0.480000  0.630000  0.770000
   -3.973    0.196    3.720    4.599    8.391    9.205   10.211   12.211
            0.480000  0.630000  0.780000
   -3.986    0.243    3.660    4.602    8.435    9.207   10.263   12.124
            0.480000  0.630000  0.790000
   -3.998    0.291    3.600    4.604    8.478    9.209   10.316   12.038
            0.480000  0.630000  0.800000
   -4.010    0.339    3.540    4.605    8.523    9.210   10.370   11.953
            0.480000  0.630000  0.810000
   -4.021    0.387    3.479    4.607    8.567    9.213   10.425   11.870
            0.480000  0.630000  0.820000
   -4.032    0.434    3.419    4.608    8.611    9.215   10.480   11.788
            0.480000  0.630000  0.830000
   -4.042    0.482    3.360    4.609    8.655    9.218   10.536   11.708
            0.480000  0.630000  0.840000
   -4.052    0.529    3.301    4.610    8.698    9.221   10.592   11.630
            0.480000  0.630000  0.850000
   -4.061    0.576    3.243    4.611    8.741    9.226   10.647   11.554
            0.480000  0.630000  0.860000
   -4.069    0.623    3.187    4.612    8.782    9.231   10.701   11.481
            0.480000  0.630000  0.870000
   -4.077    0.668    3.131    4.612    8.821    9.239   10.754   11.411
            0.480000  0.630000  0.880000
   -4.085    0.712    3.078    4.613    8.858    9.247   10.803   11.346
            0.480000  0.630000  0.890000
   -4.092    0.755    3.026    4.613    8.893    9.258   10.848   11.288
            0.480000  0.630000  0.900000
   -4.098    0.797    2.977    4.613    8.923    9.272   10.885   11.239
            0.480000  0.630000  0.910000
   -4.104    0.836    2.930    4.613    8.950    9.288   10.908   11.205
            0.480000  0.630000  0.920000
   -4.109    0.873    2.887    4.614    8.973    9.305   10.914   11.190
            0.480000  0.630000  0.930000
   -4.113    0.907    2.847    4.614    8.992    9.325   10.900   11.195
            0.480000  0.630000  0.940000
   -4.117    0.937    2.811    4.614    9.007    9.345   10.875   11.213
            0.480000  0.630000  0.950000
   -4.121    0.965    2.779    4.614    9.019    9.365   10.846   11.236
            0.480000  0.630000  0.960000
   -4.123    0.988    2.753    4.614    9.028    9.383   10.818   11.260
            0.480000  0.630000  0.970000
   -4.126    1.006    2.732    4.614    9.034    9.399   10.793   11.280
            0.480000  0.630000  0.980000
   -4.127    1.019    2.716    4.614    9.038    9.411   10.775   11.296
            0.480000  0.630000  0.990000
   -4.128    1.028    2.707    4.614    9.041    9.419   10.763   11.306
            0.480000  0.630000  1.000000
   -4.128    1.030    2.704    4.614    9.042    9.421   10.759   11.310
