 &plot nbnd=   8, nks=   101 /
            0.960000  0.330000  0.000000
   -1.886   -1.388    2.347    2.486    8.613    8.710   12.283   12.980
            0.960000  0.330000  0.010000
   -1.887   -1.387    2.334    2.500    8.575    8.750   12.283   12.980
            0.960000  0.330000  0.020000
   -1.891   -1.383    2.305    2.533    8.511    8.818   12.284   12.982
            0.960000  0.330000  0.030000
   -1.897   -1.378    2.269    2.573    8.444    8.892   12.284   12.984
            0.960000  0.330000  0.040000
   -1.906   -1.370    2.231    2.618    8.378    8.968   12.285   12.988
            0.960000  0.330000  0.050000
   -1.916   -1.360    2.194    2.664    8.313    9.047   12.287   12.992
            0.960000  0.330000  0.060000
   -1.929   -1.349    2.157    2.712    8.250    9.126   12.288   12.998
            0.960000  0.330000  0.070000
   -1.944   -1.336    2.120    2.761    8.188    9.207   12.290   13.004
            0.960000  0.330000  0.080000
   -1.960   -1.321    2.085    2.811    8.128    9.290   12.292   13.011
            0.960000  0.330000  0.090000
   -1.977   -1.306    2.051    2.861    8.070    9.374   12.294   13.020
            0.960000  0.330000  0.100000
   -1.996   -1.289    2.018    2.912    8.014    9.458   12.297   13.029
            0.960000  0.330000  0.110000
   -2.015   -1.272    1.987    2.962    7.960    9.544   12.300   13.039
            0.960000  0.330000  0.120000
   -2.036   -1.253    1.957    3.013    7.908    9.631   12.303   13.050
            0.960000  0.330000  0.130000
   -2.058   -1.234    1.928    3.064    7.858    9.720   12.306   13.062
            0.960000  0.330000  0.140000
   -2.080   -1.214    1.901    3.115    7.811    9.809   12.310   13.075
            0.960000  0.330000  0.150000
   -2.104   -1.194    1.875    3.166    7.766    9.899   12.313   13.088
            0.960000  0.330000  0.160000
   -2.128   -1.173    1.851    3.216    7.724    9.990   12.317   13.102
            0.960000  0.330000  0.170000
   -2.152   -1.151    1.829    3.265    7.685   10.082   12.322   13.117
            0.960000  0.330000  0.180000
   -2.178   -1.129    1.808    3.314    7.648   10.175   12.326   13.132
            0.960000  0.330000  0.190000
   -2.203   -1.106    1.789    3.362    7.614   10.269   12.331   13.147
            0.960000  0.330000  0.200000
   -2.230   -1.083    1.771    3.409    7.584   10.363   12.335   13.162
            0.960000  0.330000  0.210000
   -2.257   -1.060    1.755    3.455    7.557   10.459   12.340   13.176
            0.960000  0.330000  0.220000
   -2.284   -1.036    1.740    3.499    7.533   10.555   12.345   13.189
            0.960000  0.330000  0.230000
   -2.311   -1.012    1.727    3.542    7.513   10.652   12.350   13.199
            0.960000  0.330000  0.240000
   -2.339   -0.987    1.716    3.584    7.496   10.749   12.354   13.201
            0.960000  0.330000  0.250000
   -2.368   -0.962    1.706    3.623    7.483   10.847   12.358   13.191
            0.960000  0.330000  0.260000
   -2.397   -0.936    1.698    3.661    7.474   10.946   12.362   13.159
            0.960000  0.330000  0.270000
   -2.426   -0.910    1.692    3.696    7.469   11.045   12.364   13.101
            0.960000  0.330000  0.280000
   -2.455   -0.884    1.687    3.730    7.469   11.144   12.364   13.024
            0.960000  0.330000  0.290000
   -2.484   -0.858    1.684    3.761    7.472   11.243   12.360   12.937
            0.960000  0.330000  0.300000
   -2.514   -0.831    1.682    3.790    7.480   11.341   12.352   12.850
            0.960000  0.330000  0.310000
   -2.544   -0.803    1.681    3.816    7.492   11.440   12.334   12.769
            0.960000  0.330000  0.320000
   -2.574   -0.775    1.683    3.840    7.508   11.536   12.304   12.701
            0.960000  0.330000  0.330000
   -2.604   -0.747    1.685    3.861    7.529   11.630   12.257   12.652
            0.960000  0.330000  0.340000
   -2.635   -0.719    1.690    3.880    7.554   11.717   12.197   12.621
            0.960000  0.330000  0.350000
   -2.665   -0.690    1.695    3.896    7.583   11.789   12.136   12.605
            0.960000  0.330000  0.360000
   -2.696   -0.661    1.702    3.910    7.617   11.821   12.102   12.598
            0.960000  0.330000  0.370000
   -2.726   -0.632    1.711    3.921    7.655   11.788   12.125   12.597
            0.960000  0.330000  0.380000
   -2.757   -0.602    1.721    3.930    7.697   11.711   12.183   12.595
            0.960000  0.330000  0.390000
   -2.787   -0.572    1.732    3.937    7.744   11.615   12.250   12.582
            0.960000  0.330000  0.400000
   -2.817   -0.541    1.745    3.941    7.794   11.512   12.311   12.544
            0.960000  0.330000  0.410000
   -2.848   -0.511    1.759    3.944    7.848   11.404   12.353   12.485
            0.960000  0.330000  0.420000
   -2.878   -0.480    1.774    3.944    7.905   11.295   12.332   12.458
            0.960000  0.330000  0.430000
   -2.908   -0.448    1.791    3.943    7.966   11.185   12.245   12.479
            0.960000  0.330000  0.440000
   -2.938   -0.417    1.808    3.940    8.031   11.075   12.140   12.504
            0.960000  0.330000  0.450000
   -2.968   -0.385    1.827    3.936    8.098   10.964   12.031   12.527
            0.960000  0.330000  0.460000
   -2.997   -0.353    1.848    3.930    8.169   10.853   11.920   12.548
            0.960000  0.330000  0.470000
   -3.027   -0.321    1.869    3.923    8.242   10.742   11.807   12.566
            0.960000  0.330000  0.480000
   -3.056   -0.288    1.892    3.915    8.319   10.631   11.695   12.583
            0.960000  0.330000  0.490000
   -3.085   -0.256    1.915    3.906    8.398   10.521   11.583   12.598
            0.960000  0.330000  0.500000
   -3.114   -0.223    1.940    3.896    8.479   10.411   11.471   12.613
            0.960000  0.330000  0.510000
   -3.142   -0.190    1.966    3.885    8.563   10.302   11.360   12.627
            0.960000  0.330000  0.520000
   -3.170   -0.157    1.993    3.873    8.649   10.194   11.250   12.641
            0.960000  0.330000  0.530000
   -3.198   -0.124    2.021    3.861    8.737   10.086   11.141   12.654
            0.960000  0.330000  0.540000
   -3.225   -0.091    2.049    3.849    8.826    9.978   11.032   12.667
            0.960000  0.330000  0.550000
   -3.252   -0.057    2.079    3.836    8.918    9.872   10.925   12.680
            0.960000  0.330000  0.560000
   -3.278   -0.024    2.110    3.824    9.011    9.766   10.818   12.693
            0.960000  0.330000  0.570000
   -3.305    0.009    2.141    3.811    9.106    9.661   10.713   12.705
            0.960000  0.330000  0.580000
   -3.330    0.043    2.174    3.798    9.202    9.557   10.609   12.717
            0.960000  0.330000  0.590000
   -3.356    0.076    2.207    3.784    9.300    9.453   10.506   12.729
            0.960000  0.330000  0.600000
   -3.381    0.109    2.241    3.771    9.351    9.398   10.405   12.741
            0.960000  0.330000  0.610000
   -3.405    0.142    2.276    3.759    9.249    9.497   10.306   12.752
            0.960000  0.330000  0.620000
   -3.429    0.175    2.312    3.746    9.149    9.596   10.209   12.764
            0.960000  0.330000  0.630000
   -3.453    0.208    2.348    3.734    9.050    9.693   10.117   12.775
            0.960000  0.330000  0.640000
   -3.476    0.240    2.385    3.722    8.951    9.782   10.035   12.786
            0.960000  0.330000  0.650000
   -3.498    0.273    2.422    3.710    8.854    9.828    9.999   12.797
            0.960000  0.330000  0.660000
   -3.520    0.305    2.460    3.699    8.758    9.782   10.056   12.807
            0.960000  0.330000  0.670000
   -3.541    0.336    2.499    3.688    8.663    9.703   10.150   12.817
            0.960000  0.330000  0.680000
   -3.562    0.368    2.538    3.678    8.570    9.617   10.252   12.827
            0.960000  0.330000  0.690000
   -3.583    0.398    2.577    3.668    8.478    9.530   10.357   12.837
            0.960000  0.330000  0.700000
   -3.603    0.429    2.617    3.659    8.387    9.444   10.463   12.846
            0.960000  0.330000  0.710000
   -3.622    0.459    2.657    3.650    8.297    9.360   10.571   12.856
            0.960000  0.330000  0.720000
   -3.640    0.488    2.697    3.642    8.209    9.277   10.679   12.865
            0.960000  0.330000  0.730000
   -3.658    0.517    2.738    3.634    8.123    9.195   10.788   12.873
            0.960000  0.330000  0.740000
   -3.676    0.545    2.779    3.627    8.038    9.116   10.897   12.882
            0.960000  0.330000  0.750000
   -3.693    0.573    2.819    3.621    7.955    9.038   11.006   12.890
            0.960000  0.330000  0.760000
   -3.709    0.600    2.860    3.615    7.874    8.962   11.115   12.898
            0.960000  0.330000  0.770000
   -3.725    0.626    2.901    3.610    7.794    8.889   11.225   12.905
            0.960000  0.330000  0.780000
   -3.740    0.651    2.941    3.605    7.717    8.817   11.334   12.913
            0.960000  0.330000  0.790000
   -3.754    0.676    2.981    3.601    7.641    8.748   11.442   12.919
            0.960000  0.330000  0.800000
   -3.768    0.699    3.021    3.598    7.567    8.682   11.551   12.926
            0.960000  0.330000  0.810000
   -3.781    0.722    3.060    3.595    7.496    8.618   11.658   12.932
            0.960000  0.330000  0.820000
   -3.793    0.744    3.099    3.592    7.427    8.556   11.765   12.938
            0.960000  0.330000  0.830000
   -3.805    0.765    3.136    3.590    7.361    8.497   11.871   12.944
            0.960000  0.330000  0.840000
   -3.816    0.784    3.174    3.589    7.297    8.441   11.975   12.950
            0.960000  0.330000  0.850000
   -3.827    0.803    3.210    3.587    7.235    8.388   12.078   12.955
            0.960000  0.330000  0.860000
   -3.837    0.821    3.245    3.586    7.177    8.337   12.179   12.959
            0.960000  0.330000  0.870000
   -3.846    0.837    3.278    3.585    7.122    8.290   12.278   12.964
            0.960000  0.330000  0.880000
   -3.854    0.853    3.310    3.585    7.069    8.245   12.375   12.968
            0.960000  0.330000  0.890000
   -3.862    0.867    3.341    3.584    7.021    8.204   12.468   12.972
            0.960000  0.330000  0.900000
   -3.869    0.880    3.370    3.584    6.975    8.166   12.558   12.976
            0.960000  0.330000  0.910000
   -3.876    0.892    3.398    3.583    6.934    8.132   12.643   12.979
            0.960000  0.330000  0.920000
   -3.882    0.903    3.423    3.583    6.896    8.101   12.724   12.982
            0.960000  0.330000  0.930000
   -3.887    0.912    3.446    3.582    6.862    8.073   12.798   12.985
            0.960000  0.330000  0.940000
   -3.891    0.920    3.467    3.580    6.832    8.049   12.865   12.988
            0.960000  0.330000  0.950000
   -3.895    0.927    3.486    3.579    6.807    8.028   12.922   12.993
            0.960000  0.330000  0.960000
   -3.898    0.933    3.502    3.577    6.786    8.012   12.964   13.004
            0.960000  0.330000  0.970000
   -3.901    0.938    3.516    3.574    6.769    7.998   12.980   13.031
            0.960000  0.330000  0.980000
   -3.902    0.941    3.528    3.571    6.757    7.989   12.984   13.058
            0.960000  0.330000  0.990000
   -3.903    0.943    3.536    3.568    6.750    7.983   12.986   13.075
            0.960000  0.330000  1.000000
   -3.904    0.943    3.539    3.566    6.748    7.981   12.987   13.081
