 &plot nbnd=   8, nks=   101 /
            0.430000  0.230000  0.000000
   -4.790    2.242    3.653    4.885    8.410    9.555   10.442   10.728
            0.430000  0.230000  0.010000
   -4.789    2.239    3.656    4.885    8.409    9.555   10.443   10.726
            0.430000  0.230000  0.020000
   -4.788    2.229    3.666    4.883    8.407    9.554   10.448   10.721
            0.430000  0.230000  0.030000
   -4.786    2.213    3.682    4.879    8.403    9.552   10.457   10.713
            0.430000  0.230000  0.040000
   -4.784    2.192    3.703    4.875    8.398    9.550   10.468   10.703
            0.430000  0.230000  0.050000
   -4.780    2.166    3.730    4.869    8.392    9.546   10.482   10.691
            0.430000  0.230000  0.060000
   -4.776    2.134    3.762    4.862    8.385    9.542   10.497   10.678
            0.430000  0.230000  0.070000
   -4.771    2.099    3.797    4.853    8.377    9.536   10.512   10.668
            0.430000  0.230000  0.080000
   -4.765    2.061    3.836    4.844    8.369    9.528   10.521   10.665
            0.430000  0.230000  0.090000
   -4.759    2.019    3.878    4.833    8.359    9.519   10.520   10.674
            0.430000  0.230000  0.100000
   -4.752    1.975    3.922    4.821    8.350    9.508   10.509   10.696
            0.430000  0.230000  0.110000
   -4.744    1.929    3.969    4.807    8.340    9.496   10.491   10.728
            0.430000  0.230000  0.120000
   -4.735    1.881    4.017    4.792    8.330    9.482   10.467   10.767
            0.430000  0.230000  0.130000
   -4.725    1.832    4.065    4.777    8.320    9.467   10.442   10.812
            0.430000  0.230000  0.140000
   -4.715    1.781    4.115    4.760    8.310    9.450   10.414   10.862
            0.430000  0.230000  0.150000
   -4.704    1.730    4.166    4.741    8.301    9.432   10.386   10.915
            0.430000  0.230000  0.160000
   -4.693    1.678    4.216    4.722    8.292    9.412   10.357   10.972
            0.430000  0.230000  0.170000
   -4.680    1.625    4.267    4.702    8.283    9.392   10.328   11.032
            0.430000  0.230000  0.180000
   -4.667    1.572    4.317    4.680    8.274    9.372   10.299   11.096
            0.430000  0.230000  0.190000
   -4.653    1.518    4.366    4.658    8.266    9.351   10.270   11.161
            0.430000  0.230000  0.200000
   -4.638    1.465    4.415    4.634    8.258    9.330   10.241   11.230
            0.430000  0.230000  0.210000
   -4.623    1.411    4.463    4.610    8.251    9.310   10.212   11.301
            0.430000  0.230000  0.220000
   -4.607    1.357    4.510    4.585    8.244    9.291   10.183   11.374
            0.430000  0.230000  0.230000
   -4.590    1.304    4.547    4.567    8.237    9.273   10.155   11.450
            0.430000  0.230000  0.240000
   -4.573    1.250    4.529    4.603    8.230    9.257   10.126   11.527
            0.430000  0.230000  0.250000
   -4.554    1.197    4.502    4.644    8.223    9.243   10.097   11.606
            0.430000  0.230000  0.260000
   -4.535    1.144    4.473    4.685    8.217    9.231   10.068   11.687
            0.430000  0.230000  0.270000
   -4.516    1.091    4.444    4.723    8.210    9.222   10.039   11.770
            0.430000  0.230000  0.280000
   -4.495    1.039    4.413    4.759    8.204    9.216   10.010   11.855
            0.430000  0.230000  0.290000
   -4.474    0.987    4.382    4.792    8.198    9.213    9.981   11.941
            0.430000  0.230000  0.300000
   -4.453    0.935    4.351    4.823    8.192    9.214    9.952   12.028
            0.430000  0.230000  0.310000
   -4.430    0.884    4.318    4.851    8.186    9.218    9.922   12.117
            0.430000  0.230000  0.320000
   -4.407    0.833    4.285    4.876    8.181    9.226    9.892   12.207
            0.430000  0.230000  0.330000
   -4.384    0.783    4.252    4.898    8.177    9.238    9.862   12.299
            0.430000  0.230000  0.340000
   -4.359    0.733    4.218    4.916    8.173    9.253    9.831   12.391
            0.430000  0.230000  0.350000
   -4.334    0.684    4.184    4.931    8.170    9.272    9.801   12.485
            0.430000  0.230000  0.360000
   -4.309    0.636    4.149    4.943    8.169    9.295    9.770   12.580
            0.430000  0.230000  0.370000
   -4.282    0.588    4.114    4.951    8.169    9.322    9.738   12.675
            0.430000  0.230000  0.380000
   -4.255    0.540    4.078    4.955    8.170    9.352    9.707   12.771
            0.430000  0.230000  0.390000
   -4.228    0.494    4.042    4.955    8.173    9.385    9.675   12.868
            0.430000  0.230000  0.400000
   -4.200    0.448    4.005    4.952    8.178    9.422    9.643   12.965
            0.430000  0.230000  0.410000
   -4.171    0.402    3.968    4.946    8.185    9.462    9.612   13.059
            0.430000  0.230000  0.420000
   -4.142    0.358    3.931    4.935    8.195    9.504    9.580   13.147
            0.430000  0.230000  0.430000
   -4.112    0.314    3.894    4.922    8.206    9.540    9.558   13.203
            0.430000  0.230000  0.440000
   -4.082    0.270    3.856    4.904    8.219    9.514    9.601   13.194
            0.430000  0.230000  0.450000
   -4.051    0.228    3.818    4.884    8.235    9.482    9.651   13.155
            0.430000  0.230000  0.460000
   -4.019    0.186    3.779    4.861    8.252    9.451    9.705   13.109
            0.430000  0.230000  0.470000
   -3.988    0.145    3.741    4.835    8.272    9.419    9.761   13.062
            0.430000  0.230000  0.480000
   -3.955    0.105    3.702    4.806    8.294    9.388    9.819   13.015
            0.430000  0.230000  0.490000
   -3.922    0.065    3.662    4.775    8.317    9.357    9.880   12.968
            0.430000  0.230000  0.500000
   -3.889    0.026    3.623    4.742    8.342    9.327    9.943   12.922
            0.430000  0.230000  0.510000
   -3.855   -0.012    3.582    4.706    8.368    9.297   10.007   12.877
            0.430000  0.230000  0.520000
   -3.821   -0.049    3.542    4.669    8.396    9.269   10.074   12.833
            0.430000  0.230000  0.530000
   -3.787   -0.085    3.501    4.631    8.425    9.241   10.142   12.790
            0.430000  0.230000  0.540000
   -3.752   -0.121    3.460    4.591    8.454    9.215   10.212   12.747
            0.430000  0.230000  0.550000
   -3.716   -0.155    3.419    4.550    8.484    9.190   10.284   12.706
            0.430000  0.230000  0.560000
   -3.681   -0.189    3.377    4.508    8.514    9.168   10.357   12.666
            0.430000  0.230000  0.570000
   -3.645   -0.222    3.334    4.466    8.543    9.148   10.431   12.626
            0.430000  0.230000  0.580000
   -3.609   -0.254    3.291    4.423    8.571    9.131   10.507   12.588
            0.430000  0.230000  0.590000
   -3.573   -0.285    3.248    4.379    8.596    9.119   10.584   12.550
            0.430000  0.230000  0.600000
   -3.536   -0.316    3.204    4.336    8.618    9.112   10.662   12.514
            0.430000  0.230000  0.610000
   -3.499   -0.345    3.160    4.293    8.635    9.111   10.742   12.478
            0.430000  0.230000  0.620000
   -3.463   -0.374    3.115    4.250    8.647    9.117   10.822   12.444
            0.430000  0.230000  0.630000
   -3.426   -0.401    3.070    4.208    8.654    9.131   10.903   12.410
            0.430000  0.230000  0.640000
   -3.389   -0.428    3.024    4.166    8.654    9.152   10.986   12.378
            0.430000  0.230000  0.650000
   -3.352   -0.454    2.977    4.124    8.650    9.180   11.069   12.346
            0.430000  0.230000  0.660000
   -3.315   -0.479    2.931    4.084    8.642    9.214   11.152   12.315
            0.430000  0.230000  0.670000
   -3.278   -0.502    2.883    4.044    8.630    9.253   11.237   12.285
            0.430000  0.230000  0.680000
   -3.241   -0.525    2.836    4.006    8.616    9.296   11.322   12.257
            0.430000  0.230000  0.690000
   -3.205   -0.547    2.788    3.968    8.600    9.342   11.408   12.229
            0.430000  0.230000  0.700000
   -3.168   -0.568    2.739    3.932    8.584    9.391   11.494   12.202
            0.430000  0.230000  0.710000
   -3.132   -0.588    2.691    3.896    8.566    9.443   11.581   12.176
            0.430000  0.230000  0.720000
   -3.097   -0.607    2.642    3.862    8.548    9.496   11.668   12.150
            0.430000  0.230000  0.730000
   -3.061   -0.625    2.594    3.830    8.530    9.552   11.756   12.126
            0.430000  0.230000  0.740000
   -3.027   -0.641    2.545    3.798    8.511    9.609   11.844   12.103
            0.430000  0.230000  0.750000
   -2.992   -0.657    2.497    3.768    8.493    9.667   11.931   12.081
            0.430000  0.230000  0.760000
   -2.959   -0.672    2.449    3.739    8.476    9.727   12.017   12.062
            0.430000  0.230000  0.770000
   -2.926   -0.686    2.401    3.712    8.458    9.788   12.036   12.111
            0.430000  0.230000  0.780000
   -2.894   -0.699    2.354    3.685    8.441    9.850   12.017   12.198
            0.430000  0.230000  0.790000
   -2.862   -0.711    2.307    3.660    8.425    9.913   11.999   12.286
            0.430000  0.230000  0.800000
   -2.832   -0.721    2.261    3.637    8.409    9.978   11.981   12.373
            0.430000  0.230000  0.810000
   -2.802   -0.731    2.217    3.614    8.393   10.042   11.964   12.459
            0.430000  0.230000  0.820000
   -2.773   -0.740    2.173    3.593    8.379   10.108   11.948   12.543
            0.430000  0.230000  0.830000
   -2.746   -0.748    2.130    3.573    8.365   10.175   11.933   12.624
            0.430000  0.230000  0.840000
   -2.719   -0.755    2.089    3.554    8.351   10.242   11.919   12.697
            0.430000  0.230000  0.850000
   -2.694   -0.762    2.049    3.537    8.339   10.309   11.905   12.750
            0.430000  0.230000  0.860000
   -2.671   -0.767    2.011    3.521    8.327   10.377   11.893   12.762
            0.430000  0.230000  0.870000
   -2.648   -0.772    1.975    3.506    8.316   10.446   11.881   12.725
            0.430000  0.230000  0.880000
   -2.627   -0.776    1.940    3.492    8.306   10.514   11.871   12.660
            0.430000  0.230000  0.890000
   -2.608   -0.779    1.908    3.479    8.296   10.583   11.861   12.586
            0.430000  0.230000  0.900000
   -2.590   -0.782    1.878    3.467    8.287   10.651   11.852   12.509
            0.430000  0.230000  0.910000
   -2.573   -0.784    1.850    3.457    8.280   10.718   11.845   12.432
            0.430000  0.230000  0.920000
   -2.558   -0.786    1.825    3.448    8.272   10.785   11.838   12.355
            0.430000  0.230000  0.930000
   -2.545   -0.787    1.802    3.440    8.266   10.849   11.833   12.280
            0.430000  0.230000  0.940000
   -2.534   -0.788    1.783    3.432    8.261   10.912   11.829   12.208
            0.430000  0.230000  0.950000
   -2.524   -0.789    1.766    3.426    8.256   10.970   11.826   12.141
            0.430000  0.230000  0.960000
   -2.516   -0.789    1.752    3.422    8.252   11.023   11.825   12.079
            0.430000  0.230000  0.970000
   -2.510   -0.790    1.741    3.418    8.249   11.069   11.827   12.024
            0.430000  0.230000  0.980000
   -2.505   -0.790    1.733    3.415    8.247   11.105   11.830   11.979
            0.430000  0.230000  0.990000
   -2.503   -0.790    1.728    3.413    8.246   11.129   11.834   11.948
            0.430000  0.230000  1.000000
   -2.502   -0.790    1.727    3.413    8.246   11.137   11.837   11.937
