 &plot nbnd=   8, nks=   101 /
            0.520000  0.040000  0.000000
   -4.637    2.240    3.989    4.034    7.083    8.955   11.676   11.747
            0.520000  0.040000  0.010000
   -4.637    2.239    3.989    4.033    7.085    8.956   11.675   11.744
            0.520000  0.040000  0.020000
   -4.635    2.234    3.990    4.030    7.092    8.961   11.669   11.733
            0.520000  0.040000  0.030000
   -4.633    2.226    3.990    4.027    7.105    8.969   11.657   11.720
            0.520000  0.040000  0.040000
   -4.631    2.215    3.985    4.026    7.122    8.979   11.635   11.707
            0.520000  0.040000  0.050000
   -4.627    2.202    3.974    4.031    7.143    8.993   11.601   11.697
            0.520000  0.040000  0.060000
   -4.623    2.185    3.959    4.040    7.170    9.009   11.557   11.689
            0.520000  0.040000  0.070000
   -4.618    2.166    3.939    4.051    7.200    9.029   11.505   11.682
            0.520000  0.040000  0.080000
   -4.612    2.145    3.916    4.064    7.235    9.051   11.447   11.674
            0.520000  0.040000  0.090000
   -4.606    2.121    3.890    4.079    7.274    9.076   11.383   11.667
            0.520000  0.040000  0.100000
   -4.599    2.095    3.862    4.096    7.317    9.104   11.315   11.659
            0.520000  0.040000  0.110000
   -4.591    2.066    3.831    4.113    7.363    9.135   11.243   11.651
            0.520000  0.040000  0.120000
   -4.582    2.036    3.798    4.132    7.413    9.169   11.168   11.641
            0.520000  0.040000  0.130000
   -4.572    2.004    3.764    4.152    7.466    9.205   11.090   11.632
            0.520000  0.040000  0.140000
   -4.562    1.971    3.728    4.172    7.522    9.244   11.010   11.621
            0.520000  0.040000  0.150000
   -4.551    1.936    3.690    4.193    7.581    9.285   10.928   11.611
            0.520000  0.040000  0.160000
   -4.539    1.899    3.651    4.215    7.643    9.329   10.845   11.599
            0.520000  0.040000  0.170000
   -4.527    1.862    3.612    4.237    7.707    9.375   10.762   11.587
            0.520000  0.040000  0.180000
   -4.513    1.823    3.571    4.259    7.774    9.424   10.677   11.574
            0.520000  0.040000  0.190000
   -4.499    1.783    3.529    4.281    7.843    9.474   10.592   11.561
            0.520000  0.040000  0.200000
   -4.485    1.743    3.487    4.304    7.914    9.526   10.508   11.547
            0.520000  0.040000  0.210000
   -4.469    1.702    3.444    4.326    7.987    9.579   10.424   11.532
            0.520000  0.040000  0.220000
   -4.453    1.660    3.401    4.348    8.062    9.633   10.342   11.518
            0.520000  0.040000  0.230000
   -4.436    1.617    3.357    4.370    8.139    9.686   10.264   11.502
            0.520000  0.040000  0.240000
   -4.418    1.574    3.313    4.392    8.218    9.734   10.192   11.486
            0.520000  0.040000  0.250000
   -4.400    1.530    3.269    4.414    8.298    9.772   10.133   11.470
            0.520000  0.040000  0.260000
   -4.380    1.486    3.225    4.435    8.380    9.786   10.100   11.453
            0.520000  0.040000  0.270000
   -4.361    1.441    3.181    4.455    8.463    9.765   10.106   11.436
            0.520000  0.040000  0.280000
   -4.340    1.397    3.137    4.475    8.547    9.714   10.143   11.419
            0.520000  0.040000  0.290000
   -4.319    1.352    3.093    4.494    8.633    9.648   10.199   11.401
            0.520000  0.040000  0.300000
   -4.297    1.306    3.049    4.513    8.720    9.576   10.265   11.383
            0.520000  0.040000  0.310000
   -4.274    1.261    3.006    4.530    8.807    9.501   10.336   11.365
            0.520000  0.040000  0.320000
   -4.251    1.216    2.963    4.547    8.895    9.426   10.411   11.347
            0.520000  0.040000  0.330000
   -4.227    1.170    2.920    4.563    8.982    9.353   10.489   11.329
            0.520000  0.040000  0.340000
   -4.202    1.124    2.877    4.578    9.064    9.286   10.569   11.311
            0.520000  0.040000  0.350000
   -4.176    1.079    2.835    4.591    9.116    9.252   10.651   11.293
            0.520000  0.040000  0.360000
   -4.150    1.033    2.794    4.603    9.089    9.300   10.734   11.276
            0.520000  0.040000  0.370000
   -4.123    0.988    2.753    4.614    9.028    9.383   10.818   11.260
            0.520000  0.040000  0.380000
   -4.096    0.942    2.712    4.623    8.961    9.475   10.900   11.247
            0.520000  0.040000  0.390000
   -4.068    0.897    2.673    4.631    8.895    9.570   10.979   11.239
            0.520000  0.040000  0.400000
   -4.039    0.851    2.633    4.637    8.830    9.666   11.045   11.245
            0.520000  0.040000  0.410000
   -4.010    0.806    2.595    4.641    8.767    9.763   11.085   11.279
            0.520000  0.040000  0.420000
   -3.980    0.761    2.557    4.643    8.707    9.861   11.096   11.343
            0.520000  0.040000  0.430000
   -3.949    0.716    2.520    4.643    8.649    9.960   11.091   11.425
            0.520000  0.040000  0.440000
   -3.918    0.672    2.483    4.641    8.594   10.060   11.079   11.514
            0.520000  0.040000  0.450000
   -3.886    0.627    2.447    4.636    8.542   10.159   11.065   11.607
            0.520000  0.040000  0.460000
   -3.854    0.583    2.412    4.629    8.494   10.259   11.050   11.702
            0.520000  0.040000  0.470000
   -3.821    0.539    2.378    4.620    8.449   10.359   11.035   11.797
            0.520000  0.040000  0.480000
   -3.787    0.495    2.345    4.608    8.407   10.457   11.021   11.892
            0.520000  0.040000  0.490000
   -3.753    0.452    2.312    4.594    8.369   10.553   11.010   11.984
            0.520000  0.040000  0.500000
   -3.718    0.409    2.280    4.577    8.334   10.643   11.005   12.069
            0.520000  0.040000  0.510000
   -3.683    0.366    2.250    4.557    8.304   10.722   11.012   12.141
            0.520000  0.040000  0.520000
   -3.647    0.323    2.220    4.534    8.277   10.780   11.041   12.189
            0.520000  0.040000  0.530000
   -3.611    0.280    2.191    4.509    8.254   10.809   11.098   12.205
            0.520000  0.040000  0.540000
   -3.574    0.238    2.163    4.481    8.235   10.816   11.178   12.196
            0.520000  0.040000  0.550000
   -3.537    0.196    2.135    4.451    8.220   10.812   11.270   12.172
            0.520000  0.040000  0.560000
   -3.499    0.154    2.109    4.417    8.208   10.802   11.367   12.141
            0.520000  0.040000  0.570000
   -3.461    0.113    2.084    4.382    8.201   10.788   11.467   12.108
            0.520000  0.040000  0.580000
   -3.422    0.072    2.060    4.344    8.197   10.774   11.567   12.075
            0.520000  0.040000  0.590000
   -3.383    0.031    2.037    4.304    8.197   10.758   11.665   12.045
            0.520000  0.040000  0.600000
   -3.343   -0.010    2.015    4.261    8.201   10.742   11.753   12.025
            0.520000  0.040000  0.610000
   -3.303   -0.051    1.994    4.217    8.208   10.726   11.815   12.032
            0.520000  0.040000  0.620000
   -3.263   -0.091    1.974    4.170    8.219   10.710   11.833   12.085
            0.520000  0.040000  0.630000
   -3.222   -0.131    1.955    4.122    8.233   10.694   11.818   12.170
            0.520000  0.040000  0.640000
   -3.181   -0.171    1.938    4.072    8.250   10.678   11.792   12.269
            0.520000  0.040000  0.650000
   -3.140   -0.210    1.921    4.021    8.270   10.662   11.761   12.372
            0.520000  0.040000  0.660000
   -3.098   -0.249    1.906    3.968    8.293   10.647   11.728   12.477
            0.520000  0.040000  0.670000
   -3.056   -0.288    1.892    3.915    8.319   10.631   11.695   12.583
            0.520000  0.040000  0.680000
   -3.014   -0.327    1.879    3.860    8.347   10.616   11.662   12.687
            0.520000  0.040000  0.690000
   -2.971   -0.366    1.867    3.805    8.379   10.602   11.630   12.786
            0.520000  0.040000  0.700000
   -2.928   -0.405    1.856    3.748    8.412   10.587   11.598   12.871
            0.520000  0.040000  0.710000
   -2.885   -0.443    1.847    3.691    8.448   10.573   11.567   12.915
            0.520000  0.040000  0.720000
   -2.842   -0.481    1.839    3.634    8.487   10.560   11.536   12.887
            0.520000  0.040000  0.730000
   -2.799   -0.519    1.832    3.576    8.527   10.546   11.507   12.816
            0.520000  0.040000  0.740000
   -2.755   -0.557    1.827    3.519    8.570   10.533   11.478   12.730
            0.520000  0.040000  0.750000
   -2.712   -0.595    1.823    3.461    8.614   10.521   11.449   12.639
            0.520000  0.040000  0.760000
   -2.668   -0.633    1.820    3.403    8.661   10.509   11.422   12.546
            0.520000  0.040000  0.770000
   -2.624   -0.670    1.818    3.345    8.709   10.497   11.395   12.452
            0.520000  0.040000  0.780000
   -2.581   -0.708    1.818    3.288    8.759   10.485   11.370   12.359
            0.520000  0.040000  0.790000
   -2.537   -0.745    1.819    3.231    8.811   10.474   11.344   12.266
            0.520000  0.040000  0.800000
   -2.493   -0.783    1.822    3.174    8.864   10.464   11.320   12.175
            0.520000  0.040000  0.810000
   -2.449   -0.820    1.826    3.118    8.919   10.453   11.296   12.084
            0.520000  0.040000  0.820000
   -2.406   -0.857    1.832    3.063    8.975   10.443   11.272   11.995
            0.520000  0.040000  0.830000
   -2.362   -0.894    1.838    3.008    9.033   10.433   11.249   11.908
            0.520000  0.040000  0.840000
   -2.319   -0.932    1.847    2.954    9.092   10.424   11.225   11.822
            0.520000  0.040000  0.850000
   -2.276   -0.968    1.856    2.901    9.152   10.414   11.202   11.740
            0.520000  0.040000  0.860000
   -2.234   -1.005    1.867    2.850    9.213   10.405   11.177   11.660
            0.520000  0.040000  0.870000
   -2.191   -1.042    1.880    2.799    9.275   10.396   11.151   11.585
            0.520000  0.040000  0.880000
   -2.149   -1.079    1.893    2.749    9.338   10.386   11.122   11.515
            0.520000  0.040000  0.890000
   -2.108   -1.115    1.908    2.701    9.402   10.377   11.090   11.452
            0.520000  0.040000  0.900000
   -2.067   -1.151    1.925    2.654    9.467   10.367   11.053   11.396
            0.520000  0.040000  0.910000
   -2.028   -1.186    1.942    2.609    9.532   10.356   11.012   11.350
            0.520000  0.040000  0.920000
   -1.989   -1.221    1.961    2.565    9.598   10.343   10.966   11.312
            0.520000  0.040000  0.930000
   -1.951   -1.255    1.980    2.524    9.664   10.329   10.917   11.282
            0.520000  0.040000  0.940000
   -1.915   -1.288    2.000    2.484    9.729   10.312   10.868   11.259
            0.520000  0.040000  0.950000
   -1.882   -1.319    2.021    2.448    9.795   10.291   10.822   11.241
            0.520000  0.040000  0.960000
   -1.851   -1.347    2.040    2.414    9.859   10.266   10.780   11.228
            0.520000  0.040000  0.970000
   -1.825   -1.372    2.059    2.385    9.922   10.236   10.745   11.218
            0.520000  0.040000  0.980000
   -1.804   -1.391    2.075    2.362    9.982   10.200   10.719   11.211
            0.520000  0.040000  0.990000
   -1.790   -1.404    2.085    2.347   10.036   10.160   10.702   11.207
            0.520000  0.040000  1.000000
   -1.786   -1.409    2.089    2.341   10.068   10.133   10.697   11.206
