 &plot nbnd=   8, nks=   101 /
            0.080000  0.120000  0.000000
   -5.693    5.184    5.573    5.845    8.477    8.710    8.728    9.697
            0.080000  0.120000  0.010000
   -5.693    5.177    5.577    5.844    8.478    8.696    8.742    9.701
            0.080000  0.120000  0.020000
   -5.691    5.158    5.589    5.839    8.481    8.676    8.759    9.711
            0.080000  0.120000  0.030000
   -5.689    5.129    5.605    5.832    8.486    8.656    8.776    9.729
            0.080000  0.120000  0.040000
   -5.686    5.092    5.624    5.822    8.491    8.640    8.790    9.754
            0.080000  0.120000  0.050000
   -5.682    5.049    5.642    5.811    8.495    8.631    8.801    9.784
            0.080000  0.120000  0.060000
   -5.678    5.002    5.658    5.798    8.494    8.629    8.809    9.821
            0.080000  0.120000  0.070000
   -5.672    4.951    5.670    5.785    8.489    8.637    8.815    9.863
            0.080000  0.120000  0.080000
   -5.666    4.898    5.673    5.776    8.481    8.652    8.820    9.910
            0.080000  0.120000  0.090000
   -5.659    4.843    5.666    5.770    8.473    8.672    8.824    9.960
            0.080000  0.120000  0.100000
   -5.651    4.786    5.650    5.769    8.465    8.693    8.830   10.014
            0.080000  0.120000  0.110000
   -5.642    4.727    5.627    5.767    8.460    8.711    8.841   10.071
            0.080000  0.120000  0.120000
   -5.632    4.668    5.599    5.765    8.457    8.723    8.861   10.131
            0.080000  0.120000  0.130000
   -5.621    4.607    5.568    5.759    8.456    8.729    8.890   10.192
            0.080000  0.120000  0.140000
   -5.610    4.545    5.535    5.750    8.457    8.729    8.926   10.254
            0.080000  0.120000  0.150000
   -5.598    4.483    5.499    5.738    8.460    8.727    8.968   10.317
            0.080000  0.120000  0.160000
   -5.585    4.420    5.462    5.721    8.462    8.727    9.015   10.381
            0.080000  0.120000  0.170000
   -5.571    4.356    5.424    5.700    8.464    8.729    9.064   10.443
            0.080000  0.120000  0.180000
   -5.556    4.292    5.384    5.676    8.462    8.736    9.117   10.505
            0.080000  0.120000  0.190000
   -5.540    4.228    5.343    5.647    8.456    8.750    9.171   10.564
            0.080000  0.120000  0.200000
   -5.524    4.163    5.302    5.616    8.446    8.771    9.228   10.621
            0.080000  0.120000  0.210000
   -5.506    4.098    5.259    5.581    8.431    8.799    9.286   10.674
            0.080000  0.120000  0.220000
   -5.488    4.032    5.216    5.543    8.412    8.833    9.346   10.723
            0.080000  0.120000  0.230000
   -5.469    3.966    5.173    5.503    8.390    8.872    9.407   10.766
            0.080000  0.120000  0.240000
   -5.450    3.900    5.129    5.461    8.366    8.916    9.469   10.802
            0.080000  0.120000  0.250000
   -5.429    3.834    5.084    5.416    8.339    8.964    9.533   10.830
            0.080000  0.120000  0.260000
   -5.407    3.767    5.039    5.369    8.311    9.015    9.598   10.850
            0.080000  0.120000  0.270000
   -5.385    3.700    4.994    5.321    8.282    9.069    9.664   10.860
            0.080000  0.120000  0.280000
   -5.362    3.633    4.949    5.272    8.251    9.125    9.730   10.860
            0.080000  0.120000  0.290000
   -5.338    3.566    4.903    5.221    8.220    9.183    9.798   10.850
            0.080000  0.120000  0.300000
   -5.313    3.499    4.858    5.170    8.188    9.243    9.866   10.832
            0.080000  0.120000  0.310000
   -5.288    3.431    4.812    5.118    8.156    9.304    9.935   10.806
            0.080000  0.120000  0.320000
   -5.261    3.363    4.766    5.065    8.123    9.366   10.005   10.773
            0.080000  0.120000  0.330000
   -5.234    3.295    4.720    5.012    8.089    9.427   10.076   10.734
            0.080000  0.120000  0.340000
   -5.206    3.227    4.674    4.959    8.056    9.489   10.147   10.692
            0.080000  0.120000  0.350000
   -5.177    3.158    4.628    4.905    8.022    9.548   10.218   10.648
            0.080000  0.120000  0.360000
   -5.147    3.089    4.582    4.852    7.989    9.606   10.290   10.603
            0.080000  0.120000  0.370000
   -5.117    3.020    4.536    4.799    7.955    9.660   10.363   10.560
            0.080000  0.120000  0.380000
   -5.086    2.951    4.489    4.747    7.921    9.707   10.435   10.523
            0.080000  0.120000  0.390000
   -5.054    2.882    4.443    4.695    7.888    9.746   10.487   10.514
            0.080000  0.120000  0.400000
   -5.021    2.812    4.397    4.644    7.854    9.772   10.472   10.585
            0.080000  0.120000  0.410000
   -4.987    2.742    4.350    4.593    7.821    9.783   10.468   10.659
            0.080000  0.120000  0.420000
   -4.952    2.672    4.304    4.543    7.788    9.778   10.481   10.734
            0.080000  0.120000  0.430000
   -4.917    2.601    4.257    4.494    7.755    9.757   10.510   10.810
            0.080000  0.120000  0.440000
   -4.881    2.530    4.211    4.446    7.722    9.722   10.552   10.885
            0.080000  0.120000  0.450000
   -4.844    2.459    4.164    4.400    7.690    9.678   10.605   10.962
            0.080000  0.120000  0.460000
   -4.806    2.387    4.118    4.354    7.658    9.627   10.665   11.038
            0.080000  0.120000  0.470000
   -4.768    2.315    4.071    4.309    7.626    9.571   10.730   11.115
            0.080000  0.120000  0.480000
   -4.729    2.243    4.025    4.266    7.595    9.512   10.800   11.192
            0.080000  0.120000  0.490000
   -4.689    2.171    3.978    4.223    7.565    9.450   10.873   11.270
            0.080000  0.120000  0.500000
   -4.648    2.098    3.933    4.182    7.534    9.387   10.948   11.348
            0.080000  0.120000  0.510000
   -4.606    2.025    3.887    4.141    7.505    9.323   11.026   11.427
            0.080000  0.120000  0.520000
   -4.564    1.951    3.842    4.102    7.476    9.259   11.104   11.505
            0.080000  0.120000  0.530000
   -4.521    1.877    3.797    4.064    7.447    9.195   11.184   11.585
            0.080000  0.120000  0.540000
   -4.477    1.803    3.753    4.026    7.419    9.131   11.265   11.664
            0.080000  0.120000  0.550000
   -4.432    1.729    3.709    3.990    7.391    9.067   11.346   11.744
            0.080000  0.120000  0.560000
   -4.387    1.654    3.666    3.955    7.364    9.004   11.428   11.824
            0.080000  0.120000  0.570000
   -4.341    1.579    3.624    3.920    7.338    8.941   11.511   11.905
            0.080000  0.120000  0.580000
   -4.294    1.504    3.582    3.886    7.312    8.879   11.594   11.986
            0.080000  0.120000  0.590000
   -4.246    1.428    3.541    3.854    7.287    8.818   11.678   12.068
            0.080000  0.120000  0.600000
   -4.198    1.352    3.501    3.822    7.262    8.758   11.762   12.150
            0.080000  0.120000  0.610000
   -4.148    1.276    3.462    3.791    7.238    8.699   11.846   12.232
            0.080000  0.120000  0.620000
   -4.099    1.199    3.424    3.760    7.215    8.641   11.930   12.315
            0.080000  0.120000  0.630000
   -4.048    1.123    3.386    3.731    7.192    8.585   12.015   12.398
            0.080000  0.120000  0.640000
   -3.997    1.046    3.350    3.703    7.170    8.529   12.100   12.481
            0.080000  0.120000  0.650000
   -3.945    0.969    3.314    3.675    7.149    8.474   12.185   12.565
            0.080000  0.120000  0.660000
   -3.892    0.891    3.280    3.648    7.128    8.421   12.270   12.649
            0.080000  0.120000  0.670000
   -3.839    0.814    3.246    3.622    7.108    8.369   12.356   12.734
            0.080000  0.120000  0.680000
   -3.784    0.736    3.213    3.596    7.089    8.318   12.441   12.819
            0.080000  0.120000  0.690000
   -3.730    0.658    3.181    3.572    7.071    8.268   12.527   12.905
            0.080000  0.120000  0.700000
   -3.674    0.580    3.151    3.548    7.053    8.219   12.613   12.991
            0.080000  0.120000  0.710000
   -3.618    0.502    3.121    3.525    7.036    8.172   12.699   13.077
            0.080000  0.120000  0.720000
   -3.561    0.424    3.092    3.503    7.020    8.127   12.785   13.164
            0.080000  0.120000  0.730000
   -3.504    0.346    3.064    3.481    7.004    8.082   12.871   13.251
            0.080000  0.120000  0.740000
   -3.445    0.268    3.037    3.460    6.989    8.039   12.957   13.338
            0.080000  0.120000  0.750000
   -3.386    0.190    3.012    3.441    6.975    7.998   13.044   13.426
            0.080000  0.120000  0.760000
   -3.327    0.112    2.987    3.421    6.961    7.957   13.130   13.514
            0.080000  0.120000  0.770000
   -3.267    0.033    2.963    3.403    6.949    7.919   13.217   13.603
            0.080000  0.120000  0.780000
   -3.206   -0.045    2.941    3.386    6.936    7.881   13.303   13.691
            0.080000  0.120000  0.790000
   -3.145   -0.123    2.919    3.369    6.925    7.845   13.390   13.780
            0.080000  0.120000  0.800000
   -3.083   -0.201    2.898    3.353    6.914    7.811   13.477   13.869
            0.080000  0.120000  0.810000
   -3.020   -0.279    2.878    3.338    6.904    7.778   13.564   13.958
            0.080000  0.120000  0.820000
   -2.957   -0.357    2.860    3.323    6.895    7.746   13.651   14.048
            0.080000  0.120000  0.830000
   -2.893   -0.434    2.842    3.309    6.886    7.716   13.738   14.137
            0.080000  0.120000  0.840000
   -2.829   -0.512    2.826    3.297    6.878    7.688   13.826   14.226
            0.080000  0.120000  0.850000
   -2.764   -0.589    2.810    3.284    6.871    7.661   13.913   14.315
            0.080000  0.120000  0.860000
   -2.698   -0.666    2.795    3.273    6.864    7.636   14.000   14.404
            0.080000  0.120000  0.870000
   -2.632   -0.743    2.782    3.263    6.858    7.612   14.087   14.493
            0.080000  0.120000  0.880000
   -2.565   -0.820    2.769    3.253    6.852    7.590   14.174   14.581
            0.080000  0.120000  0.890000
   -2.498   -0.896    2.758    3.244    6.847    7.570   14.261   14.668
            0.080000  0.120000  0.900000
   -2.431   -0.973    2.747    3.236    6.842    7.551   14.347   14.754
            0.080000  0.120000  0.910000
   -2.363   -1.048    2.738    3.228    6.838    7.534   14.433   14.838
            0.080000  0.120000  0.920000
   -2.294   -1.124    2.729    3.221    6.835    7.519   14.517   14.919
            0.080000  0.120000  0.930000
   -2.225   -1.199    2.721    3.216    6.832    7.505   14.601   14.997
            0.080000  0.120000  0.940000
   -2.156   -1.273    2.715    3.210    6.829    7.493   14.683   15.070
            0.080000  0.120000  0.950000
   -2.087   -1.347    2.709    3.206    6.827    7.483   14.762   15.134
            0.080000  0.120000  0.960000
   -2.017   -1.420    2.705    3.203    6.825    7.475   14.838   15.187
            0.080000  0.120000  0.970000
   -1.948   -1.492    2.701    3.200    6.824    7.468   14.907   15.225
            0.080000  0.120000  0.980000
   -1.881   -1.562    2.699    3.198    6.823    7.464   14.967   15.245
            0.080000  0.120000  0.990000
   -1.819   -1.624    2.697    3.197    6.822    7.461   15.010   15.251
            0.080000  0.120000  1.000000
   -1.787   -1.657    2.697    3.196    6.822    7.460   15.026   15.251
