 &plot nbnd=   8, nks=   101 /
            0.910000  0.400000  0.000000
   -2.114   -1.114    2.118    2.546    9.293    9.484   11.039   12.558
            0.910000  0.400000  0.010000
   -2.115   -1.113    2.115    2.551    9.267    9.511   11.039   12.558
            0.910000  0.400000  0.020000
   -2.118   -1.111    2.107    2.563    9.211    9.569   11.041   12.559
            0.910000  0.400000  0.030000
   -2.123   -1.108    2.094    2.582    9.147    9.639   11.043   12.561
            0.910000  0.400000  0.040000
   -2.129   -1.104    2.079    2.608    9.080    9.713   11.046   12.564
            0.910000  0.400000  0.050000
   -2.138   -1.098    2.061    2.638    9.012    9.790   11.050   12.568
            0.910000  0.400000  0.060000
   -2.148   -1.091    2.042    2.672    8.945    9.868   11.056   12.573
            0.910000  0.400000  0.070000
   -2.160   -1.083    2.022    2.710    8.879    9.947   11.062   12.579
            0.910000  0.400000  0.080000
   -2.173   -1.074    2.002    2.751    8.813   10.028   11.069   12.585
            0.910000  0.400000  0.090000
   -2.189   -1.064    1.983    2.793    8.749   10.108   11.078   12.592
            0.910000  0.400000  0.100000
   -2.205   -1.053    1.964    2.838    8.686   10.190   11.088   12.600
            0.910000  0.400000  0.110000
   -2.223   -1.041    1.946    2.884    8.625   10.270   11.100   12.609
            0.910000  0.400000  0.120000
   -2.242   -1.028    1.929    2.932    8.565   10.351   11.114   12.619
            0.910000  0.400000  0.130000
   -2.263   -1.014    1.913    2.981    8.507   10.431   11.131   12.629
            0.910000  0.400000  0.140000
   -2.285   -0.999    1.898    3.031    8.450   10.509   11.150   12.640
            0.910000  0.400000  0.150000
   -2.308   -0.984    1.884    3.081    8.395   10.585   11.173   12.652
            0.910000  0.400000  0.160000
   -2.332   -0.967    1.872    3.133    8.342   10.658   11.200   12.664
            0.910000  0.400000  0.170000
   -2.357   -0.950    1.862    3.184    8.291   10.726   11.234   12.677
            0.910000  0.400000  0.180000
   -2.383   -0.932    1.852    3.236    8.242   10.789   11.274   12.691
            0.910000  0.400000  0.190000
   -2.410   -0.914    1.844    3.289    8.195   10.845   11.322   12.704
            0.910000  0.400000  0.200000
   -2.438   -0.895    1.838    3.341    8.151   10.894   11.378   12.718
            0.910000  0.400000  0.210000
   -2.466   -0.875    1.833    3.394    8.108   10.937   11.442   12.731
            0.910000  0.400000  0.220000
   -2.495   -0.855    1.829    3.446    8.068   10.973   11.513   12.744
            0.910000  0.400000  0.230000
   -2.525   -0.833    1.827    3.497    8.031   11.005   11.590   12.753
            0.910000  0.400000  0.240000
   -2.555   -0.812    1.826    3.549    7.996   11.033   11.672   12.759
            0.910000  0.400000  0.250000
   -2.586   -0.789    1.827    3.599    7.964   11.058   11.757   12.756
            0.910000  0.400000  0.260000
   -2.617   -0.766    1.829    3.649    7.935   11.081   11.844   12.739
            0.910000  0.400000  0.270000
   -2.649   -0.743    1.832    3.698    7.908   11.102   11.933   12.700
            0.910000  0.400000  0.280000
   -2.681   -0.719    1.837    3.746    7.885   11.123   12.022   12.640
            0.910000  0.400000  0.290000
   -2.713   -0.694    1.843    3.792    7.865   11.142   12.107   12.566
            0.910000  0.400000  0.300000
   -2.746   -0.668    1.850    3.837    7.849   11.161   12.182   12.492
            0.910000  0.400000  0.310000
   -2.779   -0.643    1.859    3.880    7.836   11.180   12.217   12.453
            0.910000  0.400000  0.320000
   -2.812   -0.616    1.868    3.922    7.827   11.198   12.176   12.486
            0.910000  0.400000  0.330000
   -2.845   -0.589    1.879    3.961    7.821   11.216   12.091   12.561
            0.910000  0.400000  0.340000
   -2.879   -0.561    1.892    3.999    7.819   11.234   11.992   12.649
            0.910000  0.400000  0.350000
   -2.912   -0.533    1.905    4.034    7.821   11.252   11.887   12.740
            0.910000  0.400000  0.360000
   -2.946   -0.504    1.920    4.068    7.828   11.269   11.780   12.830
            0.910000  0.400000  0.370000
   -2.979   -0.475    1.936    4.099    7.838   11.287   11.673   12.917
            0.910000  0.400000  0.380000
   -3.013   -0.445    1.953    4.127    7.852   11.303   11.565   12.997
            0.910000  0.400000  0.390000
   -3.046   -0.415    1.971    4.153    7.871   11.317   11.460   13.060
            0.910000  0.400000  0.400000
   -3.080   -0.384    1.990    4.177    7.893   11.310   11.376   13.093
            0.910000  0.400000  0.410000
   -3.113   -0.353    2.010    4.198    7.920   11.225   11.369   13.068
            0.910000  0.400000  0.420000
   -3.146   -0.321    2.031    4.216    7.951   11.119   11.383   12.991
            0.910000  0.400000  0.430000
   -3.179   -0.288    2.053    4.232    7.986   11.012   11.399   12.891
            0.910000  0.400000  0.440000
   -3.212   -0.255    2.076    4.245    8.025   10.905   11.416   12.784
            0.910000  0.400000  0.450000
   -3.244   -0.222    2.100    4.256    8.068   10.797   11.432   12.673
            0.910000  0.400000  0.460000
   -3.276   -0.188    2.125    4.265    8.114   10.690   11.449   12.562
            0.910000  0.400000  0.470000
   -3.308   -0.154    2.151    4.272    8.165   10.584   11.465   12.451
            0.910000  0.400000  0.480000
   -3.340   -0.119    2.177    4.276    8.219   10.478   11.480   12.341
            0.910000  0.400000  0.490000
   -3.371   -0.084    2.205    4.278    8.276   10.373   11.494   12.232
            0.910000  0.400000  0.500000
   -3.402   -0.048    2.233    4.279    8.337   10.268   11.505   12.126
            0.910000  0.400000  0.510000
   -3.433   -0.012    2.262    4.278    8.400   10.164   11.514   12.024
            0.910000  0.400000  0.520000
   -3.463    0.024    2.292    4.274    8.467   10.062   11.517   11.929
            0.910000  0.400000  0.530000
   -3.493    0.061    2.322    4.270    8.536    9.960   11.508   11.845
            0.910000  0.400000  0.540000
   -3.523    0.098    2.353    4.264    8.608    9.859   11.481   11.781
            0.910000  0.400000  0.550000
   -3.552    0.136    2.385    4.257    8.682    9.759   11.428   11.744
            0.910000  0.400000  0.560000
   -3.580    0.174    2.417    4.248    8.759    9.660   11.354   11.728
            0.910000  0.400000  0.570000
   -3.608    0.212    2.450    4.239    8.837    9.563   11.267   11.727
            0.910000  0.400000  0.580000
   -3.636    0.250    2.484    4.228    8.916    9.469   11.173   11.733
            0.910000  0.400000  0.590000
   -3.663    0.289    2.518    4.217    8.995    9.377   11.076   11.743
            0.910000  0.400000  0.600000
   -3.690    0.328    2.553    4.204    9.067    9.295   10.979   11.754
            0.910000  0.400000  0.610000
   -3.716    0.367    2.588    4.192    9.102    9.254   10.881   11.767
            0.910000  0.400000  0.620000
   -3.741    0.406    2.623    4.178    9.053    9.299   10.783   11.781
            0.910000  0.400000  0.630000
   -3.767    0.446    2.659    4.164    8.973    9.377   10.686   11.795
            0.910000  0.400000  0.640000
   -3.791    0.485    2.695    4.150    8.887    9.465   10.589   11.810
            0.910000  0.400000  0.650000
   -3.815    0.525    2.731    4.135    8.801    9.555   10.494   11.824
            0.910000  0.400000  0.660000
   -3.838    0.564    2.768    4.120    8.715    9.648   10.400   11.838
            0.910000  0.400000  0.670000
   -3.861    0.604    2.804    4.105    8.630    9.742   10.307   11.853
            0.910000  0.400000  0.680000
   -3.883    0.643    2.841    4.090    8.546    9.837   10.216   11.867
            0.910000  0.400000  0.690000
   -3.905    0.683    2.878    4.074    8.464    9.933   10.126   11.880
            0.910000  0.400000  0.700000
   -3.926    0.722    2.915    4.059    8.383   10.022   10.046   11.894
            0.910000  0.400000  0.710000
   -3.946    0.761    2.952    4.043    8.304    9.949   10.129   11.907
            0.910000  0.400000  0.720000
   -3.966    0.800    2.988    4.028    8.226    9.864   10.227   11.920
            0.910000  0.400000  0.730000
   -3.985    0.839    3.025    4.013    8.151    9.781   10.325   11.933
            0.910000  0.400000  0.740000
   -4.003    0.877    3.061    3.998    8.077    9.699   10.424   11.945
            0.910000  0.400000  0.750000
   -4.021    0.914    3.097    3.983    8.005    9.619   10.523   11.957
            0.910000  0.400000  0.760000
   -4.038    0.952    3.133    3.968    7.935    9.542   10.623   11.969
            0.910000  0.400000  0.770000
   -4.055    0.988    3.168    3.954    7.868    9.466   10.722   11.980
            0.910000  0.400000  0.780000
   -4.071    1.024    3.202    3.939    7.802    9.392   10.821   11.991
            0.910000  0.400000  0.790000
   -4.086    1.060    3.236    3.926    7.739    9.321   10.919   12.002
            0.910000  0.400000  0.800000
   -4.100    1.094    3.269    3.912    7.678    9.252   11.017   12.012
            0.910000  0.400000  0.810000
   -4.114    1.128    3.301    3.899    7.619    9.185   11.114   12.022
            0.910000  0.400000  0.820000
   -4.127    1.161    3.333    3.887    7.563    9.121   11.210   12.032
            0.910000  0.400000  0.830000
   -4.140    1.192    3.363    3.875    7.509    9.060   11.305   12.042
            0.910000  0.400000  0.840000
   -4.152    1.223    3.392    3.864    7.458    9.001   11.398   12.051
            0.910000  0.400000  0.850000
   -4.163    1.252    3.420    3.853    7.409    8.945   11.489   12.061
            0.910000  0.400000  0.860000
   -4.173    1.280    3.446    3.843    7.364    8.892   11.577   12.071
            0.910000  0.400000  0.870000
   -4.183    1.307    3.471    3.834    7.321    8.842   11.662   12.082
            0.910000  0.400000  0.880000
   -4.192    1.332    3.494    3.825    7.281    8.795   11.742   12.095
            0.910000  0.400000  0.890000
   -4.200    1.356    3.515    3.818    7.244    8.752   11.817   12.110
            0.910000  0.400000  0.900000
   -4.207    1.377    3.534    3.811    7.210    8.712   11.883   12.130
            0.910000  0.400000  0.910000
   -4.214    1.397    3.552    3.806    7.179    8.675   11.937   12.156
            0.910000  0.400000  0.920000
   -4.220    1.416    3.567    3.801    7.151    8.642   11.978   12.191
            0.910000  0.400000  0.930000
   -4.226    1.432    3.581    3.797    7.126    8.612   12.007   12.233
            0.910000  0.400000  0.940000
   -4.230    1.446    3.592    3.794    7.105    8.587   12.026   12.277
            0.910000  0.400000  0.950000
   -4.234    1.459    3.601    3.792    7.087    8.565   12.038   12.320
            0.910000  0.400000  0.960000
   -4.238    1.469    3.608    3.791    7.072    8.547   12.047   12.359
            0.910000  0.400000  0.970000
   -4.240    1.476    3.614    3.790    7.060    8.533   12.053   12.391
            0.910000  0.400000  0.980000
   -4.242    1.482    3.617    3.790    7.052    8.523   12.056   12.415
            0.910000  0.400000  0.990000
   -4.243    1.486    3.620    3.789    7.047    8.517   12.058   12.429
            0.910000  0.400000  1.000000
   -4.243    1.487    3.620    3.789    7.045    8.515   12.059   12.434
