 &plot nbnd=   8, nks=   101 /
            0.210000  0.010000  0.000000
   -5.593    4.892    5.318    5.327    8.084    9.300    9.304    9.946
            0.210000  0.010000  0.010000
   -5.593    4.884    5.320    5.329    8.086    9.293    9.305    9.953
            0.210000  0.010000  0.020000
   -5.592    4.863    5.316    5.344    8.093    9.276    9.304    9.972
            0.210000  0.010000  0.030000
   -5.590    4.831    5.308    5.370    8.105    9.252    9.300   10.003
            0.210000  0.010000  0.040000
   -5.587    4.791    5.295    5.400    8.122    9.222    9.294   10.043
            0.210000  0.010000  0.050000
   -5.583    4.745    5.279    5.434    8.143    9.187    9.287   10.089
            0.210000  0.010000  0.060000
   -5.578    4.695    5.260    5.469    8.169    9.151    9.277   10.141
            0.210000  0.010000  0.070000
   -5.573    4.642    5.237    5.504    8.199    9.114    9.266   10.197
            0.210000  0.010000  0.080000
   -5.566    4.586    5.212    5.538    8.233    9.077    9.254   10.256
            0.210000  0.010000  0.090000
   -5.559    4.529    5.185    5.570    8.270    9.040    9.240   10.316
            0.210000  0.010000  0.100000
   -5.551    4.471    5.154    5.601    8.311    9.006    9.225   10.379
            0.210000  0.010000  0.110000
   -5.542    4.411    5.122    5.629    8.355    8.973    9.208   10.442
            0.210000  0.010000  0.120000
   -5.533    4.351    5.088    5.654    8.403    8.943    9.190   10.506
            0.210000  0.010000  0.130000
   -5.522    4.289    5.051    5.677    8.453    8.917    9.172   10.570
            0.210000  0.010000  0.140000
   -5.511    4.227    5.014    5.696    8.505    8.893    9.152   10.634
            0.210000  0.010000  0.150000
   -5.499    4.165    4.974    5.711    8.560    8.873    9.131   10.698
            0.210000  0.010000  0.160000
   -5.486    4.102    4.934    5.723    8.615    8.856    9.111   10.761
            0.210000  0.010000  0.170000
   -5.472    4.038    4.892    5.731    8.672    8.844    9.091   10.822
            0.210000  0.010000  0.180000
   -5.457    3.975    4.850    5.735    8.729    8.836    9.072   10.881
            0.210000  0.010000  0.190000
   -5.442    3.911    4.807    5.735    8.781    8.833    9.057   10.938
            0.210000  0.010000  0.200000
   -5.425    3.846    4.763    5.730    8.819    8.842    9.050   10.991
            0.210000  0.010000  0.210000
   -5.408    3.782    4.718    5.722    8.829    8.866    9.061   11.041
            0.210000  0.010000  0.220000
   -5.390    3.717    4.673    5.710    8.836    8.875    9.095   11.085
            0.210000  0.010000  0.230000
   -5.371    3.652    4.628    5.694    8.839    8.875    9.148   11.123
            0.210000  0.010000  0.240000
   -5.352    3.587    4.582    5.674    8.829    8.882    9.210   11.153
            0.210000  0.010000  0.250000
   -5.331    3.522    4.537    5.650    8.809    8.899    9.279   11.175
            0.210000  0.010000  0.260000
   -5.310    3.457    4.491    5.623    8.783    8.922    9.350   11.187
            0.210000  0.010000  0.270000
   -5.288    3.392    4.445    5.593    8.756    8.949    9.425   11.188
            0.210000  0.010000  0.280000
   -5.265    3.327    4.399    5.559    8.726    8.979    9.501   11.179
            0.210000  0.010000  0.290000
   -5.241    3.261    4.353    5.523    8.696    9.012    9.578   11.159
            0.210000  0.010000  0.300000
   -5.217    3.196    4.308    5.485    8.666    9.048    9.658   11.129
            0.210000  0.010000  0.310000
   -5.191    3.130    4.263    5.443    8.634    9.087    9.738   11.091
            0.210000  0.010000  0.320000
   -5.165    3.065    4.217    5.400    8.603    9.128    9.819   11.046
            0.210000  0.010000  0.330000
   -5.138    2.999    4.173    5.355    8.571    9.171    9.901   10.995
            0.210000  0.010000  0.340000
   -5.110    2.934    4.128    5.308    8.539    9.216    9.985   10.940
            0.210000  0.010000  0.350000
   -5.082    2.868    4.084    5.259    8.507    9.263   10.069   10.881
            0.210000  0.010000  0.360000
   -5.052    2.802    4.040    5.209    8.475    9.311   10.153   10.819
            0.210000  0.010000  0.370000
   -5.022    2.736    3.997    5.158    8.443    9.360   10.239   10.755
            0.210000  0.010000  0.380000
   -4.991    2.671    3.954    5.106    8.411    9.409   10.325   10.691
            0.210000  0.010000  0.390000
   -4.959    2.605    3.911    5.053    8.379    9.459   10.412   10.626
            0.210000  0.010000  0.400000
   -4.927    2.539    3.869    4.999    8.348    9.509   10.498   10.563
            0.210000  0.010000  0.410000
   -4.893    2.472    3.828    4.944    8.316    9.558   10.498   10.588
            0.210000  0.010000  0.420000
   -4.859    2.406    3.787    4.889    8.285    9.604   10.438   10.676
            0.210000  0.010000  0.430000
   -4.824    2.340    3.747    4.834    8.254    9.647   10.383   10.765
            0.210000  0.010000  0.440000
   -4.788    2.273    3.707    4.778    8.224    9.685   10.334   10.855
            0.210000  0.010000  0.450000
   -4.752    2.207    3.668    4.722    8.194    9.714   10.294   10.945
            0.210000  0.010000  0.460000
   -4.714    2.140    3.629    4.666    8.164    9.730   10.269   11.035
            0.210000  0.010000  0.470000
   -4.676    2.073    3.591    4.610    8.135    9.731   10.260   11.126
            0.210000  0.010000  0.480000
   -4.637    2.006    3.554    4.554    8.106    9.714   10.270   11.217
            0.210000  0.010000  0.490000
   -4.598    1.939    3.518    4.498    8.077    9.684   10.295   11.309
            0.210000  0.010000  0.500000
   -4.557    1.872    3.482    4.443    8.049    9.642   10.332   11.401
            0.210000  0.010000  0.510000
   -4.516    1.804    3.446    4.387    8.022    9.593   10.379   11.493
            0.210000  0.010000  0.520000
   -4.474    1.736    3.412    4.332    7.995    9.539   10.431   11.585
            0.210000  0.010000  0.530000
   -4.432    1.669    3.378    4.278    7.969    9.483   10.487   11.678
            0.210000  0.010000  0.540000
   -4.388    1.600    3.345    4.224    7.943    9.424   10.547   11.772
            0.210000  0.010000  0.550000
   -4.344    1.532    3.313    4.170    7.918    9.365   10.609   11.865
            0.210000  0.010000  0.560000
   -4.299    1.463    3.281    4.118    7.893    9.306   10.673   11.959
            0.210000  0.010000  0.570000
   -4.254    1.395    3.250    4.065    7.869    9.246   10.739   12.053
            0.210000  0.010000  0.580000
   -4.207    1.326    3.220    4.014    7.846    9.187   10.805   12.147
            0.210000  0.010000  0.590000
   -4.160    1.256    3.190    3.963    7.823    9.128   10.873   12.241
            0.210000  0.010000  0.600000
   -4.113    1.187    3.162    3.913    7.801    9.070   10.942   12.336
            0.210000  0.010000  0.610000
   -4.064    1.117    3.134    3.864    7.780    9.012   11.012   12.431
            0.210000  0.010000  0.620000
   -4.015    1.047    3.107    3.815    7.759    8.956   11.082   12.526
            0.210000  0.010000  0.630000
   -3.965    0.977    3.081    3.768    7.739    8.900   11.153   12.621
            0.210000  0.010000  0.640000
   -3.914    0.906    3.055    3.721    7.720    8.845   11.225   12.717
            0.210000  0.010000  0.650000
   -3.863    0.835    3.031    3.675    7.701    8.792   11.297   12.812
            0.210000  0.010000  0.660000
   -3.811    0.764    3.007    3.631    7.684    8.739   11.370   12.908
            0.210000  0.010000  0.670000
   -3.759    0.693    2.984    3.587    7.667    8.687   11.444   13.004
            0.210000  0.010000  0.680000
   -3.705    0.622    2.962    3.544    7.651    8.637   11.518   13.100
            0.210000  0.010000  0.690000
   -3.651    0.550    2.940    3.502    7.635    8.587   11.592   13.196
            0.210000  0.010000  0.700000
   -3.597    0.478    2.920    3.462    7.621    8.539   11.667   13.292
            0.210000  0.010000  0.710000
   -3.541    0.406    2.900    3.422    7.607    8.491   11.743   13.388
            0.210000  0.010000  0.720000
   -3.485    0.334    2.881    3.383    7.594    8.445   11.819   13.484
            0.210000  0.010000  0.730000
   -3.429    0.262    2.863    3.346    7.582    8.400   11.896   13.581
            0.210000  0.010000  0.740000
   -3.372    0.189    2.846    3.309    7.570    8.357   11.973   13.677
            0.210000  0.010000  0.750000
   -3.314    0.117    2.830    3.274    7.560    8.314   12.051   13.773
            0.210000  0.010000  0.760000
   -3.255    0.044    2.815    3.240    7.550    8.272   12.129   13.869
            0.210000  0.010000  0.770000
   -3.196   -0.029    2.800    3.206    7.541    8.232   12.208   13.965
            0.210000  0.010000  0.780000
   -3.137   -0.102    2.786    3.174    7.534    8.193   12.287   14.060
            0.210000  0.010000  0.790000
   -3.076   -0.175    2.774    3.143    7.526    8.155   12.367   14.156
            0.210000  0.010000  0.800000
   -3.016   -0.248    2.762    3.114    7.520    8.118   12.447   14.250
            0.210000  0.010000  0.810000
   -2.954   -0.321    2.751    3.085    7.515    8.083   12.528   14.344
            0.210000  0.010000  0.820000
   -2.892   -0.394    2.741    3.057    7.510    8.048   12.609   14.436
            0.210000  0.010000  0.830000
   -2.830   -0.468    2.731    3.031    7.507    8.015   12.691   14.527
            0.210000  0.010000  0.840000
   -2.767   -0.541    2.723    3.006    7.504    7.983   12.773   14.615
            0.210000  0.010000  0.850000
   -2.703   -0.614    2.716    2.982    7.502    7.953   12.856   14.699
            0.210000  0.010000  0.860000
   -2.639   -0.687    2.709    2.959    7.501    7.923   12.939   14.776
            0.210000  0.010000  0.870000
   -2.574   -0.760    2.703    2.937    7.501    7.895   13.023   14.841
            0.210000  0.010000  0.880000
   -2.509   -0.833    2.699    2.916    7.502    7.867   13.107   14.888
            0.210000  0.010000  0.890000
   -2.444   -0.906    2.695    2.897    7.504    7.842   13.191   14.908
            0.210000  0.010000  0.900000
   -2.378   -0.978    2.691    2.878    7.506    7.817   13.276   14.897
            0.210000  0.010000  0.910000
   -2.311   -1.051    2.689    2.861    7.510    7.794   13.361   14.858
            0.210000  0.010000  0.920000
   -2.244   -1.123    2.687    2.846    7.514    7.772   13.447   14.800
            0.210000  0.010000  0.930000
   -2.177   -1.195    2.686    2.831    7.518    7.751   13.533   14.730
            0.210000  0.010000  0.940000
   -2.109   -1.267    2.686    2.818    7.523    7.732   13.619   14.653
            0.210000  0.010000  0.950000
   -2.041   -1.339    2.686    2.807    7.529    7.715   13.706   14.572
            0.210000  0.010000  0.960000
   -1.972   -1.410    2.687    2.797    7.535    7.700   13.793   14.489
            0.210000  0.010000  0.970000
   -1.903   -1.481    2.688    2.789    7.540    7.687   13.880   14.404
            0.210000  0.010000  0.980000
   -1.834   -1.552    2.689    2.783    7.545    7.678   13.968   14.318
            0.210000  0.010000  0.990000
   -1.765   -1.622    2.689    2.779    7.548    7.671   14.055   14.231
            0.210000  0.010000  1.000000
   -1.709   -1.679    2.690    2.778    7.549    7.669   14.130   14.156
