 &plot nbnd=   8, nks=   101 /
            0.030000  0.800000  0.000000
   -3.138   -0.156    3.290    3.299    6.597    7.323   14.208   14.272
            0.030000  0.800000  0.010000
   -3.138   -0.156    3.284    3.303    6.600    7.325   14.208   14.265
            0.030000  0.800000  0.020000
   -3.137   -0.156    3.273    3.308    6.607    7.332   14.208   14.243
            0.030000  0.800000  0.030000
   -3.136   -0.158    3.259    3.311    6.618    7.343   14.206   14.210
            0.030000  0.800000  0.040000
   -3.134   -0.159    3.243    3.312    6.634    7.358   14.160   14.208
            0.030000  0.800000  0.050000
   -3.131   -0.161    3.225    3.311    6.655    7.377   14.100   14.208
            0.030000  0.800000  0.060000
   -3.128   -0.163    3.205    3.308    6.680    7.400   14.031   14.207
            0.030000  0.800000  0.070000
   -3.124   -0.166    3.183    3.304    6.709    7.427   13.953   14.207
            0.030000  0.800000  0.080000
   -3.120   -0.169    3.159    3.298    6.743    7.459   13.869   14.206
            0.030000  0.800000  0.090000
   -3.115   -0.172    3.133    3.290    6.780    7.494   13.777   14.206
            0.030000  0.800000  0.100000
   -3.110   -0.176    3.106    3.282    6.822    7.533   13.681   14.205
            0.030000  0.800000  0.110000
   -3.104   -0.181    3.077    3.272    6.867    7.575   13.581   14.205
            0.030000  0.800000  0.120000
   -3.097   -0.185    3.047    3.261    6.915    7.621   13.476   14.204
            0.030000  0.800000  0.130000
   -3.090   -0.191    3.015    3.249    6.967    7.670   13.369   14.203
            0.030000  0.800000  0.140000
   -3.082   -0.197    2.983    3.237    7.022    7.723   13.259   14.203
            0.030000  0.800000  0.150000
   -3.074   -0.203    2.949    3.224    7.080    7.778   13.147   14.202
            0.030000  0.800000  0.160000
   -3.065   -0.210    2.915    3.211    7.142    7.837   13.034   14.201
            0.030000  0.800000  0.170000
   -3.056   -0.217    2.880    3.197    7.206    7.898   12.919   14.200
            0.030000  0.800000  0.180000
   -3.046   -0.225    2.844    3.183    7.272    7.962   12.802   14.198
            0.030000  0.800000  0.190000
   -3.036   -0.233    2.808    3.170    7.341    8.029   12.685   14.197
            0.030000  0.800000  0.200000
   -3.025   -0.242    2.771    3.156    7.413    8.099   12.567   14.196
            0.030000  0.800000  0.210000
   -3.014   -0.252    2.734    3.143    7.487    8.170   12.448   14.194
            0.030000  0.800000  0.220000
   -3.002   -0.262    2.697    3.130    7.563    8.244   12.329   14.193
            0.030000  0.800000  0.230000
   -2.990   -0.272    2.660    3.118    7.641    8.321   12.210   14.191
            0.030000  0.800000  0.240000
   -2.977   -0.283    2.623    3.106    7.722    8.399   12.090   14.189
            0.030000  0.800000  0.250000
   -2.964   -0.295    2.585    3.095    7.804    8.479   11.971   14.187
            0.030000  0.800000  0.260000
   -2.950   -0.307    2.548    3.085    7.888    8.562   11.851   14.185
            0.030000  0.800000  0.270000
   -2.936   -0.320    2.511    3.075    7.974    8.646   11.731   14.182
            0.030000  0.800000  0.280000
   -2.922   -0.333    2.474    3.067    8.061    8.732   11.612   14.180
            0.030000  0.800000  0.290000
   -2.907   -0.347    2.438    3.059    8.150    8.819   11.493   14.177
            0.030000  0.800000  0.300000
   -2.891   -0.362    2.402    3.052    8.241    8.908   11.375   14.173
            0.030000  0.800000  0.310000
   -2.876   -0.377    2.367    3.046    8.333    8.998   11.257   14.169
            0.030000  0.800000  0.320000
   -2.860   -0.392    2.332    3.042    8.427    9.090   11.140   14.163
            0.030000  0.800000  0.330000
   -2.843   -0.408    2.297    3.038    8.522    9.182   11.024   14.156
            0.030000  0.800000  0.340000
   -2.826   -0.425    2.263    3.035    8.618    9.276   10.909   14.143
            0.030000  0.800000  0.350000
   -2.809   -0.442    2.230    3.034    8.715    9.370   10.795   14.115
            0.030000  0.800000  0.360000
   -2.792   -0.459    2.198    3.034    8.814    9.464   10.684   14.053
            0.030000  0.800000  0.370000
   -2.774   -0.477    2.166    3.034    8.913    9.556   10.575   13.954
            0.030000  0.800000  0.380000
   -2.756   -0.495    2.136    3.036    9.014    9.646   10.472   13.839
            0.030000  0.800000  0.390000
   -2.738   -0.514    2.106    3.039    9.116    9.730   10.377   13.719
            0.030000  0.800000  0.400000
   -2.720   -0.533    2.077    3.044    9.218    9.798   10.300   13.596
            0.030000  0.800000  0.410000
   -2.701   -0.553    2.049    3.049    9.321    9.834   10.257   13.473
            0.030000  0.800000  0.420000
   -2.682   -0.572    2.022    3.055    9.423    9.820   10.268   13.350
            0.030000  0.800000  0.430000
   -2.663   -0.593    1.996    3.062    9.521    9.767   10.326   13.228
            0.030000  0.800000  0.440000
   -2.644   -0.613    1.971    3.071    9.589    9.721   10.408   13.105
            0.030000  0.800000  0.450000
   -2.625   -0.634    1.947    3.080    9.549    9.774   10.502   12.984
            0.030000  0.800000  0.460000
   -2.605   -0.654    1.924    3.090    9.460    9.872   10.603   12.863
            0.030000  0.800000  0.470000
   -2.586   -0.675    1.902    3.101    9.362    9.977   10.708   12.744
            0.030000  0.800000  0.480000
   -2.566   -0.697    1.882    3.113    9.262   10.084   10.816   12.625
            0.030000  0.800000  0.490000
   -2.547   -0.718    1.863    3.126    9.162   10.193   10.926   12.508
            0.030000  0.800000  0.500000
   -2.527   -0.740    1.845    3.140    9.061   10.302   11.037   12.393
            0.030000  0.800000  0.510000
   -2.507   -0.761    1.829    3.154    8.961   10.410   11.149   12.280
            0.030000  0.800000  0.520000
   -2.488   -0.783    1.814    3.169    8.862   10.519   11.261   12.170
            0.030000  0.800000  0.530000
   -2.468   -0.804    1.800    3.184    8.763   10.625   11.372   12.064
            0.030000  0.800000  0.540000
   -2.449   -0.826    1.787    3.200    8.667   10.730   11.481   11.967
            0.030000  0.800000  0.550000
   -2.429   -0.848    1.776    3.216    8.571   10.830   11.578   11.888
            0.030000  0.800000  0.560000
   -2.410   -0.869    1.767    3.232    8.477   10.921   11.636   11.859
            0.030000  0.800000  0.570000
   -2.391   -0.891    1.759    3.249    8.385   10.996   11.627   11.916
            0.030000  0.800000  0.580000
   -2.372   -0.912    1.752    3.266    8.294   11.042   11.605   12.016
            0.030000  0.800000  0.590000
   -2.353   -0.934    1.747    3.283    8.206   11.045   11.616   12.128
            0.030000  0.800000  0.600000
   -2.335   -0.955    1.743    3.300    8.119   11.005   11.667   12.245
            0.030000  0.800000  0.610000
   -2.316   -0.976    1.741    3.317    8.035   10.937   11.746   12.365
            0.030000  0.800000  0.620000
   -2.298   -0.997    1.741    3.333    7.953   10.853   11.841   12.485
            0.030000  0.800000  0.630000
   -2.281   -1.018    1.742    3.349    7.873   10.760   11.945   12.607
            0.030000  0.800000  0.640000
   -2.263   -1.038    1.744    3.364    7.796   10.663   12.055   12.730
            0.030000  0.800000  0.650000
   -2.246   -1.058    1.749    3.379    7.721   10.563   12.168   12.852
            0.030000  0.800000  0.660000
   -2.229   -1.078    1.755    3.393    7.650   10.462   12.284   12.975
            0.030000  0.800000  0.670000
   -2.212   -1.098    1.762    3.406    7.581   10.360   12.401   13.098
            0.030000  0.800000  0.680000
   -2.196   -1.117    1.771    3.418    7.515   10.258   12.519   13.220
            0.030000  0.800000  0.690000
   -2.180   -1.137    1.782    3.429    7.453   10.156   12.637   13.341
            0.030000  0.800000  0.700000
   -2.165   -1.155    1.794    3.438    7.394   10.055   12.756   13.460
            0.030000  0.800000  0.710000
   -2.150   -1.174    1.808    3.445    7.338    9.954   12.875   13.575
            0.030000  0.800000  0.720000
   -2.135   -1.192    1.823    3.451    7.287    9.854   12.993   13.685
            0.030000  0.800000  0.730000
   -2.121   -1.210    1.840    3.455    7.239    9.755   13.111   13.786
            0.030000  0.800000  0.740000
   -2.107   -1.227    1.859    3.458    7.195    9.656   13.227   13.872
            0.030000  0.800000  0.750000
   -2.093   -1.244    1.879    3.458    7.156    9.558   13.342   13.940
            0.030000  0.800000  0.760000
   -2.080   -1.261    1.901    3.455    7.120    9.462   13.453   13.990
            0.030000  0.800000  0.770000
   -2.067   -1.277    1.924    3.451    7.089    9.366   13.559   14.030
            0.030000  0.800000  0.780000
   -2.055   -1.292    1.949    3.444    7.063    9.271   13.657   14.068
            0.030000  0.800000  0.790000
   -2.043   -1.308    1.975    3.435    7.041    9.177   13.743   14.109
            0.030000  0.800000  0.800000
   -2.032   -1.322    2.002    3.423    7.023    9.085   13.813   14.161
            0.030000  0.800000  0.810000
   -2.021   -1.337    2.031    3.408    7.010    8.993   13.865   14.224
            0.030000  0.800000  0.820000
   -2.010   -1.351    2.061    3.391    7.002    8.903   13.902   14.294
            0.030000  0.800000  0.830000
   -2.000   -1.364    2.093    3.372    6.998    8.814   13.926   14.365
            0.030000  0.800000  0.840000
   -1.990   -1.376    2.125    3.350    6.999    8.727   13.944   14.428
            0.030000  0.800000  0.850000
   -1.981   -1.389    2.159    3.326    7.004    8.640   13.956   14.477
            0.030000  0.800000  0.860000
   -1.973   -1.400    2.194    3.300    7.014    8.555   13.966   14.511
            0.030000  0.800000  0.870000
   -1.964   -1.411    2.231    3.271    7.027    8.472   13.973   14.531
            0.030000  0.800000  0.880000
   -1.957   -1.421    2.268    3.240    7.045    8.390   13.979   14.541
            0.030000  0.800000  0.890000
   -1.949   -1.431    2.306    3.208    7.067    8.309   13.984   14.546
            0.030000  0.800000  0.900000
   -1.943   -1.440    2.345    3.174    7.093    8.230   13.989   14.547
            0.030000  0.800000  0.910000
   -1.936   -1.448    2.385    3.138    7.123    8.153   13.992   14.545
            0.030000  0.800000  0.920000
   -1.931   -1.456    2.425    3.101    7.156    8.077   13.995   14.543
            0.030000  0.800000  0.930000
   -1.926   -1.462    2.467    3.062    7.192    8.003   13.997   14.540
            0.030000  0.800000  0.940000
   -1.921   -1.468    2.508    3.023    7.232    7.932   14.000   14.536
            0.030000  0.800000  0.950000
   -1.918   -1.473    2.551    2.982    7.275    7.862   14.001   14.533
            0.030000  0.800000  0.960000
   -1.915   -1.477    2.593    2.941    7.321    7.794   14.003   14.530
            0.030000  0.800000  0.970000
   -1.912   -1.480    2.636    2.899    7.369    7.729   14.004   14.528
            0.030000  0.800000  0.980000
   -1.910   -1.483    2.678    2.858    7.418    7.667   14.005   14.526
            0.030000  0.800000  0.990000
   -1.909   -1.484    2.719    2.817    7.466    7.612   14.005   14.525
            0.030000  0.800000  1.000000
   -1.909   -1.485    2.745    2.791    7.494    7.581   14.005   14.525
