 &plot nbnd=   8, nks=   101 /
            0.520000  0.790000  0.000000
   -2.526   -0.743    1.798    3.219    8.805   10.614   11.194   12.257
            0.520000  0.790000  0.010000
   -2.526   -0.743    1.800    3.219    8.805   10.604   11.206   12.257
            0.520000  0.790000  0.020000
   -2.528   -0.744    1.804    3.222    8.806   10.573   11.238   12.259
            0.520000  0.790000  0.030000
   -2.532   -0.744    1.810    3.225    8.808   10.529   11.286   12.262
            0.520000  0.790000  0.040000
   -2.537   -0.745    1.819    3.231    8.811   10.474   11.344   12.266
            0.520000  0.790000  0.050000
   -2.543   -0.747    1.831    3.238    8.815   10.414   11.410   12.272
            0.520000  0.790000  0.060000
   -2.551   -0.748    1.845    3.246    8.819   10.350   11.481   12.280
            0.520000  0.790000  0.070000
   -2.560   -0.749    1.862    3.256    8.824   10.284   11.554   12.288
            0.520000  0.790000  0.080000
   -2.570   -0.751    1.881    3.267    8.830   10.217   11.630   12.299
            0.520000  0.790000  0.090000
   -2.582   -0.752    1.902    3.280    8.837   10.149   11.707   12.312
            0.520000  0.790000  0.100000
   -2.595   -0.753    1.924    3.295    8.844   10.080   11.783   12.327
            0.520000  0.790000  0.110000
   -2.609   -0.753    1.949    3.311    8.852   10.012   11.859   12.346
            0.520000  0.790000  0.120000
   -2.625   -0.754    1.976    3.329    8.861    9.944   11.933   12.369
            0.520000  0.790000  0.130000
   -2.642   -0.753    2.003    3.348    8.871    9.877   12.004   12.397
            0.520000  0.790000  0.140000
   -2.660   -0.753    2.033    3.369    8.881    9.810   12.069   12.432
            0.520000  0.790000  0.150000
   -2.680   -0.751    2.064    3.391    8.892    9.744   12.127   12.475
            0.520000  0.790000  0.160000
   -2.700   -0.749    2.095    3.416    8.904    9.679   12.178   12.527
            0.520000  0.790000  0.170000
   -2.722   -0.746    2.128    3.441    8.917    9.615   12.220   12.586
            0.520000  0.790000  0.180000
   -2.745   -0.743    2.162    3.469    8.930    9.552   12.256   12.646
            0.520000  0.790000  0.190000
   -2.769   -0.738    2.196    3.498    8.944    9.490   12.287   12.662
            0.520000  0.790000  0.200000
   -2.795   -0.732    2.231    3.528    8.958    9.429   12.313   12.593
            0.520000  0.790000  0.210000
   -2.821   -0.726    2.267    3.560    8.973    9.369   12.334   12.510
            0.520000  0.790000  0.220000
   -2.848   -0.718    2.303    3.594    8.989    9.311   12.338   12.438
            0.520000  0.790000  0.230000
   -2.876   -0.709    2.339    3.629    9.004    9.254   12.287   12.420
            0.520000  0.790000  0.240000
   -2.905   -0.700    2.376    3.665    9.019    9.200   12.202   12.434
            0.520000  0.790000  0.250000
   -2.934   -0.689    2.412    3.703    9.032    9.151   12.111   12.456
            0.520000  0.790000  0.260000
   -2.964   -0.677    2.449    3.742    9.033    9.114   12.017   12.479
            0.520000  0.790000  0.270000
   -2.995   -0.664    2.486    3.782    9.008    9.106   11.923   12.503
            0.520000  0.790000  0.280000
   -3.027   -0.649    2.523    3.823    8.966    9.117   11.829   12.528
            0.520000  0.790000  0.290000
   -3.059   -0.634    2.560    3.865    8.920    9.135   11.735   12.554
            0.520000  0.790000  0.300000
   -3.091   -0.618    2.596    3.909    8.873    9.154   11.641   12.581
            0.520000  0.790000  0.310000
   -3.124   -0.600    2.633    3.952    8.828    9.175   11.547   12.609
            0.520000  0.790000  0.320000
   -3.157   -0.582    2.670    3.997    8.783    9.197   11.454   12.637
            0.520000  0.790000  0.330000
   -3.191   -0.562    2.706    4.041    8.741    9.220   11.361   12.666
            0.520000  0.790000  0.340000
   -3.225   -0.541    2.743    4.087    8.700    9.243   11.268   12.696
            0.520000  0.790000  0.350000
   -3.259   -0.519    2.779    4.132    8.660    9.267   11.177   12.726
            0.520000  0.790000  0.360000
   -3.293   -0.497    2.815    4.177    8.623    9.291   11.085   12.758
            0.520000  0.790000  0.370000
   -3.327   -0.473    2.852    4.222    8.587    9.316   10.995   12.790
            0.520000  0.790000  0.380000
   -3.362   -0.448    2.888    4.267    8.554    9.341   10.905   12.823
            0.520000  0.790000  0.390000
   -3.396   -0.422    2.924    4.311    8.523    9.367   10.816   12.857
            0.520000  0.790000  0.400000
   -3.430   -0.395    2.960    4.354    8.493    9.393   10.728   12.892
            0.520000  0.790000  0.410000
   -3.465   -0.367    2.996    4.396    8.467    9.419   10.641   12.928
            0.520000  0.790000  0.420000
   -3.499   -0.338    3.032    4.438    8.442    9.446   10.555   12.965
            0.520000  0.790000  0.430000
   -3.533   -0.308    3.068    4.478    8.420    9.472   10.470   13.002
            0.520000  0.790000  0.440000
   -3.567   -0.278    3.104    4.516    8.401    9.499   10.386   13.040
            0.520000  0.790000  0.450000
   -3.600   -0.246    3.139    4.553    8.384    9.526   10.305   13.080
            0.520000  0.790000  0.460000
   -3.634   -0.213    3.175    4.588    8.369    9.553   10.224   13.119
            0.520000  0.790000  0.470000
   -3.667   -0.180    3.211    4.621    8.358    9.579   10.146   13.160
            0.520000  0.790000  0.480000
   -3.700   -0.146    3.247    4.651    8.348    9.605   10.071   13.201
            0.520000  0.790000  0.490000
   -3.732   -0.110    3.283    4.680    8.342    9.629    9.999   13.241
            0.520000  0.790000  0.500000
   -3.765   -0.074    3.319    4.706    8.338    9.650    9.932   13.281
            0.520000  0.790000  0.510000
   -3.796   -0.038    3.355    4.729    8.336    9.663    9.875   13.313
            0.520000  0.790000  0.520000
   -3.828    0.000    3.391    4.749    8.337    9.661    9.836   13.315
            0.520000  0.790000  0.530000
   -3.859    0.038    3.426    4.767    8.340    9.634    9.824   13.251
            0.520000  0.790000  0.540000
   -3.890    0.078    3.462    4.782    8.345    9.589    9.833   13.156
            0.520000  0.790000  0.550000
   -3.920    0.118    3.498    4.793    8.352    9.538    9.852   13.054
            0.520000  0.790000  0.560000
   -3.950    0.158    3.533    4.802    8.360    9.485    9.875   12.951
            0.520000  0.790000  0.570000
   -3.979    0.200    3.569    4.808    8.369    9.435    9.901   12.847
            0.520000  0.790000  0.580000
   -4.008    0.242    3.604    4.810    8.378    9.388    9.927   12.743
            0.520000  0.790000  0.590000
   -4.036    0.285    3.639    4.810    8.386    9.345    9.954   12.640
            0.520000  0.790000  0.600000
   -4.064    0.328    3.674    4.807    8.394    9.308    9.982   12.538
            0.520000  0.790000  0.610000
   -4.091    0.373    3.709    4.800    8.399    9.276   10.009   12.437
            0.520000  0.790000  0.620000
   -4.117    0.418    3.743    4.791    8.402    9.252   10.037   12.336
            0.520000  0.790000  0.630000
   -4.143    0.463    3.777    4.779    8.402    9.235   10.064   12.237
            0.520000  0.790000  0.640000
   -4.169    0.509    3.811    4.765    8.398    9.227   10.092   12.139
            0.520000  0.790000  0.650000
   -4.194    0.556    3.844    4.748    8.391    9.226   10.120   12.041
            0.520000  0.790000  0.660000
   -4.218    0.603    3.877    4.728    8.379    9.232   10.147   11.945
            0.520000  0.790000  0.670000
   -4.242    0.651    3.910    4.706    8.364    9.246   10.175   11.851
            0.520000  0.790000  0.680000
   -4.265    0.699    3.942    4.681    8.347    9.266   10.203   11.757
            0.520000  0.790000  0.690000
   -4.287    0.747    3.973    4.655    8.327    9.291   10.230   11.665
            0.520000  0.790000  0.700000
   -4.309    0.796    4.003    4.627    8.307    9.321   10.258   11.575
            0.520000  0.790000  0.710000
   -4.330    0.846    4.033    4.597    8.285    9.355   10.286   11.486
            0.520000  0.790000  0.720000
   -4.350    0.896    4.061    4.566    8.263    9.391   10.315   11.398
            0.520000  0.790000  0.730000
   -4.370    0.946    4.088    4.533    8.242    9.430   10.343   11.313
            0.520000  0.790000  0.740000
   -4.389    0.996    4.114    4.500    8.221    9.469   10.372   11.229
            0.520000  0.790000  0.750000
   -4.408    1.047    4.137    4.467    8.201    9.510   10.402   11.147
            0.520000  0.790000  0.760000
   -4.426    1.098    4.158    4.435    8.182    9.551   10.433   11.067
            0.520000  0.790000  0.770000
   -4.443    1.149    4.173    4.405    8.165    9.591   10.464   10.989
            0.520000  0.790000  0.780000
   -4.459    1.200    4.181    4.382    8.149    9.630   10.497   10.914
            0.520000  0.790000  0.790000
   -4.475    1.250    4.177    4.367    8.135    9.667   10.530   10.842
            0.520000  0.790000  0.800000
   -4.490    1.301    4.161    4.364    8.122    9.703   10.563   10.774
            0.520000  0.790000  0.810000
   -4.504    1.352    4.134    4.370    8.112    9.735   10.596   10.712
            0.520000  0.790000  0.820000
   -4.518    1.402    4.101    4.381    8.103    9.765   10.609   10.672
            0.520000  0.790000  0.830000
   -4.531    1.452    4.063    4.395    8.095    9.790   10.571   10.691
            0.520000  0.790000  0.840000
   -4.543    1.501    4.023    4.410    8.089    9.812   10.520   10.727
            0.520000  0.790000  0.850000
   -4.554    1.550    3.982    4.425    8.085    9.829   10.471   10.767
            0.520000  0.790000  0.860000
   -4.565    1.597    3.940    4.441    8.082    9.841   10.427   10.808
            0.520000  0.790000  0.870000
   -4.575    1.644    3.898    4.455    8.081    9.847   10.389   10.850
            0.520000  0.790000  0.880000
   -4.584    1.689    3.856    4.469    8.081    9.847   10.357   10.893
            0.520000  0.790000  0.890000
   -4.593    1.733    3.816    4.483    8.081    9.843   10.331   10.935
            0.520000  0.790000  0.900000
   -4.601    1.775    3.777    4.495    8.083    9.833   10.311   10.976
            0.520000  0.790000  0.910000
   -4.608    1.814    3.739    4.506    8.085    9.820   10.297   11.016
            0.520000  0.790000  0.920000
   -4.614    1.851    3.704    4.516    8.088    9.804   10.287   11.054
            0.520000  0.790000  0.930000
   -4.620    1.886    3.671    4.525    8.091    9.787   10.280   11.089
            0.520000  0.790000  0.940000
   -4.624    1.916    3.641    4.533    8.094    9.770   10.275   11.122
            0.520000  0.790000  0.950000
   -4.629    1.944    3.615    4.539    8.098    9.754   10.273   11.150
            0.520000  0.790000  0.960000
   -4.632    1.966    3.593    4.545    8.100    9.740   10.271   11.174
            0.520000  0.790000  0.970000
   -4.634    1.985    3.575    4.549    8.103    9.728   10.270   11.194
            0.520000  0.790000  0.980000
   -4.636    1.998    3.562    4.552    8.105    9.720   10.270   11.208
            0.520000  0.790000  0.990000
   -4.637    2.006    3.554    4.554    8.106    9.714   10.270   11.217
            0.520000  0.790000  1.000000
   -4.638    2.009    3.551    4.555    8.106    9.713   10.270   11.220
