 &plot nbnd=   8, nks=   101 /
            0.060000  0.600000  0.000000
   -4.260    1.528    3.695    3.772    6.933    8.442   12.265   12.446
            0.060000  0.600000  0.010000
   -4.259    1.527    3.693    3.772    6.936    8.444   12.264   12.441
            0.060000  0.600000  0.020000
   -4.258    1.524    3.690    3.772    6.942    8.449   12.262   12.427
            0.060000  0.600000  0.030000
   -4.256    1.519    3.684    3.773    6.953    8.458   12.257   12.404
            0.060000  0.600000  0.040000
   -4.254    1.512    3.676    3.774    6.968    8.471   12.247   12.374
            0.060000  0.600000  0.050000
   -4.251    1.503    3.664    3.776    6.988    8.487   12.230   12.343
            0.060000  0.600000  0.060000
   -4.247    1.491    3.650    3.779    7.011    8.507   12.200   12.316
            0.060000  0.600000  0.070000
   -4.242    1.478    3.633    3.783    7.039    8.530   12.153   12.298
            0.060000  0.600000  0.080000
   -4.236    1.463    3.614    3.788    7.070    8.557   12.094   12.286
            0.060000  0.600000  0.090000
   -4.230    1.446    3.592    3.794    7.105    8.587   12.026   12.277
            0.060000  0.600000  0.100000
   -4.223    1.428    3.567    3.801    7.144    8.620   11.951   12.269
            0.060000  0.600000  0.110000
   -4.216    1.407    3.541    3.808    7.186    8.657   11.871   12.262
            0.060000  0.600000  0.120000
   -4.208    1.386    3.513    3.817    7.231    8.696   11.787   12.255
            0.060000  0.600000  0.130000
   -4.198    1.362    3.483    3.826    7.280    8.739   11.699   12.248
            0.060000  0.600000  0.140000
   -4.189    1.337    3.451    3.835    7.332    8.785   11.609   12.240
            0.060000  0.600000  0.150000
   -4.178    1.311    3.418    3.846    7.386    8.834   11.517   12.232
            0.060000  0.600000  0.160000
   -4.167    1.284    3.383    3.857    7.444    8.886   11.422   12.224
            0.060000  0.600000  0.170000
   -4.155    1.255    3.348    3.868    7.504    8.941   11.326   12.215
            0.060000  0.600000  0.180000
   -4.143    1.225    3.311    3.880    7.566    8.998   11.229   12.206
            0.060000  0.600000  0.190000
   -4.129    1.194    3.274    3.892    7.631    9.058   11.131   12.197
            0.060000  0.600000  0.200000
   -4.116    1.162    3.236    3.905    7.698    9.120   11.032   12.187
            0.060000  0.600000  0.210000
   -4.101    1.129    3.197    3.918    7.768    9.185   10.933   12.177
            0.060000  0.600000  0.220000
   -4.086    1.095    3.158    3.932    7.839    9.253   10.833   12.167
            0.060000  0.600000  0.230000
   -4.070    1.061    3.118    3.946    7.913    9.323   10.732   12.156
            0.060000  0.600000  0.240000
   -4.053    1.026    3.078    3.960    7.988    9.395   10.632   12.144
            0.060000  0.600000  0.250000
   -4.036    0.990    3.038    3.975    8.066    9.469   10.531   12.132
            0.060000  0.600000  0.260000
   -4.018    0.953    2.997    3.989    8.145    9.545   10.431   12.120
            0.060000  0.600000  0.270000
   -3.999    0.916    2.957    4.004    8.225    9.623   10.330   12.108
            0.060000  0.600000  0.280000
   -3.980    0.879    2.916    4.019    8.308    9.703   10.231   12.095
            0.060000  0.600000  0.290000
   -3.960    0.841    2.875    4.035    8.392    9.785   10.131   12.082
            0.060000  0.600000  0.300000
   -3.939    0.803    2.835    4.050    8.477    9.869   10.033   12.068
            0.060000  0.600000  0.310000
   -3.918    0.765    2.795    4.065    8.564    9.928    9.961   12.054
            0.060000  0.600000  0.320000
   -3.896    0.726    2.755    4.080    8.652    9.835   10.044   12.040
            0.060000  0.600000  0.330000
   -3.874    0.687    2.715    4.096    8.742    9.739   10.132   12.026
            0.060000  0.600000  0.340000
   -3.850    0.648    2.676    4.111    8.832    9.644   10.223   12.011
            0.060000  0.600000  0.350000
   -3.827    0.609    2.637    4.125    8.924    9.550   10.315   11.996
            0.060000  0.600000  0.360000
   -3.802    0.569    2.598    4.140    9.015    9.458   10.408   11.982
            0.060000  0.600000  0.370000
   -3.778    0.530    2.560    4.154    9.106    9.369   10.503   11.966
            0.060000  0.600000  0.380000
   -3.752    0.491    2.522    4.168    9.183    9.297   10.599   11.951
            0.060000  0.600000  0.390000
   -3.726    0.452    2.485    4.182    9.162    9.325   10.696   11.936
            0.060000  0.600000  0.400000
   -3.700    0.412    2.449    4.194    9.083    9.414   10.794   11.921
            0.060000  0.600000  0.410000
   -3.673    0.373    2.413    4.206    8.999    9.510   10.894   11.906
            0.060000  0.600000  0.420000
   -3.645    0.334    2.378    4.218    8.916    9.609   10.994   11.892
            0.060000  0.600000  0.430000
   -3.617    0.295    2.343    4.228    8.834    9.709   11.094   11.878
            0.060000  0.600000  0.440000
   -3.588    0.256    2.309    4.238    8.754    9.810   11.194   11.865
            0.060000  0.600000  0.450000
   -3.559    0.218    2.276    4.246    8.677    9.912   11.294   11.854
            0.060000  0.600000  0.460000
   -3.529    0.179    2.244    4.254    8.601   10.016   11.391   11.846
            0.060000  0.600000  0.470000
   -3.499    0.141    2.212    4.260    8.528   10.119   11.483   11.845
            0.060000  0.600000  0.480000
   -3.469    0.103    2.181    4.264    8.458   10.224   11.563   11.856
            0.060000  0.600000  0.490000
   -3.438    0.066    2.151    4.267    8.390   10.329   11.621   11.890
            0.060000  0.600000  0.500000
   -3.406    0.028    2.122    4.269    8.326   10.435   11.651   11.953
            0.060000  0.600000  0.510000
   -3.374   -0.009    2.094    4.268    8.265   10.542   11.660   12.038
            0.060000  0.600000  0.520000
   -3.342   -0.046    2.067    4.266    8.207   10.649   11.657   12.136
            0.060000  0.600000  0.530000
   -3.310   -0.082    2.041    4.261    8.152   10.756   11.649   12.239
            0.060000  0.600000  0.540000
   -3.277   -0.119    2.016    4.255    8.101   10.864   11.638   12.345
            0.060000  0.600000  0.550000
   -3.243   -0.154    1.991    4.246    8.054   10.971   11.626   12.452
            0.060000  0.600000  0.560000
   -3.210   -0.190    1.968    4.235    8.010   11.078   11.613   12.560
            0.060000  0.600000  0.570000
   -3.176   -0.225    1.946    4.221    7.971   11.184   11.602   12.665
            0.060000  0.600000  0.580000
   -3.142   -0.260    1.925    4.205    7.935   11.287   11.593   12.764
            0.060000  0.600000  0.590000
   -3.107   -0.295    1.905    4.186    7.904   11.382   11.592   12.846
            0.060000  0.600000  0.600000
   -3.073   -0.329    1.886    4.165    7.877   11.452   11.615   12.894
            0.060000  0.600000  0.610000
   -3.038   -0.362    1.868    4.142    7.854   11.478   11.681   12.897
            0.060000  0.600000  0.620000
   -3.003   -0.396    1.852    4.115    7.835   11.478   11.774   12.869
            0.060000  0.600000  0.630000
   -2.968   -0.429    1.836    4.086    7.820   11.468   11.874   12.822
            0.060000  0.600000  0.640000
   -2.932   -0.462    1.822    4.055    7.809   11.454   11.975   12.762
            0.060000  0.600000  0.650000
   -2.897   -0.494    1.809    4.022    7.803   11.439   12.075   12.694
            0.060000  0.600000  0.660000
   -2.861   -0.526    1.798    3.986    7.801   11.423   12.168   12.622
            0.060000  0.600000  0.670000
   -2.826   -0.557    1.787    3.947    7.802   11.406   12.246   12.556
            0.060000  0.600000  0.680000
   -2.790   -0.588    1.778    3.907    7.808   11.388   12.284   12.520
            0.060000  0.600000  0.690000
   -2.755   -0.619    1.771    3.865    7.817   11.369   12.257   12.533
            0.060000  0.600000  0.700000
   -2.719   -0.649    1.764    3.821    7.830   11.349   12.190   12.566
            0.060000  0.600000  0.710000
   -2.684   -0.679    1.759    3.776    7.846   11.328   12.111   12.587
            0.060000  0.600000  0.720000
   -2.649   -0.709    1.756    3.728    7.866   11.306   12.028   12.593
            0.060000  0.600000  0.730000
   -2.613   -0.738    1.754    3.680    7.889   11.281   11.945   12.588
            0.060000  0.600000  0.740000
   -2.578   -0.767    1.753    3.630    7.915   11.253   11.864   12.576
            0.060000  0.600000  0.750000
   -2.544   -0.795    1.754    3.579    7.944   11.221   11.788   12.561
            0.060000  0.600000  0.760000
   -2.509   -0.823    1.756    3.528    7.976   11.185   11.716   12.543
            0.060000  0.600000  0.770000
   -2.475   -0.851    1.759    3.475    8.011   11.142   11.651   12.525
            0.060000  0.600000  0.780000
   -2.441   -0.878    1.765    3.423    8.049   11.093   11.593   12.507
            0.060000  0.600000  0.790000
   -2.408   -0.905    1.771    3.369    8.089   11.037   11.543   12.489
            0.060000  0.600000  0.800000
   -2.375   -0.932    1.779    3.315    8.131   10.974   11.501   12.471
            0.060000  0.600000  0.810000
   -2.342   -0.957    1.789    3.261    8.176   10.905   11.466   12.454
            0.060000  0.600000  0.820000
   -2.310   -0.983    1.800    3.207    8.223   10.831   11.436   12.438
            0.060000  0.600000  0.830000
   -2.279   -1.008    1.813    3.154    8.272   10.754   11.411   12.422
            0.060000  0.600000  0.840000
   -2.248   -1.032    1.827    3.100    8.323   10.674   11.390   12.407
            0.060000  0.600000  0.850000
   -2.218   -1.056    1.843    3.047    8.376   10.593   11.372   12.392
            0.060000  0.600000  0.860000
   -2.189   -1.080    1.860    2.994    8.432   10.510   11.357   12.379
            0.060000  0.600000  0.870000
   -2.161   -1.102    1.879    2.941    8.488   10.427   11.343   12.366
            0.060000  0.600000  0.880000
   -2.134   -1.124    1.899    2.890    8.547   10.343   11.332   12.355
            0.060000  0.600000  0.890000
   -2.108   -1.145    1.920    2.839    8.607   10.259   11.321   12.344
            0.060000  0.600000  0.900000
   -2.083   -1.165    1.943    2.789    8.669   10.176   11.312   12.334
            0.060000  0.600000  0.910000
   -2.060   -1.184    1.967    2.741    8.732   10.092   11.304   12.325
            0.060000  0.600000  0.920000
   -2.038   -1.202    1.991    2.694    8.797   10.010   11.297   12.317
            0.060000  0.600000  0.930000
   -2.018   -1.218    2.017    2.648    8.863    9.928   11.292   12.310
            0.060000  0.600000  0.940000
   -2.000   -1.233    2.043    2.605    8.930    9.847   11.286   12.304
            0.060000  0.600000  0.950000
   -1.984   -1.246    2.069    2.564    8.999    9.767   11.282   12.299
            0.060000  0.600000  0.960000
   -1.971   -1.257    2.095    2.526    9.068    9.688   11.279   12.295
            0.060000  0.600000  0.970000
   -1.961   -1.266    2.119    2.493    9.138    9.610   11.276   12.291
            0.060000  0.600000  0.980000
   -1.953   -1.273    2.138    2.467    9.207    9.536   11.274   12.289
            0.060000  0.600000  0.990000
   -1.948   -1.277    2.152    2.449    9.271    9.469   11.273   12.288
            0.060000  0.600000  1.000000
   -1.947   -1.278    2.157    2.443    9.305    9.433   11.273   12.287
