 &plot nbnd=   8, nks=   101 /
            0.030000  0.630000  0.000000
   -4.118    1.293    3.656    3.674    6.801    8.208   12.671   12.722
            0.030000  0.630000  0.010000
   -4.118    1.293    3.654    3.674    6.804    8.210   12.670   12.716
            0.030000  0.630000  0.020000
   -4.117    1.290    3.648    3.676    6.811    8.215   12.667   12.701
            0.030000  0.630000  0.030000
   -4.115    1.286    3.639    3.677    6.824    8.223   12.655   12.684
            0.030000  0.630000  0.040000
   -4.113    1.280    3.626    3.679    6.841    8.236   12.622   12.676
            0.030000  0.630000  0.050000
   -4.109    1.273    3.611    3.681    6.863    8.251   12.575   12.672
            0.030000  0.630000  0.060000
   -4.105    1.264    3.593    3.684    6.890    8.270   12.518   12.669
            0.030000  0.630000  0.070000
   -4.101    1.254    3.572    3.687    6.921    8.293   12.454   12.665
            0.030000  0.630000  0.080000
   -4.095    1.242    3.549    3.690    6.957    8.319   12.382   12.662
            0.030000  0.630000  0.090000
   -4.089    1.228    3.523    3.693    6.997    8.348   12.305   12.658
            0.030000  0.630000  0.100000
   -4.083    1.214    3.495    3.697    7.040    8.380   12.224   12.654
            0.030000  0.630000  0.110000
   -4.075    1.197    3.464    3.702    7.088    8.415   12.138   12.649
            0.030000  0.630000  0.120000
   -4.067    1.179    3.432    3.707    7.139    8.454   12.048   12.644
            0.030000  0.630000  0.130000
   -4.058    1.160    3.398    3.712    7.193    8.495   11.956   12.638
            0.030000  0.630000  0.140000
   -4.049    1.140    3.363    3.718    7.250    8.540   11.860   12.632
            0.030000  0.630000  0.150000
   -4.038    1.118    3.326    3.724    7.311    8.588   11.763   12.626
            0.030000  0.630000  0.160000
   -4.027    1.095    3.288    3.731    7.374    8.638   11.664   12.619
            0.030000  0.630000  0.170000
   -4.016    1.071    3.249    3.738    7.440    8.691   11.564   12.612
            0.030000  0.630000  0.180000
   -4.003    1.046    3.209    3.745    7.509    8.747   11.462   12.605
            0.030000  0.630000  0.190000
   -3.990    1.020    3.168    3.754    7.580    8.805   11.359   12.597
            0.030000  0.630000  0.200000
   -3.977    0.993    3.127    3.762    7.653    8.866   11.256   12.588
            0.030000  0.630000  0.210000
   -3.962    0.965    3.085    3.771    7.728    8.930   11.152   12.579
            0.030000  0.630000  0.220000
   -3.947    0.936    3.043    3.781    7.806    8.996   11.047   12.570
            0.030000  0.630000  0.230000
   -3.932    0.906    3.001    3.791    7.885    9.064   10.942   12.561
            0.030000  0.630000  0.240000
   -3.915    0.875    2.958    3.802    7.966    9.134   10.837   12.551
            0.030000  0.630000  0.250000
   -3.898    0.844    2.915    3.813    8.049    9.207   10.732   12.541
            0.030000  0.630000  0.260000
   -3.881    0.812    2.873    3.824    8.134    9.282   10.627   12.531
            0.030000  0.630000  0.270000
   -3.863    0.779    2.830    3.836    8.220    9.359   10.522   12.520
            0.030000  0.630000  0.280000
   -3.844    0.746    2.787    3.848    8.307    9.438   10.417   12.509
            0.030000  0.630000  0.290000
   -3.824    0.713    2.745    3.860    8.397    9.518   10.313   12.497
            0.030000  0.630000  0.300000
   -3.804    0.678    2.703    3.873    8.487    9.601   10.209   12.486
            0.030000  0.630000  0.310000
   -3.783    0.644    2.661    3.886    8.579    9.685   10.107   12.474
            0.030000  0.630000  0.320000
   -3.762    0.609    2.620    3.899    8.672    9.769   10.006   12.461
            0.030000  0.630000  0.330000
   -3.740    0.573    2.579    3.913    8.766    9.845    9.917   12.449
            0.030000  0.630000  0.340000
   -3.717    0.537    2.539    3.927    8.862    9.792    9.957   12.436
            0.030000  0.630000  0.350000
   -3.694    0.501    2.499    3.940    8.958    9.695   10.046   12.423
            0.030000  0.630000  0.360000
   -3.670    0.465    2.460    3.954    9.056    9.597   10.138   12.410
            0.030000  0.630000  0.370000
   -3.646    0.429    2.421    3.968    9.155    9.499   10.232   12.397
            0.030000  0.630000  0.380000
   -3.621    0.392    2.383    3.982    9.254    9.403   10.327   12.383
            0.030000  0.630000  0.390000
   -3.596    0.356    2.346    3.995    9.303    9.359   10.424   12.370
            0.030000  0.630000  0.400000
   -3.570    0.319    2.309    4.009    9.211    9.458   10.523   12.356
            0.030000  0.630000  0.410000
   -3.544    0.282    2.274    4.022    9.119    9.560   10.623   12.342
            0.030000  0.630000  0.420000
   -3.517    0.245    2.238    4.035    9.027    9.663   10.724   12.328
            0.030000  0.630000  0.430000
   -3.489    0.209    2.204    4.047    8.938    9.767   10.826   12.314
            0.030000  0.630000  0.440000
   -3.461    0.172    2.171    4.059    8.850    9.872   10.930   12.300
            0.030000  0.630000  0.450000
   -3.433    0.135    2.138    4.070    8.764    9.978   11.035   12.286
            0.030000  0.630000  0.460000
   -3.404    0.098    2.107    4.080    8.681   10.084   11.140   12.272
            0.030000  0.630000  0.470000
   -3.375    0.062    2.076    4.090    8.599   10.191   11.247   12.258
            0.030000  0.630000  0.480000
   -3.345    0.025    2.046    4.098    8.520   10.299   11.354   12.245
            0.030000  0.630000  0.490000
   -3.315   -0.011    2.018    4.106    8.444   10.407   11.462   12.231
            0.030000  0.630000  0.500000
   -3.284   -0.047    1.990    4.112    8.370   10.516   11.570   12.218
            0.030000  0.630000  0.510000
   -3.253   -0.083    1.963    4.117    8.299   10.625   11.678   12.206
            0.030000  0.630000  0.520000
   -3.222   -0.119    1.938    4.120    8.230   10.734   11.785   12.196
            0.030000  0.630000  0.530000
   -3.191   -0.155    1.913    4.122    8.165   10.844   11.889   12.189
            0.030000  0.630000  0.540000
   -3.159   -0.190    1.890    4.122    8.103   10.953   11.983   12.193
            0.030000  0.630000  0.550000
   -3.126   -0.225    1.867    4.120    8.045   11.063   12.050   12.224
            0.030000  0.630000  0.560000
   -3.094   -0.260    1.846    4.116    7.990   11.173   12.075   12.297
            0.030000  0.630000  0.570000
   -3.061   -0.295    1.826    4.110    7.939   11.282   12.075   12.393
            0.030000  0.630000  0.580000
   -3.028   -0.330    1.808    4.102    7.892   11.390   12.067   12.495
            0.030000  0.630000  0.590000
   -2.994   -0.364    1.790    4.092    7.848   11.497   12.056   12.597
            0.030000  0.630000  0.600000
   -2.961   -0.398    1.774    4.079    7.809   11.601   12.044   12.691
            0.030000  0.630000  0.610000
   -2.927   -0.431    1.759    4.064    7.774   11.701   12.031   12.758
            0.030000  0.630000  0.620000
   -2.893   -0.465    1.745    4.046    7.743   11.792   12.022   12.767
            0.030000  0.630000  0.630000
   -2.859   -0.498    1.733    4.026    7.716   11.861   12.026   12.727
            0.030000  0.630000  0.640000
   -2.825   -0.531    1.721    4.003    7.694   11.891   12.056   12.677
            0.030000  0.630000  0.650000
   -2.791   -0.563    1.712    3.977    7.676   11.883   12.101   12.642
            0.030000  0.630000  0.660000
   -2.756   -0.596    1.703    3.949    7.662   11.857   12.133   12.633
            0.030000  0.630000  0.670000
   -2.722   -0.628    1.696    3.919    7.652   11.818   12.141   12.656
            0.030000  0.630000  0.680000
   -2.688   -0.659    1.691    3.886    7.647   11.769   12.129   12.700
            0.030000  0.630000  0.690000
   -2.653   -0.691    1.687    3.851    7.645   11.709   12.109   12.746
            0.030000  0.630000  0.700000
   -2.619   -0.722    1.684    3.814    7.648   11.641   12.086   12.775
            0.030000  0.630000  0.710000
   -2.584   -0.753    1.683    3.774    7.655   11.565   12.064   12.781
            0.030000  0.630000  0.720000
   -2.550   -0.783    1.683    3.733    7.665   11.484   12.044   12.772
            0.030000  0.630000  0.730000
   -2.516   -0.814    1.685    3.690    7.680   11.399   12.026   12.756
            0.030000  0.630000  0.740000
   -2.481   -0.843    1.689    3.645    7.698   11.311   12.011   12.736
            0.030000  0.630000  0.750000
   -2.447   -0.873    1.694    3.598    7.719   11.221   11.997   12.715
            0.030000  0.630000  0.760000
   -2.414   -0.903    1.700    3.551    7.744   11.130   11.985   12.693
            0.030000  0.630000  0.770000
   -2.380   -0.932    1.708    3.502    7.771   11.038   11.973   12.671
            0.030000  0.630000  0.780000
   -2.347   -0.961    1.718    3.452    7.802   10.945   11.963   12.649
            0.030000  0.630000  0.790000
   -2.313   -0.989    1.729    3.401    7.836   10.853   11.954   12.628
            0.030000  0.630000  0.800000
   -2.281   -1.018    1.742    3.349    7.873   10.760   11.945   12.607
            0.030000  0.630000  0.810000
   -2.248   -1.046    1.756    3.297    7.912   10.668   11.937   12.587
            0.030000  0.630000  0.820000
   -2.216   -1.073    1.772    3.244    7.954   10.576   11.930   12.568
            0.030000  0.630000  0.830000
   -2.184   -1.101    1.790    3.191    7.999   10.484   11.923   12.550
            0.030000  0.630000  0.840000
   -2.152   -1.128    1.809    3.137    8.046   10.393   11.917   12.532
            0.030000  0.630000  0.850000
   -2.121   -1.155    1.830    3.084    8.095   10.303   11.912   12.516
            0.030000  0.630000  0.860000
   -2.091   -1.182    1.852    3.030    8.146   10.213   11.907   12.500
            0.030000  0.630000  0.870000
   -2.061   -1.208    1.876    2.977    8.200   10.124   11.902   12.485
            0.030000  0.630000  0.880000
   -2.031   -1.234    1.901    2.924    8.255   10.036   11.898   12.471
            0.030000  0.630000  0.890000
   -2.003   -1.259    1.928    2.871    8.312    9.949   11.894   12.459
            0.030000  0.630000  0.900000
   -1.975   -1.284    1.957    2.819    8.371    9.862   11.890   12.447
            0.030000  0.630000  0.910000
   -1.948   -1.308    1.987    2.768    8.432    9.777   11.887   12.436
            0.030000  0.630000  0.920000
   -1.922   -1.331    2.018    2.717    8.495    9.692   11.885   12.427
            0.030000  0.630000  0.930000
   -1.897   -1.353    2.050    2.667    8.559    9.609   11.882   12.418
            0.030000  0.630000  0.940000
   -1.874   -1.374    2.084    2.618    8.625    9.526   11.880   12.411
            0.030000  0.630000  0.950000
   -1.853   -1.393    2.119    2.570    8.692    9.445   11.879   12.405
            0.030000  0.630000  0.960000
   -1.835   -1.410    2.155    2.524    8.761    9.365   11.877   12.399
            0.030000  0.630000  0.970000
   -1.819   -1.425    2.190    2.480    8.831    9.286   11.876   12.395
            0.030000  0.630000  0.980000
   -1.807   -1.436    2.225    2.440    8.901    9.209   11.876   12.393
            0.030000  0.630000  0.990000
   -1.800   -1.443    2.254    2.407    8.971    9.136   11.875   12.391
            0.030000  0.630000  1.000000
   -1.797   -1.445    2.267    2.393    9.019    9.087   11.875   12.390
