 &plot nbnd=   8, nks=   101 /
            0.600000  0.960000  0.000000
   -1.746   -1.479    2.117    2.452    9.059    9.667   11.733   11.811
            0.600000  0.960000  0.010000
   -1.757   -1.468    2.117    2.454    9.059    9.667   11.680   11.865
            0.600000  0.960000  0.020000
   -1.786   -1.439    2.114    2.461    9.060    9.669   11.600   11.947
            0.600000  0.960000  0.030000
   -1.826   -1.400    2.111    2.472    9.061    9.672   11.519   12.032
            0.600000  0.960000  0.040000
   -1.871   -1.355    2.106    2.487    9.063    9.676   11.438   12.119
            0.600000  0.960000  0.050000
   -1.920   -1.307    2.101    2.505    9.065    9.681   11.358   12.206
            0.600000  0.960000  0.060000
   -1.971   -1.257    2.095    2.526    9.068    9.688   11.279   12.295
            0.600000  0.960000  0.070000
   -2.023   -1.207    2.089    2.551    9.072    9.695   11.200   12.384
            0.600000  0.960000  0.080000
   -2.076   -1.155    2.084    2.578    9.075    9.703   11.123   12.474
            0.600000  0.960000  0.090000
   -2.129   -1.104    2.079    2.608    9.080    9.713   11.046   12.564
            0.600000  0.960000  0.100000
   -2.183   -1.052    2.074    2.639    9.085    9.723   10.971   12.656
            0.600000  0.960000  0.110000
   -2.237   -1.000    2.071    2.673    9.090    9.735   10.897   12.748
            0.600000  0.960000  0.120000
   -2.291   -0.948    2.068    2.709    9.096    9.747   10.823   12.840
            0.600000  0.960000  0.130000
   -2.345   -0.896    2.065    2.746    9.103    9.760   10.752   12.933
            0.600000  0.960000  0.140000
   -2.399   -0.844    2.064    2.786    9.110    9.774   10.682   13.027
            0.600000  0.960000  0.150000
   -2.453   -0.793    2.064    2.827    9.118    9.788   10.613   13.121
            0.600000  0.960000  0.160000
   -2.507   -0.741    2.065    2.869    9.126    9.802   10.547   13.216
            0.600000  0.960000  0.170000
   -2.561   -0.690    2.067    2.913    9.135    9.816   10.483   13.311
            0.600000  0.960000  0.180000
   -2.614   -0.639    2.070    2.959    9.144    9.829   10.422   13.406
            0.600000  0.960000  0.190000
   -2.668   -0.588    2.074    3.006    9.154    9.840   10.365   13.502
            0.600000  0.960000  0.200000
   -2.721   -0.537    2.079    3.054    9.165    9.848   10.313   13.598
            0.600000  0.960000  0.210000
   -2.774   -0.487    2.085    3.103    9.176    9.852   10.269   13.694
            0.600000  0.960000  0.220000
   -2.826   -0.436    2.092    3.154    9.187    9.848   10.234   13.789
            0.600000  0.960000  0.230000
   -2.879   -0.386    2.101    3.206    9.199    9.834   10.210   13.799
            0.600000  0.960000  0.240000
   -2.931   -0.336    2.110    3.259    9.212    9.811   10.199   13.696
            0.600000  0.960000  0.250000
   -2.982   -0.286    2.120    3.313    9.225    9.778   10.200   13.590
            0.600000  0.960000  0.260000
   -3.033   -0.236    2.132    3.367    9.239    9.738   10.209   13.484
            0.600000  0.960000  0.270000
   -3.084   -0.187    2.144    3.423    9.254    9.694   10.226   13.378
            0.600000  0.960000  0.280000
   -3.135   -0.137    2.158    3.480    9.268    9.646   10.248   13.271
            0.600000  0.960000  0.290000
   -3.185   -0.088    2.173    3.537    9.284    9.597   10.274   13.165
            0.600000  0.960000  0.300000
   -3.235   -0.039    2.188    3.595    9.300    9.547   10.304   13.059
            0.600000  0.960000  0.310000
   -3.284    0.011    2.205    3.653    9.316    9.497   10.335   12.953
            0.600000  0.960000  0.320000
   -3.332    0.060    2.223    3.712    9.333    9.447   10.369   12.847
            0.600000  0.960000  0.330000
   -3.381    0.109    2.241    3.771    9.351    9.398   10.405   12.741
            0.600000  0.960000  0.340000
   -3.428    0.158    2.261    3.831    9.350    9.369   10.443   12.635
            0.600000  0.960000  0.350000
   -3.476    0.207    2.282    3.891    9.302    9.387   10.482   12.530
            0.600000  0.960000  0.360000
   -3.522    0.256    2.303    3.951    9.256    9.406   10.522   12.425
            0.600000  0.960000  0.370000
   -3.569    0.306    2.326    4.011    9.211    9.426   10.564   12.320
            0.600000  0.960000  0.380000
   -3.614    0.355    2.349    4.071    9.168    9.446   10.607   12.216
            0.600000  0.960000  0.390000
   -3.660    0.404    2.374    4.130    9.126    9.466   10.651   12.112
            0.600000  0.960000  0.400000
   -3.704    0.453    2.399    4.190    9.085    9.487   10.696   12.008
            0.600000  0.960000  0.410000
   -3.748    0.503    2.425    4.249    9.047    9.508   10.743   11.905
            0.600000  0.960000  0.420000
   -3.791    0.552    2.452    4.307    9.010    9.530   10.790   11.803
            0.600000  0.960000  0.430000
   -3.834    0.602    2.480    4.365    8.974    9.551   10.838   11.701
            0.600000  0.960000  0.440000
   -3.877    0.651    2.509    4.421    8.941    9.574   10.886   11.601
            0.600000  0.960000  0.450000
   -3.918    0.701    2.539    4.477    8.910    9.596   10.934   11.502
            0.600000  0.960000  0.460000
   -3.959    0.751    2.570    4.532    8.881    9.619   10.980   11.405
            0.600000  0.960000  0.470000
   -3.999    0.801    2.601    4.585    8.855    9.642   11.022   11.316
            0.600000  0.960000  0.480000
   -4.039    0.851    2.633    4.637    8.830    9.666   11.045   11.245
            0.600000  0.960000  0.490000
   -4.078    0.902    2.666    4.687    8.808    9.689   11.021   11.223
            0.600000  0.960000  0.500000
   -4.117    0.952    2.700    4.735    8.789    9.713   10.950   11.250
            0.600000  0.960000  0.510000
   -4.154    1.003    2.735    4.782    8.773    9.737   10.863   11.294
            0.600000  0.960000  0.520000
   -4.191    1.054    2.770    4.827    8.759    9.760   10.770   11.344
            0.600000  0.960000  0.530000
   -4.228    1.105    2.806    4.869    8.748    9.783   10.677   11.396
            0.600000  0.960000  0.540000
   -4.264    1.157    2.843    4.909    8.740    9.806   10.584   11.448
            0.600000  0.960000  0.550000
   -4.299    1.208    2.880    4.946    8.736    9.828   10.492   11.499
            0.600000  0.960000  0.560000
   -4.333    1.260    2.919    4.981    8.734    9.848   10.402   11.548
            0.600000  0.960000  0.570000
   -4.367    1.312    2.958    5.013    8.735    9.865   10.315   11.591
            0.600000  0.960000  0.580000
   -4.400    1.364    2.997    5.042    8.740    9.876   10.236   11.626
            0.600000  0.960000  0.590000
   -4.432    1.417    3.037    5.068    8.748    9.875   10.168   11.647
            0.600000  0.960000  0.600000
   -4.463    1.469    3.078    5.092    8.759    9.855   10.122   11.647
            0.600000  0.960000  0.610000
   -4.494    1.522    3.119    5.112    8.773    9.808   10.102   11.623
            0.600000  0.960000  0.620000
   -4.524    1.575    3.161    5.129    8.791    9.743   10.102   11.581
            0.600000  0.960000  0.630000
   -4.554    1.628    3.203    5.143    8.811    9.667   10.113   11.526
            0.600000  0.960000  0.640000
   -4.582    1.682    3.246    5.153    8.834    9.586   10.131   11.464
            0.600000  0.960000  0.650000
   -4.610    1.735    3.289    5.161    8.859    9.504   10.151   11.399
            0.600000  0.960000  0.660000
   -4.637    1.789    3.333    5.165    8.887    9.422   10.173   11.332
            0.600000  0.960000  0.670000
   -4.664    1.842    3.377    5.167    8.915    9.342   10.196   11.265
            0.600000  0.960000  0.680000
   -4.689    1.896    3.422    5.166    8.941    9.266   10.220   11.199
            0.600000  0.960000  0.690000
   -4.714    1.950    3.466    5.161    8.960    9.201   10.244   11.133
            0.600000  0.960000  0.700000
   -4.738    2.004    3.511    5.154    8.958    9.160   10.268   11.069
            0.600000  0.960000  0.710000
   -4.762    2.058    3.557    5.145    8.921    9.157   10.292   11.007
            0.600000  0.960000  0.720000
   -4.784    2.113    3.602    5.132    8.859    9.181   10.316   10.946
            0.600000  0.960000  0.730000
   -4.806    2.167    3.647    5.118    8.788    9.217   10.339   10.888
            0.600000  0.960000  0.740000
   -4.827    2.221    3.693    5.101    8.714    9.259   10.363   10.833
            0.600000  0.960000  0.750000
   -4.847    2.275    3.738    5.082    8.639    9.304   10.385   10.779
            0.600000  0.960000  0.760000
   -4.867    2.329    3.784    5.061    8.563    9.351   10.408   10.729
            0.600000  0.960000  0.770000
   -4.886    2.382    3.829    5.038    8.489    9.400   10.429   10.682
            0.600000  0.960000  0.780000
   -4.904    2.436    3.874    5.013    8.416    9.448   10.450   10.639
            0.600000  0.960000  0.790000
   -4.921    2.489    3.918    4.987    8.344    9.496   10.470   10.600
            0.600000  0.960000  0.800000
   -4.937    2.542    3.963    4.959    8.273    9.544   10.486   10.568
            0.600000  0.960000  0.810000
   -4.953    2.595    4.006    4.930    8.204    9.589   10.494   10.548
            0.600000  0.960000  0.820000
   -4.968    2.647    4.049    4.900    8.137    9.632   10.485   10.549
            0.600000  0.960000  0.830000
   -4.982    2.698    4.091    4.869    8.073    9.672   10.470   10.561
            0.600000  0.960000  0.840000
   -4.995    2.749    4.132    4.837    8.010    9.708   10.457   10.577
            0.600000  0.960000  0.850000
   -5.007    2.798    4.172    4.805    7.950    9.738   10.450   10.592
            0.600000  0.960000  0.860000
   -5.019    2.847    4.211    4.772    7.892    9.764   10.450   10.607
            0.600000  0.960000  0.870000
   -5.030    2.895    4.248    4.739    7.837    9.783   10.456   10.622
            0.600000  0.960000  0.880000
   -5.040    2.941    4.284    4.706    7.785    9.797   10.469   10.636
            0.600000  0.960000  0.890000
   -5.049    2.986    4.318    4.674    7.736    9.805   10.487   10.649
            0.600000  0.960000  0.900000
   -5.057    3.028    4.349    4.642    7.690    9.810   10.510   10.661
            0.600000  0.960000  0.910000
   -5.065    3.069    4.379    4.611    7.648    9.811   10.535   10.672
            0.600000  0.960000  0.920000
   -5.072    3.107    4.406    4.582    7.610    9.809   10.562   10.682
            0.600000  0.960000  0.930000
   -5.078    3.142    4.431    4.554    7.575    9.807   10.589   10.691
            0.600000  0.960000  0.940000
   -5.083    3.174    4.453    4.529    7.545    9.803   10.615   10.699
            0.600000  0.960000  0.950000
   -5.088    3.202    4.472    4.507    7.519    9.799   10.639   10.707
            0.600000  0.960000  0.960000
   -5.091    3.226    4.487    4.488    7.497    9.796   10.659   10.713
            0.600000  0.960000  0.970000
   -5.094    3.245    4.472    4.500    7.480    9.792   10.675   10.719
            0.600000  0.960000  0.980000
   -5.096    3.259    4.460    4.508    7.468    9.790   10.685   10.724
            0.600000  0.960000  0.990000
   -5.097    3.268    4.453    4.514    7.461    9.789   10.692   10.728
            0.600000  0.960000  1.000000
   -5.098    3.271    4.450    4.516    7.458    9.788   10.694   10.729
