 &plot nbnd=   8, nks=   101 /
            0.860000  0.640000 -1.000000
   -5.152    3.186    4.335    5.004    8.008    9.643   10.291   10.566
            0.860000  0.640000 -0.980000
   -5.151    3.172    4.348    4.999    8.013    9.635   10.289   10.572
            0.860000  0.640000 -0.960000
   -5.146    3.130    4.386    4.984    8.026    9.611   10.284   10.591
            0.860000  0.640000 -0.940000
   -5.138    3.066    4.444    4.959    8.048    9.574   10.274   10.621
            0.860000  0.640000 -0.920000
   -5.126    2.986    4.514    4.926    8.078    9.524   10.259   10.664
            0.860000  0.640000 -0.900000
   -5.112    2.894    4.592    4.886    8.115    9.467   10.239   10.718
            0.860000  0.640000 -0.880000
   -5.094    2.794    4.669    4.842    8.158    9.404   10.215   10.784
            0.860000  0.640000 -0.860000
   -5.073    2.688    4.718    4.822    8.205    9.339   10.186   10.860
            0.860000  0.640000 -0.840000
   -5.049    2.579    4.688    4.872    8.255    9.277   10.152   10.947
            0.860000  0.640000 -0.820000
   -5.022    2.468    4.626    4.945    8.306    9.221   10.113   11.043
            0.860000  0.640000 -0.800000
   -4.992    2.355    4.556    5.017    8.353    9.177   10.071   11.150
            0.860000  0.640000 -0.780000
   -4.958    2.242    4.480    5.082    8.394    9.149   10.025   11.265
            0.860000  0.640000 -0.760000
   -4.921    2.129    4.402    5.137    8.426    9.142    9.976   11.389
            0.860000  0.640000 -0.740000
   -4.881    2.016    4.320    5.182    8.447    9.160    9.924   11.521
            0.860000  0.640000 -0.720000
   -4.839    1.904    4.237    5.215    8.458    9.202    9.870   11.660
            0.860000  0.640000 -0.700000
   -4.793    1.793    4.153    5.234    8.463    9.265    9.816   11.804
            0.860000  0.640000 -0.680000
   -4.744    1.683    4.068    5.238    8.468    9.343    9.762   11.952
            0.860000  0.640000 -0.660000
   -4.692    1.575    3.982    5.228    8.477    9.426    9.716   12.093
            0.860000  0.640000 -0.640000
   -4.637    1.468    3.896    5.203    8.491    9.491    9.700   12.183
            0.860000  0.640000 -0.620000
   -4.579    1.362    3.810    5.164    8.513    9.496    9.752   12.144
            0.860000  0.640000 -0.600000
   -4.518    1.258    3.724    5.111    8.543    9.457    9.857   12.041
            0.860000  0.640000 -0.580000
   -4.454    1.156    3.639    5.047    8.579    9.406    9.983   11.927
            0.860000  0.640000 -0.560000
   -4.388    1.055    3.554    4.972    8.621    9.354   10.120   11.811
            0.860000  0.640000 -0.540000
   -4.319    0.956    3.470    4.888    8.666    9.306   10.264   11.697
            0.860000  0.640000 -0.520000
   -4.247    0.858    3.387    4.797    8.709    9.267   10.413   11.588
            0.860000  0.640000 -0.500000
   -4.172    0.762    3.305    4.699    8.743    9.242   10.566   11.484
            0.860000  0.640000 -0.480000
   -4.095    0.668    3.223    4.598    8.762    9.241   10.720   11.388
            0.860000  0.640000 -0.460000
   -4.016    0.575    3.142    4.493    8.759    9.268   10.868   11.306
            0.860000  0.640000 -0.440000
   -3.933    0.483    3.063    4.387    8.738    9.320   10.983   11.265
            0.860000  0.640000 -0.420000
   -3.849    0.393    2.983    4.281    8.702    9.392   11.001   11.330
            0.860000  0.640000 -0.400000
   -3.762    0.303    2.905    4.175    8.659    9.477   10.948   11.473
            0.860000  0.640000 -0.380000
   -3.674    0.215    2.828    4.070    8.613    9.572   10.880   11.639
            0.860000  0.640000 -0.360000
   -3.583    0.128    2.751    3.968    8.564    9.674   10.811   11.813
            0.860000  0.640000 -0.340000
   -3.490    0.041    2.675    3.870    8.515    9.781   10.745   11.992
            0.860000  0.640000 -0.320000
   -3.396   -0.045    2.600    3.776    8.468    9.892   10.684   12.174
            0.860000  0.640000 -0.300000
   -3.300   -0.131    2.527    3.686    8.421   10.003   10.631   12.358
            0.860000  0.640000 -0.280000
   -3.203   -0.216    2.454    3.602    8.377   10.110   10.590   12.543
            0.860000  0.640000 -0.260000
   -3.104   -0.302    2.384    3.523    8.334   10.204   10.571   12.730
            0.860000  0.640000 -0.240000
   -3.005   -0.387    2.315    3.451    8.294   10.265   10.592   12.916
            0.860000  0.640000 -0.220000
   -2.905   -0.473    2.250    3.384    8.257   10.281   10.666   13.102
            0.860000  0.640000 -0.200000
   -2.805   -0.559    2.187    3.324    8.223   10.268   10.776   13.286
            0.860000  0.640000 -0.180000
   -2.705   -0.644    2.128    3.269    8.191   10.245   10.904   13.460
            0.860000  0.640000 -0.160000
   -2.606   -0.729    2.074    3.221    8.163   10.220   11.041   13.590
            0.860000  0.640000 -0.140000
   -2.508   -0.814    2.024    3.179    8.138   10.195   11.185   13.543
            0.860000  0.640000 -0.120000
   -2.413   -0.897    1.980    3.143    8.116   10.173   11.334   13.388
            0.860000  0.640000 -0.100000
   -2.323   -0.977    1.942    3.113    8.097   10.153   11.486   13.215
            0.860000  0.640000 -0.080000
   -2.239   -1.053    1.910    3.088    8.082   10.137   11.640   13.041
            0.860000  0.640000 -0.060000
   -2.164   -1.120    1.885    3.069    8.070   10.124   11.796   12.868
            0.860000  0.640000 -0.040000
   -2.104   -1.175    1.867    3.055    8.062   10.115   11.950   12.702
            0.860000  0.640000 -0.020000
   -2.064   -1.212    1.856    3.047    8.056   10.109   12.091   12.553
            0.860000  0.640000  0.000000
   -2.049   -1.226    1.852    3.044    8.055   10.107   12.166   12.475
            0.860000  0.640000  0.020000
   -2.064   -1.212    1.856    3.047    8.056   10.109   12.091   12.553
            0.860000  0.640000  0.040000
   -2.104   -1.175    1.867    3.055    8.062   10.115   11.950   12.702
            0.860000  0.640000  0.060000
   -2.164   -1.120    1.885    3.069    8.070   10.124   11.796   12.868
            0.860000  0.640000  0.080000
   -2.239   -1.053    1.910    3.088    8.082   10.137   11.640   13.041
            0.860000  0.640000  0.100000
   -2.323   -0.977    1.942    3.113    8.097   10.153   11.486   13.215
            0.860000  0.640000  0.120000
   -2.413   -0.897    1.980    3.143    8.116   10.173   11.334   13.388
            0.860000  0.640000  0.140000
   -2.508   -0.814    2.024    3.179    8.138   10.195   11.185   13.543
            0.860000  0.640000  0.160000
   -2.606   -0.729    2.074    3.221    8.163   10.220   11.041   13.590
            0.860000  0.640000  0.180000
   -2.705   -0.644    2.128    3.269    8.191   10.245   10.904   13.460
            0.860000  0.640000  0.200000
   -2.805   -0.559    2.187    3.324    8.223   10.268   10.776   13.286
            0.860000  0.640000  0.220000
   -2.905   -0.473    2.250    3.384    8.257   10.281   10.666   13.102
            0.860000  0.640000  0.240000
   -3.005   -0.387    2.315    3.451    8.294   10.265   10.592   12.916
            0.860000  0.640000  0.260000
   -3.104   -0.302    2.384    3.523    8.334   10.204   10.571   12.730
            0.860000  0.640000  0.280000
   -3.203   -0.216    2.454    3.602    8.377   10.110   10.590   12.543
            0.860000  0.640000  0.300000
   -3.300   -0.131    2.527    3.686    8.421   10.003   10.631   12.358
            0.860000  0.640000  0.320000
   -3.396   -0.045    2.600    3.776    8.468    9.892   10.684   12.174
            0.860000  0.640000  0.340000
   -3.490    0.041    2.675    3.870    8.515    9.781   10.745   11.992
            0.860000  0.640000  0.360000
   -3.583    0.128    2.751    3.968    8.564    9.674   10.811   11.813
            0.860000  0.640000  0.380000
   -3.674    0.215    2.828    4.070    8.613    9.572   10.880   11.639
            0.860000  0.640000  0.400000
   -3.762    0.303    2.905    4.175    8.659    9.477   10.948   11.473
            0.860000  0.640000  0.420000
   -3.849    0.393    2.983    4.281    8.702    9.392   11.001   11.330
            0.860000  0.640000  0.440000
   -3.933    0.483    3.063    4.387    8.738    9.320   10.983   11.265
            0.860000  0.640000  0.460000
   -4.016    0.575    3.142    4.493    8.759    9.268   10.868   11.306
            0.860000  0.640000  0.480000
   -4.095    0.668    3.223    4.598    8.762    9.241   10.720   11.388
            0.860000  0.640000  0.500000
   -4.172    0.762    3.305    4.699    8.743    9.242   10.566   11.484
            0.860000  0.640000  0.520000
   -4.247    0.858    3.387    4.797    8.709    9.267   10.413   11.588
            0.860000  0.640000  0.540000
   -4.319    0.956    3.470    4.888    8.666    9.306   10.264   11.697
            0.860000  0.640000  0.560000
   -4.388    1.055    3.554    4.972    8.621    9.354   10.120   11.811
            0.860000  0.640000  0.580000
   -4.454    1.156    3.639    5.047    8.579    9.406    9.983   11.927
            0.860000  0.640000  0.600000
   -4.518    1.258    3.724    5.111    8.543    9.457    9.857   12.041
            0.860000  0.640000  0.620000
   -4.579    1.362    3.810    5.164    8.513    9.496    9.752   12.144
            0.860000  0.640000  0.640000
   -4.637    1.468    3.896    5.203    8.491    9.491    9.700   12.183
            0.860000  0.640000  0.660000
   -4.692    1.575    3.982    5.228    8.477    9.426    9.716   12.093
            0.860000  0.640000  0.680000
   -4.744    1.683    4.068    5.238    8.468    9.343    9.762   11.952
            0.860000  0.640000  0.700000
   -4.793    1.793    4.153    5.234    8.463    9.265    9.816   11.804
            0.860000  0.640000  0.720000
   -4.839    1.904    4.237    5.215    8.458    9.202    9.870   11.660
            0.860000  0.640000  0.740000
   -4.881    2.016    4.320    5.182    8.447    9.160    9.924   11.521
            0.860000  0.640000  0.760000
   -4.921    2.129    4.402    5.137    8.426    9.142    9.976   11.389
            0.860000  0.640000  0.780000
   -4.958    2.242    4.480    5.082    8.394    9.149   10.025   11.265
            0.860000  0.640000  0.800000
   -4.992    2.355    4.556    5.017    8.353    9.177   10.071   11.150
            0.860000  0.640000  0.820000
   -5.022    2.468    4.626    4.945    8.306    9.221   10.113   11.043
            0.860000  0.640000  0.840000
   -5.049    2.579    4.688    4.872    8.255    9.277   10.152   10.947
            0.860000  0.640000  0.860000
   -5.073    2.688    4.718    4.822    8.205    9.339   10.186   10.860
            0.860000  0.640000  0.880000
   -5.094    2.794    4.669    4.842    8.158    9.404   10.215   10.784
            0.860000  0.640000  0.900000
   -5.112    2.894    4.592    4.886    8.115    9.467   10.239   10.718
            0.860000  0.640000  0.920000
   -5.126    2.986    4.514    4.926    8.078    9.524   10.259   10.664
            0.860000  0.640000  0.940000
   -5.138    3.066    4.444    4.959    8.048    9.574   10.274   10.621
            0.860000  0.640000  0.960000
   -5.146    3.130    4.386    4.984    8.026    9.611   10.284   10.591
            0.860000  0.640000  0.980000
   -5.151    3.172    4.348    4.999    8.013    9.635   10.289   10.572
            0.860000  0.640000  1.000000
   -5.152    3.186    4.335    5.004    8.008    9.643   10.291   10.566
