 &plot nbnd=   8, nks=   101 /
            0.900000 -0.360000 -1.000000
   -4.034    1.140    3.479    3.659    7.009    8.300   12.312   12.792
            0.900000 -0.360000 -0.980000
   -4.033    1.136    3.473    3.662    7.014    8.309   12.310   12.770
            0.900000 -0.360000 -0.960000
   -4.029    1.125    3.456    3.670    7.030    8.336   12.304   12.707
            0.900000 -0.360000 -0.940000
   -4.022    1.107    3.431    3.681    7.057    8.381   12.291   12.612
            0.900000 -0.360000 -0.920000
   -4.012    1.082    3.399    3.693    7.095    8.443   12.264   12.501
            0.900000 -0.360000 -0.900000
   -4.000    1.050    3.361    3.705    7.145    8.520   12.195   12.406
            0.900000 -0.360000 -0.880000
   -3.984    1.012    3.320    3.717    7.207    8.612   12.065   12.356
            0.900000 -0.360000 -0.860000
   -3.967    0.968    3.274    3.729    7.280    8.717   11.896   12.330
            0.900000 -0.360000 -0.840000
   -3.946    0.919    3.225    3.741    7.364    8.835   11.709   12.312
            0.900000 -0.360000 -0.820000
   -3.923    0.865    3.172    3.753    7.460    8.964   11.512   12.296
            0.900000 -0.360000 -0.800000
   -3.897    0.807    3.116    3.767    7.567    9.103   11.310   12.281
            0.900000 -0.360000 -0.780000
   -3.869    0.746    3.057    3.782    7.685    9.251   11.104   12.265
            0.900000 -0.360000 -0.760000
   -3.838    0.681    2.996    3.799    7.812    9.408   10.897   12.248
            0.900000 -0.360000 -0.740000
   -3.804    0.615    2.933    3.817    7.948    9.573   10.689   12.229
            0.900000 -0.360000 -0.720000
   -3.769    0.546    2.869    3.837    8.094    9.744   10.481   12.210
            0.900000 -0.360000 -0.700000
   -3.731    0.476    2.803    3.858    8.247    9.920   10.277   12.190
            0.900000 -0.360000 -0.680000
   -3.690    0.404    2.737    3.881    8.408   10.036   10.140   12.168
            0.900000 -0.360000 -0.660000
   -3.648    0.333    2.670    3.905    8.576    9.858   10.306   12.145
            0.900000 -0.360000 -0.640000
   -3.603    0.261    2.604    3.930    8.750    9.661   10.500   12.121
            0.900000 -0.360000 -0.620000
   -3.556    0.189    2.539    3.956    8.929    9.467   10.699   12.097
            0.900000 -0.360000 -0.600000
   -3.508    0.117    2.474    3.981    9.106    9.286   10.903   12.072
            0.900000 -0.360000 -0.580000
   -3.458    0.046    2.411    4.006    9.078    9.320   11.110   12.048
            0.900000 -0.360000 -0.560000
   -3.406   -0.023    2.350    4.030    8.905    9.510   11.317   12.026
            0.900000 -0.360000 -0.540000
   -3.352   -0.092    2.291    4.052    8.735    9.710   11.520   12.012
            0.900000 -0.360000 -0.520000
   -3.297   -0.159    2.234    4.071    8.572    9.914   11.699   12.025
            0.900000 -0.360000 -0.500000
   -3.242   -0.224    2.180    4.086    8.419   10.122   11.800   12.118
            0.900000 -0.360000 -0.480000
   -3.185   -0.288    2.129    4.097    8.276   10.333   11.816   12.297
            0.900000 -0.360000 -0.460000
   -3.127   -0.350    2.081    4.102    8.145   10.547   11.800   12.507
            0.900000 -0.360000 -0.440000
   -3.069   -0.409    2.037    4.100    8.027   10.764   11.775   12.722
            0.900000 -0.360000 -0.420000
   -3.010   -0.466    1.996    4.091    7.924   10.983   11.745   12.895
            0.900000 -0.360000 -0.400000
   -2.952   -0.521    1.959    4.073    7.835   11.202   11.711   12.845
            0.900000 -0.360000 -0.380000
   -2.893   -0.573    1.927    4.046    7.763   11.422   11.676   12.667
            0.900000 -0.360000 -0.360000
   -2.835   -0.623    1.899    4.009    7.707   11.633   11.641   12.480
            0.900000 -0.360000 -0.340000
   -2.778   -0.669    1.876    3.962    7.668   11.591   11.835   12.316
            0.900000 -0.360000 -0.320000
   -2.722   -0.713    1.857    3.906    7.646   11.536   11.936   12.261
            0.900000 -0.360000 -0.300000
   -2.668   -0.755    1.844    3.840    7.641   11.460   11.862   12.403
            0.900000 -0.360000 -0.280000
   -2.615   -0.793    1.836    3.766    7.652   11.353   11.759   12.606
            0.900000 -0.360000 -0.260000
   -2.564   -0.828    1.834    3.685    7.678   11.212   11.681   12.815
            0.900000 -0.360000 -0.240000
   -2.516   -0.860    1.837    3.598    7.718   11.048   11.626   13.012
            0.900000 -0.360000 -0.220000
   -2.471   -0.889    1.846    3.505    7.771   10.872   11.586   13.165
            0.900000 -0.360000 -0.200000
   -2.429   -0.916    1.861    3.409    7.837   10.692   11.554   13.233
            0.900000 -0.360000 -0.180000
   -2.390   -0.939    1.882    3.311    7.914   10.511   11.527   13.242
            0.900000 -0.360000 -0.160000
   -2.354   -0.959    1.909    3.212    8.001   10.331   11.505   13.232
            0.900000 -0.360000 -0.140000
   -2.323   -0.977    1.942    3.113    8.097   10.153   11.486   13.215
            0.900000 -0.360000 -0.120000
   -2.295   -0.992    1.980    3.015    8.202    9.978   11.470   13.199
            0.900000 -0.360000 -0.100000
   -2.272   -1.004    2.022    2.921    8.315    9.807   11.456   13.184
            0.900000 -0.360000 -0.080000
   -2.253   -1.014    2.069    2.831    8.434    9.640   11.445   13.171
            0.900000 -0.360000 -0.060000
   -2.238   -1.022    2.116    2.749    8.558    9.478   11.437   13.160
            0.900000 -0.360000 -0.040000
   -2.227   -1.027    2.161    2.680    8.686    9.325   11.431   13.153
            0.900000 -0.360000 -0.020000
   -2.220   -1.030    2.195    2.630    8.808    9.187   11.428   13.148
            0.900000 -0.360000  0.000000
   -2.218   -1.031    2.209    2.612    8.878    9.112   11.426   13.147
            0.900000 -0.360000  0.020000
   -2.220   -1.030    2.195    2.630    8.808    9.187   11.428   13.148
            0.900000 -0.360000  0.040000
   -2.227   -1.027    2.161    2.680    8.686    9.325   11.431   13.153
            0.900000 -0.360000  0.060000
   -2.238   -1.022    2.116    2.749    8.558    9.478   11.437   13.160
            0.900000 -0.360000  0.080000
   -2.253   -1.014    2.069    2.831    8.434    9.640   11.445   13.171
            0.900000 -0.360000  0.100000
   -2.272   -1.004    2.022    2.921    8.315    9.807   11.456   13.184
            0.900000 -0.360000  0.120000
   -2.295   -0.992    1.980    3.015    8.202    9.978   11.470   13.199
            0.900000 -0.360000  0.140000
   -2.323   -0.977    1.942    3.113    8.097   10.153   11.486   13.215
            0.900000 -0.360000  0.160000
   -2.354   -0.959    1.909    3.212    8.001   10.331   11.505   13.232
            0.900000 -0.360000  0.180000
   -2.390   -0.939    1.882    3.311    7.914   10.511   11.527   13.242
            0.900000 -0.360000  0.200000
   -2.429   -0.916    1.861    3.409    7.837   10.692   11.554   13.233
            0.900000 -0.360000  0.220000
   -2.471   -0.889    1.846    3.505    7.771   10.872   11.586   13.165
            0.900000 -0.360000  0.240000
   -2.516   -0.860    1.837    3.598    7.718   11.048   11.626   13.012
            0.900000 -0.360000  0.260000
   -2.564   -0.828    1.834    3.685    7.678   11.212   11.681   12.815
            0.900000 -0.360000  0.280000
   -2.615   -0.793    1.836    3.766    7.652   11.353   11.759   12.606
            0.900000 -0.360000  0.300000
   -2.668   -0.755    1.844    3.840    7.641   11.460   11.862   12.403
            0.900000 -0.360000  0.320000
   -2.722   -0.713    1.857    3.906    7.646   11.536   11.936   12.261
            0.900000 -0.360000  0.340000
   -2.778   -0.669    1.876    3.962    7.668   11.591   11.835   12.316
            0.900000 -0.360000  0.360000
   -2.835   -0.623    1.899    4.009    7.707   11.633   11.641   12.480
            0.900000 -0.360000  0.380000
   -2.893   -0.573    1.927    4.046    7.763   11.422   11.676   12.667
            0.900000 -0.360000  0.400000
   -2.952   -0.521    1.959    4.073    7.835   11.202   11.711   12.845
            0.900000 -0.360000  0.420000
   -3.010   -0.466    1.996    4.091    7.924   10.983   11.745   12.895
            0.900000 -0.360000  0.440000
   -3.069   -0.409    2.037    4.100    8.027   10.764   11.775   12.722
            0.900000 -0.360000  0.460000
   -3.127   -0.350    2.081    4.102    8.145   10.547   11.800   12.507
            0.900000 -0.360000  0.480000
   -3.185   -0.288    2.129    4.097    8.276   10.333   11.816   12.297
            0.900000 -0.360000  0.500000
   -3.242   -0.224    2.180    4.086    8.419   10.122   11.800   12.118
            0.900000 -0.360000  0.520000
   -3.297   -0.159    2.234    4.071    8.572    9.914   11.699   12.025
            0.900000 -0.360000  0.540000
   -3.352   -0.092    2.291    4.052    8.735    9.710   11.520   12.012
            0.900000 -0.360000  0.560000
   -3.406   -0.023    2.350    4.030    8.905    9.510   11.317   12.026
            0.900000 -0.360000  0.580000
   -3.458    0.046    2.411    4.006    9.078    9.320   11.110   12.048
            0.900000 -0.360000  0.600000
   -3.508    0.117    2.474    3.981    9.106    9.286   10.903   12.072
            0.900000 -0.360000  0.620000
   -3.556    0.189    2.539    3.956    8.929    9.467   10.699   12.097
            0.900000 -0.360000  0.640000
   -3.603    0.261    2.604    3.930    8.750    9.661   10.500   12.121
            0.900000 -0.360000  0.660000
   -3.648    0.333    2.670    3.905    8.576    9.858   10.306   12.145
            0.900000 -0.360000  0.680000
   -3.690    0.404    2.737    3.881    8.408   10.036   10.140   12.168
            0.900000 -0.360000  0.700000
   -3.731    0.476    2.803    3.858    8.247    9.920   10.277   12.190
            0.900000 -0.360000  0.720000
   -3.769    0.546    2.869    3.837    8.094    9.744   10.481   12.210
            0.900000 -0.360000  0.740000
   -3.804    0.615    2.933    3.817    7.948    9.573   10.689   12.229
            0.900000 -0.360000  0.760000
   -3.838    0.681    2.996    3.799    7.812    9.408   10.897   12.248
            0.900000 -0.360000  0.780000
   -3.869    0.746    3.057    3.782    7.685    9.251   11.104   12.265
            0.900000 -0.360000  0.800000
   -3.897    0.807    3.116    3.767    7.567    9.103   11.310   12.281
            0.900000 -0.360000  0.820000
   -3.923    0.865    3.172    3.753    7.460    8.964   11.512   12.296
            0.900000 -0.360000  0.840000
   -3.946    0.919    3.225    3.741    7.364    8.835   11.709   12.312
            0.900000 -0.360000  0.860000
   -3.967    0.968    3.274    3.729    7.280    8.717   11.896   12.330
            0.900000 -0.360000  0.880000
   -3.984    1.012    3.320    3.717    7.207    8.612   12.065   12.356
            0.900000 -0.360000  0.900000
   -4.000    1.050    3.361    3.705    7.145    8.520   12.195   12.406
            0.900000 -0.360000  0.920000
   -4.012    1.082    3.399    3.693    7.095    8.443   12.264   12.501
            0.900000 -0.360000  0.940000
   -4.022    1.107    3.431    3.681    7.057    8.381   12.291   12.612
            0.900000 -0.360000  0.960000
   -4.029    1.125    3.456    3.670    7.030    8.336   12.304   12.707
            0.900000 -0.360000  0.980000
   -4.033    1.136    3.473    3.662    7.014    8.309   12.310   12.770
            0.900000 -0.360000  1.000000
   -4.034    1.140    3.479    3.659    7.009    8.300   12.312   12.792
