 &plot nbnd=   8, nks=   101 /
            0.970000  0.300000  0.000000
   -1.844   -1.457    2.440    2.529    8.337    8.413   12.744   13.270
            0.970000  0.300000  0.010000
   -1.846   -1.455    2.421    2.549    8.296    8.456   12.744   13.271
            0.970000  0.300000  0.020000
   -1.849   -1.452    2.384    2.589    8.232    8.524   12.744   13.272
            0.970000  0.300000  0.030000
   -1.856   -1.446    2.343    2.633    8.167    8.597   12.744   13.275
            0.970000  0.300000  0.040000
   -1.864   -1.438    2.302    2.680    8.104    8.672   12.745   13.279
            0.970000  0.300000  0.050000
   -1.875   -1.428    2.261    2.728    8.042    8.749   12.745   13.284
            0.970000  0.300000  0.060000
   -1.887   -1.416    2.221    2.777    7.981    8.828   12.745   13.290
            0.970000  0.300000  0.070000
   -1.901   -1.403    2.182    2.826    7.923    8.907   12.746   13.297
            0.970000  0.300000  0.080000
   -1.916   -1.388    2.144    2.875    7.867    8.989   12.746   13.305
            0.970000  0.300000  0.090000
   -1.933   -1.373    2.107    2.925    7.812    9.071   12.747   13.314
            0.970000  0.300000  0.100000
   -1.950   -1.356    2.071    2.974    7.761    9.155   12.747   13.324
            0.970000  0.300000  0.110000
   -1.969   -1.339    2.037    3.024    7.711    9.240   12.748   13.335
            0.970000  0.300000  0.120000
   -1.988   -1.320    2.004    3.073    7.664    9.326   12.749   13.347
            0.970000  0.300000  0.130000
   -2.008   -1.302    1.973    3.121    7.620    9.414   12.750   13.360
            0.970000  0.300000  0.140000
   -2.029   -1.282    1.943    3.169    7.578    9.502   12.751   13.373
            0.970000  0.300000  0.150000
   -2.050   -1.262    1.914    3.217    7.539    9.592   12.752   13.387
            0.970000  0.300000  0.160000
   -2.072   -1.242    1.887    3.263    7.504    9.683   12.753   13.402
            0.970000  0.300000  0.170000
   -2.094   -1.221    1.861    3.309    7.471    9.774   12.754   13.417
            0.970000  0.300000  0.180000
   -2.117   -1.199    1.837    3.353    7.442    9.867   12.755   13.432
            0.970000  0.300000  0.190000
   -2.141   -1.178    1.815    3.396    7.416    9.961   12.756   13.446
            0.970000  0.300000  0.200000
   -2.165   -1.155    1.794    3.438    7.394   10.055   12.756   13.460
            0.970000  0.300000  0.210000
   -2.189   -1.133    1.775    3.478    7.375   10.151   12.756   13.471
            0.970000  0.300000  0.220000
   -2.214   -1.110    1.757    3.516    7.360   10.247   12.756   13.477
            0.970000  0.300000  0.230000
   -2.239   -1.086    1.741    3.552    7.349   10.344   12.755   13.472
            0.970000  0.300000  0.240000
   -2.264   -1.062    1.727    3.586    7.343   10.442   12.752   13.449
            0.970000  0.300000  0.250000
   -2.290   -1.038    1.714    3.618    7.340   10.540   12.748   13.399
            0.970000  0.300000  0.260000
   -2.316   -1.014    1.703    3.648    7.342   10.640   12.740   13.327
            0.970000  0.300000  0.270000
   -2.343   -0.989    1.693    3.675    7.348   10.740   12.728   13.244
            0.970000  0.300000  0.280000
   -2.369   -0.964    1.685    3.700    7.358   10.840   12.707   13.161
            0.970000  0.300000  0.290000
   -2.396   -0.938    1.679    3.723    7.373   10.940   12.675   13.086
            0.970000  0.300000  0.300000
   -2.424   -0.912    1.674    3.743    7.392   11.041   12.627   13.024
            0.970000  0.300000  0.310000
   -2.451   -0.886    1.671    3.760    7.416   11.142   12.561   12.979
            0.970000  0.300000  0.320000
   -2.479   -0.859    1.669    3.775    7.444   11.241   12.482   12.948
            0.970000  0.300000  0.330000
   -2.506   -0.832    1.669    3.787    7.476   11.340   12.393   12.925
            0.970000  0.300000  0.340000
   -2.534   -0.805    1.671    3.797    7.513   11.434   12.302   12.904
            0.970000  0.300000  0.350000
   -2.562   -0.778    1.674    3.805    7.554   11.523   12.212   12.879
            0.970000  0.300000  0.360000
   -2.590   -0.750    1.678    3.810    7.599   11.597   12.135   12.839
            0.970000  0.300000  0.370000
   -2.619   -0.722    1.684    3.814    7.648   11.641   12.086   12.775
            0.970000  0.300000  0.380000
   -2.647   -0.694    1.692    3.815    7.701   11.635   12.086   12.687
            0.970000  0.300000  0.390000
   -2.675   -0.665    1.701    3.814    7.758   11.579   12.134   12.585
            0.970000  0.300000  0.400000
   -2.703   -0.636    1.711    3.812    7.818   11.495   12.208   12.478
            0.970000  0.300000  0.410000
   -2.732   -0.607    1.723    3.808    7.881   11.398   12.279   12.384
            0.970000  0.300000  0.420000
   -2.760   -0.577    1.736    3.802    7.948   11.294   12.229   12.415
            0.970000  0.300000  0.430000
   -2.788   -0.548    1.750    3.795    8.018   11.187   12.120   12.506
            0.970000  0.300000  0.440000
   -2.816   -0.518    1.766    3.787    8.091   11.077   12.006   12.601
            0.970000  0.300000  0.450000
   -2.844   -0.488    1.783    3.778    8.167   10.967   11.891   12.693
            0.970000  0.300000  0.460000
   -2.872   -0.458    1.801    3.768    8.245   10.856   11.776   12.776
            0.970000  0.300000  0.470000
   -2.899   -0.428    1.821    3.757    8.326   10.745   11.661   12.846
            0.970000  0.300000  0.480000
   -2.927   -0.397    1.842    3.745    8.410   10.634   11.547   12.900
            0.970000  0.300000  0.490000
   -2.954   -0.366    1.864    3.733    8.495   10.523   11.433   12.938
            0.970000  0.300000  0.500000
   -2.981   -0.336    1.887    3.720    8.583   10.413   11.320   12.966
            0.970000  0.300000  0.510000
   -3.008   -0.305    1.911    3.708    8.673   10.303   11.208   12.988
            0.970000  0.300000  0.520000
   -3.034   -0.274    1.937    3.694    8.764   10.193   11.097   13.005
            0.970000  0.300000  0.530000
   -3.061   -0.243    1.963    3.681    8.857   10.084   10.987   13.020
            0.970000  0.300000  0.540000
   -3.087   -0.212    1.991    3.668    8.952    9.976   10.878   13.034
            0.970000  0.300000  0.550000
   -3.112   -0.182    2.019    3.654    9.048    9.868   10.771   13.046
            0.970000  0.300000  0.560000
   -3.138   -0.151    2.049    3.641    9.145    9.761   10.664   13.058
            0.970000  0.300000  0.570000
   -3.163   -0.120    2.080    3.628    9.244    9.655   10.559   13.069
            0.970000  0.300000  0.580000
   -3.187   -0.089    2.111    3.615    9.342    9.551   10.456   13.079
            0.970000  0.300000  0.590000
   -3.211   -0.059    2.143    3.602    9.428    9.461   10.355   13.089
            0.970000  0.300000  0.600000
   -3.235   -0.029    2.177    3.590    9.340    9.544   10.257   13.099
            0.970000  0.300000  0.610000
   -3.259    0.001    2.211    3.578    9.238    9.639   10.164   13.109
            0.970000  0.300000  0.620000
   -3.281    0.031    2.246    3.567    9.136    9.727   10.082   13.118
            0.970000  0.300000  0.630000
   -3.304    0.061    2.281    3.556    9.036    9.784   10.033   13.127
            0.970000  0.300000  0.640000
   -3.326    0.090    2.317    3.546    8.936    9.770   10.057   13.136
            0.970000  0.300000  0.650000
   -3.348    0.119    2.354    3.537    8.838    9.704   10.136   13.145
            0.970000  0.300000  0.660000
   -3.369    0.148    2.392    3.528    8.740    9.622   10.233   13.153
            0.970000  0.300000  0.670000
   -3.389    0.176    2.430    3.519    8.644    9.535   10.336   13.162
            0.970000  0.300000  0.680000
   -3.409    0.204    2.469    3.512    8.549    9.447   10.443   13.170
            0.970000  0.300000  0.690000
   -3.429    0.231    2.508    3.505    8.456    9.360   10.552   13.178
            0.970000  0.300000  0.700000
   -3.448    0.258    2.548    3.498    8.363    9.274   10.662   13.185
            0.970000  0.300000  0.710000
   -3.467    0.284    2.588    3.493    8.272    9.189   10.772   13.193
            0.970000  0.300000  0.720000
   -3.485    0.310    2.628    3.488    8.183    9.105   10.883   13.200
            0.970000  0.300000  0.730000
   -3.502    0.335    2.669    3.484    8.095    9.024   10.995   13.207
            0.970000  0.300000  0.740000
   -3.519    0.359    2.710    3.480    8.009    8.944   11.107   13.213
            0.970000  0.300000  0.750000
   -3.535    0.383    2.750    3.478    7.924    8.866   11.219   13.220
            0.970000  0.300000  0.760000
   -3.551    0.406    2.791    3.476    7.841    8.790   11.332   13.226
            0.970000  0.300000  0.770000
   -3.566    0.428    2.832    3.474    7.760    8.716   11.444   13.232
            0.970000  0.300000  0.780000
   -3.580    0.450    2.873    3.473    7.680    8.644   11.556   13.238
            0.970000  0.300000  0.790000
   -3.594    0.470    2.913    3.473    7.603    8.575   11.667   13.243
            0.970000  0.300000  0.800000
   -3.608    0.490    2.953    3.474    7.528    8.508   11.779   13.249
            0.970000  0.300000  0.810000
   -3.620    0.509    2.993    3.474    7.455    8.444   11.889   13.254
            0.970000  0.300000  0.820000
   -3.632    0.527    3.032    3.476    7.384    8.382   11.999   13.258
            0.970000  0.300000  0.830000
   -3.644    0.545    3.071    3.478    7.316    8.322   12.108   13.263
            0.970000  0.300000  0.840000
   -3.655    0.561    3.108    3.480    7.251    8.266   12.215   13.267
            0.970000  0.300000  0.850000
   -3.665    0.577    3.145    3.482    7.188    8.212   12.321   13.271
            0.970000  0.300000  0.860000
   -3.674    0.591    3.180    3.485    7.128    8.161   12.425   13.275
            0.970000  0.300000  0.870000
   -3.683    0.605    3.215    3.487    7.071    8.113   12.527   13.278
            0.970000  0.300000  0.880000
   -3.692    0.617    3.247    3.490    7.017    8.069   12.627   13.282
            0.970000  0.300000  0.890000
   -3.699    0.629    3.279    3.493    6.967    8.027   12.723   13.284
            0.970000  0.300000  0.900000
   -3.706    0.639    3.308    3.495    6.920    7.989   12.816   13.287
            0.970000  0.300000  0.910000
   -3.713    0.649    3.336    3.498    6.877    7.954   12.904   13.290
            0.970000  0.300000  0.920000
   -3.718    0.657    3.361    3.500    6.838    7.922   12.988   13.292
            0.970000  0.300000  0.930000
   -3.723    0.665    3.385    3.501    6.803    7.895   13.065   13.294
            0.970000  0.300000  0.940000
   -3.727    0.672    3.406    3.502    6.772    7.870   13.136   13.296
            0.970000  0.300000  0.950000
   -3.731    0.677    3.425    3.503    6.746    7.849   13.198   13.298
            0.970000  0.300000  0.960000
   -3.734    0.682    3.442    3.502    6.724    7.832   13.250   13.300
            0.970000  0.300000  0.970000
   -3.737    0.685    3.456    3.501    6.707    7.819   13.287   13.307
            0.970000  0.300000  0.980000
   -3.738    0.688    3.467    3.499    6.695    7.810   13.296   13.330
            0.970000  0.300000  0.990000
   -3.739    0.689    3.476    3.495    6.687    7.804   13.298   13.348
            0.970000  0.300000  1.000000
   -3.740    0.690    3.480    3.494    6.685    7.802   13.298   13.355
