 &plot nbnd=   8, nks=   101 /
            0.530000  0.860000  0.000000
   -2.196   -1.037    1.849    2.844    9.105   10.643   11.147   11.545
            0.530000  0.860000  0.010000
   -2.198   -1.036    1.850    2.845    9.106   10.632   11.156   11.548
            0.530000  0.860000  0.020000
   -2.202   -1.032    1.852    2.848    9.107   10.601   11.181   11.558
            0.530000  0.860000  0.030000
   -2.210   -1.027    1.855    2.854    9.109   10.557   11.215   11.575
            0.530000  0.860000  0.040000
   -2.221   -1.020    1.859    2.863    9.111   10.503   11.252   11.600
            0.530000  0.860000  0.050000
   -2.235   -1.011    1.864    2.873    9.115   10.443   11.289   11.636
            0.530000  0.860000  0.060000
   -2.251   -1.000    1.871    2.886    9.119   10.379   11.321   11.681
            0.530000  0.860000  0.070000
   -2.270   -0.987    1.879    2.901    9.124   10.314   11.349   11.736
            0.530000  0.860000  0.080000
   -2.291   -0.972    1.887    2.919    9.129   10.247   11.373   11.800
            0.530000  0.860000  0.090000
   -2.315   -0.957    1.897    2.938    9.136   10.179   11.393   11.869
            0.530000  0.860000  0.100000
   -2.340   -0.940    1.908    2.960    9.143   10.111   11.411   11.944
            0.530000  0.860000  0.110000
   -2.368   -0.922    1.920    2.984    9.150   10.044   11.428   12.023
            0.530000  0.860000  0.120000
   -2.397   -0.902    1.932    3.011    9.159    9.976   11.444   12.105
            0.530000  0.860000  0.130000
   -2.428   -0.882    1.946    3.039    9.168    9.909   11.459   12.190
            0.530000  0.860000  0.140000
   -2.460   -0.861    1.960    3.070    9.178    9.843   11.475   12.276
            0.530000  0.860000  0.150000
   -2.493   -0.839    1.976    3.102    9.188    9.778   11.491   12.364
            0.530000  0.860000  0.160000
   -2.528   -0.817    1.992    3.137    9.199    9.714   11.507   12.453
            0.530000  0.860000  0.170000
   -2.563   -0.793    2.008    3.173    9.211    9.650   11.524   12.544
            0.530000  0.860000  0.180000
   -2.600   -0.769    2.026    3.211    9.223    9.588   11.542   12.636
            0.530000  0.860000  0.190000
   -2.637   -0.745    2.044    3.251    9.235    9.528   11.560   12.729
            0.530000  0.860000  0.200000
   -2.675   -0.720    2.063    3.292    9.247    9.469   11.579   12.822
            0.530000  0.860000  0.210000
   -2.713   -0.694    2.083    3.335    9.257    9.414   11.598   12.916
            0.530000  0.860000  0.220000
   -2.752   -0.668    2.103    3.380    9.261    9.367   11.618   13.011
            0.530000  0.860000  0.230000
   -2.792   -0.641    2.124    3.426    9.246    9.341   11.639   12.980
            0.530000  0.860000  0.240000
   -2.832   -0.614    2.145    3.473    9.208    9.340   11.660   12.879
            0.530000  0.860000  0.250000
   -2.872   -0.586    2.168    3.521    9.160    9.351   11.682   12.778
            0.530000  0.860000  0.260000
   -2.912   -0.558    2.190    3.570    9.110    9.366   11.705   12.677
            0.530000  0.860000  0.270000
   -2.953   -0.529    2.213    3.621    9.060    9.383   11.728   12.577
            0.530000  0.860000  0.280000
   -2.994   -0.500    2.237    3.672    9.010    9.401   11.750   12.478
            0.530000  0.860000  0.290000
   -3.035   -0.470    2.262    3.723    8.962    9.420   11.773   12.381
            0.530000  0.860000  0.300000
   -3.076   -0.440    2.287    3.776    8.916    9.440   11.793   12.286
            0.530000  0.860000  0.310000
   -3.117   -0.409    2.312    3.828    8.871    9.461   11.810   12.196
            0.530000  0.860000  0.320000
   -3.157   -0.378    2.339    3.881    8.827    9.483   11.818   12.117
            0.530000  0.860000  0.330000
   -3.198   -0.346    2.365    3.934    8.786    9.505   11.805   12.060
            0.530000  0.860000  0.340000
   -3.239   -0.313    2.393    3.987    8.746    9.527   11.760   12.035
            0.530000  0.860000  0.350000
   -3.280   -0.280    2.420    4.040    8.708    9.550   11.689   12.038
            0.530000  0.860000  0.360000
   -3.320   -0.247    2.449    4.092    8.672    9.574   11.604   12.056
            0.530000  0.860000  0.370000
   -3.360   -0.213    2.478    4.144    8.638    9.598   11.513   12.082
            0.530000  0.860000  0.380000
   -3.400   -0.179    2.507    4.196    8.607    9.623   11.420   12.112
            0.530000  0.860000  0.390000
   -3.440   -0.144    2.537    4.246    8.578    9.648   11.325   12.145
            0.530000  0.860000  0.400000
   -3.479   -0.108    2.568    4.296    8.551    9.673   11.229   12.179
            0.530000  0.860000  0.410000
   -3.518   -0.072    2.599    4.344    8.527    9.699   11.133   12.216
            0.530000  0.860000  0.420000
   -3.557   -0.035    2.630    4.391    8.506    9.725   11.038   12.254
            0.530000  0.860000  0.430000
   -3.595    0.002    2.662    4.437    8.487    9.752   10.942   12.293
            0.530000  0.860000  0.440000
   -3.633    0.040    2.695    4.481    8.471    9.779   10.848   12.333
            0.530000  0.860000  0.450000
   -3.670    0.078    2.728    4.524    8.458    9.806   10.753   12.374
            0.530000  0.860000  0.460000
   -3.707    0.117    2.762    4.564    8.448    9.833   10.660   12.416
            0.530000  0.860000  0.470000
   -3.744    0.156    2.796    4.602    8.441    9.861   10.567   12.459
            0.530000  0.860000  0.480000
   -3.780    0.196    2.830    4.638    8.437    9.889   10.476   12.503
            0.530000  0.860000  0.490000
   -3.816    0.237    2.865    4.672    8.436    9.917   10.385   12.546
            0.530000  0.860000  0.500000
   -3.851    0.278    2.900    4.703    8.438    9.945   10.296   12.590
            0.530000  0.860000  0.510000
   -3.885    0.320    2.936    4.731    8.444    9.972   10.208   12.631
            0.530000  0.860000  0.520000
   -3.920    0.362    2.972    4.757    8.452    9.999   10.122   12.663
            0.530000  0.860000  0.530000
   -3.953    0.404    3.009    4.780    8.464   10.013   10.051   12.663
            0.530000  0.860000  0.540000
   -3.986    0.448    3.045    4.800    8.478    9.945   10.063   12.605
            0.530000  0.860000  0.550000
   -4.018    0.491    3.083    4.817    8.496    9.864   10.089   12.515
            0.530000  0.860000  0.560000
   -4.050    0.536    3.120    4.832    8.516    9.784   10.117   12.418
            0.530000  0.860000  0.570000
   -4.082    0.580    3.158    4.843    8.538    9.706   10.145   12.319
            0.530000  0.860000  0.580000
   -4.112    0.626    3.196    4.851    8.562    9.631   10.173   12.219
            0.530000  0.860000  0.590000
   -4.142    0.671    3.234    4.857    8.587    9.559   10.201   12.120
            0.530000  0.860000  0.600000
   -4.172    0.718    3.273    4.860    8.612    9.490   10.229   12.022
            0.530000  0.860000  0.610000
   -4.201    0.764    3.312    4.859    8.637    9.427   10.257   11.925
            0.530000  0.860000  0.620000
   -4.229    0.811    3.351    4.857    8.659    9.370   10.284   11.830
            0.530000  0.860000  0.630000
   -4.256    0.859    3.390    4.851    8.677    9.322   10.311   11.735
            0.530000  0.860000  0.640000
   -4.283    0.907    3.429    4.843    8.688    9.285   10.338   11.642
            0.530000  0.860000  0.650000
   -4.309    0.955    3.468    4.833    8.689    9.261   10.365   11.551
            0.530000  0.860000  0.660000
   -4.335    1.004    3.507    4.820    8.679    9.253   10.391   11.461
            0.530000  0.860000  0.670000
   -4.360    1.053    3.546    4.805    8.657    9.259   10.416   11.373
            0.530000  0.860000  0.680000
   -4.384    1.102    3.585    4.787    8.625    9.279   10.441   11.287
            0.530000  0.860000  0.690000
   -4.407    1.152    3.624    4.768    8.586    9.309   10.466   11.203
            0.530000  0.860000  0.700000
   -4.430    1.201    3.663    4.747    8.541    9.347   10.490   11.122
            0.530000  0.860000  0.710000
   -4.452    1.252    3.701    4.724    8.494    9.390   10.512   11.044
            0.530000  0.860000  0.720000
   -4.474    1.302    3.739    4.699    8.445    9.438   10.534   10.969
            0.530000  0.860000  0.730000
   -4.494    1.352    3.777    4.673    8.396    9.488   10.553   10.898
            0.530000  0.860000  0.740000
   -4.514    1.403    3.814    4.645    8.346    9.540   10.568   10.834
            0.530000  0.860000  0.750000
   -4.534    1.453    3.851    4.616    8.297    9.592   10.577   10.780
            0.530000  0.860000  0.760000
   -4.552    1.504    3.887    4.585    8.249    9.643   10.571   10.744
            0.530000  0.860000  0.770000
   -4.570    1.555    3.922    4.554    8.202    9.693   10.548   10.730
            0.530000  0.860000  0.780000
   -4.587    1.605    3.957    4.522    8.157    9.740   10.512   10.734
            0.530000  0.860000  0.790000
   -4.603    1.655    3.990    4.489    8.113    9.782   10.475   10.746
            0.530000  0.860000  0.800000
   -4.619    1.705    4.023    4.456    8.071    9.817   10.442   10.764
            0.530000  0.860000  0.810000
   -4.634    1.755    4.053    4.423    8.031    9.842   10.418   10.784
            0.530000  0.860000  0.820000
   -4.648    1.804    4.082    4.390    7.992    9.856   10.405   10.805
            0.530000  0.860000  0.830000
   -4.661    1.852    4.108    4.358    7.956    9.858   10.405   10.828
            0.530000  0.860000  0.840000
   -4.674    1.900    4.130    4.330    7.921    9.848   10.415   10.852
            0.530000  0.860000  0.850000
   -4.686    1.947    4.145    4.307    7.889    9.830   10.435   10.877
            0.530000  0.860000  0.860000
   -4.697    1.993    4.149    4.294    7.858    9.806   10.459   10.904
            0.530000  0.860000  0.870000
   -4.707    2.037    4.139    4.294    7.830    9.778   10.487   10.932
            0.530000  0.860000  0.880000
   -4.717    2.081    4.118    4.303    7.803    9.748   10.515   10.961
            0.530000  0.860000  0.890000
   -4.726    2.122    4.093    4.318    7.779    9.718   10.543   10.992
            0.530000  0.860000  0.900000
   -4.734    2.162    4.065    4.334    7.757    9.689   10.568   11.023
            0.530000  0.860000  0.910000
   -4.741    2.199    4.036    4.350    7.737    9.661   10.592   11.055
            0.530000  0.860000  0.920000
   -4.748    2.234    4.009    4.365    7.719    9.635   10.612   11.086
            0.530000  0.860000  0.930000
   -4.753    2.266    3.983    4.379    7.703    9.612   10.630   11.116
            0.530000  0.860000  0.940000
   -4.758    2.295    3.959    4.392    7.690    9.591   10.645   11.144
            0.530000  0.860000  0.950000
   -4.763    2.320    3.938    4.403    7.678    9.573   10.658   11.169
            0.530000  0.860000  0.960000
   -4.766    2.341    3.920    4.412    7.669    9.558   10.668   11.191
            0.530000  0.860000  0.970000
   -4.769    2.358    3.905    4.419    7.661    9.547   10.675   11.209
            0.530000  0.860000  0.980000
   -4.771    2.370    3.895    4.424    7.656    9.538   10.681   11.222
            0.530000  0.860000  0.990000
   -4.772    2.378    3.888    4.427    7.653    9.533   10.684   11.231
            0.530000  0.860000  1.000000
   -4.772    2.380    3.886    4.428    7.652    9.531   10.685   11.233
