 &plot nbnd=   8, nks=   101 /
            0.780000  0.600000  0.000000
   -2.396   -0.898    1.711    3.404    8.033   11.168   11.818   12.172
            0.780000  0.600000  0.010000
   -2.397   -0.897    1.713    3.405    8.033   11.166   11.805   12.188
            0.780000  0.600000  0.020000
   -2.401   -0.896    1.717    3.406    8.035   11.161   11.770   12.231
            0.780000  0.600000  0.030000
   -2.407   -0.893    1.725    3.409    8.037   11.152   11.726   12.289
            0.780000  0.600000  0.040000
   -2.416   -0.889    1.735    3.412    8.040   11.138   11.678   12.357
            0.780000  0.600000  0.050000
   -2.428   -0.884    1.748    3.417    8.044   11.119   11.633   12.431
            0.780000  0.600000  0.060000
   -2.441   -0.878    1.765    3.423    8.049   11.093   11.593   12.507
            0.780000  0.600000  0.070000
   -2.457   -0.871    1.783    3.429    8.054   11.060   11.559   12.585
            0.780000  0.600000  0.080000
   -2.475   -0.863    1.805    3.437    8.061   11.020   11.533   12.665
            0.780000  0.600000  0.090000
   -2.495   -0.855    1.829    3.446    8.068   10.973   11.513   12.744
            0.780000  0.600000  0.100000
   -2.517   -0.845    1.856    3.456    8.076   10.921   11.500   12.820
            0.780000  0.600000  0.110000
   -2.541   -0.834    1.885    3.466    8.085   10.865   11.493   12.890
            0.780000  0.600000  0.120000
   -2.567   -0.822    1.916    3.478    8.095   10.805   11.490   12.943
            0.780000  0.600000  0.130000
   -2.594   -0.810    1.949    3.492    8.106   10.742   11.491   12.962
            0.780000  0.600000  0.140000
   -2.623   -0.796    1.985    3.506    8.118   10.678   11.494   12.934
            0.780000  0.600000  0.150000
   -2.653   -0.782    2.022    3.521    8.130   10.613   11.500   12.874
            0.780000  0.600000  0.160000
   -2.685   -0.767    2.061    3.537    8.143   10.548   11.509   12.801
            0.780000  0.600000  0.170000
   -2.717   -0.751    2.102    3.555    8.157   10.481   11.519   12.721
            0.780000  0.600000  0.180000
   -2.751   -0.734    2.144    3.574    8.172   10.415   11.531   12.637
            0.780000  0.600000  0.190000
   -2.786   -0.717    2.188    3.594    8.187   10.349   11.545   12.552
            0.780000  0.600000  0.200000
   -2.822   -0.699    2.233    3.615    8.203   10.284   11.560   12.466
            0.780000  0.600000  0.210000
   -2.858   -0.680    2.279    3.637    8.220   10.218   11.576   12.379
            0.780000  0.600000  0.220000
   -2.895   -0.660    2.326    3.661    8.238   10.153   11.593   12.292
            0.780000  0.600000  0.230000
   -2.933   -0.639    2.374    3.685    8.256   10.089   11.612   12.204
            0.780000  0.600000  0.240000
   -2.972   -0.618    2.422    3.711    8.274   10.026   11.631   12.117
            0.780000  0.600000  0.250000
   -3.010   -0.596    2.471    3.739    8.293    9.963   11.652   12.031
            0.780000  0.600000  0.260000
   -3.050   -0.573    2.521    3.767    8.313    9.901   11.673   11.944
            0.780000  0.600000  0.270000
   -3.089   -0.549    2.571    3.797    8.333    9.841   11.694   11.860
            0.780000  0.600000  0.280000
   -3.129   -0.525    2.621    3.828    8.354    9.781   11.708   11.784
            0.780000  0.600000  0.290000
   -3.169   -0.500    2.671    3.861    8.374    9.722   11.669   11.762
            0.780000  0.600000  0.300000
   -3.209   -0.474    2.722    3.894    8.395    9.665   11.590   11.782
            0.780000  0.600000  0.310000
   -3.250   -0.448    2.772    3.929    8.416    9.609   11.507   11.807
            0.780000  0.600000  0.320000
   -3.290   -0.420    2.823    3.965    8.437    9.555   11.423   11.835
            0.780000  0.600000  0.330000
   -3.330   -0.392    2.873    4.003    8.457    9.503   11.340   11.864
            0.780000  0.600000  0.340000
   -3.371   -0.364    2.922    4.041    8.477    9.452   11.257   11.894
            0.780000  0.600000  0.350000
   -3.411   -0.334    2.972    4.081    8.496    9.405   11.174   11.926
            0.780000  0.600000  0.360000
   -3.451   -0.304    3.021    4.121    8.514    9.359   11.093   11.958
            0.780000  0.600000  0.370000
   -3.491   -0.273    3.069    4.163    8.530    9.317   11.012   11.992
            0.780000  0.600000  0.380000
   -3.531   -0.241    3.117    4.205    8.543    9.279   10.932   12.027
            0.780000  0.600000  0.390000
   -3.570   -0.209    3.165    4.248    8.554    9.245   10.853   12.062
            0.780000  0.600000  0.400000
   -3.609   -0.175    3.212    4.292    8.561    9.216   10.775   12.099
            0.780000  0.600000  0.410000
   -3.648   -0.141    3.258    4.336    8.565    9.193   10.698   12.137
            0.780000  0.600000  0.420000
   -3.687   -0.107    3.304    4.380    8.563    9.176   10.622   12.176
            0.780000  0.600000  0.430000
   -3.725   -0.071    3.350    4.425    8.556    9.166   10.547   12.216
            0.780000  0.600000  0.440000
   -3.763   -0.035    3.395    4.470    8.545    9.162   10.473   12.257
            0.780000  0.600000  0.450000
   -3.801    0.002    3.439    4.514    8.529    9.164   10.401   12.299
            0.780000  0.600000  0.460000
   -3.838    0.039    3.483    4.558    8.509    9.172   10.331   12.342
            0.780000  0.600000  0.470000
   -3.875    0.077    3.527    4.602    8.486    9.185   10.261   12.386
            0.780000  0.600000  0.480000
   -3.911    0.116    3.570    4.645    8.461    9.201   10.194   12.431
            0.780000  0.600000  0.490000
   -3.947    0.156    3.613    4.687    8.434    9.221   10.127   12.478
            0.780000  0.600000  0.500000
   -3.982    0.197    3.655    4.727    8.406    9.243   10.063   12.525
            0.780000  0.600000  0.510000
   -4.017    0.238    3.697    4.766    8.378    9.268   10.000   12.573
            0.780000  0.600000  0.520000
   -4.051    0.280    3.739    4.804    8.350    9.294    9.940   12.623
            0.780000  0.600000  0.530000
   -4.085    0.322    3.780    4.840    8.323    9.322    9.881   12.673
            0.780000  0.600000  0.540000
   -4.118    0.365    3.821    4.873    8.297    9.350    9.824   12.724
            0.780000  0.600000  0.550000
   -4.151    0.409    3.861    4.904    8.272    9.380    9.770   12.776
            0.780000  0.600000  0.560000
   -4.183    0.453    3.902    4.933    8.249    9.409    9.718   12.829
            0.780000  0.600000  0.570000
   -4.214    0.499    3.941    4.958    8.228    9.438    9.669   12.881
            0.780000  0.600000  0.580000
   -4.245    0.544    3.981    4.981    8.209    9.466    9.624   12.933
            0.780000  0.600000  0.590000
   -4.275    0.591    4.020    5.000    8.192    9.487    9.588   12.979
            0.780000  0.600000  0.600000
   -4.305    0.638    4.059    5.016    8.177    9.489    9.574   12.994
            0.780000  0.600000  0.610000
   -4.334    0.686    4.098    5.028    8.164    9.465    9.589   12.939
            0.780000  0.600000  0.620000
   -4.362    0.734    4.136    5.037    8.154    9.432    9.614   12.854
            0.780000  0.600000  0.630000
   -4.390    0.783    4.174    5.041    8.147    9.398    9.643   12.763
            0.780000  0.600000  0.640000
   -4.417    0.832    4.212    5.042    8.142    9.366    9.673   12.670
            0.780000  0.600000  0.650000
   -4.443    0.882    4.249    5.039    8.140    9.336    9.704   12.578
            0.780000  0.600000  0.660000
   -4.469    0.933    4.285    5.032    8.139    9.308    9.734   12.487
            0.780000  0.600000  0.670000
   -4.494    0.984    4.322    5.021    8.142    9.283    9.764   12.396
            0.780000  0.600000  0.680000
   -4.518    1.035    4.357    5.007    8.146    9.261    9.794   12.307
            0.780000  0.600000  0.690000
   -4.542    1.087    4.393    4.989    8.152    9.242    9.823   12.219
            0.780000  0.600000  0.700000
   -4.565    1.140    4.427    4.967    8.159    9.226    9.852   12.133
            0.780000  0.600000  0.710000
   -4.587    1.193    4.461    4.942    8.168    9.213    9.881   12.047
            0.780000  0.600000  0.720000
   -4.609    1.246    4.495    4.914    8.178    9.203    9.909   11.964
            0.780000  0.600000  0.730000
   -4.630    1.300    4.527    4.882    8.189    9.196    9.937   11.881
            0.780000  0.600000  0.740000
   -4.650    1.354    4.559    4.849    8.201    9.192    9.964   11.801
            0.780000  0.600000  0.750000
   -4.669    1.408    4.590    4.813    8.213    9.191    9.991   11.722
            0.780000  0.600000  0.760000
   -4.688    1.463    4.619    4.775    8.225    9.193   10.018   11.645
            0.780000  0.600000  0.770000
   -4.706    1.517    4.645    4.738    8.238    9.197   10.043   11.570
            0.780000  0.600000  0.780000
   -4.723    1.572    4.656    4.712    8.250    9.204   10.069   11.497
            0.780000  0.600000  0.790000
   -4.740    1.627    4.630    4.721    8.262    9.214   10.094   11.426
            0.780000  0.600000  0.800000
   -4.755    1.682    4.588    4.744    8.275    9.225   10.119   11.357
            0.780000  0.600000  0.810000
   -4.770    1.737    4.542    4.768    8.286    9.239   10.143   11.291
            0.780000  0.600000  0.820000
   -4.785    1.792    4.494    4.793    8.298    9.254   10.167   11.227
            0.780000  0.600000  0.830000
   -4.798    1.847    4.445    4.816    8.309    9.269   10.191   11.165
            0.780000  0.600000  0.840000
   -4.811    1.901    4.395    4.839    8.320    9.286   10.214   11.107
            0.780000  0.600000  0.850000
   -4.823    1.955    4.345    4.861    8.330    9.303   10.237   11.050
            0.780000  0.600000  0.860000
   -4.834    2.008    4.295    4.881    8.340    9.321   10.260   10.997
            0.780000  0.600000  0.870000
   -4.844    2.060    4.245    4.900    8.350    9.338   10.282   10.947
            0.780000  0.600000  0.880000
   -4.854    2.111    4.196    4.918    8.360    9.354   10.304   10.899
            0.780000  0.600000  0.890000
   -4.863    2.160    4.147    4.935    8.369    9.370   10.326   10.855
            0.780000  0.600000  0.900000
   -4.871    2.208    4.100    4.950    8.377    9.386   10.346   10.814
            0.780000  0.600000  0.910000
   -4.878    2.254    4.055    4.964    8.385    9.399   10.366   10.777
            0.780000  0.600000  0.920000
   -4.885    2.298    4.012    4.977    8.393    9.412   10.385   10.742
            0.780000  0.600000  0.930000
   -4.891    2.338    3.972    4.988    8.400    9.423   10.404   10.711
            0.780000  0.600000  0.940000
   -4.896    2.375    3.935    4.998    8.406    9.433   10.421   10.684
            0.780000  0.600000  0.950000
   -4.900    2.408    3.902    5.006    8.411    9.441   10.436   10.660
            0.780000  0.600000  0.960000
   -4.904    2.436    3.874    5.013    8.416    9.448   10.450   10.639
            0.780000  0.600000  0.970000
   -4.906    2.459    3.851    5.018    8.419    9.453   10.462   10.622
            0.780000  0.600000  0.980000
   -4.908    2.475    3.834    5.022    8.422    9.457   10.472   10.609
            0.780000  0.600000  0.990000
   -4.909    2.486    3.824    5.024    8.423    9.459   10.478   10.601
            0.780000  0.600000  1.000000
   -4.910    2.489    3.821    5.025    8.424    9.460   10.480   10.598
