 &plot nbnd=   8, nks=   101 /
            0.780000  0.210000  0.000000
   -3.137   -0.102    2.790    3.171    7.538    8.187   12.287   14.067
            0.780000  0.210000  0.010000
   -3.137   -0.102    2.786    3.174    7.534    8.193   12.287   14.060
            0.780000  0.210000  0.020000
   -3.136   -0.104    2.778    3.184    7.522    8.212   12.288   14.040
            0.780000  0.210000  0.030000
   -3.135   -0.106    2.764    3.200    7.504    8.241   12.288   14.006
            0.780000  0.210000  0.040000
   -3.133   -0.110    2.746    3.219    7.482    8.280   12.289   13.960
            0.780000  0.210000  0.050000
   -3.131   -0.115    2.726    3.242    7.457    8.326   12.290   13.903
            0.780000  0.210000  0.060000
   -3.129   -0.120    2.704    3.268    7.430    8.379   12.291   13.837
            0.780000  0.210000  0.070000
   -3.126   -0.127    2.681    3.294    7.403    8.437   12.292   13.764
            0.780000  0.210000  0.080000
   -3.123   -0.135    2.657    3.322    7.377    8.499   12.293   13.683
            0.780000  0.210000  0.090000
   -3.119   -0.144    2.633    3.350    7.352    8.565   12.295   13.596
            0.780000  0.210000  0.100000
   -3.115   -0.153    2.610    3.378    7.329    8.634   12.297   13.505
            0.780000  0.210000  0.110000
   -3.110   -0.164    2.587    3.406    7.308    8.706   12.298   13.410
            0.780000  0.210000  0.120000
   -3.106   -0.175    2.564    3.433    7.290    8.780   12.300   13.311
            0.780000  0.210000  0.130000
   -3.100   -0.188    2.542    3.460    7.274    8.857   12.302   13.210
            0.780000  0.210000  0.140000
   -3.095   -0.201    2.521    3.485    7.262    8.935   12.304   13.106
            0.780000  0.210000  0.150000
   -3.089   -0.215    2.501    3.509    7.254    9.016   12.306   13.001
            0.780000  0.210000  0.160000
   -3.082   -0.230    2.482    3.531    7.249    9.098   12.307   12.894
            0.780000  0.210000  0.170000
   -3.076   -0.245    2.464    3.552    7.248    9.182   12.308   12.787
            0.780000  0.210000  0.180000
   -3.069   -0.261    2.447    3.572    7.250    9.268   12.308   12.680
            0.780000  0.210000  0.190000
   -3.062   -0.278    2.431    3.589    7.257    9.355   12.304   12.575
            0.780000  0.210000  0.200000
   -3.054   -0.295    2.417    3.605    7.268    9.444   12.293   12.477
            0.780000  0.210000  0.210000
   -3.046   -0.313    2.403    3.619    7.283    9.534   12.257   12.403
            0.780000  0.210000  0.220000
   -3.038   -0.331    2.391    3.631    7.302    9.625   12.181   12.370
            0.780000  0.210000  0.230000
   -3.030   -0.349    2.379    3.642    7.325    9.717   12.081   12.360
            0.780000  0.210000  0.240000
   -3.022   -0.368    2.369    3.650    7.352    9.811   11.973   12.357
            0.780000  0.210000  0.250000
   -3.013   -0.387    2.360    3.657    7.384    9.905   11.863   12.357
            0.780000  0.210000  0.260000
   -3.005   -0.406    2.351    3.662    7.419   10.000   11.752   12.359
            0.780000  0.210000  0.270000
   -2.996   -0.425    2.344    3.665    7.459   10.096   11.641   12.361
            0.780000  0.210000  0.280000
   -2.987   -0.444    2.337    3.667    7.502   10.193   11.530   12.363
            0.780000  0.210000  0.290000
   -2.978   -0.463    2.332    3.667    7.549   10.289   11.419   12.366
            0.780000  0.210000  0.300000
   -2.969   -0.482    2.327    3.667    7.599   10.385   11.311   12.369
            0.780000  0.210000  0.310000
   -2.960   -0.501    2.323    3.665    7.654   10.478   11.206   12.372
            0.780000  0.210000  0.320000
   -2.951   -0.520    2.319    3.662    7.711   10.565   11.108   12.374
            0.780000  0.210000  0.330000
   -2.943   -0.538    2.316    3.658    7.772   10.636   11.028   12.377
            0.780000  0.210000  0.340000
   -2.934   -0.555    2.314    3.654    7.836   10.665   10.992   12.380
            0.780000  0.210000  0.350000
   -2.926   -0.572    2.312    3.649    7.903   10.628   11.023   12.383
            0.780000  0.210000  0.360000
   -2.918   -0.589    2.311    3.644    7.972   10.549   11.097   12.385
            0.780000  0.210000  0.370000
   -2.910   -0.605    2.310    3.638    8.045   10.453   11.189   12.388
            0.780000  0.210000  0.380000
   -2.902   -0.620    2.309    3.632    8.120   10.351   11.289   12.390
            0.780000  0.210000  0.390000
   -2.894   -0.634    2.308    3.627    8.197   10.247   11.392   12.392
            0.780000  0.210000  0.400000
   -2.887   -0.648    2.308    3.621    8.277   10.141   11.498   12.394
            0.780000  0.210000  0.410000
   -2.881   -0.660    2.307    3.616    8.360   10.035   11.606   12.396
            0.780000  0.210000  0.420000
   -2.875   -0.672    2.307    3.611    8.444    9.930   11.715   12.398
            0.780000  0.210000  0.430000
   -2.869   -0.682    2.306    3.606    8.530    9.824   11.825   12.400
            0.780000  0.210000  0.440000
   -2.864   -0.692    2.306    3.602    8.618    9.720   11.935   12.402
            0.780000  0.210000  0.450000
   -2.859   -0.700    2.305    3.599    8.709    9.616   12.045   12.404
            0.780000  0.210000  0.460000
   -2.855   -0.707    2.305    3.597    8.800    9.513   12.153   12.407
            0.780000  0.210000  0.470000
   -2.851   -0.713    2.304    3.595    8.894    9.411   12.256   12.414
            0.780000  0.210000  0.480000
   -2.848   -0.718    2.303    3.594    8.989    9.311   12.338   12.438
            0.780000  0.210000  0.490000
   -2.845   -0.722    2.302    3.593    9.085    9.211   12.373   12.499
            0.780000  0.210000  0.500000
   -2.844   -0.724    2.300    3.594    9.113    9.183   12.381   12.552
            0.780000  0.210000  0.510000
   -2.842   -0.725    2.298    3.595    9.016    9.282   12.381   12.536
            0.780000  0.210000  0.520000
   -2.842   -0.725    2.297    3.598    8.920    9.383   12.372   12.465
            0.780000  0.210000  0.530000
   -2.842   -0.723    2.295    3.601    8.827    9.484   12.324   12.411
            0.780000  0.210000  0.540000
   -2.842   -0.721    2.292    3.604    8.734    9.587   12.229   12.398
            0.780000  0.210000  0.550000
   -2.844   -0.717    2.290    3.609    8.644    9.691   12.122   12.393
            0.780000  0.210000  0.560000
   -2.845   -0.711    2.288    3.613    8.555    9.795   12.012   12.390
            0.780000  0.210000  0.570000
   -2.848   -0.705    2.286    3.619    8.468    9.900   11.902   12.387
            0.780000  0.210000  0.580000
   -2.851   -0.698    2.283    3.625    8.383   10.006   11.793   12.385
            0.780000  0.210000  0.590000
   -2.854   -0.689    2.281    3.631    8.301   10.112   11.684   12.382
            0.780000  0.210000  0.600000
   -2.858   -0.680    2.279    3.637    8.220   10.218   11.576   12.379
            0.780000  0.210000  0.610000
   -2.863   -0.669    2.277    3.644    8.142   10.324   11.470   12.376
            0.780000  0.210000  0.620000
   -2.868   -0.657    2.275    3.650    8.066   10.429   11.366   12.372
            0.780000  0.210000  0.630000
   -2.873   -0.645    2.274    3.656    7.993   10.531   11.267   12.369
            0.780000  0.210000  0.640000
   -2.879   -0.632    2.273    3.662    7.923   10.626   11.175   12.366
            0.780000  0.210000  0.650000
   -2.885   -0.618    2.273    3.667    7.856   10.704   11.103   12.362
            0.780000  0.210000  0.660000
   -2.891   -0.603    2.273    3.672    7.791   10.739   11.074   12.358
            0.780000  0.210000  0.670000
   -2.897   -0.588    2.274    3.676    7.730   10.709   11.112   12.354
            0.780000  0.210000  0.680000
   -2.904   -0.572    2.275    3.679    7.672   10.638   11.192   12.351
            0.780000  0.210000  0.690000
   -2.911   -0.556    2.277    3.681    7.617   10.550   11.290   12.347
            0.780000  0.210000  0.700000
   -2.918   -0.539    2.280    3.682    7.566   10.457   11.395   12.343
            0.780000  0.210000  0.710000
   -2.926   -0.522    2.284    3.681    7.518   10.361   11.504   12.339
            0.780000  0.210000  0.720000
   -2.933   -0.505    2.288    3.679    7.475   10.264   11.614   12.336
            0.780000  0.210000  0.730000
   -2.940   -0.487    2.294    3.675    7.435   10.167   11.725   12.333
            0.780000  0.210000  0.740000
   -2.948   -0.470    2.300    3.670    7.399   10.071   11.837   12.330
            0.780000  0.210000  0.750000
   -2.955   -0.452    2.308    3.663    7.367    9.975   11.948   12.328
            0.780000  0.210000  0.760000
   -2.962   -0.435    2.317    3.654    7.340    9.880   12.056   12.329
            0.780000  0.210000  0.770000
   -2.969   -0.418    2.326    3.643    7.316    9.786   12.159   12.337
            0.780000  0.210000  0.780000
   -2.976   -0.401    2.337    3.631    7.297    9.693   12.237   12.368
            0.780000  0.210000  0.790000
   -2.983   -0.384    2.349    3.616    7.282    9.601   12.270   12.444
            0.780000  0.210000  0.800000
   -2.990   -0.367    2.362    3.600    7.271    9.510   12.279   12.545
            0.780000  0.210000  0.810000
   -2.997   -0.351    2.377    3.581    7.264    9.421   12.280   12.652
            0.780000  0.210000  0.820000
   -3.003   -0.336    2.392    3.561    7.261    9.333   12.279   12.761
            0.780000  0.210000  0.830000
   -3.009   -0.321    2.409    3.539    7.262    9.246   12.277   12.870
            0.780000  0.210000  0.840000
   -3.015   -0.306    2.427    3.515    7.267    9.161   12.275   12.979
            0.780000  0.210000  0.850000
   -3.021   -0.293    2.446    3.490    7.276    9.078   12.272   13.086
            0.780000  0.210000  0.860000
   -3.026   -0.279    2.466    3.464    7.289    8.996   12.269   13.193
            0.780000  0.210000  0.870000
   -3.031   -0.267    2.487    3.436    7.305    8.916   12.267   13.297
            0.780000  0.210000  0.880000
   -3.036   -0.255    2.509    3.408    7.324    8.838   12.264   13.399
            0.780000  0.210000  0.890000
   -3.041   -0.244    2.531    3.378    7.346    8.762   12.262   13.498
            0.780000  0.210000  0.900000
   -3.045   -0.234    2.555    3.348    7.370    8.688   12.260   13.594
            0.780000  0.210000  0.910000
   -3.048   -0.225    2.579    3.318    7.397    8.617   12.258   13.686
            0.780000  0.210000  0.920000
   -3.052   -0.217    2.603    3.288    7.426    8.549   12.256   13.773
            0.780000  0.210000  0.930000
   -3.055   -0.210    2.627    3.259    7.456    8.485   12.254   13.854
            0.780000  0.210000  0.940000
   -3.057   -0.203    2.650    3.231    7.487    8.425   12.253   13.929
            0.780000  0.210000  0.950000
   -3.059   -0.198    2.673    3.204    7.517    8.369   12.251   13.995
            0.780000  0.210000  0.960000
   -3.061   -0.193    2.693    3.180    7.546    8.320   12.250   14.052
            0.780000  0.210000  0.970000
   -3.063   -0.190    2.711    3.159    7.572    8.279   12.250   14.099
            0.780000  0.210000  0.980000
   -3.064   -0.187    2.725    3.143    7.592    8.247   12.249   14.133
            0.780000  0.210000  0.990000
   -3.064   -0.186    2.734    3.133    7.606    8.227   12.249   14.154
            0.780000  0.210000  1.000000
   -3.064   -0.185    2.737    3.129    7.610    8.220   12.248   14.161
