 &plot nbnd=   8, nks=   101 /
            0.180000 -0.820000 -1.000000
   -2.924   -0.373    2.860    3.096    7.290    7.839   12.967   14.448
            0.180000 -0.820000 -0.980000
   -2.923   -0.374    2.839    3.117    7.276    7.864   12.967   14.419
            0.180000 -0.820000 -0.960000
   -2.920   -0.378    2.789    3.164    7.239    7.933   12.969   14.336
            0.180000 -0.820000 -0.940000
   -2.916   -0.384    2.728    3.221    7.194    8.032   12.970   14.208
            0.180000 -0.820000 -0.920000
   -2.910   -0.392    2.665    3.278    7.150    8.151   12.973   14.047
            0.180000 -0.820000 -0.900000
   -2.903   -0.403    2.601    3.333    7.115    8.284   12.976   13.862
            0.180000 -0.820000 -0.880000
   -2.894   -0.415    2.539    3.382    7.092    8.429   12.980   13.661
            0.180000 -0.820000 -0.860000
   -2.884   -0.431    2.481    3.425    7.082    8.582   12.984   13.447
            0.180000 -0.820000 -0.840000
   -2.873   -0.448    2.426    3.460    7.088    8.744   12.988   13.226
            0.180000 -0.820000 -0.820000
   -2.860   -0.467    2.376    3.488    7.111    8.912   12.971   13.021
            0.180000 -0.820000 -0.800000
   -2.847   -0.488    2.329    3.507    7.150    9.086   12.761   13.005
            0.180000 -0.820000 -0.780000
   -2.832   -0.510    2.288    3.517    7.207    9.266   12.529   13.010
            0.180000 -0.820000 -0.760000
   -2.817   -0.534    2.252    3.521    7.279    9.451   12.294   13.016
            0.180000 -0.820000 -0.740000
   -2.802   -0.558    2.220    3.517    7.368    9.640   12.059   13.022
            0.180000 -0.820000 -0.720000
   -2.786   -0.583    2.192    3.508    7.471    9.833   11.825   13.028
            0.180000 -0.820000 -0.700000
   -2.770   -0.608    2.170    3.494    7.588   10.029   11.593   13.035
            0.180000 -0.820000 -0.680000
   -2.755   -0.633    2.151    3.476    7.718   10.224   11.367   13.040
            0.180000 -0.820000 -0.660000
   -2.740   -0.657    2.135    3.457    7.860   10.412   11.153   13.045
            0.180000 -0.820000 -0.640000
   -2.725   -0.680    2.124    3.437    8.012   10.557   10.988   13.050
            0.180000 -0.820000 -0.620000
   -2.712   -0.700    2.115    3.416    8.174   10.530   11.000   13.052
            0.180000 -0.820000 -0.600000
   -2.701   -0.719    2.108    3.397    8.344   10.356   11.166   13.052
            0.180000 -0.820000 -0.580000
   -2.691   -0.735    2.103    3.380    8.523   10.150   11.369   13.043
            0.180000 -0.820000 -0.560000
   -2.683   -0.748    2.100    3.366    8.708    9.937   11.583   12.979
            0.180000 -0.820000 -0.540000
   -2.677   -0.757    2.098    3.356    8.899    9.725   11.798   12.794
            0.180000 -0.820000 -0.520000
   -2.673   -0.763    2.097    3.349    9.093    9.517   12.001   12.591
            0.180000 -0.820000 -0.500000
   -2.672   -0.765    2.097    3.347    9.248    9.358   12.115   12.475
            0.180000 -0.820000 -0.480000
   -2.673   -0.763    2.097    3.349    9.093    9.517   12.001   12.591
            0.180000 -0.820000 -0.460000
   -2.677   -0.757    2.098    3.356    8.899    9.725   11.798   12.794
            0.180000 -0.820000 -0.440000
   -2.683   -0.748    2.100    3.366    8.708    9.937   11.583   12.979
            0.180000 -0.820000 -0.420000
   -2.691   -0.735    2.103    3.380    8.523   10.150   11.369   13.043
            0.180000 -0.820000 -0.400000
   -2.701   -0.719    2.108    3.397    8.344   10.356   11.166   13.052
            0.180000 -0.820000 -0.380000
   -2.712   -0.700    2.115    3.416    8.174   10.530   11.000   13.052
            0.180000 -0.820000 -0.360000
   -2.725   -0.680    2.124    3.437    8.012   10.557   10.988   13.050
            0.180000 -0.820000 -0.340000
   -2.740   -0.657    2.135    3.457    7.860   10.412   11.153   13.045
            0.180000 -0.820000 -0.320000
   -2.755   -0.633    2.151    3.476    7.718   10.224   11.367   13.040
            0.180000 -0.820000 -0.300000
   -2.770   -0.608    2.170    3.494    7.588   10.029   11.593   13.035
            0.180000 -0.820000 -0.280000
   -2.786   -0.583    2.192    3.508    7.471    9.833   11.825   13.028
            0.180000 -0.820000 -0.260000
   -2.802   -0.558    2.220    3.517    7.368    9.640   12.059   13.022
            0.180000 -0.820000 -0.240000
   -2.817   -0.534    2.252    3.521    7.279    9.451   12.294   13.016
            0.180000 -0.820000 -0.220000
   -2.832   -0.510    2.288    3.517    7.207    9.266   12.529   13.010
            0.180000 -0.820000 -0.200000
   -2.847   -0.488    2.329    3.507    7.150    9.086   12.761   13.005
            0.180000 -0.820000 -0.180000
   -2.860   -0.467    2.376    3.488    7.111    8.912   12.971   13.021
            0.180000 -0.820000 -0.160000
   -2.873   -0.448    2.426    3.460    7.088    8.744   12.988   13.226
            0.180000 -0.820000 -0.140000
   -2.884   -0.431    2.481    3.425    7.082    8.582   12.984   13.447
            0.180000 -0.820000 -0.120000
   -2.894   -0.415    2.539    3.382    7.092    8.429   12.980   13.661
            0.180000 -0.820000 -0.100000
   -2.903   -0.403    2.601    3.333    7.115    8.284   12.976   13.862
            0.180000 -0.820000 -0.080000
   -2.910   -0.392    2.665    3.278    7.150    8.151   12.973   14.047
            0.180000 -0.820000 -0.060000
   -2.916   -0.384    2.728    3.221    7.194    8.032   12.970   14.208
            0.180000 -0.820000 -0.040000
   -2.920   -0.378    2.789    3.164    7.239    7.933   12.969   14.336
            0.180000 -0.820000 -0.020000
   -2.923   -0.374    2.839    3.117    7.276    7.864   12.967   14.419
            0.180000 -0.820000  0.000000
   -2.924   -0.373    2.860    3.096    7.290    7.839   12.967   14.448
            0.180000 -0.820000  0.020000
   -2.923   -0.374    2.839    3.117    7.276    7.864   12.967   14.419
            0.180000 -0.820000  0.040000
   -2.920   -0.378    2.789    3.164    7.239    7.933   12.969   14.336
            0.180000 -0.820000  0.060000
   -2.916   -0.384    2.728    3.221    7.194    8.032   12.970   14.208
            0.180000 -0.820000  0.080000
   -2.910   -0.392    2.665    3.278    7.150    8.151   12.973   14.047
            0.180000 -0.820000  0.100000
   -2.903   -0.403    2.601    3.333    7.115    8.284   12.976   13.862
            0.180000 -0.820000  0.120000
   -2.894   -0.415    2.539    3.382    7.092    8.429   12.980   13.661
            0.180000 -0.820000  0.140000
   -2.884   -0.431    2.481    3.425    7.082    8.582   12.984   13.447
            0.180000 -0.820000  0.160000
   -2.873   -0.448    2.426    3.460    7.088    8.744   12.988   13.226
            0.180000 -0.820000  0.180000
   -2.860   -0.467    2.376    3.488    7.111    8.912   12.971   13.021
            0.180000 -0.820000  0.200000
   -2.847   -0.488    2.329    3.507    7.150    9.086   12.761   13.005
            0.180000 -0.820000  0.220000
   -2.832   -0.510    2.288    3.517    7.207    9.266   12.529   13.010
            0.180000 -0.820000  0.240000
   -2.817   -0.534    2.252    3.521    7.279    9.451   12.294   13.016
            0.180000 -0.820000  0.260000
   -2.802   -0.558    2.220    3.517    7.368    9.640   12.059   13.022
            0.180000 -0.820000  0.280000
   -2.786   -0.583    2.192    3.508    7.471    9.833   11.825   13.028
            0.180000 -0.820000  0.300000
   -2.770   -0.608    2.170    3.494    7.588   10.029   11.593   13.035
            0.180000 -0.820000  0.320000
   -2.755   -0.633    2.151    3.476    7.718   10.224   11.367   13.040
            0.180000 -0.820000  0.340000
   -2.740   -0.657    2.135    3.457    7.860   10.412   11.153   13.045
            0.180000 -0.820000  0.360000
   -2.725   -0.680    2.124    3.437    8.012   10.557   10.988   13.050
            0.180000 -0.820000  0.380000
   -2.712   -0.700    2.115    3.416    8.174   10.530   11.000   13.052
            0.180000 -0.820000  0.400000
   -2.701   -0.719    2.108    3.397    8.344   10.356   11.166   13.052
            0.180000 -0.820000  0.420000
   -2.691   -0.735    2.103    3.380    8.523   10.150   11.369   13.043
            0.180000 -0.820000  0.440000
   -2.683   -0.748    2.100    3.366    8.708    9.937   11.583   12.979
            0.180000 -0.820000  0.460000
   -2.677   -0.757    2.098    3.356    8.899    9.725   11.798   12.794
            0.180000 -0.820000  0.480000
   -2.673   -0.763    2.097    3.349    9.093    9.517   12.001   12.591
            0.180000 -0.820000  0.500000
   -2.672   -0.765    2.097    3.347    9.248    9.358   12.115   12.475
            0.180000 -0.820000  0.520000
   -2.673   -0.763    2.097    3.349    9.093    9.517   12.001   12.591
            0.180000 -0.820000  0.540000
   -2.677   -0.757    2.098    3.356    8.899    9.725   11.798   12.794
            0.180000 -0.820000  0.560000
   -2.683   -0.748    2.100    3.366    8.708    9.937   11.583   12.979
            0.180000 -0.820000  0.580000
   -2.691   -0.735    2.103    3.380    8.523   10.150   11.369   13.043
            0.180000 -0.820000  0.600000
   -2.701   -0.719    2.108    3.397    8.344   10.356   11.166   13.052
            0.180000 -0.820000  0.620000
   -2.712   -0.700    2.115    3.416    8.174   10.530   11.000   13.052
            0.180000 -0.820000  0.640000
   -2.725   -0.680    2.124    3.437    8.012   10.557   10.988   13.050
            0.180000 -0.820000  0.660000
   -2.740   -0.657    2.135    3.457    7.860   10.412   11.153   13.045
            0.180000 -0.820000  0.680000
   -2.755   -0.633    2.151    3.476    7.718   10.224   11.367   13.040
            0.180000 -0.820000  0.700000
   -2.770   -0.608    2.170    3.494    7.588   10.029   11.593   13.035
            0.180000 -0.820000  0.720000
   -2.786   -0.583    2.192    3.508    7.471    9.833   11.825   13.028
            0.180000 -0.820000  0.740000
   -2.802   -0.558    2.220    3.517    7.368    9.640   12.059   13.022
            0.180000 -0.820000  0.760000
   -2.817   -0.534    2.252    3.521    7.279    9.451   12.294   13.016
            0.180000 -0.820000  0.780000
   -2.832   -0.510    2.288    3.517    7.207    9.266   12.529   13.010
            0.180000 -0.820000  0.800000
   -2.847   -0.488    2.329    3.507    7.150    9.086   12.761   13.005
            0.180000 -0.820000  0.820000
   -2.860   -0.467    2.376    3.488    7.111    8.912   12.971   13.021
            0.180000 -0.820000  0.840000
   -2.873   -0.448    2.426    3.460    7.088    8.744   12.988   13.226
            0.180000 -0.820000  0.860000
   -2.884   -0.431    2.481    3.425    7.082    8.582   12.984   13.447
            0.180000 -0.820000  0.880000
   -2.894   -0.415    2.539    3.382    7.092    8.429   12.980   13.661
            0.180000 -0.820000  0.900000
   -2.903   -0.403    2.601    3.333    7.115    8.284   12.976   13.862
            0.180000 -0.820000  0.920000
   -2.910   -0.392    2.665    3.278    7.150    8.151   12.973   14.047
            0.180000 -0.820000  0.940000
   -2.916   -0.384    2.728    3.221    7.194    8.032   12.970   14.208
            0.180000 -0.820000  0.960000
   -2.920   -0.378    2.789    3.164    7.239    7.933   12.969   14.336
            0.180000 -0.820000  0.980000
   -2.923   -0.374    2.839    3.117    7.276    7.864   12.967   14.419
            0.180000 -0.820000  1.000000
   -2.924   -0.373    2.860    3.096    7.290    7.839   12.967   14.448
