 &plot nbnd=   8, nks=   101 /
            0.350000  0.820000  0.000000
   -2.696   -0.552    2.225    2.927    8.784    9.219   10.936   14.013
            0.350000  0.820000  0.010000
   -2.696   -0.553    2.224    2.930    8.772    9.231   10.937   14.013
            0.350000  0.820000  0.020000
   -2.696   -0.554    2.222    2.937    8.741    9.266   10.938   14.012
            0.350000  0.820000  0.030000
   -2.697   -0.556    2.217    2.948    8.698    9.316   10.939   14.011
            0.350000  0.820000  0.040000
   -2.697   -0.560    2.212    2.964    8.647    9.376   10.941   14.009
            0.350000  0.820000  0.050000
   -2.698   -0.564    2.205    2.983    8.592    9.443   10.944   14.005
            0.350000  0.820000  0.060000
   -2.699   -0.569    2.198    3.006    8.536    9.514   10.948   13.997
            0.350000  0.820000  0.070000
   -2.700   -0.575    2.190    3.033    8.479    9.589   10.952   13.980
            0.350000  0.820000  0.080000
   -2.701   -0.581    2.182    3.062    8.422    9.665   10.957   13.948
            0.350000  0.820000  0.090000
   -2.703   -0.588    2.174    3.094    8.366    9.744   10.963   13.896
            0.350000  0.820000  0.100000
   -2.705   -0.596    2.166    3.128    8.311    9.825   10.969   13.827
            0.350000  0.820000  0.110000
   -2.707   -0.604    2.159    3.164    8.258    9.906   10.976   13.745
            0.350000  0.820000  0.120000
   -2.710   -0.613    2.152    3.201    8.206    9.989   10.984   13.656
            0.350000  0.820000  0.130000
   -2.712   -0.622    2.146    3.240    8.155   10.073   10.993   13.561
            0.350000  0.820000  0.140000
   -2.716   -0.631    2.141    3.280    8.107   10.157   11.003   13.463
            0.350000  0.820000  0.150000
   -2.719   -0.640    2.136    3.321    8.060   10.242   11.015   13.362
            0.350000  0.820000  0.160000
   -2.723   -0.650    2.133    3.362    8.016   10.327   11.028   13.258
            0.350000  0.820000  0.170000
   -2.727   -0.659    2.131    3.405    7.974   10.412   11.042   13.154
            0.350000  0.820000  0.180000
   -2.732   -0.668    2.129    3.447    7.935   10.495   11.059   13.048
            0.350000  0.820000  0.190000
   -2.738   -0.677    2.129    3.489    7.898   10.577   11.080   12.941
            0.350000  0.820000  0.200000
   -2.744   -0.686    2.130    3.531    7.864   10.656   11.104   12.833
            0.350000  0.820000  0.210000
   -2.750   -0.694    2.132    3.573    7.832   10.730   11.135   12.725
            0.350000  0.820000  0.220000
   -2.757   -0.702    2.135    3.615    7.804   10.797   11.174   12.616
            0.350000  0.820000  0.230000
   -2.765   -0.709    2.139    3.655    7.778   10.855   11.222   12.507
            0.350000  0.820000  0.240000
   -2.773   -0.715    2.144    3.695    7.756   10.903   11.281   12.398
            0.350000  0.820000  0.250000
   -2.783   -0.721    2.150    3.734    7.737   10.943   11.350   12.290
            0.350000  0.820000  0.260000
   -2.792   -0.726    2.157    3.772    7.722   10.975   11.426   12.182
            0.350000  0.820000  0.270000
   -2.803   -0.729    2.165    3.808    7.710   11.001   11.507   12.076
            0.350000  0.820000  0.280000
   -2.814   -0.732    2.174    3.842    7.702   11.024   11.589   11.975
            0.350000  0.820000  0.290000
   -2.826   -0.734    2.185    3.875    7.698   11.043   11.658   11.890
            0.350000  0.820000  0.300000
   -2.838   -0.734    2.196    3.907    7.697   11.061   11.666   11.869
            0.350000  0.820000  0.310000
   -2.852   -0.734    2.208    3.936    7.701   11.076   11.595   11.931
            0.350000  0.820000  0.320000
   -2.866   -0.732    2.221    3.963    7.708   11.089   11.501   12.019
            0.350000  0.820000  0.330000
   -2.880   -0.729    2.234    3.988    7.720   11.097   11.405   12.115
            0.350000  0.820000  0.340000
   -2.896   -0.724    2.249    4.011    7.736   11.096   11.316   12.215
            0.350000  0.820000  0.350000
   -2.912   -0.719    2.264    4.032    7.755   11.070   11.251   12.317
            0.350000  0.820000  0.360000
   -2.929   -0.712    2.280    4.051    7.779   11.005   11.223   12.420
            0.350000  0.820000  0.370000
   -2.946   -0.703    2.297    4.067    7.808   10.916   11.220   12.524
            0.350000  0.820000  0.380000
   -2.964   -0.694    2.314    4.081    7.840   10.818   11.227   12.629
            0.350000  0.820000  0.390000
   -2.982   -0.683    2.332    4.093    7.876   10.716   11.237   12.735
            0.350000  0.820000  0.400000
   -3.001   -0.671    2.351    4.103    7.916   10.613   11.249   12.840
            0.350000  0.820000  0.410000
   -3.021   -0.657    2.370    4.111    7.960   10.509   11.262   12.946
            0.350000  0.820000  0.420000
   -3.041   -0.643    2.390    4.117    8.007   10.406   11.275   13.049
            0.350000  0.820000  0.430000
   -3.061   -0.627    2.410    4.121    8.058   10.303   11.289   13.148
            0.350000  0.820000  0.440000
   -3.082   -0.610    2.431    4.123    8.113   10.201   11.303   13.225
            0.350000  0.820000  0.450000
   -3.103   -0.591    2.452    4.124    8.171   10.099   11.316   13.222
            0.350000  0.820000  0.460000
   -3.124   -0.572    2.474    4.123    8.231    9.998   11.330   13.136
            0.350000  0.820000  0.470000
   -3.146   -0.551    2.496    4.121    8.295    9.898   11.343   13.029
            0.350000  0.820000  0.480000
   -3.167   -0.529    2.518    4.117    8.362    9.799   11.357   12.916
            0.350000  0.820000  0.490000
   -3.189   -0.506    2.540    4.112    8.431    9.702   11.370   12.801
            0.350000  0.820000  0.500000
   -3.211   -0.482    2.563    4.106    8.503    9.605   11.382   12.687
            0.350000  0.820000  0.510000
   -3.233   -0.457    2.585    4.100    8.576    9.511   11.395   12.573
            0.350000  0.820000  0.520000
   -3.256   -0.432    2.608    4.092    8.651    9.418   11.407   12.459
            0.350000  0.820000  0.530000
   -3.278   -0.405    2.631    4.084    8.726    9.329   11.419   12.346
            0.350000  0.820000  0.540000
   -3.300   -0.377    2.653    4.075    8.800    9.244   11.430   12.234
            0.350000  0.820000  0.550000
   -3.322   -0.348    2.676    4.066    8.867    9.170   11.440   12.123
            0.350000  0.820000  0.560000
   -3.344   -0.319    2.699    4.056    8.907    9.126   11.449   12.014
            0.350000  0.820000  0.570000
   -3.366   -0.289    2.721    4.046    8.888    9.144   11.457   11.907
            0.350000  0.820000  0.580000
   -3.387   -0.258    2.743    4.036    8.827    9.208   11.461   11.804
            0.350000  0.820000  0.590000
   -3.409   -0.226    2.765    4.026    8.753    9.288   11.458   11.709
            0.350000  0.820000  0.600000
   -3.430   -0.194    2.786    4.016    8.675    9.374   11.439   11.630
            0.350000  0.820000  0.610000
   -3.451   -0.161    2.807    4.006    8.597    9.464   11.387   11.585
            0.350000  0.820000  0.620000
   -3.472   -0.127    2.827    3.995    8.520    9.556   11.307   11.569
            0.350000  0.820000  0.630000
   -3.492   -0.093    2.847    3.985    8.445    9.649   11.213   11.567
            0.350000  0.820000  0.640000
   -3.513   -0.059    2.867    3.975    8.371    9.744   11.115   11.570
            0.350000  0.820000  0.650000
   -3.532   -0.024    2.885    3.966    8.299    9.840   11.016   11.575
            0.350000  0.820000  0.660000
   -3.552    0.011    2.903    3.956    8.229    9.937   10.916   11.582
            0.350000  0.820000  0.670000
   -3.571    0.047    2.920    3.947    8.162   10.034   10.817   11.589
            0.350000  0.820000  0.680000
   -3.590    0.083    2.937    3.937    8.097   10.132   10.719   11.596
            0.350000  0.820000  0.690000
   -3.608    0.119    2.953    3.928    8.035   10.229   10.622   11.604
            0.350000  0.820000  0.700000
   -3.626    0.155    2.967    3.920    7.975   10.323   10.530   11.612
            0.350000  0.820000  0.710000
   -3.643    0.192    2.981    3.911    7.918   10.382   10.474   11.619
            0.350000  0.820000  0.720000
   -3.660    0.228    2.995    3.902    7.864   10.319   10.542   11.627
            0.350000  0.820000  0.730000
   -3.676    0.265    3.007    3.894    7.813   10.230   10.637   11.636
            0.350000  0.820000  0.740000
   -3.692    0.301    3.019    3.885    7.765   10.139   10.734   11.644
            0.350000  0.820000  0.750000
   -3.708    0.337    3.030    3.877    7.721   10.049   10.831   11.654
            0.350000  0.820000  0.760000
   -3.723    0.373    3.040    3.868    7.679    9.960   10.927   11.664
            0.350000  0.820000  0.770000
   -3.737    0.408    3.050    3.859    7.641    9.872   11.021   11.676
            0.350000  0.820000  0.780000
   -3.751    0.443    3.058    3.850    7.606    9.786   11.112   11.691
            0.350000  0.820000  0.790000
   -3.764    0.478    3.067    3.841    7.574    9.702   11.199   11.709
            0.350000  0.820000  0.800000
   -3.777    0.512    3.074    3.831    7.546    9.619   11.280   11.732
            0.350000  0.820000  0.810000
   -3.789    0.545    3.082    3.821    7.521    9.538   11.353   11.762
            0.350000  0.820000  0.820000
   -3.801    0.578    3.088    3.811    7.500    9.459   11.415   11.803
            0.350000  0.820000  0.830000
   -3.812    0.609    3.095    3.800    7.482    9.382   11.465   11.855
            0.350000  0.820000  0.840000
   -3.822    0.640    3.101    3.789    7.467    9.307   11.502   11.917
            0.350000  0.820000  0.850000
   -3.832    0.670    3.107    3.778    7.455    9.235   11.530   11.988
            0.350000  0.820000  0.860000
   -3.841    0.698    3.112    3.767    7.446    9.165   11.550   12.064
            0.350000  0.820000  0.870000
   -3.850    0.725    3.117    3.756    7.440    9.098   11.565   12.143
            0.350000  0.820000  0.880000
   -3.858    0.750    3.122    3.744    7.436    9.034   11.576   12.223
            0.350000  0.820000  0.890000
   -3.865    0.774    3.127    3.733    7.435    8.973   11.585   12.302
            0.350000  0.820000  0.900000
   -3.872    0.797    3.132    3.722    7.436    8.915   11.591   12.380
            0.350000  0.820000  0.910000
   -3.878    0.817    3.136    3.711    7.438    8.861   11.597   12.455
            0.350000  0.820000  0.920000
   -3.883    0.836    3.140    3.701    7.443    8.811   11.601   12.526
            0.350000  0.820000  0.930000
   -3.888    0.853    3.144    3.691    7.448    8.766   11.605   12.593
            0.350000  0.820000  0.940000
   -3.892    0.868    3.147    3.683    7.453    8.725   11.608   12.654
            0.350000  0.820000  0.950000
   -3.896    0.880    3.150    3.675    7.459    8.690   11.610   12.707
            0.350000  0.820000  0.960000
   -3.899    0.891    3.153    3.668    7.465    8.660   11.612   12.753
            0.350000  0.820000  0.970000
   -3.901    0.899    3.155    3.663    7.470    8.637   11.613   12.790
            0.350000  0.820000  0.980000
   -3.903    0.905    3.156    3.659    7.473    8.620   11.614   12.818
            0.350000  0.820000  0.990000
   -3.904    0.909    3.157    3.657    7.476    8.609   11.615   12.834
            0.350000  0.820000  1.000000
   -3.904    0.910    3.157    3.656    7.476    8.606   11.615   12.840
