 &plot nbnd=   8, nks=    41 /
            0.650000 -0.650000 -1.000000
   -5.170    1.209    2.755    4.415    7.637    8.498    8.730   10.189
            0.650000 -0.650000 -0.950000
   -5.162    1.142    2.828    4.407    7.572    8.488    8.716   10.281
            0.650000 -0.650000 -0.900000
   -5.136    0.974    3.014    4.384    7.397    8.462    8.684   10.525
            0.650000 -0.650000 -0.850000
   -5.094    0.752    3.261    4.344    7.153    8.430    8.650   10.867
            0.650000 -0.650000 -0.800000
   -5.036    0.510    3.525    4.290    6.883    8.404    8.613   11.265
            0.650000 -0.650000 -0.750000
   -4.962    0.265    3.773    4.223    6.627    8.394    8.570   11.688
            0.650000 -0.650000 -0.700000
   -4.872    0.026    3.966    4.144    6.425    8.407    8.515   12.100
            0.650000 -0.650000 -0.650000
   -4.769   -0.202    4.056    4.056    6.323    8.447    8.447   12.388
            0.650000 -0.650000 -0.600000
   -4.652   -0.416    3.961    4.012    6.350    8.372    8.517   12.347
            0.650000 -0.650000 -0.550000
   -4.523   -0.613    3.844    3.863    6.488    8.299    8.616   12.155
            0.650000 -0.650000 -0.500000
   -4.385   -0.790    3.593    3.764    6.681    8.250    8.745   11.953
            0.650000 -0.650000 -0.450000
   -4.239   -0.946    3.294    3.667    6.863    8.262    8.902   11.765
            0.650000 -0.650000 -0.400000
   -4.089   -1.080    2.974    3.574    6.979    8.375    9.086   11.596
            0.650000 -0.650000 -0.350000
   -3.940   -1.188    2.648    3.488    7.010    8.599    9.295   11.447
            0.650000 -0.650000 -0.300000
   -3.795   -1.270    2.328    3.410    6.982    8.908    9.527   11.318
            0.650000 -0.650000 -0.250000
   -3.661   -1.326    2.024    3.342    6.927    9.269    9.778   11.210
            0.650000 -0.650000 -0.200000
   -3.543   -1.354    1.748    3.285    6.866    9.662   10.044   11.121
            0.650000 -0.650000 -0.150000
   -3.447   -1.361    1.510    3.239    6.810   10.073   10.316   11.053
            0.650000 -0.650000 -0.100000
   -3.376   -1.353    1.324    3.206    6.767   10.494   10.576   11.007
            0.650000 -0.650000 -0.050000
   -3.333   -1.341    1.205    3.186    6.740   10.786   10.879   11.024
            0.650000 -0.650000  0.000000
   -3.319   -1.336    1.164    3.179    6.731   10.873   10.938   11.314
            0.650000 -0.650000  0.050000
   -3.333   -1.341    1.205    3.186    6.740   10.786   10.879   11.024
            0.650000 -0.650000  0.100000
   -3.376   -1.353    1.324    3.206    6.767   10.494   10.576   11.007
            0.650000 -0.650000  0.150000
   -3.447   -1.361    1.510    3.239    6.810   10.073   10.316   11.053
            0.650000 -0.650000  0.200000
   -3.543   -1.354    1.748    3.285    6.866    9.662   10.044   11.121
            0.650000 -0.650000  0.250000
   -3.661   -1.326    2.024    3.342    6.927    9.269    9.778   11.210
            0.650000 -0.650000  0.300000
   -3.795   -1.270    2.328    3.410    6.982    8.908    9.527   11.318
            0.650000 -0.650000  0.350000
   -3.940   -1.188    2.648    3.488    7.010    8.599    9.295   11.447
            0.650000 -0.650000  0.400000
   -4.089   -1.080    2.974    3.574    6.979    8.375    9.086   11.596
            0.650000 -0.650000  0.450000
   -4.239   -0.946    3.294    3.667    6.863    8.262    8.902   11.765
            0.650000 -0.650000  0.500000
   -4.385   -0.790    3.593    3.764    6.681    8.250    8.745   11.953
            0.650000 -0.650000  0.550000
   -4.523   -0.613    3.844    3.863    6.488    8.299    8.616   12.155
            0.650000 -0.650000  0.600000
   -4.652   -0.416    3.961    4.012    6.350    8.372    8.517   12.347
            0.650000 -0.650000  0.650000
   -4.769   -0.202    4.056    4.056    6.323    8.447    8.447   12.388
            0.650000 -0.650000  0.700000
   -4.872    0.026    3.966    4.144    6.425    8.407    8.515   12.100
            0.650000 -0.650000  0.750000
   -4.962    0.265    3.773    4.223    6.627    8.394    8.570   11.688
            0.650000 -0.650000  0.800000
   -5.036    0.510    3.525    4.290    6.883    8.404    8.613   11.265
            0.650000 -0.650000  0.850000
   -5.094    0.752    3.261    4.344    7.153    8.430    8.650   10.867
            0.650000 -0.650000  0.900000
   -5.136    0.974    3.014    4.384    7.397    8.462    8.684   10.525
            0.650000 -0.650000  0.950000
   -5.162    1.142    2.828    4.407    7.572    8.488    8.716   10.281
            0.650000 -0.650000  1.000000
   -5.170    1.209    2.755    4.415    7.637    8.498    8.730   10.189
