 &plot nbnd=   8, nks=   101 /
            0.160000  0.250000  0.000000
   -5.409    3.838    4.749    5.593    8.496    9.000    9.387   10.904
            0.160000  0.250000  0.010000
   -5.408    3.833    4.753    5.592    8.496    8.997    9.389   10.906
            0.160000  0.250000  0.020000
   -5.407    3.819    4.765    5.588    8.496    8.987    9.397   10.913
            0.160000  0.250000  0.030000
   -5.405    3.797    4.785    5.582    8.495    8.971    9.409   10.925
            0.160000  0.250000  0.040000
   -5.402    3.768    4.810    5.574    8.494    8.953    9.423   10.942
            0.160000  0.250000  0.050000
   -5.398    3.732    4.840    5.564    8.492    8.933    9.438   10.963
            0.160000  0.250000  0.060000
   -5.394    3.691    4.874    5.551    8.488    8.915    9.453   10.989
            0.160000  0.250000  0.070000
   -5.389    3.646    4.910    5.537    8.480    8.899    9.467   11.020
            0.160000  0.250000  0.080000
   -5.382    3.597    4.948    5.520    8.469    8.888    9.479   11.055
            0.160000  0.250000  0.090000
   -5.375    3.546    4.986    5.503    8.454    8.881    9.490   11.093
            0.160000  0.250000  0.100000
   -5.367    3.493    5.024    5.484    8.435    8.881    9.498   11.136
            0.160000  0.250000  0.110000
   -5.359    3.438    5.061    5.464    8.412    8.886    9.504   11.182
            0.160000  0.250000  0.120000
   -5.349    3.381    5.095    5.444    8.387    8.897    9.508   11.231
            0.160000  0.250000  0.130000
   -5.339    3.324    5.126    5.424    8.361    8.911    9.509   11.283
            0.160000  0.250000  0.140000
   -5.328    3.265    5.151    5.407    8.333    8.930    9.508   11.338
            0.160000  0.250000  0.150000
   -5.316    3.207    5.168    5.394    8.306    8.952    9.506   11.395
            0.160000  0.250000  0.160000
   -5.303    3.147    5.175    5.388    8.280    8.976    9.502   11.454
            0.160000  0.250000  0.170000
   -5.290    3.087    5.171    5.389    8.256    9.002    9.496   11.514
            0.160000  0.250000  0.180000
   -5.275    3.027    5.156    5.395    8.234    9.030    9.490   11.575
            0.160000  0.250000  0.190000
   -5.260    2.967    5.134    5.405    8.215    9.058    9.483   11.637
            0.160000  0.250000  0.200000
   -5.244    2.907    5.107    5.415    8.199    9.086    9.477   11.698
            0.160000  0.250000  0.210000
   -5.227    2.846    5.075    5.424    8.186    9.114    9.472   11.758
            0.160000  0.250000  0.220000
   -5.209    2.786    5.042    5.430    8.177    9.139    9.469   11.816
            0.160000  0.250000  0.230000
   -5.191    2.726    5.006    5.433    8.172    9.161    9.470   11.870
            0.160000  0.250000  0.240000
   -5.172    2.666    4.969    5.432    8.171    9.179    9.476   11.918
            0.160000  0.250000  0.250000
   -5.152    2.606    4.931    5.427    8.174    9.190    9.488   11.956
            0.160000  0.250000  0.260000
   -5.131    2.546    4.892    5.417    8.180    9.196    9.508   11.981
            0.160000  0.250000  0.270000
   -5.109    2.486    4.852    5.404    8.191    9.196    9.534   11.990
            0.160000  0.250000  0.280000
   -5.087    2.427    4.811    5.387    8.204    9.192    9.565   11.982
            0.160000  0.250000  0.290000
   -5.063    2.368    4.769    5.366    8.220    9.185    9.601   11.958
            0.160000  0.250000  0.300000
   -5.039    2.309    4.727    5.340    8.239    9.176    9.641   11.921
            0.160000  0.250000  0.310000
   -5.014    2.250    4.685    5.312    8.259    9.167    9.683   11.875
            0.160000  0.250000  0.320000
   -4.989    2.192    4.642    5.280    8.280    9.159    9.728   11.822
            0.160000  0.250000  0.330000
   -4.962    2.134    4.599    5.245    8.301    9.152    9.774   11.764
            0.160000  0.250000  0.340000
   -4.935    2.076    4.555    5.207    8.322    9.148    9.822   11.703
            0.160000  0.250000  0.350000
   -4.907    2.019    4.511    5.167    8.341    9.148    9.871   11.639
            0.160000  0.250000  0.360000
   -4.878    1.962    4.466    5.125    8.357    9.153    9.922   11.574
            0.160000  0.250000  0.370000
   -4.849    1.905    4.421    5.081    8.370    9.162    9.974   11.507
            0.160000  0.250000  0.380000
   -4.819    1.849    4.376    5.035    8.379    9.178   10.026   11.441
            0.160000  0.250000  0.390000
   -4.788    1.793    4.330    4.988    8.383    9.199   10.080   11.374
            0.160000  0.250000  0.400000
   -4.756    1.737    4.284    4.939    8.382    9.227   10.135   11.307
            0.160000  0.250000  0.410000
   -4.723    1.681    4.238    4.890    8.376    9.261   10.190   11.241
            0.160000  0.250000  0.420000
   -4.690    1.626    4.191    4.840    8.367    9.300   10.246   11.175
            0.160000  0.250000  0.430000
   -4.656    1.571    4.144    4.790    8.353    9.345   10.303   11.110
            0.160000  0.250000  0.440000
   -4.621    1.517    4.096    4.739    8.336    9.393   10.360   11.046
            0.160000  0.250000  0.450000
   -4.585    1.462    4.048    4.689    8.316    9.446   10.418   10.983
            0.160000  0.250000  0.460000
   -4.549    1.408    3.999    4.638    8.294    9.502   10.475   10.923
            0.160000  0.250000  0.470000
   -4.512    1.354    3.950    4.588    8.270    9.560   10.530   10.867
            0.160000  0.250000  0.480000
   -4.474    1.301    3.901    4.539    8.244    9.621   10.580   10.818
            0.160000  0.250000  0.490000
   -4.436    1.247    3.850    4.490    8.217    9.684   10.613   10.788
            0.160000  0.250000  0.500000
   -4.396    1.194    3.800    4.442    8.189    9.748   10.608   10.798
            0.160000  0.250000  0.510000
   -4.356    1.141    3.748    4.394    8.160    9.814   10.573   10.841
            0.160000  0.250000  0.520000
   -4.316    1.088    3.696    4.348    8.131    9.881   10.526   10.897
            0.160000  0.250000  0.530000
   -4.274    1.035    3.644    4.302    8.101    9.948   10.477   10.960
            0.160000  0.250000  0.540000
   -4.232    0.983    3.592    4.258    8.070   10.015   10.427   11.025
            0.160000  0.250000  0.550000
   -4.190    0.930    3.538    4.215    8.040   10.079   10.381   11.092
            0.160000  0.250000  0.560000
   -4.146    0.878    3.485    4.173    8.009   10.138   10.343   11.161
            0.160000  0.250000  0.570000
   -4.102    0.826    3.431    4.132    7.978   10.174   10.328   11.230
            0.160000  0.250000  0.580000
   -4.058    0.773    3.378    4.092    7.947   10.168   10.357   11.302
            0.160000  0.250000  0.590000
   -4.012    0.721    3.324    4.053    7.917   10.136   10.414   11.374
            0.160000  0.250000  0.600000
   -3.966    0.669    3.270    4.016    7.887   10.095   10.480   11.447
            0.160000  0.250000  0.610000
   -3.920    0.617    3.216    3.980    7.856   10.053   10.551   11.521
            0.160000  0.250000  0.620000
   -3.872    0.564    3.163    3.945    7.827   10.010   10.623   11.596
            0.160000  0.250000  0.630000
   -3.824    0.512    3.110    3.911    7.797    9.967   10.696   11.672
            0.160000  0.250000  0.640000
   -3.776    0.459    3.057    3.878    7.768    9.926   10.770   11.749
            0.160000  0.250000  0.650000
   -3.727    0.407    3.005    3.846    7.740    9.885   10.845   11.827
            0.160000  0.250000  0.660000
   -3.677    0.354    2.953    3.816    7.712    9.845   10.920   11.905
            0.160000  0.250000  0.670000
   -3.627    0.301    2.902    3.786    7.684    9.806   10.996   11.984
            0.160000  0.250000  0.680000
   -3.576    0.248    2.852    3.758    7.657    9.769   11.071   12.064
            0.160000  0.250000  0.690000
   -3.525    0.194    2.802    3.730    7.630    9.733   11.148   12.145
            0.160000  0.250000  0.700000
   -3.473    0.141    2.754    3.704    7.605    9.697   11.224   12.226
            0.160000  0.250000  0.710000
   -3.420    0.087    2.706    3.678    7.579    9.663   11.301   12.308
            0.160000  0.250000  0.720000
   -3.367    0.033    2.660    3.654    7.555    9.631   11.378   12.391
            0.160000  0.250000  0.730000
   -3.314   -0.022    2.615    3.630    7.531    9.599   11.455   12.474
            0.160000  0.250000  0.740000
   -3.260   -0.076    2.571    3.608    7.508    9.569   11.533   12.558
            0.160000  0.250000  0.750000
   -3.206   -0.131    2.528    3.586    7.485    9.540   11.611   12.642
            0.160000  0.250000  0.760000
   -3.151   -0.186    2.487    3.565    7.464    9.512   11.690   12.727
            0.160000  0.250000  0.770000
   -3.096   -0.242    2.447    3.545    7.443    9.485   11.768   12.812
            0.160000  0.250000  0.780000
   -3.041   -0.298    2.408    3.526    7.423    9.459   11.847   12.897
            0.160000  0.250000  0.790000
   -2.985   -0.354    2.371    3.508    7.403    9.435   11.927   12.983
            0.160000  0.250000  0.800000
   -2.929   -0.410    2.335    3.491    7.385    9.411   12.006   13.069
            0.160000  0.250000  0.810000
   -2.872   -0.467    2.301    3.474    7.367    9.389   12.086   13.155
            0.160000  0.250000  0.820000
   -2.816   -0.524    2.269    3.459    7.350    9.368   12.167   13.241
            0.160000  0.250000  0.830000
   -2.759   -0.580    2.238    3.444    7.334    9.349   12.247   13.327
            0.160000  0.250000  0.840000
   -2.702   -0.637    2.209    3.430    7.319    9.330   12.328   13.413
            0.160000  0.250000  0.850000
   -2.645   -0.695    2.182    3.417    7.305    9.312   12.409   13.499
            0.160000  0.250000  0.860000
   -2.588   -0.752    2.156    3.405    7.292    9.296   12.491   13.584
            0.160000  0.250000  0.870000
   -2.531   -0.808    2.132    3.394    7.279    9.281   12.572   13.668
            0.160000  0.250000  0.880000
   -2.475   -0.865    2.110    3.384    7.267    9.267   12.654   13.750
            0.160000  0.250000  0.890000
   -2.418   -0.921    2.089    3.374    7.257    9.254   12.736   13.830
            0.160000  0.250000  0.900000
   -2.363   -0.977    2.070    3.365    7.247    9.242   12.817   13.907
            0.160000  0.250000  0.910000
   -2.308   -1.032    2.053    3.358    7.238    9.232   12.899   13.977
            0.160000  0.250000  0.920000
   -2.254   -1.086    2.038    3.351    7.230    9.222   12.980   14.037
            0.160000  0.250000  0.930000
   -2.202   -1.138    2.025    3.344    7.223    9.214   13.061   14.080
            0.160000  0.250000  0.940000
   -2.152   -1.188    2.013    3.339    7.217    9.206   13.140   14.097
            0.160000  0.250000  0.950000
   -2.106   -1.235    2.003    3.334    7.212    9.200   13.218   14.085
            0.160000  0.250000  0.960000
   -2.063   -1.277    1.995    3.331    7.208    9.195   13.292   14.049
            0.160000  0.250000  0.970000
   -2.026   -1.314    1.989    3.328    7.204    9.191   13.362   14.002
            0.160000  0.250000  0.980000
   -1.998   -1.343    1.984    3.326    7.202    9.189   13.421   13.955
            0.160000  0.250000  0.990000
   -1.979   -1.361    1.981    3.324    7.201    9.187   13.464   13.918
            0.160000  0.250000  1.000000
   -1.973   -1.368    1.981    3.324    7.200    9.186   13.480   13.904
