 &plot nbnd=   8, nks=   101 /
            0.910000  0.050000  0.000000
   -2.398   -1.051    3.147    3.157    6.656    6.973   15.087   15.262
            0.910000  0.050000  0.010000
   -2.398   -1.051    3.135    3.167    6.657    6.976   15.086   15.254
            0.910000  0.050000  0.020000
   -2.398   -1.051    3.117    3.178    6.661    6.986   15.086   15.232
            0.910000  0.050000  0.030000
   -2.397   -1.051    3.096    3.188    6.667    7.002   15.085   15.196
            0.910000  0.050000  0.040000
   -2.395   -1.051    3.074    3.195    6.676    7.023   15.082   15.148
            0.910000  0.050000  0.050000
   -2.393   -1.050    3.050    3.199    6.688    7.050   15.068   15.100
            0.910000  0.050000  0.060000
   -2.391   -1.050    3.025    3.201    6.703    7.083   15.008   15.087
            0.910000  0.050000  0.070000
   -2.388   -1.050    2.998    3.201    6.721    7.120   14.929   15.084
            0.910000  0.050000  0.080000
   -2.385   -1.050    2.969    3.199    6.744    7.162   14.841   15.081
            0.910000  0.050000  0.090000
   -2.382   -1.050    2.940    3.194    6.769    7.208   14.747   15.078
            0.910000  0.050000  0.100000
   -2.378   -1.049    2.910    3.187    6.799    7.258   14.647   15.075
            0.910000  0.050000  0.110000
   -2.373   -1.049    2.879    3.177    6.832    7.311   14.543   15.070
            0.910000  0.050000  0.120000
   -2.369   -1.049    2.847    3.166    6.869    7.368   14.434   15.065
            0.910000  0.050000  0.130000
   -2.364   -1.049    2.815    3.153    6.910    7.428   14.323   15.058
            0.910000  0.050000  0.140000
   -2.358   -1.049    2.782    3.138    6.954    7.491   14.208   15.049
            0.910000  0.050000  0.150000
   -2.352   -1.048    2.749    3.122    7.002    7.557   14.092   15.037
            0.910000  0.050000  0.160000
   -2.346   -1.048    2.716    3.104    7.053    7.625   13.974   15.022
            0.910000  0.050000  0.170000
   -2.340   -1.049    2.682    3.085    7.108    7.696   13.854   15.001
            0.910000  0.050000  0.180000
   -2.333   -1.049    2.649    3.065    7.165    7.770   13.733   14.972
            0.910000  0.050000  0.190000
   -2.326   -1.049    2.616    3.044    7.226    7.846   13.611   14.934
            0.910000  0.050000  0.200000
   -2.319   -1.049    2.583    3.023    7.290    7.924   13.488   14.882
            0.910000  0.050000  0.210000
   -2.311   -1.050    2.550    3.000    7.356    8.003   13.364   14.815
            0.910000  0.050000  0.220000
   -2.303   -1.050    2.518    2.978    7.425    8.085   13.240   14.733
            0.910000  0.050000  0.230000
   -2.295   -1.051    2.486    2.955    7.497    8.169   13.115   14.639
            0.910000  0.050000  0.240000
   -2.287   -1.052    2.455    2.932    7.571    8.254   12.991   14.535
            0.910000  0.050000  0.250000
   -2.278   -1.053    2.424    2.909    7.648    8.342   12.866   14.423
            0.910000  0.050000  0.260000
   -2.269   -1.055    2.394    2.886    7.727    8.430   12.741   14.307
            0.910000  0.050000  0.270000
   -2.260   -1.056    2.365    2.863    7.807    8.521   12.617   14.188
            0.910000  0.050000  0.280000
   -2.251   -1.058    2.336    2.841    7.890    8.612   12.492   14.066
            0.910000  0.050000  0.290000
   -2.242   -1.060    2.308    2.819    7.975    8.705   12.368   13.942
            0.910000  0.050000  0.300000
   -2.233   -1.062    2.281    2.798    8.062    8.800   12.244   13.818
            0.910000  0.050000  0.310000
   -2.223   -1.065    2.255    2.777    8.150    8.895   12.120   13.693
            0.910000  0.050000  0.320000
   -2.214   -1.067    2.230    2.757    8.241    8.992   11.997   13.567
            0.910000  0.050000  0.330000
   -2.204   -1.070    2.205    2.738    8.332    9.090   11.875   13.441
            0.910000  0.050000  0.340000
   -2.194   -1.073    2.182    2.721    8.426    9.189   11.753   13.316
            0.910000  0.050000  0.350000
   -2.185   -1.077    2.159    2.704    8.520    9.288   11.632   13.190
            0.910000  0.050000  0.360000
   -2.175   -1.081    2.137    2.688    8.616    9.388   11.513   13.065
            0.910000  0.050000  0.370000
   -2.166   -1.085    2.117    2.674    8.714    9.489   11.394   12.940
            0.910000  0.050000  0.380000
   -2.156   -1.089    2.097    2.660    8.812    9.590   11.277   12.815
            0.910000  0.050000  0.390000
   -2.147   -1.093    2.078    2.649    8.912    9.690   11.162   12.691
            0.910000  0.050000  0.400000
   -2.138   -1.098    2.061    2.638    9.012    9.790   11.050   12.568
            0.910000  0.050000  0.410000
   -2.129   -1.103    2.044    2.629    9.114    9.887   10.943   12.446
            0.910000  0.050000  0.420000
   -2.120   -1.108    2.029    2.621    9.215    9.979   10.841   12.325
            0.910000  0.050000  0.430000
   -2.112   -1.113    2.015    2.615    9.317   10.062   10.751   12.205
            0.910000  0.050000  0.440000
   -2.103   -1.119    2.002    2.610    9.419   10.127   10.681   12.086
            0.910000  0.050000  0.450000
   -2.095   -1.125    1.990    2.607    9.520   10.158   10.649   11.969
            0.910000  0.050000  0.460000
   -2.088   -1.130    1.979    2.605    9.617   10.146   10.664   11.854
            0.910000  0.050000  0.470000
   -2.080   -1.137    1.969    2.605    9.705   10.102   10.720   11.742
            0.910000  0.050000  0.480000
   -2.073   -1.143    1.961    2.606    9.769   10.061   10.796   11.635
            0.910000  0.050000  0.490000
   -2.066   -1.149    1.954    2.609    9.772   10.069   10.880   11.536
            0.910000  0.050000  0.500000
   -2.060   -1.155    1.948    2.613    9.715   10.130   10.960   11.451
            0.910000  0.050000  0.510000
   -2.054   -1.162    1.943    2.619    9.630   10.213   11.018   11.398
            0.910000  0.050000  0.520000
   -2.049   -1.168    1.940    2.626    9.534   10.298   11.030   11.402
            0.910000  0.050000  0.530000
   -2.044   -1.175    1.938    2.634    9.435   10.376   11.001   11.462
            0.910000  0.050000  0.540000
   -2.039   -1.181    1.937    2.644    9.333   10.431   10.970   11.552
            0.910000  0.050000  0.550000
   -2.035   -1.188    1.938    2.655    9.232   10.449   10.967   11.656
            0.910000  0.050000  0.560000
   -2.032   -1.194    1.940    2.667    9.130   10.421   11.006   11.767
            0.910000  0.050000  0.570000
   -2.028   -1.201    1.944    2.681    9.028   10.358   11.078   11.881
            0.910000  0.050000  0.580000
   -2.026   -1.207    1.949    2.695    8.927   10.277   11.170   11.999
            0.910000  0.050000  0.590000
   -2.024   -1.213    1.955    2.711    8.827   10.185   11.273   12.118
            0.910000  0.050000  0.600000
   -2.022   -1.220    1.963    2.728    8.728   10.088   11.382   12.238
            0.910000  0.050000  0.610000
   -2.021   -1.226    1.972    2.746    8.630    9.988   11.495   12.360
            0.910000  0.050000  0.620000
   -2.020   -1.232    1.982    2.764    8.534    9.887   11.611   12.483
            0.910000  0.050000  0.630000
   -2.019   -1.238    1.994    2.784    8.439    9.785   11.729   12.606
            0.910000  0.050000  0.640000
   -2.020   -1.244    2.008    2.804    8.345    9.683   11.848   12.730
            0.910000  0.050000  0.650000
   -2.020   -1.250    2.022    2.825    8.253    9.581   11.969   12.855
            0.910000  0.050000  0.660000
   -2.021   -1.255    2.039    2.846    8.162    9.480   12.090   12.980
            0.910000  0.050000  0.670000
   -2.022   -1.261    2.056    2.868    8.073    9.379   12.213   13.106
            0.910000  0.050000  0.680000
   -2.024   -1.266    2.075    2.890    7.986    9.279   12.336   13.232
            0.910000  0.050000  0.690000
   -2.026   -1.272    2.095    2.913    7.902    9.179   12.460   13.358
            0.910000  0.050000  0.700000
   -2.028   -1.277    2.117    2.936    7.819    9.081   12.584   13.484
            0.910000  0.050000  0.710000
   -2.030   -1.282    2.139    2.959    7.738    8.984   12.709   13.609
            0.910000  0.050000  0.720000
   -2.033   -1.287    2.163    2.981    7.659    8.887   12.834   13.735
            0.910000  0.050000  0.730000
   -2.036   -1.291    2.188    3.004    7.583    8.792   12.959   13.859
            0.910000  0.050000  0.740000
   -2.039   -1.296    2.215    3.026    7.510    8.698   13.084   13.983
            0.910000  0.050000  0.750000
   -2.042   -1.301    2.242    3.048    7.439    8.606   13.209   14.105
            0.910000  0.050000  0.760000
   -2.045   -1.305    2.271    3.069    7.371    8.514   13.334   14.226
            0.910000  0.050000  0.770000
   -2.049   -1.309    2.300    3.090    7.305    8.425   13.459   14.343
            0.910000  0.050000  0.780000
   -2.052   -1.313    2.331    3.109    7.243    8.336   13.583   14.457
            0.910000  0.050000  0.790000
   -2.056   -1.317    2.362    3.128    7.184    8.249   13.707   14.565
            0.910000  0.050000  0.800000
   -2.059   -1.321    2.394    3.145    7.129    8.164   13.830   14.666
            0.910000  0.050000  0.810000
   -2.063   -1.324    2.427    3.161    7.076    8.080   13.952   14.757
            0.910000  0.050000  0.820000
   -2.066   -1.328    2.461    3.176    7.028    7.998   14.074   14.835
            0.910000  0.050000  0.830000
   -2.070   -1.331    2.495    3.189    6.983    7.918   14.193   14.899
            0.910000  0.050000  0.840000
   -2.073   -1.334    2.530    3.200    6.942    7.840   14.311   14.950
            0.910000  0.050000  0.850000
   -2.076   -1.337    2.565    3.209    6.906    7.764   14.427   14.989
            0.910000  0.050000  0.860000
   -2.080   -1.340    2.600    3.216    6.873    7.690   14.540   15.019
            0.910000  0.050000  0.870000
   -2.083   -1.343    2.636    3.220    6.845    7.618   14.649   15.043
            0.910000  0.050000  0.880000
   -2.085   -1.345    2.672    3.223    6.821    7.548   14.754   15.062
            0.910000  0.050000  0.890000
   -2.088   -1.347    2.707    3.223    6.802    7.481   14.851   15.081
            0.910000  0.050000  0.900000
   -2.091   -1.350    2.743    3.221    6.787    7.416   14.938   15.103
            0.910000  0.050000  0.910000
   -2.093   -1.351    2.779    3.216    6.776    7.354   15.005   15.137
            0.910000  0.050000  0.920000
   -2.095   -1.353    2.814    3.208    6.770    7.295   15.043   15.190
            0.910000  0.050000  0.930000
   -2.097   -1.355    2.848    3.199    6.768    7.239   15.063   15.254
            0.910000  0.050000  0.940000
   -2.098   -1.356    2.882    3.186    6.770    7.186   15.073   15.316
            0.910000  0.050000  0.950000
   -2.100   -1.357    2.916    3.172    6.776    7.137   15.080   15.371
            0.910000  0.050000  0.960000
   -2.101   -1.358    2.948    3.155    6.786    7.093   15.085   15.418
            0.910000  0.050000  0.970000
   -2.102   -1.359    2.979    3.135    6.797    7.054   15.088   15.455
            0.910000  0.050000  0.980000
   -2.102   -1.359    3.008    3.114    6.810    7.022   15.090   15.481
            0.910000  0.050000  0.990000
   -2.103   -1.360    3.036    3.092    6.820    7.001   15.091   15.497
            0.910000  0.050000  1.000000
   -2.103   -1.360    3.056    3.074    6.824    6.993   15.091   15.502
