 &plot nbnd=   8, nks=   101 /
            0.180000  0.770000  0.000000
   -3.231    0.006    2.922    3.230    7.319    8.030   12.556   13.979
            0.180000  0.770000  0.010000
   -3.231    0.005    2.918    3.234    7.316    8.035   12.556   13.972
            0.180000  0.770000  0.020000
   -3.230    0.004    2.908    3.244    7.309    8.050   12.557   13.951
            0.180000  0.770000  0.030000
   -3.229    0.001    2.893    3.259    7.298    8.075   12.557   13.917
            0.180000  0.770000  0.040000
   -3.227   -0.002    2.873    3.278    7.283    8.108   12.557   13.872
            0.180000  0.770000  0.050000
   -3.225   -0.007    2.851    3.300    7.267    8.148   12.558   13.815
            0.180000  0.770000  0.060000
   -3.222   -0.012    2.826    3.324    7.250    8.195   12.558   13.750
            0.180000  0.770000  0.070000
   -3.219   -0.019    2.801    3.348    7.233    8.247   12.559   13.676
            0.180000  0.770000  0.080000
   -3.215   -0.026    2.776    3.372    7.217    8.304   12.559   13.596
            0.180000  0.770000  0.090000
   -3.211   -0.035    2.750    3.396    7.202    8.364   12.560   13.510
            0.180000  0.770000  0.100000
   -3.206   -0.044    2.724    3.420    7.190    8.429   12.561   13.418
            0.180000  0.770000  0.110000
   -3.201   -0.054    2.698    3.442    7.180    8.496   12.561   13.323
            0.180000  0.770000  0.120000
   -3.195   -0.066    2.674    3.464    7.173    8.566   12.562   13.225
            0.180000  0.770000  0.130000
   -3.189   -0.078    2.649    3.484    7.169    8.639   12.562   13.124
            0.180000  0.770000  0.140000
   -3.183   -0.091    2.626    3.503    7.168    8.714   12.561   13.022
            0.180000  0.770000  0.150000
   -3.176   -0.104    2.603    3.520    7.171    8.792   12.560   12.919
            0.180000  0.770000  0.160000
   -3.168   -0.119    2.581    3.536    7.178    8.871   12.555   12.817
            0.180000  0.770000  0.170000
   -3.160   -0.134    2.560    3.550    7.189    8.952   12.542   12.721
            0.180000  0.770000  0.180000
   -3.152   -0.150    2.540    3.562    7.203    9.035   12.506   12.649
            0.180000  0.770000  0.190000
   -3.144   -0.167    2.521    3.573    7.222    9.120   12.429   12.615
            0.180000  0.770000  0.200000
   -3.135   -0.185    2.503    3.581    7.244    9.206   12.330   12.604
            0.180000  0.770000  0.210000
   -3.125   -0.203    2.486    3.588    7.271    9.294   12.223   12.600
            0.180000  0.770000  0.220000
   -3.116   -0.221    2.470    3.593    7.301    9.383   12.112   12.598
            0.180000  0.770000  0.230000
   -3.106   -0.240    2.455    3.597    7.336    9.474   12.000   12.598
            0.180000  0.770000  0.240000
   -3.095   -0.259    2.440    3.599    7.374    9.566   11.888   12.598
            0.180000  0.770000  0.250000
   -3.085   -0.279    2.427    3.600    7.417    9.659   11.775   12.599
            0.180000  0.770000  0.260000
   -3.074   -0.299    2.414    3.600    7.463    9.753   11.661   12.600
            0.180000  0.770000  0.270000
   -3.063   -0.320    2.403    3.598    7.512    9.847   11.548   12.601
            0.180000  0.770000  0.280000
   -3.052   -0.340    2.392    3.595    7.565    9.943   11.436   12.602
            0.180000  0.770000  0.290000
   -3.040   -0.361    2.381    3.592    7.621   10.039   11.324   12.603
            0.180000  0.770000  0.300000
   -3.028   -0.382    2.371    3.587    7.681   10.135   11.214   12.604
            0.180000  0.770000  0.310000
   -3.017   -0.403    2.362    3.583    7.744   10.229   11.106   12.605
            0.180000  0.770000  0.320000
   -3.005   -0.423    2.353    3.577    7.809   10.322   11.002   12.606
            0.180000  0.770000  0.330000
   -2.993   -0.444    2.345    3.572    7.878   10.406   10.907   12.607
            0.180000  0.770000  0.340000
   -2.981   -0.464    2.337    3.566    7.949   10.469   10.834   12.607
            0.180000  0.770000  0.350000
   -2.969   -0.484    2.330    3.561    8.023   10.482   10.814   12.608
            0.180000  0.770000  0.360000
   -2.957   -0.504    2.322    3.555    8.100   10.432   10.858   12.608
            0.180000  0.770000  0.370000
   -2.945   -0.523    2.315    3.550    8.178   10.347   10.938   12.609
            0.180000  0.770000  0.380000
   -2.933   -0.542    2.308    3.545    8.259   10.250   11.033   12.609
            0.180000  0.770000  0.390000
   -2.921   -0.560    2.301    3.541    8.343   10.147   11.134   12.609
            0.180000  0.770000  0.400000
   -2.910   -0.578    2.294    3.537    8.428   10.043   11.238   12.608
            0.180000  0.770000  0.410000
   -2.899   -0.595    2.288    3.534    8.515    9.938   11.344   12.608
            0.180000  0.770000  0.420000
   -2.888   -0.611    2.281    3.532    8.604    9.833   11.452   12.607
            0.180000  0.770000  0.430000
   -2.877   -0.627    2.274    3.530    8.695    9.728   11.562   12.607
            0.180000  0.770000  0.440000
   -2.866   -0.642    2.267    3.529    8.787    9.624   11.672   12.606
            0.180000  0.770000  0.450000
   -2.856   -0.655    2.259    3.530    8.881    9.521   11.782   12.605
            0.180000  0.770000  0.460000
   -2.846   -0.668    2.252    3.531    8.977    9.418   11.892   12.605
            0.180000  0.770000  0.470000
   -2.837   -0.680    2.245    3.533    9.074    9.317   12.002   12.605
            0.180000  0.770000  0.480000
   -2.828   -0.691    2.238    3.535    9.167    9.221   12.109   12.605
            0.180000  0.770000  0.490000
   -2.820   -0.701    2.230    3.539    9.115    9.275   12.213   12.607
            0.180000  0.770000  0.500000
   -2.812   -0.710    2.223    3.544    9.018    9.375   12.306   12.609
            0.180000  0.770000  0.510000
   -2.805   -0.718    2.215    3.549    8.922    9.477   12.377   12.602
            0.180000  0.770000  0.520000
   -2.798   -0.724    2.208    3.555    8.827    9.580   12.400   12.574
            0.180000  0.770000  0.530000
   -2.792   -0.730    2.200    3.562    8.734    9.684   12.354   12.554
            0.180000  0.770000  0.540000
   -2.786   -0.734    2.193    3.569    8.642    9.789   12.266   12.550
            0.180000  0.770000  0.550000
   -2.781   -0.737    2.186    3.577    8.552    9.895   12.163   12.548
            0.180000  0.770000  0.560000
   -2.777   -0.739    2.179    3.585    8.465   10.001   12.056   12.546
            0.180000  0.770000  0.570000
   -2.773   -0.740    2.173    3.593    8.379   10.108   11.948   12.543
            0.180000  0.770000  0.580000
   -2.770   -0.740    2.167    3.602    8.295   10.216   11.840   12.540
            0.180000  0.770000  0.590000
   -2.768   -0.739    2.161    3.610    8.213   10.323   11.732   12.536
            0.180000  0.770000  0.600000
   -2.766   -0.736    2.156    3.619    8.134   10.430   11.626   12.532
            0.180000  0.770000  0.610000
   -2.765   -0.733    2.151    3.627    8.058   10.536   11.522   12.527
            0.180000  0.770000  0.620000
   -2.764   -0.728    2.147    3.635    7.984   10.638   11.422   12.522
            0.180000  0.770000  0.630000
   -2.764   -0.723    2.143    3.642    7.912   10.734   11.330   12.517
            0.180000  0.770000  0.640000
   -2.764   -0.716    2.141    3.649    7.844   10.814   11.256   12.512
            0.180000  0.770000  0.650000
   -2.765   -0.709    2.139    3.655    7.778   10.855   11.222   12.507
            0.180000  0.770000  0.660000
   -2.766   -0.701    2.137    3.661    7.716   10.835   11.251   12.502
            0.180000  0.770000  0.670000
   -2.768   -0.692    2.137    3.665    7.657   10.769   11.325   12.496
            0.180000  0.770000  0.680000
   -2.770   -0.683    2.138    3.667    7.601   10.684   11.421   12.490
            0.180000  0.770000  0.690000
   -2.773   -0.673    2.140    3.669    7.549   10.591   11.526   12.485
            0.180000  0.770000  0.700000
   -2.776   -0.663    2.142    3.669    7.501   10.495   11.635   12.479
            0.180000  0.770000  0.710000
   -2.779   -0.652    2.146    3.667    7.457   10.398   11.747   12.474
            0.180000  0.770000  0.720000
   -2.783   -0.640    2.151    3.664    7.416   10.300   11.860   12.468
            0.180000  0.770000  0.730000
   -2.787   -0.629    2.157    3.659    7.379   10.202   11.974   12.463
            0.180000  0.770000  0.740000
   -2.790   -0.617    2.165    3.652    7.347   10.104   12.088   12.458
            0.180000  0.770000  0.750000
   -2.795   -0.605    2.173    3.642    7.319   10.008   12.202   12.454
            0.180000  0.770000  0.760000
   -2.799   -0.593    2.183    3.631    7.295    9.912   12.313   12.453
            0.180000  0.770000  0.770000
   -2.803   -0.580    2.194    3.618    7.275    9.817   12.403   12.473
            0.180000  0.770000  0.780000
   -2.807   -0.568    2.206    3.602    7.260    9.723   12.424   12.562
            0.180000  0.770000  0.790000
   -2.812   -0.556    2.220    3.585    7.249    9.630   12.423   12.673
            0.180000  0.770000  0.800000
   -2.816   -0.545    2.235    3.565    7.242    9.538   12.420   12.786
            0.180000  0.770000  0.810000
   -2.821   -0.533    2.252    3.544    7.239    9.447   12.416   12.900
            0.180000  0.770000  0.820000
   -2.825   -0.522    2.269    3.520    7.241    9.358   12.411   13.013
            0.180000  0.770000  0.830000
   -2.829   -0.511    2.288    3.495    7.247    9.270   12.407   13.125
            0.180000  0.770000  0.840000
   -2.833   -0.500    2.308    3.468    7.256    9.183   12.403   13.236
            0.180000  0.770000  0.850000
   -2.837   -0.490    2.330    3.439    7.269    9.098   12.399   13.346
            0.180000  0.770000  0.860000
   -2.841   -0.480    2.353    3.409    7.286    9.014   12.395   13.455
            0.180000  0.770000  0.870000
   -2.845   -0.471    2.376    3.378    7.306    8.932   12.392   13.561
            0.180000  0.770000  0.880000
   -2.848   -0.462    2.401    3.346    7.330    8.852   12.388   13.665
            0.180000  0.770000  0.890000
   -2.851   -0.454    2.427    3.313    7.357    8.773   12.385   13.766
            0.180000  0.770000  0.900000
   -2.854   -0.447    2.453    3.279    7.386    8.697   12.382   13.863
            0.180000  0.770000  0.910000
   -2.857   -0.440    2.481    3.245    7.418    8.623   12.380   13.957
            0.180000  0.770000  0.920000
   -2.860   -0.434    2.508    3.211    7.452    8.552   12.377   14.046
            0.180000  0.770000  0.930000
   -2.862   -0.429    2.536    3.178    7.487    8.484   12.375   14.128
            0.180000  0.770000  0.940000
   -2.864   -0.424    2.563    3.146    7.523    8.419   12.373   14.204
            0.180000  0.770000  0.950000
   -2.865   -0.420    2.589    3.115    7.559    8.359   12.372   14.271
            0.180000  0.770000  0.960000
   -2.867   -0.417    2.613    3.087    7.595    8.304   12.370   14.329
            0.180000  0.770000  0.970000
   -2.868   -0.414    2.635    3.062    7.626    8.257   12.369   14.376
            0.180000  0.770000  0.980000
   -2.869   -0.412    2.652    3.042    7.653    8.220   12.369   14.411
            0.180000  0.770000  0.990000
   -2.869   -0.411    2.664    3.030    7.671    8.196   12.368   14.432
            0.180000  0.770000  1.000000
   -2.869   -0.411    2.668    3.025    7.677    8.187   12.368   14.439
