 &plot nbnd=   8, nks=   101 /
            0.920000  0.450000  0.000000
   -2.007   -1.201    2.038    2.495    9.824    9.908   10.622   11.867
            0.920000  0.450000  0.010000
   -2.009   -1.200    2.036    2.499    9.785    9.946   10.624   11.868
            0.920000  0.450000  0.020000
   -2.014   -1.195    2.030    2.509    9.721   10.006   10.632   11.870
            0.920000  0.450000  0.030000
   -2.023   -1.189    2.022    2.525    9.653   10.067   10.645   11.872
            0.920000  0.450000  0.040000
   -2.034   -1.179    2.011    2.547    9.584   10.126   10.664   11.876
            0.920000  0.450000  0.050000
   -2.049   -1.167    1.998    2.573    9.516   10.181   10.690   11.880
            0.920000  0.450000  0.060000
   -2.066   -1.154    1.984    2.604    9.447   10.230   10.724   11.886
            0.920000  0.450000  0.070000
   -2.086   -1.138    1.969    2.638    9.379   10.273   10.766   11.893
            0.920000  0.450000  0.080000
   -2.108   -1.120    1.955    2.675    9.312   10.310   10.816   11.901
            0.920000  0.450000  0.090000
   -2.133   -1.101    1.940    2.715    9.245   10.341   10.873   11.910
            0.920000  0.450000  0.100000
   -2.159   -1.081    1.927    2.757    9.179   10.367   10.937   11.920
            0.920000  0.450000  0.110000
   -2.186   -1.060    1.914    2.800    9.115   10.390   11.006   11.932
            0.920000  0.450000  0.120000
   -2.215   -1.037    1.901    2.846    9.052   10.409   11.079   11.944
            0.920000  0.450000  0.130000
   -2.245   -1.014    1.890    2.893    8.989   10.427   11.156   11.959
            0.920000  0.450000  0.140000
   -2.277   -0.990    1.880    2.942    8.928   10.443   11.235   11.974
            0.920000  0.450000  0.150000
   -2.309   -0.965    1.871    2.992    8.869   10.458   11.316   11.991
            0.920000  0.450000  0.160000
   -2.343   -0.940    1.864    3.043    8.811   10.472   11.397   12.010
            0.920000  0.450000  0.170000
   -2.377   -0.914    1.857    3.095    8.754   10.487   11.480   12.031
            0.920000  0.450000  0.180000
   -2.412   -0.887    1.852    3.147    8.699   10.500   11.562   12.054
            0.920000  0.450000  0.190000
   -2.448   -0.860    1.849    3.201    8.645   10.514   11.643   12.081
            0.920000  0.450000  0.200000
   -2.484   -0.832    1.846    3.255    8.594   10.528   11.722   12.112
            0.920000  0.450000  0.210000
   -2.520   -0.804    1.845    3.309    8.544   10.542   11.797   12.148
            0.920000  0.450000  0.220000
   -2.557   -0.776    1.845    3.364    8.495   10.556   11.867   12.191
            0.920000  0.450000  0.230000
   -2.595   -0.747    1.847    3.419    8.449   10.571   11.930   12.243
            0.920000  0.450000  0.240000
   -2.632   -0.718    1.850    3.474    8.405   10.585   11.984   12.302
            0.920000  0.450000  0.250000
   -2.670   -0.688    1.854    3.529    8.363   10.600   12.031   12.370
            0.920000  0.450000  0.260000
   -2.709   -0.658    1.859    3.584    8.323   10.615   12.071   12.441
            0.920000  0.450000  0.270000
   -2.747   -0.628    1.866    3.639    8.286   10.631   12.107   12.513
            0.920000  0.450000  0.280000
   -2.785   -0.597    1.874    3.693    8.251   10.647   12.139   12.574
            0.920000  0.450000  0.290000
   -2.824   -0.566    1.883    3.747    8.218   10.663   12.168   12.604
            0.920000  0.450000  0.300000
   -2.863   -0.535    1.893    3.799    8.189   10.680   12.191   12.583
            0.920000  0.450000  0.310000
   -2.901   -0.503    1.905    3.851    8.162   10.696   12.206   12.526
            0.920000  0.450000  0.320000
   -2.940   -0.470    1.918    3.902    8.137   10.713   12.204   12.468
            0.920000  0.450000  0.330000
   -2.978   -0.438    1.932    3.952    8.116   10.731   12.169   12.434
            0.920000  0.450000  0.340000
   -3.017   -0.405    1.947    4.000    8.098   10.748   12.101   12.431
            0.920000  0.450000  0.350000
   -3.055   -0.371    1.963    4.047    8.084   10.766   12.013   12.446
            0.920000  0.450000  0.360000
   -3.093   -0.337    1.980    4.092    8.072   10.784   11.915   12.470
            0.920000  0.450000  0.370000
   -3.131   -0.303    1.999    4.135    8.064   10.803   11.814   12.499
            0.920000  0.450000  0.380000
   -3.169   -0.268    2.018    4.176    8.060   10.821   11.710   12.530
            0.920000  0.450000  0.390000
   -3.207   -0.233    2.038    4.215    8.059   10.840   11.604   12.563
            0.920000  0.450000  0.400000
   -3.244   -0.198    2.060    4.252    8.062   10.858   11.499   12.597
            0.920000  0.450000  0.410000
   -3.281   -0.162    2.082    4.287    8.069   10.877   11.393   12.630
            0.920000  0.450000  0.420000
   -3.318   -0.125    2.106    4.319    8.080   10.894   11.288   12.663
            0.920000  0.450000  0.430000
   -3.354   -0.088    2.130    4.349    8.095   10.910   11.186   12.692
            0.920000  0.450000  0.440000
   -3.390   -0.051    2.156    4.376    8.114   10.920   11.089   12.709
            0.920000  0.450000  0.450000
   -3.426   -0.014    2.182    4.401    8.137   10.905   11.018   12.695
            0.920000  0.450000  0.460000
   -3.461    0.024    2.209    4.423    8.164   10.834   11.004   12.635
            0.920000  0.450000  0.470000
   -3.496    0.063    2.237    4.442    8.194   10.738   11.014   12.545
            0.920000  0.450000  0.480000
   -3.530    0.101    2.266    4.459    8.229   10.638   11.030   12.444
            0.920000  0.450000  0.490000
   -3.564    0.141    2.295    4.473    8.267   10.536   11.048   12.339
            0.920000  0.450000  0.500000
   -3.598    0.180    2.326    4.485    8.309   10.434   11.066   12.234
            0.920000  0.450000  0.510000
   -3.631    0.220    2.357    4.494    8.355   10.332   11.084   12.128
            0.920000  0.450000  0.520000
   -3.663    0.260    2.389    4.501    8.404   10.231   11.102   12.023
            0.920000  0.450000  0.530000
   -3.696    0.301    2.422    4.505    8.457   10.130   11.119   11.920
            0.920000  0.450000  0.540000
   -3.727    0.342    2.455    4.507    8.512   10.031   11.135   11.819
            0.920000  0.450000  0.550000
   -3.758    0.383    2.489    4.508    8.570    9.932   11.149   11.721
            0.920000  0.450000  0.560000
   -3.789    0.425    2.524    4.506    8.632    9.834   11.159   11.627
            0.920000  0.450000  0.570000
   -3.819    0.466    2.559    4.502    8.695    9.738   11.163   11.540
            0.920000  0.450000  0.580000
   -3.848    0.509    2.595    4.497    8.761    9.643   11.155   11.467
            0.920000  0.450000  0.590000
   -3.877    0.551    2.632    4.490    8.828    9.550   11.127   11.414
            0.920000  0.450000  0.600000
   -3.905    0.594    2.669    4.482    8.896    9.460   11.075   11.387
            0.920000  0.450000  0.610000
   -3.933    0.637    2.706    4.472    8.962    9.375   11.005   11.379
            0.920000  0.450000  0.620000
   -3.960    0.680    2.744    4.460    9.019    9.302   10.925   11.382
            0.920000  0.450000  0.630000
   -3.987    0.723    2.783    4.448    9.046    9.262   10.839   11.392
            0.920000  0.450000  0.640000
   -4.013    0.766    2.822    4.435    9.015    9.282   10.752   11.404
            0.920000  0.450000  0.650000
   -4.038    0.810    2.861    4.420    8.948    9.341   10.665   11.419
            0.920000  0.450000  0.660000
   -4.063    0.853    2.900    4.405    8.870    9.414   10.577   11.434
            0.920000  0.450000  0.670000
   -4.086    0.897    2.940    4.388    8.789    9.493   10.491   11.450
            0.920000  0.450000  0.680000
   -4.110    0.941    2.980    4.371    8.707    9.574   10.407   11.467
            0.920000  0.450000  0.690000
   -4.133    0.984    3.020    4.354    8.625    9.656   10.324   11.483
            0.920000  0.450000  0.700000
   -4.155    1.028    3.060    4.335    8.544    9.738   10.246   11.499
            0.920000  0.450000  0.710000
   -4.176    1.071    3.100    4.316    8.464    9.817   10.173   11.516
            0.920000  0.450000  0.720000
   -4.197    1.115    3.140    4.297    8.386    9.883   10.116   11.532
            0.920000  0.450000  0.730000
   -4.217    1.158    3.180    4.278    8.309    9.905   10.105   11.547
            0.920000  0.450000  0.740000
   -4.236    1.200    3.220    4.258    8.234    9.869   10.155   11.563
            0.920000  0.450000  0.750000
   -4.255    1.243    3.260    4.237    8.160    9.808   10.231   11.578
            0.920000  0.450000  0.760000
   -4.272    1.285    3.300    4.217    8.088    9.742   10.316   11.593
            0.920000  0.450000  0.770000
   -4.290    1.327    3.339    4.196    8.018    9.675   10.403   11.607
            0.920000  0.450000  0.780000
   -4.306    1.368    3.377    4.176    7.949    9.609   10.492   11.621
            0.920000  0.450000  0.790000
   -4.322    1.408    3.415    4.155    7.883    9.544   10.582   11.634
            0.920000  0.450000  0.800000
   -4.337    1.448    3.453    4.135    7.819    9.481   10.671   11.648
            0.920000  0.450000  0.810000
   -4.352    1.487    3.489    4.115    7.757    9.420   10.761   11.660
            0.920000  0.450000  0.820000
   -4.365    1.525    3.525    4.095    7.697    9.362   10.849   11.673
            0.920000  0.450000  0.830000
   -4.378    1.562    3.559    4.075    7.639    9.306   10.937   11.685
            0.920000  0.450000  0.840000
   -4.390    1.598    3.593    4.057    7.584    9.253   11.023   11.697
            0.920000  0.450000  0.850000
   -4.402    1.633    3.624    4.038    7.532    9.202   11.108   11.708
            0.920000  0.450000  0.860000
   -4.413    1.666    3.655    4.021    7.482    9.154   11.190   11.720
            0.920000  0.450000  0.870000
   -4.423    1.698    3.683    4.005    7.435    9.109   11.270   11.732
            0.920000  0.450000  0.880000
   -4.432    1.729    3.709    3.990    7.391    9.067   11.346   11.744
            0.920000  0.450000  0.890000
   -4.441    1.757    3.733    3.977    7.350    9.028   11.418   11.757
            0.920000  0.450000  0.900000
   -4.448    1.784    3.754    3.966    7.312    8.992   11.484   11.772
            0.920000  0.450000  0.910000
   -4.456    1.809    3.771    3.957    7.277    8.959   11.543   11.790
            0.920000  0.450000  0.920000
   -4.462    1.832    3.785    3.951    7.245    8.930   11.593   11.812
            0.920000  0.450000  0.930000
   -4.468    1.852    3.795    3.948    7.217    8.904   11.633   11.838
            0.920000  0.450000  0.940000
   -4.472    1.870    3.801    3.948    7.193    8.881   11.662   11.869
            0.920000  0.450000  0.950000
   -4.477    1.886    3.804    3.950    7.172    8.862   11.682   11.900
            0.920000  0.450000  0.960000
   -4.480    1.898    3.805    3.953    7.154    8.846   11.696   11.931
            0.920000  0.450000  0.970000
   -4.482    1.908    3.805    3.956    7.141    8.833   11.706   11.956
            0.920000  0.450000  0.980000
   -4.484    1.916    3.804    3.959    7.131    8.825   11.712   11.976
            0.920000  0.450000  0.990000
   -4.485    1.920    3.804    3.961    7.125    8.819   11.715   11.989
            0.920000  0.450000  1.000000
   -4.486    1.921    3.804    3.962    7.123    8.818   11.716   11.993
