 &plot nbnd=   8, nks=   101 /
            0.420000  0.300000 -1.000000
   -2.756   -0.571    1.717    3.799    7.945   11.360   12.171   12.410
            0.420000  0.300000 -0.980000
   -2.757   -0.574    1.726    3.800    7.946   11.330   12.199   12.412
            0.420000  0.300000 -0.960000
   -2.763   -0.582    1.750    3.805    7.951   11.249   12.267   12.419
            0.420000  0.300000 -0.940000
   -2.773   -0.595    1.790    3.812    7.960   11.137   12.338   12.435
            0.420000  0.300000 -0.920000
   -2.786   -0.612    1.845    3.822    7.971   11.010   12.368   12.456
            0.420000  0.300000 -0.900000
   -2.804   -0.632    1.912    3.835    7.986   10.876   12.331   12.463
            0.420000  0.300000 -0.880000
   -2.826   -0.652    1.992    3.851    8.004   10.738   12.231   12.474
            0.420000  0.300000 -0.860000
   -2.852   -0.671    2.081    3.870    8.025   10.598   12.097   12.491
            0.420000  0.300000 -0.840000
   -2.882   -0.689    2.180    3.892    8.049   10.460   11.949   12.514
            0.420000  0.300000 -0.820000
   -2.916   -0.704    2.285    3.917    8.075   10.322   11.796   12.540
            0.420000  0.300000 -0.800000
   -2.955   -0.715    2.397    3.945    8.104   10.187   11.640   12.569
            0.420000  0.300000 -0.780000
   -2.998   -0.722    2.514    3.976    8.134   10.055   11.484   12.602
            0.420000  0.300000 -0.760000
   -3.044   -0.723    2.635    4.010    8.166    9.925   11.329   12.638
            0.420000  0.300000 -0.740000
   -3.094   -0.719    2.758    4.047    8.199    9.800   11.176   12.678
            0.420000  0.300000 -0.720000
   -3.147   -0.709    2.884    4.087    8.231    9.680   11.025   12.720
            0.420000  0.300000 -0.700000
   -3.203   -0.693    3.010    4.131    8.262    9.566   10.878   12.765
            0.420000  0.300000 -0.680000
   -3.261   -0.672    3.136    4.178    8.290    9.460   10.735   12.814
            0.420000  0.300000 -0.660000
   -3.321   -0.645    3.260    4.229    8.311    9.365   10.595   12.865
            0.420000  0.300000 -0.640000
   -3.383   -0.612    3.382    4.283    8.324    9.283   10.461   12.920
            0.420000  0.300000 -0.620000
   -3.446   -0.574    3.501    4.341    8.324    9.218   10.332   12.977
            0.420000  0.300000 -0.600000
   -3.509   -0.531    3.615    4.402    8.309    9.173   10.208   13.038
            0.420000  0.300000 -0.580000
   -3.573   -0.483    3.725    4.466    8.276    9.150   10.091   13.101
            0.420000  0.300000 -0.560000
   -3.637   -0.430    3.828    4.533    8.228    9.148    9.981   13.167
            0.420000  0.300000 -0.540000
   -3.700   -0.372    3.926    4.600    8.169    9.163    9.877   13.236
            0.420000  0.300000 -0.520000
   -3.763   -0.310    4.017    4.667    8.103    9.191    9.781   13.307
            0.420000  0.300000 -0.500000
   -3.825   -0.243    4.103    4.731    8.036    9.228    9.692   13.380
            0.420000  0.300000 -0.480000
   -3.886   -0.172    4.183    4.790    7.971    9.272    9.611   13.455
            0.420000  0.300000 -0.460000
   -3.945   -0.098    4.257    4.841    7.913    9.319    9.539   13.527
            0.420000  0.300000 -0.440000
   -4.003   -0.020    4.328    4.881    7.864    9.366    9.476   13.589
            0.420000  0.300000 -0.420000
   -4.059    0.062    4.394    4.908    7.827    9.390    9.446   13.607
            0.420000  0.300000 -0.400000
   -4.114    0.148    4.457    4.919    7.804    9.355    9.484   13.531
            0.420000  0.300000 -0.380000
   -4.166    0.236    4.516    4.914    7.797    9.315    9.533   13.387
            0.420000  0.300000 -0.360000
   -4.216    0.328    4.572    4.892    7.805    9.282    9.584   13.219
            0.420000  0.300000 -0.340000
   -4.264    0.422    4.624    4.853    7.829    9.255    9.635   13.043
            0.420000  0.300000 -0.320000
   -4.310    0.520    4.672    4.799    7.867    9.235    9.685   12.865
            0.420000  0.300000 -0.300000
   -4.354    0.619    4.702    4.747    7.918    9.221    9.735   12.688
            0.420000  0.300000 -0.280000
   -4.394    0.722    4.639    4.772    7.980    9.213    9.784   12.512
            0.420000  0.300000 -0.260000
   -4.433    0.826    4.548    4.811    8.050    9.210    9.834   12.340
            0.420000  0.300000 -0.240000
   -4.468    0.931    4.448    4.849    8.128    9.212    9.884   12.171
            0.420000  0.300000 -0.220000
   -4.502    1.038    4.341    4.884    8.210    9.216    9.936   12.008
            0.420000  0.300000 -0.200000
   -4.532    1.146    4.229    4.915    8.296    9.222    9.990   11.851
            0.420000  0.300000 -0.180000
   -4.559    1.253    4.115    4.944    8.384    9.228   10.045   11.700
            0.420000  0.300000 -0.160000
   -4.584    1.360    3.999    4.970    8.472    9.234   10.103   11.557
            0.420000  0.300000 -0.140000
   -4.606    1.465    3.886    4.993    8.560    9.237   10.163   11.423
            0.420000  0.300000 -0.120000
   -4.625    1.567    3.775    5.012    8.647    9.237   10.224   11.299
            0.420000  0.300000 -0.100000
   -4.641    1.663    3.670    5.029    8.730    9.231   10.285   11.187
            0.420000  0.300000 -0.080000
   -4.654    1.751    3.575    5.042    8.810    9.220   10.343   11.087
            0.420000  0.300000 -0.060000
   -4.665    1.827    3.493    5.053    8.884    9.203   10.397   11.003
            0.420000  0.300000 -0.040000
   -4.672    1.887    3.428    5.060    8.949    9.179   10.442   10.937
            0.420000  0.300000 -0.020000
   -4.677    1.926    3.387    5.065    9.002    9.153   10.473   10.894
            0.420000  0.300000  0.000000
   -4.678    1.939    3.372    5.066    9.026    9.138   10.485   10.878
            0.420000  0.300000  0.020000
   -4.677    1.926    3.387    5.065    9.002    9.153   10.473   10.894
            0.420000  0.300000  0.040000
   -4.672    1.887    3.428    5.060    8.949    9.179   10.442   10.937
            0.420000  0.300000  0.060000
   -4.665    1.827    3.493    5.053    8.884    9.203   10.397   11.003
            0.420000  0.300000  0.080000
   -4.654    1.751    3.575    5.042    8.810    9.220   10.343   11.087
            0.420000  0.300000  0.100000
   -4.641    1.663    3.670    5.029    8.730    9.231   10.285   11.187
            0.420000  0.300000  0.120000
   -4.625    1.567    3.775    5.012    8.647    9.237   10.224   11.299
            0.420000  0.300000  0.140000
   -4.606    1.465    3.886    4.993    8.560    9.237   10.163   11.423
            0.420000  0.300000  0.160000
   -4.584    1.360    3.999    4.970    8.472    9.234   10.103   11.557
            0.420000  0.300000  0.180000
   -4.559    1.253    4.115    4.944    8.384    9.228   10.045   11.700
            0.420000  0.300000  0.200000
   -4.532    1.146    4.229    4.915    8.296    9.222    9.990   11.851
            0.420000  0.300000  0.220000
   -4.502    1.038    4.341    4.884    8.210    9.216    9.936   12.008
            0.420000  0.300000  0.240000
   -4.468    0.931    4.448    4.849    8.128    9.212    9.884   12.171
            0.420000  0.300000  0.260000
   -4.433    0.826    4.548    4.811    8.050    9.210    9.834   12.340
            0.420000  0.300000  0.280000
   -4.394    0.722    4.639    4.772    7.980    9.213    9.784   12.512
            0.420000  0.300000  0.300000
   -4.354    0.619    4.702    4.747    7.918    9.221    9.735   12.688
            0.420000  0.300000  0.320000
   -4.310    0.520    4.672    4.799    7.867    9.235    9.685   12.865
            0.420000  0.300000  0.340000
   -4.264    0.422    4.624    4.853    7.829    9.255    9.635   13.043
            0.420000  0.300000  0.360000
   -4.216    0.328    4.572    4.892    7.805    9.282    9.584   13.219
            0.420000  0.300000  0.380000
   -4.166    0.236    4.516    4.914    7.797    9.315    9.533   13.387
            0.420000  0.300000  0.400000
   -4.114    0.148    4.457    4.919    7.804    9.355    9.484   13.531
            0.420000  0.300000  0.420000
   -4.059    0.062    4.394    4.908    7.827    9.390    9.446   13.607
            0.420000  0.300000  0.440000
   -4.003   -0.020    4.328    4.881    7.864    9.366    9.476   13.589
            0.420000  0.300000  0.460000
   -3.945   -0.098    4.257    4.841    7.913    9.319    9.539   13.527
            0.420000  0.300000  0.480000
   -3.886   -0.172    4.183    4.790    7.971    9.272    9.611   13.455
            0.420000  0.300000  0.500000
   -3.825   -0.243    4.103    4.731    8.036    9.228    9.692   13.380
            0.420000  0.300000  0.520000
   -3.763   -0.310    4.017    4.667    8.103    9.191    9.781   13.307
            0.420000  0.300000  0.540000
   -3.700   -0.372    3.926    4.600    8.169    9.163    9.877   13.236
            0.420000  0.300000  0.560000
   -3.637   -0.430    3.828    4.533    8.228    9.148    9.981   13.167
            0.420000  0.300000  0.580000
   -3.573   -0.483    3.725    4.466    8.276    9.150   10.091   13.101
            0.420000  0.300000  0.600000
   -3.509   -0.531    3.615    4.402    8.309    9.173   10.208   13.038
            0.420000  0.300000  0.620000
   -3.446   -0.574    3.501    4.341    8.324    9.218   10.332   12.977
            0.420000  0.300000  0.640000
   -3.383   -0.612    3.382    4.283    8.324    9.283   10.461   12.920
            0.420000  0.300000  0.660000
   -3.321   -0.645    3.260    4.229    8.311    9.365   10.595   12.865
            0.420000  0.300000  0.680000
   -3.261   -0.672    3.136    4.178    8.290    9.460   10.735   12.814
            0.420000  0.300000  0.700000
   -3.203   -0.693    3.010    4.131    8.262    9.566   10.878   12.765
            0.420000  0.300000  0.720000
   -3.147   -0.709    2.884    4.087    8.231    9.680   11.025   12.720
            0.420000  0.300000  0.740000
   -3.094   -0.719    2.758    4.047    8.199    9.800   11.176   12.678
            0.420000  0.300000  0.760000
   -3.044   -0.723    2.635    4.010    8.166    9.925   11.329   12.638
            0.420000  0.300000  0.780000
   -2.998   -0.722    2.514    3.976    8.134   10.055   11.484   12.602
            0.420000  0.300000  0.800000
   -2.955   -0.715    2.397    3.945    8.104   10.187   11.640   12.569
            0.420000  0.300000  0.820000
   -2.916   -0.704    2.285    3.917    8.075   10.322   11.796   12.540
            0.420000  0.300000  0.840000
   -2.882   -0.689    2.180    3.892    8.049   10.460   11.949   12.514
            0.420000  0.300000  0.860000
   -2.852   -0.671    2.081    3.870    8.025   10.598   12.097   12.491
            0.420000  0.300000  0.880000
   -2.826   -0.652    1.992    3.851    8.004   10.738   12.231   12.474
            0.420000  0.300000  0.900000
   -2.804   -0.632    1.912    3.835    7.986   10.876   12.331   12.463
            0.420000  0.300000  0.920000
   -2.786   -0.612    1.845    3.822    7.971   11.010   12.368   12.456
            0.420000  0.300000  0.940000
   -2.773   -0.595    1.790    3.812    7.960   11.137   12.338   12.435
            0.420000  0.300000  0.960000
   -2.763   -0.582    1.750    3.805    7.951   11.249   12.267   12.419
            0.420000  0.300000  0.980000
   -2.757   -0.574    1.726    3.800    7.946   11.330   12.199   12.412
            0.420000  0.300000  1.000000
   -2.756   -0.571    1.717    3.799    7.945   11.360   12.171   12.410
