 &plot nbnd=   8, nks=   101 /
            0.100000 -1.000000 -1.000000
   -2.474   -0.972    3.190    3.190    6.588    6.947   15.180   15.180
            0.100000 -1.000000 -0.980000
   -2.473   -0.972    3.184    3.186    6.598    6.956   15.149   15.179
            0.100000 -1.000000 -0.960000
   -2.470   -0.972    3.166    3.174    6.627    6.982   15.062   15.178
            0.100000 -1.000000 -0.940000
   -2.466   -0.972    3.138    3.155    6.675    7.025   14.927   15.175
            0.100000 -1.000000 -0.920000
   -2.460   -0.972    3.100    3.129    6.741    7.085   14.757   15.171
            0.100000 -1.000000 -0.900000
   -2.451   -0.972    3.053    3.098    6.824    7.160   14.561   15.165
            0.100000 -1.000000 -0.880000
   -2.442   -0.972    2.999    3.061    6.922    7.249   14.347   15.154
            0.100000 -1.000000 -0.860000
   -2.430   -0.972    2.939    3.021    7.034    7.352   14.121   15.138
            0.100000 -1.000000 -0.840000
   -2.417   -0.973    2.874    2.979    7.159    7.467   13.886   15.110
            0.100000 -1.000000 -0.820000
   -2.402   -0.975    2.807    2.935    7.295    7.594   13.644   15.059
            0.100000 -1.000000 -0.800000
   -2.386   -0.977    2.737    2.890    7.441    7.732   13.399   14.967
            0.100000 -1.000000 -0.780000
   -2.369   -0.980    2.666    2.846    7.596    7.879   13.152   14.817
            0.100000 -1.000000 -0.760000
   -2.350   -0.983    2.595    2.804    7.759    8.034   12.903   14.619
            0.100000 -1.000000 -0.740000
   -2.330   -0.988    2.525    2.763    7.931    8.198   12.654   14.391
            0.100000 -1.000000 -0.720000
   -2.309   -0.994    2.457    2.725    8.109    8.369   12.405   14.150
            0.100000 -1.000000 -0.700000
   -2.288   -1.001    2.390    2.690    8.293    8.547   12.157   13.901
            0.100000 -1.000000 -0.680000
   -2.265   -1.010    2.326    2.660    8.483    8.730   11.910   13.650
            0.100000 -1.000000 -0.660000
   -2.242   -1.020    2.266    2.634    8.678    8.919   11.667   13.398
            0.100000 -1.000000 -0.640000
   -2.218   -1.031    2.209    2.612    8.878    9.112   11.426   13.147
            0.100000 -1.000000 -0.620000
   -2.194   -1.045    2.156    2.595    9.082    9.307   11.191   12.897
            0.100000 -1.000000 -0.600000
   -2.170   -1.059    2.107    2.584    9.290    9.502   10.963   12.649
            0.100000 -1.000000 -0.580000
   -2.146   -1.076    2.063    2.578    9.501    9.691   10.750   12.404
            0.100000 -1.000000 -0.560000
   -2.122   -1.094    2.025    2.577    9.713    9.851   10.572   12.164
            0.100000 -1.000000 -0.540000
   -2.099   -1.114    1.991    2.581    9.919    9.927   10.494   11.929
            0.100000 -1.000000 -0.520000
   -2.076   -1.135    1.964    2.591    9.832   10.137   10.578   11.703
            0.100000 -1.000000 -0.500000
   -2.053   -1.157    1.942    2.606    9.660   10.337   10.755   11.494
            0.100000 -1.000000 -0.480000
   -2.032   -1.181    1.926    2.626    9.463   10.506   10.965   11.322
            0.100000 -1.000000 -0.460000
   -2.011   -1.206    1.917    2.651    9.259   10.584   11.190   11.246
            0.100000 -1.000000 -0.440000
   -1.991   -1.231    1.913    2.680    9.055   10.516   11.323   11.422
            0.100000 -1.000000 -0.420000
   -1.973   -1.258    1.916    2.713    8.853   10.355   11.499   11.660
            0.100000 -1.000000 -0.400000
   -1.955   -1.285    1.926    2.750    8.655   10.163   11.712   11.903
            0.100000 -1.000000 -0.380000
   -1.939   -1.312    1.941    2.790    8.462    9.960   11.941   12.149
            0.100000 -1.000000 -0.360000
   -1.924   -1.339    1.963    2.832    8.275    9.755   12.178   12.397
            0.100000 -1.000000 -0.340000
   -1.910   -1.367    1.991    2.877    8.095    9.551   12.420   12.648
            0.100000 -1.000000 -0.320000
   -1.897   -1.395    2.025    2.922    7.922    9.349   12.665   12.901
            0.100000 -1.000000 -0.300000
   -1.885   -1.422    2.065    2.968    7.757    9.150   12.913   13.155
            0.100000 -1.000000 -0.280000
   -1.873   -1.449    2.110    3.014    7.601    8.955   13.161   13.410
            0.100000 -1.000000 -0.260000
   -1.863   -1.475    2.161    3.058    7.455    8.764   13.409   13.665
            0.100000 -1.000000 -0.240000
   -1.853   -1.501    2.216    3.099    7.321    8.579   13.656   13.918
            0.100000 -1.000000 -0.220000
   -1.844   -1.526    2.276    3.137    7.199    8.399   13.901   14.169
            0.100000 -1.000000 -0.200000
   -1.835   -1.550    2.339    3.170    7.090    8.224   14.140   14.415
            0.100000 -1.000000 -0.180000
   -1.826   -1.573    2.406    3.196    6.996    8.056   14.372   14.653
            0.100000 -1.000000 -0.160000
   -1.818   -1.595    2.476    3.215    6.917    7.894   14.590   14.876
            0.100000 -1.000000 -0.140000
   -1.809   -1.617    2.547    3.226    6.856    7.740   14.788   15.074
            0.100000 -1.000000 -0.120000
   -1.800   -1.637    2.621    3.228    6.813    7.594   14.955   15.233
            0.100000 -1.000000 -0.100000
   -1.791   -1.656    2.694    3.219    6.788    7.457   15.086   15.338
            0.100000 -1.000000 -0.080000
   -1.781   -1.674    2.767    3.200    6.782    7.330   15.181   15.392
            0.100000 -1.000000 -0.060000
   -1.770   -1.690    2.839    3.172    6.794    7.213   15.250   15.411
            0.100000 -1.000000 -0.040000
   -1.759   -1.706    2.908    3.134    6.824    7.107   15.301   15.408
            0.100000 -1.000000 -0.020000
   -1.747   -1.721    2.973    3.088    6.872    7.014   15.340   15.394
            0.100000 -1.000000  0.000000
   -1.735   -1.735    3.034    3.034    6.936    6.936   15.370   15.370
            0.100000 -1.000000  0.020000
   -1.747   -1.721    2.973    3.088    6.872    7.014   15.340   15.394
            0.100000 -1.000000  0.040000
   -1.759   -1.706    2.908    3.134    6.824    7.107   15.301   15.408
            0.100000 -1.000000  0.060000
   -1.770   -1.690    2.839    3.172    6.794    7.213   15.250   15.411
            0.100000 -1.000000  0.080000
   -1.781   -1.674    2.767    3.200    6.782    7.330   15.181   15.392
            0.100000 -1.000000  0.100000
   -1.791   -1.656    2.694    3.219    6.788    7.457   15.086   15.338
            0.100000 -1.000000  0.120000
   -1.800   -1.637    2.621    3.228    6.813    7.594   14.955   15.233
            0.100000 -1.000000  0.140000
   -1.809   -1.617    2.547    3.226    6.856    7.740   14.788   15.074
            0.100000 -1.000000  0.160000
   -1.818   -1.595    2.476    3.215    6.917    7.894   14.590   14.876
            0.100000 -1.000000  0.180000
   -1.826   -1.573    2.406    3.196    6.996    8.056   14.372   14.653
            0.100000 -1.000000  0.200000
   -1.835   -1.550    2.339    3.170    7.090    8.224   14.140   14.415
            0.100000 -1.000000  0.220000
   -1.844   -1.526    2.276    3.137    7.199    8.399   13.901   14.169
            0.100000 -1.000000  0.240000
   -1.853   -1.501    2.216    3.099    7.321    8.579   13.656   13.918
            0.100000 -1.000000  0.260000
   -1.863   -1.475    2.161    3.058    7.455    8.764   13.409   13.665
            0.100000 -1.000000  0.280000
   -1.873   -1.449    2.110    3.014    7.601    8.955   13.161   13.410
            0.100000 -1.000000  0.300000
   -1.885   -1.422    2.065    2.968    7.757    9.150   12.913   13.155
            0.100000 -1.000000  0.320000
   -1.897   -1.395    2.025    2.922    7.922    9.349   12.665   12.901
            0.100000 -1.000000  0.340000
   -1.910   -1.367    1.991    2.877    8.095    9.551   12.420   12.648
            0.100000 -1.000000  0.360000
   -1.924   -1.339    1.963    2.832    8.275    9.755   12.178   12.397
            0.100000 -1.000000  0.380000
   -1.939   -1.312    1.941    2.790    8.462    9.960   11.941   12.149
            0.100000 -1.000000  0.400000
   -1.955   -1.285    1.926    2.750    8.655   10.163   11.712   11.903
            0.100000 -1.000000  0.420000
   -1.973   -1.258    1.916    2.713    8.853   10.355   11.499   11.660
            0.100000 -1.000000  0.440000
   -1.991   -1.231    1.913    2.680    9.055   10.516   11.323   11.422
            0.100000 -1.000000  0.460000
   -2.011   -1.206    1.917    2.651    9.259   10.584   11.190   11.246
            0.100000 -1.000000  0.480000
   -2.032   -1.181    1.926    2.626    9.463   10.506   10.965   11.322
            0.100000 -1.000000  0.500000
   -2.053   -1.157    1.942    2.606    9.660   10.337   10.755   11.494
            0.100000 -1.000000  0.520000
   -2.076   -1.135    1.964    2.591    9.832   10.137   10.578   11.703
            0.100000 -1.000000  0.540000
   -2.099   -1.114    1.991    2.581    9.919    9.927   10.494   11.929
            0.100000 -1.000000  0.560000
   -2.122   -1.094    2.025    2.577    9.713    9.851   10.572   12.164
            0.100000 -1.000000  0.580000
   -2.146   -1.076    2.063    2.578    9.501    9.691   10.750   12.404
            0.100000 -1.000000  0.600000
   -2.170   -1.059    2.107    2.584    9.290    9.502   10.963   12.649
            0.100000 -1.000000  0.620000
   -2.194   -1.045    2.156    2.595    9.082    9.307   11.191   12.897
            0.100000 -1.000000  0.640000
   -2.218   -1.031    2.209    2.612    8.878    9.112   11.426   13.147
            0.100000 -1.000000  0.660000
   -2.242   -1.020    2.266    2.634    8.678    8.919   11.667   13.398
            0.100000 -1.000000  0.680000
   -2.265   -1.010    2.326    2.660    8.483    8.730   11.910   13.650
            0.100000 -1.000000  0.700000
   -2.288   -1.001    2.390    2.690    8.293    8.547   12.157   13.901
            0.100000 -1.000000  0.720000
   -2.309   -0.994    2.457    2.725    8.109    8.369   12.405   14.150
            0.100000 -1.000000  0.740000
   -2.330   -0.988    2.525    2.763    7.931    8.198   12.654   14.391
            0.100000 -1.000000  0.760000
   -2.350   -0.983    2.595    2.804    7.759    8.034   12.903   14.619
            0.100000 -1.000000  0.780000
   -2.369   -0.980    2.666    2.846    7.596    7.879   13.152   14.817
            0.100000 -1.000000  0.800000
   -2.386   -0.977    2.737    2.890    7.441    7.732   13.399   14.967
            0.100000 -1.000000  0.820000
   -2.402   -0.975    2.807    2.935    7.295    7.594   13.644   15.059
            0.100000 -1.000000  0.840000
   -2.417   -0.973    2.874    2.979    7.159    7.467   13.886   15.110
            0.100000 -1.000000  0.860000
   -2.430   -0.972    2.939    3.021    7.034    7.352   14.121   15.138
            0.100000 -1.000000  0.880000
   -2.442   -0.972    2.999    3.061    6.922    7.249   14.347   15.154
            0.100000 -1.000000  0.900000
   -2.451   -0.972    3.053    3.098    6.824    7.160   14.561   15.165
            0.100000 -1.000000  0.920000
   -2.460   -0.972    3.100    3.129    6.741    7.085   14.757   15.171
            0.100000 -1.000000  0.940000
   -2.466   -0.972    3.138    3.155    6.675    7.025   14.927   15.175
            0.100000 -1.000000  0.960000
   -2.470   -0.972    3.166    3.174    6.627    6.982   15.062   15.178
            0.100000 -1.000000  0.980000
   -2.473   -0.972    3.184    3.186    6.598    6.956   15.149   15.179
            0.100000 -1.000000  1.000000
   -2.474   -0.972    3.190    3.190    6.588    6.947   15.180   15.180
