 &plot nbnd=   8, nks=   100 /
            0.589700  0.743600 -1.000000
   -5.375    1.189    2.738    4.043    7.491    7.803    9.168    9.443
            0.589700  0.743600 -0.979800
   -5.373    1.178    2.749    4.041    7.476    7.812    9.161    9.454
            0.589700  0.743600 -0.959600
   -5.369    1.146    2.782    4.034    7.437    7.833    9.141    9.487
            0.589700  0.743600 -0.939400
   -5.362    1.097    2.835    4.023    7.381    7.860    9.114    9.538
            0.589700  0.743600 -0.919200
   -5.352    1.032    2.904    4.008    7.315    7.886    9.082    9.603
            0.589700  0.743600 -0.899000
   -5.339    0.956    2.984    3.989    7.243    7.908    9.046    9.681
            0.589700  0.743600 -0.878800
   -5.324    0.872    3.073    3.965    7.167    7.927    9.008    9.772
            0.589700  0.743600 -0.858600
   -5.305    0.781    3.167    3.937    7.089    7.942    8.969    9.875
            0.589700  0.743600 -0.838400
   -5.284    0.687    3.265    3.905    7.010    7.954    8.930    9.987
            0.589700  0.743600 -0.818200
   -5.261    0.589    3.364    3.870    6.932    7.965    8.889   10.109
            0.589700  0.743600 -0.798000
   -5.234    0.491    3.462    3.830    6.855    7.976    8.848   10.240
            0.589700  0.743600 -0.777800
   -5.205    0.392    3.557    3.787    6.781    7.988    8.806   10.378
            0.589700  0.743600 -0.757600
   -5.173    0.292    3.647    3.740    6.712    8.003    8.762   10.524
            0.589700  0.743600 -0.737400
   -5.139    0.194    3.690    3.731    6.649    8.022    8.718   10.674
            0.589700  0.743600 -0.717200
   -5.102    0.096    3.637    3.805    6.593    8.045    8.672   10.829
            0.589700  0.743600 -0.697000
   -5.063   -0.001    3.582    3.869    6.547    8.074    8.625   10.987
            0.589700  0.743600 -0.676800
   -5.021   -0.096    3.523    3.920    6.513    8.109    8.576   11.147
            0.589700  0.743600 -0.656600
   -4.976   -0.189    3.462    3.956    6.492    8.150    8.526   11.306
            0.589700  0.743600 -0.636400
   -4.929   -0.280    3.399    3.977    6.484    8.196    8.475   11.456
            0.589700  0.743600 -0.616200
   -4.880   -0.368    3.333    3.982    6.492    8.250    8.424   11.588
            0.589700  0.743600 -0.596000
   -4.829   -0.455    3.265    3.971    6.514    8.303    8.377   11.678
            0.589700  0.743600 -0.575800
   -4.776   -0.539    3.194    3.946    6.549    8.304    8.392   11.704
            0.589700  0.743600 -0.555600
   -4.720   -0.621    3.121    3.907    6.595    8.257    8.462   11.674
            0.589700  0.743600 -0.535400
   -4.663   -0.699    3.046    3.858    6.652    8.207    8.542   11.615
            0.589700  0.743600 -0.515200
   -4.604   -0.775    2.967    3.800    6.716    8.160    8.630   11.544
            0.589700  0.743600 -0.494900
   -4.543   -0.849    2.887    3.734    6.785    8.116    8.725   11.469
            0.589700  0.743600 -0.474700
   -4.481   -0.919    2.803    3.665    6.854    8.079    8.826   11.392
            0.589700  0.743600 -0.454500
   -4.418   -0.986    2.716    3.594    6.922    8.049    8.933   11.317
            0.589700  0.743600 -0.434300
   -4.353   -1.050    2.627    3.521    6.985    8.031    9.045   11.244
            0.589700  0.743600 -0.414100
   -4.288   -1.110    2.534    3.449    7.039    8.028    9.163   11.174
            0.589700  0.743600 -0.393900
   -4.222   -1.168    2.439    3.379    7.080    8.041    9.286   11.107
            0.589700  0.743600 -0.373700
   -4.156   -1.222    2.342    3.311    7.107    8.074    9.413   11.043
            0.589700  0.743600 -0.353500
   -4.089   -1.272    2.242    3.246    7.120    8.126    9.544   10.982
            0.589700  0.743600 -0.333300
   -4.023   -1.319    2.141    3.185    7.121    8.195    9.678   10.926
            0.589700  0.743600 -0.313100
   -3.957   -1.363    2.039    3.128    7.111    8.279    9.815   10.873
            0.589700  0.743600 -0.292900
   -3.892   -1.402    1.937    3.074    7.094    8.375    9.955   10.824
            0.589700  0.743600 -0.272700
   -3.829   -1.439    1.836    3.024    7.073    8.480   10.096   10.780
            0.589700  0.743600 -0.252500
   -3.767   -1.471    1.736    2.979    7.048    8.593   10.236   10.741
            0.589700  0.743600 -0.232300
   -3.707   -1.501    1.639    2.937    7.022    8.711   10.370   10.712
            0.589700  0.743600 -0.212100
   -3.650   -1.526    1.545    2.899    6.997    8.835   10.486   10.705
            0.589700  0.743600 -0.191900
   -3.596   -1.548    1.456    2.864    6.972    8.963   10.544   10.757
            0.589700  0.743600 -0.171700
   -3.546   -1.566    1.371    2.833    6.948    9.095   10.546   10.864
            0.589700  0.743600 -0.151500
   -3.500   -1.582    1.293    2.806    6.926    9.229   10.531   10.979
            0.589700  0.743600 -0.131300
   -3.459   -1.594    1.222    2.782    6.907    9.365   10.514   11.075
            0.589700  0.743600 -0.111100
   -3.422   -1.603    1.159    2.762    6.890    9.503   10.499   11.116
            0.589700  0.743600 -0.090900
   -3.392   -1.611    1.105    2.745    6.875    9.640   10.485   11.076
            0.589700  0.743600 -0.070700
   -3.366   -1.616    1.061    2.732    6.863    9.774   10.476   10.978
            0.589700  0.743600 -0.050500
   -3.347   -1.619    1.027    2.722    6.854    9.900   10.473   10.860
            0.589700  0.743600 -0.030300
   -3.334   -1.621    1.004    2.715    6.848   10.007   10.479   10.746
            0.589700  0.743600 -0.010100
   -3.328   -1.622    0.992    2.712    6.845   10.074   10.493   10.662
            0.589700  0.743600  0.010100
   -3.328   -1.622    0.992    2.712    6.845   10.074   10.493   10.662
            0.589700  0.743600  0.030300
   -3.334   -1.621    1.004    2.715    6.848   10.007   10.479   10.745
            0.589700  0.743600  0.050500
   -3.347   -1.619    1.027    2.722    6.854    9.900   10.473   10.860
            0.589700  0.743600  0.070700
   -3.366   -1.616    1.061    2.732    6.863    9.774   10.476   10.978
            0.589700  0.743600  0.090900
   -3.392   -1.611    1.105    2.745    6.875    9.640   10.485   11.076
            0.589700  0.743600  0.111100
   -3.422   -1.603    1.159    2.762    6.890    9.503   10.499   11.116
            0.589700  0.743600  0.131300
   -3.459   -1.594    1.222    2.782    6.907    9.365   10.514   11.075
            0.589700  0.743600  0.151500
   -3.500   -1.582    1.293    2.806    6.926    9.229   10.531   10.980
            0.589700  0.743600  0.171700
   -3.546   -1.566    1.371    2.833    6.948    9.095   10.546   10.864
            0.589700  0.743600  0.191900
   -3.596   -1.548    1.456    2.864    6.972    8.963   10.544   10.757
            0.589700  0.743600  0.212100
   -3.650   -1.526    1.545    2.899    6.997    8.835   10.486   10.705
            0.589700  0.743600  0.232300
   -3.707   -1.501    1.639    2.937    7.022    8.711   10.370   10.712
            0.589700  0.743600  0.252500
   -3.767   -1.471    1.736    2.979    7.048    8.593   10.236   10.741
            0.589700  0.743600  0.272700
   -3.829   -1.439    1.836    3.024    7.073    8.480   10.096   10.780
            0.589700  0.743600  0.292900
   -3.892   -1.402    1.937    3.074    7.094    8.375    9.955   10.824
            0.589700  0.743600  0.313100
   -3.957   -1.363    2.039    3.128    7.111    8.279    9.815   10.873
            0.589700  0.743600  0.333300
   -4.023   -1.319    2.141    3.185    7.121    8.195    9.678   10.926
            0.589700  0.743600  0.353500
   -4.089   -1.272    2.242    3.246    7.120    8.126    9.544   10.982
            0.589700  0.743600  0.373700
   -4.156   -1.222    2.342    3.311    7.107    8.074    9.413   11.043
            0.589700  0.743600  0.393900
   -4.222   -1.168    2.439    3.379    7.080    8.041    9.286   11.107
            0.589700  0.743600  0.414100
   -4.288   -1.110    2.534    3.449    7.039    8.028    9.163   11.174
            0.589700  0.743600  0.434300
   -4.353   -1.050    2.627    3.521    6.985    8.031    9.045   11.244
            0.589700  0.743600  0.454500
   -4.418   -0.986    2.716    3.594    6.922    8.049    8.933   11.317
            0.589700  0.743600  0.474700
   -4.481   -0.919    2.803    3.665    6.854    8.079    8.826   11.392
            0.589700  0.743600  0.494900
   -4.543   -0.849    2.887    3.734    6.785    8.116    8.725   11.469
            0.589700  0.743600  0.515200
   -4.604   -0.775    2.967    3.800    6.716    8.160    8.630   11.544
            0.589700  0.743600  0.535400
   -4.663   -0.699    3.046    3.858    6.652    8.207    8.542   11.615
            0.589700  0.743600  0.555600
   -4.720   -0.621    3.121    3.907    6.595    8.257    8.462   11.674
            0.589700  0.743600  0.575800
   -4.776   -0.539    3.194    3.946    6.549    8.304    8.392   11.704
            0.589700  0.743600  0.596000
   -4.829   -0.455    3.265    3.971    6.514    8.303    8.377   11.678
            0.589700  0.743600  0.616200
   -4.880   -0.368    3.333    3.982    6.492    8.250    8.424   11.588
            0.589700  0.743600  0.636400
   -4.929   -0.280    3.399    3.977    6.484    8.196    8.475   11.456
            0.589700  0.743600  0.656600
   -4.976   -0.189    3.462    3.956    6.492    8.150    8.526   11.306
            0.589700  0.743600  0.676800
   -5.021   -0.096    3.523    3.920    6.513    8.109    8.576   11.147
            0.589700  0.743600  0.697000
   -5.063   -0.001    3.582    3.869    6.547    8.074    8.625   10.987
            0.589700  0.743600  0.717200
   -5.102    0.096    3.637    3.805    6.593    8.045    8.672   10.829
            0.589700  0.743600  0.737400
   -5.139    0.194    3.690    3.731    6.649    8.022    8.718   10.674
            0.589700  0.743600  0.757600
   -5.173    0.292    3.647    3.740    6.712    8.003    8.762   10.524
            0.589700  0.743600  0.777800
   -5.205    0.392    3.557    3.787    6.781    7.988    8.806   10.378
            0.589700  0.743600  0.798000
   -5.234    0.491    3.462    3.830    6.855    7.976    8.848   10.240
            0.589700  0.743600  0.818200
   -5.261    0.589    3.364    3.870    6.932    7.965    8.889   10.109
            0.589700  0.743600  0.838400
   -5.284    0.687    3.265    3.905    7.010    7.954    8.930    9.987
            0.589700  0.743600  0.858600
   -5.305    0.781    3.167    3.937    7.089    7.942    8.969    9.875
            0.589700  0.743600  0.878800
   -5.324    0.872    3.073    3.965    7.167    7.927    9.008    9.772
            0.589700  0.743600  0.899000
   -5.339    0.956    2.984    3.989    7.243    7.908    9.046    9.681
            0.589700  0.743600  0.919200
   -5.352    1.032    2.904    4.008    7.315    7.886    9.082    9.603
            0.589700  0.743600  0.939400
   -5.362    1.097    2.835    4.023    7.381    7.860    9.114    9.538
            0.589700  0.743600  0.959600
   -5.369    1.146    2.782    4.034    7.437    7.833    9.141    9.487
            0.589700  0.743600  0.979800
   -5.373    1.178    2.749    4.041    7.476    7.812    9.161    9.454
            0.589700  0.743600  1.000000
   -5.375    1.189    2.738    4.043    7.491    7.803    9.168    9.443
