 &plot nbnd=   8, nks=   101 /
            0.520000  0.230000  0.000000
   -4.441    1.655    3.320    4.376    8.154    9.641   10.267   11.559
            0.520000  0.230000  0.010000
   -4.441    1.653    3.322    4.376    8.153    9.644   10.267   11.555
            0.520000  0.230000  0.020000
   -4.440    1.646    3.329    4.375    8.150    9.653   10.266   11.544
            0.520000  0.230000  0.030000
   -4.438    1.634    3.341    4.373    8.146    9.667   10.265   11.526
            0.520000  0.230000  0.040000
   -4.436    1.617    3.357    4.370    8.139    9.686   10.264   11.502
            0.520000  0.230000  0.050000
   -4.433    1.596    3.377    4.367    8.131    9.709   10.262   11.472
            0.520000  0.230000  0.060000
   -4.429    1.571    3.401    4.363    8.123    9.738   10.260   11.436
            0.520000  0.230000  0.070000
   -4.424    1.543    3.428    4.359    8.113    9.769   10.258   11.396
            0.520000  0.230000  0.080000
   -4.419    1.511    3.458    4.354    8.103    9.804   10.257   11.351
            0.520000  0.230000  0.090000
   -4.413    1.477    3.490    4.348    8.093    9.841   10.257   11.304
            0.520000  0.230000  0.100000
   -4.406    1.440    3.524    4.341    8.083    9.878   10.259   11.253
            0.520000  0.230000  0.110000
   -4.398    1.401    3.560    4.334    8.073    9.913   10.265   11.201
            0.520000  0.230000  0.120000
   -4.390    1.360    3.598    4.327    8.065    9.944   10.277   11.147
            0.520000  0.230000  0.130000
   -4.381    1.318    3.636    4.319    8.057    9.969   10.297   11.093
            0.520000  0.230000  0.140000
   -4.372    1.274    3.674    4.310    8.051    9.984   10.327   11.038
            0.520000  0.230000  0.150000
   -4.362    1.229    3.713    4.302    8.046    9.990   10.367   10.983
            0.520000  0.230000  0.160000
   -4.351    1.183    3.751    4.294    8.043    9.986   10.416   10.930
            0.520000  0.230000  0.170000
   -4.339    1.136    3.788    4.286    8.042    9.975   10.473   10.878
            0.520000  0.230000  0.180000
   -4.327    1.089    3.824    4.278    8.042    9.957   10.536   10.827
            0.520000  0.230000  0.190000
   -4.314    1.041    3.857    4.273    8.045    9.933   10.602   10.780
            0.520000  0.230000  0.200000
   -4.300    0.993    3.887    4.269    8.050    9.905   10.665   10.742
            0.520000  0.230000  0.210000
   -4.286    0.944    3.913    4.268    8.057    9.872   10.673   10.764
            0.520000  0.230000  0.220000
   -4.271    0.896    3.933    4.271    8.067    9.836   10.637   10.836
            0.520000  0.230000  0.230000
   -4.255    0.847    3.947    4.279    8.078    9.796   10.599   10.915
            0.520000  0.230000  0.240000
   -4.239    0.799    3.955    4.292    8.092    9.753   10.563   10.997
            0.520000  0.230000  0.250000
   -4.222    0.750    3.956    4.309    8.108    9.708   10.529   11.081
            0.520000  0.230000  0.260000
   -4.205    0.702    3.951    4.330    8.127    9.661   10.496   11.167
            0.520000  0.230000  0.270000
   -4.186    0.654    3.942    4.354    8.147    9.613   10.465   11.255
            0.520000  0.230000  0.280000
   -4.168    0.606    3.928    4.380    8.169    9.563   10.436   11.345
            0.520000  0.230000  0.290000
   -4.148    0.559    3.912    4.407    8.193    9.514   10.408   11.436
            0.520000  0.230000  0.300000
   -4.128    0.511    3.893    4.434    8.218    9.465   10.382   11.529
            0.520000  0.230000  0.310000
   -4.108    0.465    3.873    4.461    8.245    9.418   10.356   11.622
            0.520000  0.230000  0.320000
   -4.087    0.419    3.850    4.487    8.272    9.372   10.331   11.718
            0.520000  0.230000  0.330000
   -4.065    0.373    3.826    4.513    8.299    9.329   10.306   11.814
            0.520000  0.230000  0.340000
   -4.043    0.328    3.801    4.537    8.325    9.290   10.282   11.912
            0.520000  0.230000  0.350000
   -4.020    0.283    3.775    4.559    8.350    9.255   10.258   12.010
            0.520000  0.230000  0.360000
   -3.997    0.239    3.748    4.580    8.372    9.227   10.234   12.110
            0.520000  0.230000  0.370000
   -3.973    0.196    3.720    4.599    8.391    9.205   10.211   12.211
            0.520000  0.230000  0.380000
   -3.949    0.153    3.692    4.617    8.406    9.192   10.188   12.312
            0.520000  0.230000  0.390000
   -3.924    0.111    3.663    4.632    8.414    9.189   10.165   12.415
            0.520000  0.230000  0.400000
   -3.899    0.070    3.633    4.645    8.418    9.195   10.142   12.518
            0.520000  0.230000  0.410000
   -3.874    0.030    3.603    4.655    8.415    9.210   10.119   12.622
            0.520000  0.230000  0.420000
   -3.848   -0.010    3.573    4.664    8.408    9.236   10.096   12.727
            0.520000  0.230000  0.430000
   -3.821   -0.049    3.542    4.669    8.396    9.269   10.074   12.833
            0.520000  0.230000  0.440000
   -3.794   -0.087    3.511    4.673    8.382    9.309   10.052   12.939
            0.520000  0.230000  0.450000
   -3.767   -0.124    3.479    4.673    8.365    9.355   10.030   13.046
            0.520000  0.230000  0.460000
   -3.740   -0.160    3.448    4.671    8.348    9.406   10.010   13.153
            0.520000  0.230000  0.470000
   -3.712   -0.196    3.416    4.666    8.331    9.460    9.991   13.260
            0.520000  0.230000  0.480000
   -3.684   -0.230    3.384    4.659    8.315    9.516    9.974   13.366
            0.520000  0.230000  0.490000
   -3.655   -0.263    3.351    4.649    8.300    9.572    9.960   13.472
            0.520000  0.230000  0.500000
   -3.627   -0.296    3.319    4.636    8.286    9.624    9.953   13.574
            0.520000  0.230000  0.510000
   -3.598   -0.327    3.286    4.621    8.275    9.669    9.957   13.665
            0.520000  0.230000  0.520000
   -3.569   -0.358    3.254    4.602    8.266    9.700    9.977   13.726
            0.520000  0.230000  0.530000
   -3.540   -0.387    3.221    4.582    8.260    9.713   10.016   13.735
            0.520000  0.230000  0.540000
   -3.511   -0.416    3.188    4.559    8.256    9.713   10.071   13.716
            0.520000  0.230000  0.550000
   -3.482   -0.443    3.155    4.533    8.256    9.704   10.136   13.687
            0.520000  0.230000  0.560000
   -3.453   -0.469    3.122    4.505    8.258    9.690   10.209   13.655
            0.520000  0.230000  0.570000
   -3.423   -0.494    3.089    4.476    8.263    9.672   10.287   13.623
            0.520000  0.230000  0.580000
   -3.394   -0.517    3.056    4.444    8.271    9.653   10.367   13.590
            0.520000  0.230000  0.590000
   -3.365   -0.540    3.023    4.410    8.282    9.633   10.451   13.557
            0.520000  0.230000  0.600000
   -3.336   -0.561    2.989    4.375    8.295    9.612   10.536   13.524
            0.520000  0.230000  0.610000
   -3.308   -0.581    2.956    4.338    8.312    9.591   10.623   13.492
            0.520000  0.230000  0.620000
   -3.279   -0.600    2.922    4.300    8.331    9.570   10.711   13.460
            0.520000  0.230000  0.630000
   -3.251   -0.617    2.889    4.261    8.353    9.549   10.800   13.429
            0.520000  0.230000  0.640000
   -3.223   -0.633    2.855    4.221    8.378    9.527   10.890   13.397
            0.520000  0.230000  0.650000
   -3.196   -0.648    2.822    4.181    8.405    9.506   10.982   13.366
            0.520000  0.230000  0.660000
   -3.169   -0.661    2.788    4.139    8.435    9.486   11.074   13.334
            0.520000  0.230000  0.670000
   -3.142   -0.673    2.754    4.098    8.467    9.465   11.167   13.301
            0.520000  0.230000  0.680000
   -3.116   -0.684    2.720    4.056    8.501    9.445   11.260   13.265
            0.520000  0.230000  0.690000
   -3.090   -0.693    2.685    4.014    8.537    9.425   11.354   13.223
            0.520000  0.230000  0.700000
   -3.066   -0.700    2.651    3.972    8.576    9.406   11.448   13.172
            0.520000  0.230000  0.710000
   -3.041   -0.707    2.617    3.931    8.616    9.387   11.543   13.109
            0.520000  0.230000  0.720000
   -3.018   -0.712    2.582    3.890    8.659    9.368   11.638   13.033
            0.520000  0.230000  0.730000
   -2.995   -0.715    2.547    3.850    8.703    9.350   11.734   12.949
            0.520000  0.230000  0.740000
   -2.973   -0.717    2.513    3.811    8.749    9.333   11.829   12.861
            0.520000  0.230000  0.750000
   -2.952   -0.718    2.478    3.772    8.797    9.316   11.925   12.770
            0.520000  0.230000  0.760000
   -2.932   -0.718    2.443    3.734    8.847    9.299   12.020   12.679
            0.520000  0.230000  0.770000
   -2.912   -0.716    2.408    3.698    8.898    9.284   12.114   12.587
            0.520000  0.230000  0.780000
   -2.893   -0.713    2.374    3.663    8.950    9.269   12.207   12.497
            0.520000  0.230000  0.790000
   -2.876   -0.709    2.339    3.629    9.004    9.254   12.287   12.420
            0.520000  0.230000  0.800000
   -2.859   -0.704    2.305    3.596    9.059    9.241   12.279   12.430
            0.520000  0.230000  0.810000
   -2.843   -0.698    2.271    3.565    9.115    9.229   12.199   12.513
            0.520000  0.230000  0.820000
   -2.828   -0.691    2.238    3.535    9.167    9.221   12.109   12.605
            0.520000  0.230000  0.830000
   -2.814   -0.684    2.205    3.507    9.190    9.246   12.019   12.699
            0.520000  0.230000  0.840000
   -2.801   -0.675    2.172    3.481    9.184    9.301   11.929   12.792
            0.520000  0.230000  0.850000
   -2.789   -0.666    2.141    3.456    9.175    9.361   11.839   12.884
            0.520000  0.230000  0.860000
   -2.778   -0.657    2.111    3.432    9.165    9.423   11.750   12.971
            0.520000  0.230000  0.870000
   -2.767   -0.648    2.081    3.411    9.156    9.486   11.661   12.977
            0.520000  0.230000  0.880000
   -2.758   -0.638    2.053    3.391    9.147    9.551   11.574   12.967
            0.520000  0.230000  0.890000
   -2.749   -0.628    2.027    3.372    9.139    9.615   11.488   12.958
            0.520000  0.230000  0.900000
   -2.741   -0.619    2.002    3.355    9.132    9.681   11.403   12.950
            0.520000  0.230000  0.910000
   -2.734   -0.610    1.979    3.340    9.125    9.746   11.320   12.942
            0.520000  0.230000  0.920000
   -2.728   -0.601    1.958    3.327    9.119    9.812   11.239   12.935
            0.520000  0.230000  0.930000
   -2.723   -0.593    1.938    3.315    9.113    9.876   11.160   12.929
            0.520000  0.230000  0.940000
   -2.718   -0.586    1.921    3.304    9.109    9.940   11.084   12.924
            0.520000  0.230000  0.950000
   -2.714   -0.580    1.907    3.296    9.105   10.001   11.013   12.919
            0.520000  0.230000  0.960000
   -2.711   -0.574    1.895    3.289    9.101   10.059   10.947   12.915
            0.520000  0.230000  0.970000
   -2.709   -0.570    1.885    3.283    9.099   10.111   10.888   12.912
            0.520000  0.230000  0.980000
   -2.707   -0.567    1.878    3.279    9.097   10.153   10.841   12.910
            0.520000  0.230000  0.990000
   -2.706   -0.565    1.874    3.277    9.096   10.182   10.810   12.909
            0.520000  0.230000  1.000000
   -2.706   -0.564    1.873    3.276    9.096   10.192   10.799   12.909
