 &plot nbnd=   8, nks=   101 /
            0.360000  0.250000  0.000000
   -4.978    2.581    3.853    5.287    8.783    9.140   10.062   11.005
            0.360000  0.250000  0.010000
   -4.978    2.577    3.857    5.287    8.780    9.140   10.061   11.007
            0.360000  0.250000  0.020000
   -4.977    2.566    3.869    5.285    8.774    9.141   10.059   11.015
            0.360000  0.250000  0.030000
   -4.975    2.548    3.887    5.281    8.763    9.141   10.056   11.028
            0.360000  0.250000  0.040000
   -4.972    2.523    3.912    5.277    8.748    9.142   10.051   11.046
            0.360000  0.250000  0.050000
   -4.968    2.493    3.942    5.271    8.729    9.142   10.045   11.069
            0.360000  0.250000  0.060000
   -4.964    2.458    3.978    5.264    8.706    9.143   10.037   11.097
            0.360000  0.250000  0.070000
   -4.959    2.418    4.018    5.255    8.680    9.143   10.029   11.129
            0.360000  0.250000  0.080000
   -4.953    2.375    4.061    5.245    8.652    9.144   10.020   11.165
            0.360000  0.250000  0.090000
   -4.947    2.330    4.107    5.234    8.621    9.144   10.010   11.204
            0.360000  0.250000  0.100000
   -4.939    2.281    4.156    5.222    8.587    9.144    9.999   11.248
            0.360000  0.250000  0.110000
   -4.931    2.231    4.206    5.209    8.552    9.145    9.988   11.295
            0.360000  0.250000  0.120000
   -4.922    2.179    4.257    5.194    8.515    9.146    9.976   11.345
            0.360000  0.250000  0.130000
   -4.912    2.126    4.309    5.178    8.477    9.147    9.963   11.398
            0.360000  0.250000  0.140000
   -4.902    2.072    4.361    5.161    8.438    9.148    9.950   11.454
            0.360000  0.250000  0.150000
   -4.890    2.017    4.414    5.144    8.398    9.150    9.936   11.512
            0.360000  0.250000  0.160000
   -4.878    1.962    4.466    5.125    8.357    9.153    9.922   11.574
            0.360000  0.250000  0.170000
   -4.866    1.906    4.518    5.105    8.317    9.156    9.907   11.637
            0.360000  0.250000  0.180000
   -4.852    1.850    4.568    5.085    8.276    9.160    9.891   11.703
            0.360000  0.250000  0.190000
   -4.838    1.794    4.618    5.064    8.236    9.165    9.875   11.771
            0.360000  0.250000  0.200000
   -4.823    1.737    4.665    5.042    8.197    9.170    9.858   11.841
            0.360000  0.250000  0.210000
   -4.807    1.681    4.710    5.021    8.159    9.177    9.840   11.912
            0.360000  0.250000  0.220000
   -4.790    1.624    4.751    5.000    8.123    9.185    9.822   11.986
            0.360000  0.250000  0.230000
   -4.773    1.568    4.787    4.981    8.088    9.194    9.803   12.062
            0.360000  0.250000  0.240000
   -4.755    1.512    4.814    4.968    8.055    9.204    9.783   12.139
            0.360000  0.250000  0.250000
   -4.736    1.457    4.827    4.965    8.024    9.216    9.763   12.217
            0.360000  0.250000  0.260000
   -4.716    1.401    4.824    4.975    7.996    9.228    9.743   12.297
            0.360000  0.250000  0.270000
   -4.696    1.346    4.808    4.993    7.971    9.242    9.721   12.379
            0.360000  0.250000  0.280000
   -4.675    1.291    4.785    5.014    7.950    9.256    9.700   12.462
            0.360000  0.250000  0.290000
   -4.653    1.237    4.759    5.034    7.931    9.272    9.678   12.546
            0.360000  0.250000  0.300000
   -4.631    1.183    4.730    5.052    7.917    9.289    9.656   12.631
            0.360000  0.250000  0.310000
   -4.608    1.130    4.700    5.066    7.906    9.306    9.635   12.718
            0.360000  0.250000  0.320000
   -4.584    1.077    4.668    5.076    7.899    9.324    9.614   12.805
            0.360000  0.250000  0.330000
   -4.559    1.025    4.636    5.082    7.897    9.342    9.594   12.892
            0.360000  0.250000  0.340000
   -4.534    0.973    4.602    5.084    7.898    9.358    9.577   12.979
            0.360000  0.250000  0.350000
   -4.508    0.921    4.568    5.082    7.904    9.371    9.564   13.061
            0.360000  0.250000  0.360000
   -4.481    0.871    4.533    5.075    7.913    9.379    9.558   13.114
            0.360000  0.250000  0.370000
   -4.454    0.821    4.497    5.064    7.926    9.379    9.561   13.090
            0.360000  0.250000  0.380000
   -4.426    0.771    4.461    5.049    7.943    9.372    9.573   13.036
            0.360000  0.250000  0.390000
   -4.397    0.722    4.424    5.030    7.963    9.358    9.593   12.979
            0.360000  0.250000  0.400000
   -4.368    0.674    4.386    5.008    7.986    9.341    9.619   12.920
            0.360000  0.250000  0.410000
   -4.338    0.626    4.347    4.982    8.011    9.322    9.650   12.862
            0.360000  0.250000  0.420000
   -4.308    0.579    4.308    4.954    8.039    9.302    9.683   12.805
            0.360000  0.250000  0.430000
   -4.277    0.533    4.268    4.923    8.068    9.283    9.720   12.748
            0.360000  0.250000  0.440000
   -4.245    0.487    4.227    4.889    8.098    9.264    9.758   12.693
            0.360000  0.250000  0.450000
   -4.212    0.442    4.185    4.853    8.128    9.247    9.799   12.638
            0.360000  0.250000  0.460000
   -4.179    0.397    4.142    4.816    8.158    9.232    9.842   12.584
            0.360000  0.250000  0.470000
   -4.146    0.354    4.098    4.777    8.187    9.220    9.886   12.532
            0.360000  0.250000  0.480000
   -4.112    0.310    4.054    4.738    8.214    9.211    9.933   12.480
            0.360000  0.250000  0.490000
   -4.077    0.268    4.008    4.697    8.239    9.206    9.981   12.430
            0.360000  0.250000  0.500000
   -4.042    0.226    3.961    4.656    8.261    9.206   10.031   12.381
            0.360000  0.250000  0.510000
   -4.006    0.185    3.913    4.615    8.279    9.211   10.082   12.333
            0.360000  0.250000  0.520000
   -3.970    0.145    3.864    4.574    8.292    9.221   10.135   12.286
            0.360000  0.250000  0.530000
   -3.933    0.106    3.813    4.533    8.301    9.237   10.190   12.240
            0.360000  0.250000  0.540000
   -3.896    0.067    3.762    4.492    8.306    9.259   10.246   12.195
            0.360000  0.250000  0.550000
   -3.858    0.029    3.709    4.452    8.306    9.287   10.304   12.151
            0.360000  0.250000  0.560000
   -3.820   -0.009    3.655    4.413    8.302    9.319   10.364   12.109
            0.360000  0.250000  0.570000
   -3.782   -0.045    3.600    4.374    8.294    9.356   10.424   12.068
            0.360000  0.250000  0.580000
   -3.743   -0.081    3.545    4.337    8.283    9.398   10.487   12.027
            0.360000  0.250000  0.590000
   -3.703   -0.117    3.488    4.300    8.269    9.443   10.550   11.988
            0.360000  0.250000  0.600000
   -3.664   -0.151    3.430    4.264    8.253    9.491   10.615   11.950
            0.360000  0.250000  0.610000
   -3.624   -0.185    3.371    4.230    8.235    9.543   10.682   11.913
            0.360000  0.250000  0.620000
   -3.584   -0.218    3.312    4.196    8.216    9.596   10.749   11.877
            0.360000  0.250000  0.630000
   -3.543   -0.250    3.252    4.163    8.195    9.652   10.818   11.842
            0.360000  0.250000  0.640000
   -3.503   -0.282    3.191    4.132    8.173    9.710   10.888   11.808
            0.360000  0.250000  0.650000
   -3.462   -0.313    3.130    4.101    8.151    9.769   10.959   11.776
            0.360000  0.250000  0.660000
   -3.421   -0.343    3.069    4.072    8.128    9.829   11.032   11.744
            0.360000  0.250000  0.670000
   -3.380   -0.372    3.008    4.044    8.105    9.891   11.105   11.714
            0.360000  0.250000  0.680000
   -3.338   -0.401    2.947    4.016    8.082    9.953   11.179   11.684
            0.360000  0.250000  0.690000
   -3.297   -0.429    2.886    3.990    8.059   10.017   11.255   11.656
            0.360000  0.250000  0.700000
   -3.256   -0.456    2.825    3.965    8.036   10.081   11.331   11.629
            0.360000  0.250000  0.710000
   -3.215   -0.483    2.765    3.940    8.013   10.146   11.408   11.604
            0.360000  0.250000  0.720000
   -3.174   -0.509    2.704    3.917    7.991   10.212   11.485   11.580
            0.360000  0.250000  0.730000
   -3.133   -0.534    2.645    3.894    7.969   10.278   11.547   11.573
            0.360000  0.250000  0.740000
   -3.092   -0.558    2.586    3.873    7.947   10.345   11.531   11.646
            0.360000  0.250000  0.750000
   -3.052   -0.582    2.528    3.852    7.926   10.411   11.511   11.725
            0.360000  0.250000  0.760000
   -3.012   -0.604    2.471    3.832    7.906   10.478   11.492   11.805
            0.360000  0.250000  0.770000
   -2.973   -0.627    2.415    3.813    7.886   10.545   11.474   11.886
            0.360000  0.250000  0.780000
   -2.934   -0.648    2.360    3.795    7.867   10.612   11.458   11.968
            0.360000  0.250000  0.790000
   -2.895   -0.669    2.307    3.778    7.848   10.678   11.444   12.049
            0.360000  0.250000  0.800000
   -2.857   -0.689    2.254    3.761    7.830   10.743   11.432   12.132
            0.360000  0.250000  0.810000
   -2.820   -0.708    2.204    3.746    7.813   10.806   11.424   12.214
            0.360000  0.250000  0.820000
   -2.784   -0.726    2.155    3.731    7.797   10.868   11.419   12.296
            0.360000  0.250000  0.830000
   -2.749   -0.744    2.107    3.717    7.781   10.926   11.419   12.379
            0.360000  0.250000  0.840000
   -2.715   -0.761    2.062    3.704    7.767   10.978   11.425   12.460
            0.360000  0.250000  0.850000
   -2.682   -0.777    2.018    3.691    7.753   11.025   11.440   12.542
            0.360000  0.250000  0.860000
   -2.651   -0.792    1.977    3.680    7.740   11.062   11.464   12.622
            0.360000  0.250000  0.870000
   -2.621   -0.807    1.938    3.669    7.727   11.091   11.498   12.701
            0.360000  0.250000  0.880000
   -2.592   -0.820    1.901    3.659    7.716   11.111   11.542   12.778
            0.360000  0.250000  0.890000
   -2.565   -0.833    1.867    3.650    7.706   11.124   11.593   12.851
            0.360000  0.250000  0.900000
   -2.540   -0.844    1.835    3.642    7.696   11.132   11.651   12.917
            0.360000  0.250000  0.910000
   -2.517   -0.855    1.806    3.635    7.687   11.136   11.713   12.971
            0.360000  0.250000  0.920000
   -2.496   -0.865    1.779    3.628    7.679   11.138   11.778   13.006
            0.360000  0.250000  0.930000
   -2.477   -0.874    1.756    3.622    7.672   11.138   11.844   13.010
            0.360000  0.250000  0.940000
   -2.460   -0.881    1.735    3.617    7.666   11.138   11.910   12.983
            0.360000  0.250000  0.950000
   -2.446   -0.888    1.718    3.613    7.661   11.137   11.975   12.938
            0.360000  0.250000  0.960000
   -2.434   -0.893    1.703    3.609    7.657   11.136   12.036   12.885
            0.360000  0.250000  0.970000
   -2.424   -0.898    1.692    3.606    7.654   11.135   12.092   12.833
            0.360000  0.250000  0.980000
   -2.418   -0.901    1.684    3.604    7.652   11.135   12.139   12.788
            0.360000  0.250000  0.990000
   -2.414   -0.903    1.679    3.603    7.650   11.134   12.170   12.757
            0.360000  0.250000  1.000000
   -2.412   -0.903    1.677    3.603    7.650   11.134   12.182   12.745
