 &plot nbnd=   8, nks=   101 /
            0.040000 -0.200000 -1.000000
   -1.754   -1.641    2.590    2.935    7.320    7.785   14.215   14.323
            0.040000 -0.200000 -0.980000
   -1.848   -1.545    2.591    2.938    7.320    7.789   14.087   14.449
            0.040000 -0.200000 -0.960000
   -1.982   -1.408    2.596    2.945    7.321    7.801   13.917   14.611
            0.040000 -0.200000 -0.940000
   -2.117   -1.266    2.604    2.957    7.324    7.820   13.745   14.762
            0.040000 -0.200000 -0.920000
   -2.252   -1.122    2.615    2.974    7.327    7.846   13.572   14.877
            0.040000 -0.200000 -0.900000
   -2.385   -0.977    2.630    2.996    7.332    7.879   13.401   14.908
            0.040000 -0.200000 -0.880000
   -2.517   -0.831    2.647    3.023    7.339    7.919   13.231   14.828
            0.040000 -0.200000 -0.860000
   -2.647   -0.685    2.668    3.055    7.349    7.965   13.063   14.684
            0.040000 -0.200000 -0.840000
   -2.775   -0.539    2.692    3.091    7.360    8.017   12.896   14.514
            0.040000 -0.200000 -0.820000
   -2.900   -0.392    2.719    3.133    7.374    8.075   12.731   14.334
            0.040000 -0.200000 -0.800000
   -3.024   -0.245    2.749    3.179    7.391    8.138   12.568   14.149
            0.040000 -0.200000 -0.780000
   -3.145   -0.098    2.783    3.230    7.410    8.207   12.406   13.962
            0.040000 -0.200000 -0.760000
   -3.264    0.048    2.819    3.287    7.432    8.282   12.246   13.773
            0.040000 -0.200000 -0.740000
   -3.380    0.194    2.859    3.348    7.457    8.362   12.089   13.585
            0.040000 -0.200000 -0.720000
   -3.494    0.339    2.901    3.413    7.485    8.447   11.933   13.396
            0.040000 -0.200000 -0.700000
   -3.606    0.484    2.947    3.484    7.516    8.537   11.778   13.208
            0.040000 -0.200000 -0.680000
   -3.714    0.628    2.995    3.559    7.549    8.633   11.626   13.020
            0.040000 -0.200000 -0.660000
   -3.820    0.771    3.047    3.638    7.586    8.732   11.476   12.833
            0.040000 -0.200000 -0.640000
   -3.924    0.913    3.101    3.722    7.625    8.837   11.328   12.646
            0.040000 -0.200000 -0.620000
   -4.024    1.054    3.159    3.810    7.667    8.945   11.182   12.460
            0.040000 -0.200000 -0.600000
   -4.122    1.194    3.219    3.902    7.712    9.058   11.038   12.275
            0.040000 -0.200000 -0.580000
   -4.217    1.332    3.282    3.998    7.759    9.174   10.898   12.091
            0.040000 -0.200000 -0.560000
   -4.309    1.470    3.347    4.097    7.808    9.292   10.762   11.909
            0.040000 -0.200000 -0.540000
   -4.398    1.607    3.416    4.199    7.860    9.410   10.630   11.727
            0.040000 -0.200000 -0.520000
   -4.485    1.743    3.487    4.304    7.914    9.526   10.508   11.547
            0.040000 -0.200000 -0.500000
   -4.568    1.878    3.560    4.411    7.970    9.632   10.400   11.368
            0.040000 -0.200000 -0.480000
   -4.648    2.012    3.636    4.519    8.028    9.714   10.322   11.191
            0.040000 -0.200000 -0.460000
   -4.725    2.145    3.715    4.629    8.087    9.747   10.298   11.016
            0.040000 -0.200000 -0.440000
   -4.799    2.278    3.795    4.740    8.148    9.716   10.342   10.842
            0.040000 -0.200000 -0.420000
   -4.869    2.410    3.878    4.850    8.210    9.640   10.434   10.673
            0.040000 -0.200000 -0.400000
   -4.937    2.542    3.963    4.959    8.273    9.544   10.486   10.568
            0.040000 -0.200000 -0.380000
   -5.002    2.673    4.049    5.066    8.336    9.440   10.330   10.683
            0.040000 -0.200000 -0.360000
   -5.063    2.804    4.137    5.171    8.400    9.336   10.167   10.808
            0.040000 -0.200000 -0.340000
   -5.121    2.935    4.227    5.271    8.463    9.236   10.006   10.927
            0.040000 -0.200000 -0.320000
   -5.176    3.066    4.317    5.366    8.524    9.141    9.849   11.033
            0.040000 -0.200000 -0.300000
   -5.228    3.196    4.409    5.453    8.582    9.055    9.696   11.115
            0.040000 -0.200000 -0.280000
   -5.276    3.326    4.501    5.532    8.636    8.981    9.549   11.165
            0.040000 -0.200000 -0.260000
   -5.321    3.456    4.593    5.601    8.680    8.923    9.409   11.174
            0.040000 -0.200000 -0.240000
   -5.363    3.586    4.685    5.657    8.707    8.887    9.280   11.141
            0.040000 -0.200000 -0.220000
   -5.401    3.715    4.776    5.699    8.711    8.870    9.173   11.072
            0.040000 -0.200000 -0.200000
   -5.436    3.844    4.865    5.725    8.699    8.848    9.106   10.978
            0.040000 -0.200000 -0.180000
   -5.468    3.971    4.952    5.735    8.671    8.809    9.092   10.867
            0.040000 -0.200000 -0.160000
   -5.497    4.098    5.035    5.729    8.613    8.791    9.110   10.746
            0.040000 -0.200000 -0.140000
   -5.522    4.223    5.114    5.707    8.530    8.805    9.140   10.620
            0.040000 -0.200000 -0.120000
   -5.544    4.345    5.186    5.671    8.443    8.842    9.170   10.493
            0.040000 -0.200000 -0.100000
   -5.562    4.464    5.251    5.622    8.361    8.893    9.198   10.369
            0.040000 -0.200000 -0.080000
   -5.578    4.578    5.306    5.565    8.289    8.955    9.221   10.252
            0.040000 -0.200000 -0.060000
   -5.589    4.684    5.347    5.506    8.231    9.021    9.236   10.147
            0.040000 -0.200000 -0.040000
   -5.598    4.776    5.365    5.459    8.187    9.086    9.241   10.061
            0.040000 -0.200000 -0.020000
   -5.603    4.844    5.349    5.446    8.161    9.141    9.235   10.003
            0.040000 -0.200000  0.000000
   -5.604    4.870    5.335    5.447    8.152    9.168    9.226    9.982
            0.040000 -0.200000  0.020000
   -5.603    4.844    5.349    5.446    8.161    9.141    9.235   10.003
            0.040000 -0.200000  0.040000
   -5.598    4.776    5.365    5.459    8.187    9.086    9.241   10.061
            0.040000 -0.200000  0.060000
   -5.589    4.684    5.347    5.506    8.231    9.021    9.236   10.147
            0.040000 -0.200000  0.080000
   -5.578    4.578    5.306    5.565    8.289    8.955    9.221   10.252
            0.040000 -0.200000  0.100000
   -5.562    4.464    5.251    5.622    8.361    8.893    9.198   10.369
            0.040000 -0.200000  0.120000
   -5.544    4.345    5.186    5.671    8.443    8.842    9.170   10.493
            0.040000 -0.200000  0.140000
   -5.522    4.223    5.114    5.707    8.530    8.805    9.140   10.620
            0.040000 -0.200000  0.160000
   -5.497    4.098    5.035    5.729    8.613    8.791    9.110   10.746
            0.040000 -0.200000  0.180000
   -5.468    3.971    4.952    5.735    8.671    8.809    9.092   10.867
            0.040000 -0.200000  0.200000
   -5.436    3.844    4.865    5.725    8.699    8.848    9.106   10.978
            0.040000 -0.200000  0.220000
   -5.401    3.715    4.776    5.699    8.711    8.870    9.173   11.072
            0.040000 -0.200000  0.240000
   -5.363    3.586    4.685    5.657    8.707    8.887    9.280   11.141
            0.040000 -0.200000  0.260000
   -5.321    3.456    4.593    5.601    8.680    8.923    9.409   11.174
            0.040000 -0.200000  0.280000
   -5.276    3.326    4.501    5.532    8.636    8.981    9.549   11.165
            0.040000 -0.200000  0.300000
   -5.228    3.196    4.409    5.453    8.582    9.055    9.696   11.115
            0.040000 -0.200000  0.320000
   -5.176    3.066    4.317    5.366    8.524    9.141    9.849   11.033
            0.040000 -0.200000  0.340000
   -5.121    2.935    4.227    5.271    8.463    9.236   10.006   10.927
            0.040000 -0.200000  0.360000
   -5.063    2.804    4.137    5.171    8.400    9.336   10.167   10.808
            0.040000 -0.200000  0.380000
   -5.002    2.673    4.049    5.066    8.336    9.440   10.330   10.683
            0.040000 -0.200000  0.400000
   -4.937    2.542    3.963    4.959    8.273    9.544   10.486   10.568
            0.040000 -0.200000  0.420000
   -4.869    2.410    3.878    4.850    8.210    9.640   10.434   10.673
            0.040000 -0.200000  0.440000
   -4.799    2.278    3.795    4.740    8.148    9.716   10.342   10.842
            0.040000 -0.200000  0.460000
   -4.725    2.145    3.715    4.629    8.087    9.747   10.298   11.016
            0.040000 -0.200000  0.480000
   -4.648    2.012    3.636    4.519    8.028    9.714   10.322   11.191
            0.040000 -0.200000  0.500000
   -4.568    1.878    3.560    4.411    7.970    9.632   10.400   11.368
            0.040000 -0.200000  0.520000
   -4.485    1.743    3.487    4.304    7.914    9.526   10.508   11.547
            0.040000 -0.200000  0.540000
   -4.398    1.607    3.416    4.199    7.860    9.410   10.630   11.727
            0.040000 -0.200000  0.560000
   -4.309    1.470    3.347    4.097    7.808    9.292   10.762   11.909
            0.040000 -0.200000  0.580000
   -4.217    1.332    3.282    3.998    7.759    9.174   10.898   12.091
            0.040000 -0.200000  0.600000
   -4.122    1.194    3.219    3.902    7.712    9.058   11.038   12.275
            0.040000 -0.200000  0.620000
   -4.024    1.054    3.159    3.810    7.667    8.945   11.182   12.460
            0.040000 -0.200000  0.640000
   -3.924    0.913    3.101    3.722    7.625    8.837   11.328   12.646
            0.040000 -0.200000  0.660000
   -3.820    0.771    3.047    3.638    7.586    8.732   11.476   12.833
            0.040000 -0.200000  0.680000
   -3.714    0.628    2.995    3.559    7.549    8.633   11.626   13.020
            0.040000 -0.200000  0.700000
   -3.606    0.484    2.947    3.484    7.516    8.537   11.778   13.208
            0.040000 -0.200000  0.720000
   -3.494    0.339    2.901    3.413    7.485    8.447   11.933   13.396
            0.040000 -0.200000  0.740000
   -3.380    0.194    2.859    3.348    7.457    8.362   12.089   13.585
            0.040000 -0.200000  0.760000
   -3.264    0.048    2.819    3.287    7.432    8.282   12.246   13.773
            0.040000 -0.200000  0.780000
   -3.145   -0.098    2.783    3.230    7.410    8.207   12.406   13.962
            0.040000 -0.200000  0.800000
   -3.024   -0.245    2.749    3.179    7.391    8.138   12.568   14.149
            0.040000 -0.200000  0.820000
   -2.900   -0.392    2.719    3.133    7.374    8.075   12.731   14.334
            0.040000 -0.200000  0.840000
   -2.775   -0.539    2.692    3.091    7.360    8.017   12.896   14.514
            0.040000 -0.200000  0.860000
   -2.647   -0.685    2.668    3.055    7.349    7.965   13.063   14.684
            0.040000 -0.200000  0.880000
   -2.517   -0.831    2.647    3.023    7.339    7.919   13.231   14.828
            0.040000 -0.200000  0.900000
   -2.385   -0.977    2.630    2.996    7.332    7.879   13.401   14.908
            0.040000 -0.200000  0.920000
   -2.252   -1.122    2.615    2.974    7.327    7.846   13.572   14.877
            0.040000 -0.200000  0.940000
   -2.117   -1.266    2.604    2.957    7.324    7.820   13.745   14.762
            0.040000 -0.200000  0.960000
   -1.982   -1.408    2.596    2.945    7.321    7.801   13.917   14.611
            0.040000 -0.200000  0.980000
   -1.848   -1.545    2.591    2.938    7.320    7.789   14.087   14.449
            0.040000 -0.200000  1.000000
   -1.754   -1.641    2.590    2.935    7.320    7.785   14.215   14.323
