 &plot nbnd=   8, nks=   101 /
            0.710000  0.030000  0.000000
   -3.683    0.604    3.457    3.471    6.672    7.749   13.389   13.446
            0.710000  0.030000  0.010000
   -3.682    0.604    3.453    3.473    6.674    7.751   13.388   13.440
            0.710000  0.030000  0.020000
   -3.681    0.602    3.444    3.476    6.682    7.756   13.387   13.421
            0.710000  0.030000  0.030000
   -3.680    0.600    3.433    3.479    6.694    7.766   13.379   13.396
            0.710000  0.030000  0.040000
   -3.677    0.597    3.418    3.480    6.711    7.779   13.341   13.390
            0.710000  0.030000  0.050000
   -3.674    0.593    3.402    3.480    6.733    7.797   13.288   13.388
            0.710000  0.030000  0.060000
   -3.671    0.587    3.383    3.480    6.759    7.818   13.225   13.386
            0.710000  0.030000  0.070000
   -3.666    0.581    3.361    3.478    6.789    7.842   13.153   13.385
            0.710000  0.030000  0.080000
   -3.661    0.574    3.338    3.476    6.824    7.871   13.075   13.383
            0.710000  0.030000  0.090000
   -3.656    0.566    3.312    3.473    6.863    7.902   12.991   13.381
            0.710000  0.030000  0.100000
   -3.650    0.557    3.284    3.470    6.906    7.938   12.901   13.379
            0.710000  0.030000  0.110000
   -3.643    0.547    3.255    3.467    6.953    7.976   12.808   13.376
            0.710000  0.030000  0.120000
   -3.635    0.537    3.224    3.463    7.003    8.018   12.710   13.373
            0.710000  0.030000  0.130000
   -3.627    0.525    3.191    3.459    7.057    8.063   12.610   13.370
            0.710000  0.030000  0.140000
   -3.618    0.512    3.157    3.455    7.113    8.112   12.507   13.367
            0.710000  0.030000  0.150000
   -3.609    0.499    3.122    3.452    7.173    8.163   12.402   13.364
            0.710000  0.030000  0.160000
   -3.599    0.484    3.085    3.448    7.236    8.217   12.295   13.360
            0.710000  0.030000  0.170000
   -3.588    0.469    3.048    3.445    7.302    8.274   12.187   13.356
            0.710000  0.030000  0.180000
   -3.577    0.453    3.010    3.442    7.370    8.334   12.077   13.352
            0.710000  0.030000  0.190000
   -3.565    0.436    2.971    3.439    7.440    8.396   11.967   13.348
            0.710000  0.030000  0.200000
   -3.552    0.418    2.932    3.437    7.513    8.462   11.855   13.344
            0.710000  0.030000  0.210000
   -3.539    0.399    2.892    3.435    7.588    8.529   11.743   13.339
            0.710000  0.030000  0.220000
   -3.525    0.379    2.852    3.434    7.665    8.599   11.631   13.334
            0.710000  0.030000  0.230000
   -3.511    0.359    2.811    3.433    7.745    8.671   11.518   13.328
            0.710000  0.030000  0.240000
   -3.496    0.338    2.771    3.433    7.826    8.745   11.405   13.323
            0.710000  0.030000  0.250000
   -3.481    0.316    2.730    3.434    7.909    8.822   11.292   13.317
            0.710000  0.030000  0.260000
   -3.465    0.294    2.690    3.435    7.993    8.900   11.179   13.311
            0.710000  0.030000  0.270000
   -3.448    0.270    2.649    3.438    8.080    8.980   11.066   13.305
            0.710000  0.030000  0.280000
   -3.431    0.247    2.609    3.440    8.168    9.063   10.953   13.299
            0.710000  0.030000  0.290000
   -3.413    0.222    2.569    3.444    8.257    9.146   10.841   13.292
            0.710000  0.030000  0.300000
   -3.395    0.197    2.529    3.448    8.348    9.232   10.729   13.286
            0.710000  0.030000  0.310000
   -3.376    0.171    2.490    3.454    8.440    9.318   10.619   13.279
            0.710000  0.030000  0.320000
   -3.357    0.145    2.451    3.460    8.534    9.406   10.509   13.271
            0.710000  0.030000  0.330000
   -3.337    0.119    2.413    3.466    8.629    9.494   10.401   13.264
            0.710000  0.030000  0.340000
   -3.317    0.092    2.375    3.474    8.725    9.582   10.296   13.256
            0.710000  0.030000  0.350000
   -3.296    0.064    2.338    3.482    8.823    9.667   10.196   13.249
            0.710000  0.030000  0.360000
   -3.275    0.036    2.301    3.490    8.921    9.742   10.107   13.241
            0.710000  0.030000  0.370000
   -3.253    0.008    2.265    3.500    9.021    9.785   10.053   13.232
            0.710000  0.030000  0.380000
   -3.231   -0.021    2.230    3.510    9.122    9.760   10.070   13.224
            0.710000  0.030000  0.390000
   -3.208   -0.049    2.195    3.521    9.223    9.684   10.139   13.215
            0.710000  0.030000  0.400000
   -3.185   -0.079    2.162    3.532    9.325    9.592   10.227   13.206
            0.710000  0.030000  0.410000
   -3.162   -0.108    2.129    3.544    9.424    9.499   10.323   13.197
            0.710000  0.030000  0.420000
   -3.138   -0.137    2.097    3.556    9.390    9.538   10.424   13.187
            0.710000  0.030000  0.430000
   -3.114   -0.167    2.066    3.568    9.292    9.642   10.526   13.177
            0.710000  0.030000  0.440000
   -3.090   -0.197    2.036    3.581    9.193    9.748   10.631   13.166
            0.710000  0.030000  0.450000
   -3.065   -0.227    2.007    3.595    9.095    9.855   10.737   13.155
            0.710000  0.030000  0.460000
   -3.040   -0.257    1.979    3.608    8.998    9.962   10.845   13.142
            0.710000  0.030000  0.470000
   -3.014   -0.287    1.952    3.621    8.902   10.071   10.954   13.127
            0.710000  0.030000  0.480000
   -2.989   -0.317    1.926    3.635    8.807   10.180   11.064   13.109
            0.710000  0.030000  0.490000
   -2.963   -0.346    1.901    3.649    8.714   10.289   11.175   13.086
            0.710000  0.030000  0.500000
   -2.937   -0.376    1.877    3.662    8.623   10.400   11.287   13.052
            0.710000  0.030000  0.510000
   -2.910   -0.406    1.854    3.675    8.533   10.510   11.400   13.001
            0.710000  0.030000  0.520000
   -2.884   -0.436    1.833    3.688    8.446   10.621   11.514   12.929
            0.710000  0.030000  0.530000
   -2.857   -0.466    1.813    3.701    8.360   10.732   11.629   12.841
            0.710000  0.030000  0.540000
   -2.830   -0.495    1.794    3.713    8.277   10.843   11.744   12.744
            0.710000  0.030000  0.550000
   -2.803   -0.525    1.776    3.724    8.197   10.953   11.859   12.643
            0.710000  0.030000  0.560000
   -2.776   -0.554    1.760    3.734    8.118   11.063   11.974   12.540
            0.710000  0.030000  0.570000
   -2.748   -0.583    1.745    3.744    8.043   11.172   12.087   12.441
            0.710000  0.030000  0.580000
   -2.721   -0.612    1.731    3.752    7.970   11.278   12.190   12.354
            0.710000  0.030000  0.590000
   -2.694   -0.641    1.719    3.760    7.901   11.379   12.205   12.359
            0.710000  0.030000  0.600000
   -2.666   -0.669    1.708    3.766    7.834   11.471   12.135   12.458
            0.710000  0.030000  0.610000
   -2.639   -0.697    1.698    3.770    7.771   11.544   12.071   12.569
            0.710000  0.030000  0.620000
   -2.611   -0.725    1.690    3.773    7.711   11.581   12.042   12.678
            0.710000  0.030000  0.630000
   -2.584   -0.753    1.683    3.774    7.655   11.565   12.064   12.781
            0.710000  0.030000  0.640000
   -2.557   -0.780    1.678    3.773    7.602   11.508   12.127   12.870
            0.710000  0.030000  0.650000
   -2.530   -0.807    1.674    3.771    7.554   11.428   12.213   12.937
            0.710000  0.030000  0.660000
   -2.503   -0.834    1.672    3.766    7.509   11.337   12.308   12.979
            0.710000  0.030000  0.670000
   -2.476   -0.860    1.671    3.759    7.469   11.240   12.406   13.006
            0.710000  0.030000  0.680000
   -2.449   -0.887    1.672    3.749    7.432   11.142   12.502   13.028
            0.710000  0.030000  0.690000
   -2.423   -0.913    1.675    3.737    7.400   11.041   12.594   13.053
            0.710000  0.030000  0.700000
   -2.396   -0.938    1.679    3.723    7.373   10.940   12.675   13.086
            0.710000  0.030000  0.710000
   -2.370   -0.963    1.685    3.706    7.350   10.840   12.741   13.132
            0.710000  0.030000  0.720000
   -2.345   -0.988    1.692    3.686    7.331   10.739   12.790   13.195
            0.710000  0.030000  0.730000
   -2.319   -1.013    1.701    3.664    7.317   10.638   12.822   13.271
            0.710000  0.030000  0.740000
   -2.294   -1.037    1.711    3.640    7.307   10.539   12.843   13.354
            0.710000  0.030000  0.750000
   -2.269   -1.061    1.723    3.613    7.302   10.439   12.856   13.437
            0.710000  0.030000  0.760000
   -2.244   -1.084    1.737    3.584    7.301   10.341   12.864   13.507
            0.710000  0.030000  0.770000
   -2.220   -1.107    1.752    3.552    7.304   10.243   12.869   13.554
            0.710000  0.030000  0.780000
   -2.196   -1.130    1.769    3.519    7.311   10.146   12.872   13.576
            0.710000  0.030000  0.790000
   -2.173   -1.152    1.788    3.483    7.323   10.050   12.874   13.580
            0.710000  0.030000  0.800000
   -2.150   -1.174    1.808    3.445    7.338    9.954   12.875   13.575
            0.710000  0.030000  0.810000
   -2.127   -1.195    1.830    3.406    7.358    9.860   12.875   13.565
            0.710000  0.030000  0.820000
   -2.105   -1.216    1.853    3.365    7.381    9.766   12.875   13.553
            0.710000  0.030000  0.830000
   -2.083   -1.237    1.878    3.322    7.407    9.674   12.875   13.539
            0.710000  0.030000  0.840000
   -2.062   -1.257    1.904    3.279    7.437    9.583   12.875   13.526
            0.710000  0.030000  0.850000
   -2.041   -1.277    1.932    3.234    7.471    9.492   12.874   13.512
            0.710000  0.030000  0.860000
   -2.021   -1.296    1.962    3.188    7.507    9.403   12.874   13.498
            0.710000  0.030000  0.870000
   -2.002   -1.314    1.992    3.141    7.546    9.315   12.873   13.485
            0.710000  0.030000  0.880000
   -1.983   -1.332    2.025    3.093    7.589    9.228   12.873   13.473
            0.710000  0.030000  0.890000
   -1.965   -1.349    2.058    3.045    7.634    9.142   12.872   13.462
            0.710000  0.030000  0.900000
   -1.948   -1.366    2.093    2.997    7.681    9.057   12.872   13.451
            0.710000  0.030000  0.910000
   -1.932   -1.381    2.129    2.948    7.732    8.974   12.872   13.441
            0.710000  0.030000  0.920000
   -1.917   -1.396    2.167    2.899    7.784    8.892   12.871   13.432
            0.710000  0.030000  0.930000
   -1.903   -1.409    2.206    2.850    7.839    8.811   12.871   13.424
            0.710000  0.030000  0.940000
   -1.890   -1.422    2.245    2.802    7.896    8.732   12.871   13.417
            0.710000  0.030000  0.950000
   -1.879   -1.432    2.286    2.753    7.955    8.654   12.871   13.411
            0.710000  0.030000  0.960000
   -1.869   -1.442    2.327    2.705    8.016    8.578   12.870   13.406
            0.710000  0.030000  0.970000
   -1.861   -1.449    2.369    2.659    8.079    8.503   12.870   13.402
            0.710000  0.030000  0.980000
   -1.856   -1.455    2.410    2.614    8.142    8.431   12.870   13.399
            0.710000  0.030000  0.990000
   -1.852   -1.458    2.448    2.574    8.205    8.364   12.870   13.398
            0.710000  0.030000  1.000000
   -1.851   -1.459    2.468    2.553    8.245    8.322   12.870   13.397
