 &plot nbnd=   8, nks=   101 /
            0.920000  0.700000 -1.000000
   -5.373    3.934    4.803    5.103    7.926    9.618    9.899   10.502
            0.920000  0.700000 -0.980000
   -5.371    3.917    4.817    5.098    7.934    9.600    9.903   10.514
            0.920000  0.700000 -0.960000
   -5.366    3.868    4.854    5.082    7.958    9.551    9.909   10.548
            0.920000  0.700000 -0.940000
   -5.358    3.795    4.903    5.061    7.996    9.483    9.910   10.601
            0.920000  0.700000 -0.920000
   -5.346    3.706    4.933    5.059    8.049    9.406    9.903   10.668
            0.920000  0.700000 -0.900000
   -5.331    3.606    4.910    5.104    8.113    9.324    9.888   10.746
            0.920000  0.700000 -0.880000
   -5.313    3.499    4.858    5.170    8.188    9.243    9.866   10.832
            0.920000  0.700000 -0.860000
   -5.292    3.387    4.792    5.239    8.271    9.167    9.837   10.924
            0.920000  0.700000 -0.840000
   -5.267    3.272    4.718    5.303    8.359    9.099    9.804   11.019
            0.920000  0.700000 -0.820000
   -5.239    3.155    4.639    5.361    8.447    9.045    9.765   11.119
            0.920000  0.700000 -0.800000
   -5.208    3.037    4.556    5.408    8.529    9.013    9.724   11.222
            0.920000  0.700000 -0.780000
   -5.174    2.918    4.469    5.444    8.594    9.013    9.681   11.326
            0.920000  0.700000 -0.760000
   -5.136    2.799    4.381    5.466    8.635    9.052    9.639   11.431
            0.920000  0.700000 -0.740000
   -5.095    2.680    4.291    5.474    8.655    9.123    9.600   11.531
            0.920000  0.700000 -0.720000
   -5.051    2.562    4.200    5.467    8.668    9.205    9.575   11.615
            0.920000  0.700000 -0.700000
   -5.004    2.444    4.109    5.445    8.682    9.270    9.583   11.663
            0.920000  0.700000 -0.680000
   -4.953    2.326    4.018    5.408    8.701    9.289    9.647   11.649
            0.920000  0.700000 -0.660000
   -4.900    2.210    3.927    5.357    8.727    9.273    9.757   11.574
            0.920000  0.700000 -0.640000
   -4.843    2.094    3.837    5.294    8.757    9.245    9.891   11.467
            0.920000  0.700000 -0.620000
   -4.783    1.979    3.748    5.219    8.785    9.220   10.036   11.344
            0.920000  0.700000 -0.600000
   -4.720    1.865    3.661    5.135    8.806    9.209   10.188   11.216
            0.920000  0.700000 -0.580000
   -4.654    1.751    3.575    5.042    8.810    9.220   10.343   11.087
            0.920000  0.700000 -0.560000
   -4.586    1.639    3.490    4.943    8.794    9.258   10.497   10.966
            0.920000  0.700000 -0.540000
   -4.514    1.527    3.408    4.839    8.762    9.319   10.625   10.875
            0.920000  0.700000 -0.520000
   -4.439    1.415    3.327    4.730    8.720    9.396   10.625   10.918
            0.920000  0.700000 -0.500000
   -4.361    1.304    3.248    4.619    8.673    9.484   10.527   11.066
            0.920000  0.700000 -0.480000
   -4.281    1.193    3.171    4.506    8.622    9.581   10.414   11.234
            0.920000  0.700000 -0.460000
   -4.197    1.083    3.096    4.392    8.570    9.685   10.301   11.410
            0.920000  0.700000 -0.440000
   -4.111    0.973    3.024    4.279    8.518    9.794   10.191   11.590
            0.920000  0.700000 -0.420000
   -4.022    0.862    2.954    4.166    8.466    9.906   10.086   11.772
            0.920000  0.700000 -0.400000
   -3.931    0.752    2.886    4.055    8.416    9.974   10.033   11.957
            0.920000  0.700000 -0.380000
   -3.837    0.641    2.820    3.947    8.366    9.882   10.150   12.143
            0.920000  0.700000 -0.360000
   -3.740    0.529    2.757    3.842    8.318    9.790   10.275   12.331
            0.920000  0.700000 -0.340000
   -3.641    0.417    2.696    3.741    8.272    9.702   10.403   12.520
            0.920000  0.700000 -0.320000
   -3.540    0.305    2.638    3.644    8.228    9.620   10.535   12.710
            0.920000  0.700000 -0.300000
   -3.436    0.191    2.582    3.551    8.185    9.542   10.669   12.901
            0.920000  0.700000 -0.280000
   -3.330    0.076    2.529    3.464    8.145    9.470   10.807   13.093
            0.920000  0.700000 -0.260000
   -3.222   -0.040    2.479    3.382    8.108    9.402   10.948   13.284
            0.920000  0.700000 -0.240000
   -3.112   -0.156    2.432    3.306    8.073    9.340   11.091   13.476
            0.920000  0.700000 -0.220000
   -3.001   -0.274    2.388    3.235    8.040    9.282   11.238   13.667
            0.920000  0.700000 -0.200000
   -2.887   -0.393    2.346    3.171    8.010    9.230   11.387   13.854
            0.920000  0.700000 -0.180000
   -2.772   -0.513    2.308    3.113    7.982    9.183   11.538   14.033
            0.920000  0.700000 -0.160000
   -2.656   -0.633    2.274    3.061    7.958    9.141   11.692   14.180
            0.920000  0.700000 -0.140000
   -2.539   -0.754    2.243    3.016    7.936    9.104   11.849   14.202
            0.920000  0.700000 -0.120000
   -2.421   -0.875    2.216    2.976    7.917    9.072   12.009   14.079
            0.920000  0.700000 -0.100000
   -2.303   -0.996    2.193    2.943    7.900    9.045   12.170   13.914
            0.920000  0.700000 -0.080000
   -2.186   -1.115    2.173    2.916    7.887    9.023   12.334   13.740
            0.920000  0.700000 -0.060000
   -2.072   -1.231    2.158    2.895    7.877    9.005   12.499   13.564
            0.920000  0.700000 -0.040000
   -1.964   -1.340    2.147    2.880    7.869    8.993   12.664   13.390
            0.920000  0.700000 -0.020000
   -1.876   -1.429    2.141    2.871    7.865    8.986   12.825   13.224
            0.920000  0.700000  0.000000
   -1.837   -1.468    2.139    2.868    7.863    8.983   12.927   13.120
            0.920000  0.700000  0.020000
   -1.876   -1.429    2.141    2.871    7.865    8.986   12.825   13.224
            0.920000  0.700000  0.040000
   -1.964   -1.340    2.147    2.880    7.869    8.993   12.664   13.390
            0.920000  0.700000  0.060000
   -2.072   -1.231    2.158    2.895    7.877    9.005   12.499   13.564
            0.920000  0.700000  0.080000
   -2.186   -1.115    2.173    2.916    7.887    9.023   12.334   13.740
            0.920000  0.700000  0.100000
   -2.303   -0.996    2.193    2.943    7.900    9.045   12.170   13.914
            0.920000  0.700000  0.120000
   -2.421   -0.875    2.216    2.976    7.917    9.072   12.009   14.079
            0.920000  0.700000  0.140000
   -2.539   -0.754    2.243    3.016    7.936    9.104   11.849   14.202
            0.920000  0.700000  0.160000
   -2.656   -0.633    2.274    3.061    7.958    9.141   11.692   14.180
            0.920000  0.700000  0.180000
   -2.772   -0.513    2.308    3.113    7.982    9.183   11.538   14.033
            0.920000  0.700000  0.200000
   -2.887   -0.393    2.346    3.171    8.010    9.230   11.387   13.854
            0.920000  0.700000  0.220000
   -3.001   -0.274    2.388    3.235    8.040    9.282   11.238   13.667
            0.920000  0.700000  0.240000
   -3.112   -0.156    2.432    3.306    8.073    9.340   11.091   13.476
            0.920000  0.700000  0.260000
   -3.222   -0.040    2.479    3.382    8.108    9.402   10.948   13.284
            0.920000  0.700000  0.280000
   -3.330    0.076    2.529    3.464    8.145    9.470   10.807   13.093
            0.920000  0.700000  0.300000
   -3.436    0.191    2.582    3.551    8.185    9.542   10.669   12.901
            0.920000  0.700000  0.320000
   -3.540    0.305    2.638    3.644    8.228    9.620   10.535   12.710
            0.920000  0.700000  0.340000
   -3.641    0.417    2.696    3.741    8.272    9.702   10.403   12.520
            0.920000  0.700000  0.360000
   -3.740    0.529    2.757    3.842    8.318    9.790   10.275   12.331
            0.920000  0.700000  0.380000
   -3.837    0.641    2.820    3.947    8.366    9.882   10.150   12.143
            0.920000  0.700000  0.400000
   -3.931    0.752    2.886    4.055    8.416    9.974   10.033   11.957
            0.920000  0.700000  0.420000
   -4.022    0.862    2.954    4.166    8.466    9.906   10.086   11.772
            0.920000  0.700000  0.440000
   -4.111    0.973    3.024    4.279    8.518    9.794   10.191   11.590
            0.920000  0.700000  0.460000
   -4.197    1.083    3.096    4.392    8.570    9.685   10.301   11.410
            0.920000  0.700000  0.480000
   -4.281    1.193    3.171    4.506    8.622    9.581   10.414   11.234
            0.920000  0.700000  0.500000
   -4.361    1.304    3.248    4.619    8.673    9.484   10.527   11.066
            0.920000  0.700000  0.520000
   -4.439    1.415    3.327    4.730    8.720    9.396   10.625   10.918
            0.920000  0.700000  0.540000
   -4.514    1.527    3.408    4.839    8.762    9.319   10.625   10.875
            0.920000  0.700000  0.560000
   -4.586    1.639    3.490    4.943    8.794    9.258   10.497   10.966
            0.920000  0.700000  0.580000
   -4.654    1.751    3.575    5.042    8.810    9.220   10.343   11.087
            0.920000  0.700000  0.600000
   -4.720    1.865    3.661    5.135    8.806    9.209   10.188   11.216
            0.920000  0.700000  0.620000
   -4.783    1.979    3.748    5.219    8.785    9.220   10.036   11.344
            0.920000  0.700000  0.640000
   -4.843    2.094    3.837    5.294    8.757    9.245    9.891   11.467
            0.920000  0.700000  0.660000
   -4.900    2.210    3.927    5.357    8.727    9.273    9.757   11.574
            0.920000  0.700000  0.680000
   -4.953    2.326    4.018    5.408    8.701    9.289    9.647   11.649
            0.920000  0.700000  0.700000
   -5.004    2.444    4.109    5.445    8.682    9.270    9.583   11.663
            0.920000  0.700000  0.720000
   -5.051    2.562    4.200    5.467    8.668    9.205    9.575   11.615
            0.920000  0.700000  0.740000
   -5.095    2.680    4.291    5.474    8.655    9.123    9.600   11.531
            0.920000  0.700000  0.760000
   -5.136    2.799    4.381    5.466    8.635    9.052    9.639   11.431
            0.920000  0.700000  0.780000
   -5.174    2.918    4.469    5.444    8.594    9.013    9.681   11.326
            0.920000  0.700000  0.800000
   -5.208    3.037    4.556    5.408    8.529    9.013    9.724   11.222
            0.920000  0.700000  0.820000
   -5.239    3.155    4.639    5.361    8.447    9.045    9.765   11.119
            0.920000  0.700000  0.840000
   -5.267    3.272    4.718    5.303    8.359    9.099    9.804   11.019
            0.920000  0.700000  0.860000
   -5.292    3.387    4.792    5.239    8.271    9.167    9.837   10.924
            0.920000  0.700000  0.880000
   -5.313    3.499    4.858    5.170    8.188    9.243    9.866   10.832
            0.920000  0.700000  0.900000
   -5.331    3.606    4.910    5.104    8.113    9.324    9.888   10.746
            0.920000  0.700000  0.920000
   -5.346    3.706    4.933    5.059    8.049    9.406    9.903   10.668
            0.920000  0.700000  0.940000
   -5.358    3.795    4.903    5.061    7.996    9.483    9.910   10.601
            0.920000  0.700000  0.960000
   -5.366    3.868    4.854    5.082    7.958    9.551    9.909   10.548
            0.920000  0.700000  0.980000
   -5.371    3.917    4.817    5.098    7.934    9.600    9.903   10.514
            0.920000  0.700000  1.000000
   -5.373    3.934    4.803    5.103    7.926    9.618    9.899   10.502
