 &plot nbnd=   8, nks=   101 /
            0.460000  0.460000  0.000000
   -4.075    0.911    2.561    4.819    8.559   10.323   10.649   11.746
            0.460000  0.460000  0.010000
   -4.075    0.908    2.564    4.819    8.558   10.321   10.642   11.753
            0.460000  0.460000  0.020000
   -4.074    0.899    2.575    4.819    8.558   10.314   10.623   11.775
            0.460000  0.460000  0.030000
   -4.072    0.885    2.591    4.819    8.556   10.303   10.592   11.810
            0.460000  0.460000  0.040000
   -4.070    0.866    2.614    4.820    8.555   10.288   10.551   11.857
            0.460000  0.460000  0.050000
   -4.068    0.842    2.643    4.820    8.552   10.269   10.503   11.912
            0.460000  0.460000  0.060000
   -4.064    0.814    2.677    4.820    8.549   10.246   10.450   11.974
            0.460000  0.460000  0.070000
   -4.061    0.782    2.716    4.820    8.545   10.220   10.393   12.043
            0.460000  0.460000  0.080000
   -4.056    0.747    2.759    4.821    8.541   10.192   10.333   12.116
            0.460000  0.460000  0.090000
   -4.052    0.709    2.806    4.821    8.535   10.162   10.271   12.192
            0.460000  0.460000  0.100000
   -4.046    0.669    2.856    4.821    8.529   10.130   10.209   12.271
            0.460000  0.460000  0.110000
   -4.040    0.626    2.909    4.822    8.521   10.096   10.147   12.353
            0.460000  0.460000  0.120000
   -4.034    0.583    2.965    4.822    8.512   10.061   10.085   12.436
            0.460000  0.460000  0.130000
   -4.027    0.538    3.023    4.822    8.501   10.024   10.026   12.520
            0.460000  0.460000  0.140000
   -4.019    0.491    3.083    4.823    8.488    9.964    9.990   12.605
            0.460000  0.460000  0.150000
   -4.011    0.445    3.144    4.823    8.474    9.906    9.953   12.691
            0.460000  0.460000  0.160000
   -4.003    0.397    3.207    4.823    8.457    9.851    9.917   12.777
            0.460000  0.460000  0.170000
   -3.994    0.349    3.271    4.824    8.438    9.798    9.880   12.863
            0.460000  0.460000  0.180000
   -3.984    0.301    3.337    4.824    8.416    9.747    9.844   12.948
            0.460000  0.460000  0.190000
   -3.974    0.253    3.403    4.824    8.392    9.700    9.808   13.033
            0.460000  0.460000  0.200000
   -3.964    0.206    3.469    4.824    8.365    9.656    9.773   13.116
            0.460000  0.460000  0.210000
   -3.953    0.158    3.536    4.824    8.335    9.616    9.738   13.198
            0.460000  0.460000  0.220000
   -3.942    0.110    3.604    4.824    8.302    9.579    9.705   13.277
            0.460000  0.460000  0.230000
   -3.930    0.063    3.671    4.824    8.267    9.545    9.672   13.353
            0.460000  0.460000  0.240000
   -3.918    0.017    3.738    4.823    8.228    9.515    9.640   13.426
            0.460000  0.460000  0.250000
   -3.906   -0.029    3.806    4.823    8.188    9.489    9.609   13.493
            0.460000  0.460000  0.260000
   -3.893   -0.075    3.872    4.822    8.145    9.465    9.579   13.555
            0.460000  0.460000  0.270000
   -3.880   -0.119    3.939    4.821    8.100    9.444    9.551   13.610
            0.460000  0.460000  0.280000
   -3.866   -0.163    4.004    4.820    8.054    9.426    9.523   13.658
            0.460000  0.460000  0.290000
   -3.852   -0.206    4.069    4.819    8.006    9.410    9.497   13.697
            0.460000  0.460000  0.300000
   -3.838   -0.248    4.132    4.817    7.958    9.396    9.473   13.727
            0.460000  0.460000  0.310000
   -3.824   -0.289    4.195    4.816    7.909    9.384    9.449   13.748
            0.460000  0.460000  0.320000
   -3.810   -0.329    4.255    4.814    7.861    9.374    9.428   13.761
            0.460000  0.460000  0.330000
   -3.795   -0.368    4.314    4.812    7.813    9.365    9.407   13.766
            0.460000  0.460000  0.340000
   -3.781   -0.406    4.370    4.809    7.765    9.357    9.389   13.766
            0.460000  0.460000  0.350000
   -3.766   -0.443    4.424    4.807    7.719    9.350    9.371   13.760
            0.460000  0.460000  0.360000
   -3.751   -0.479    4.476    4.804    7.675    9.344    9.356   13.751
            0.460000  0.460000  0.370000
   -3.736   -0.513    4.524    4.801    7.633    9.338    9.342   13.739
            0.460000  0.460000  0.380000
   -3.721   -0.546    4.569    4.797    7.593    9.329    9.332   13.726
            0.460000  0.460000  0.390000
   -3.706   -0.578    4.610    4.794    7.557    9.318    9.327   13.713
            0.460000  0.460000  0.400000
   -3.691   -0.608    4.647    4.790    7.524    9.309    9.322   13.699
            0.460000  0.460000  0.410000
   -3.676   -0.637    4.679    4.786    7.495    9.302    9.317   13.686
            0.460000  0.460000  0.420000
   -3.662   -0.664    4.706    4.781    7.470    9.296    9.312   13.674
            0.460000  0.460000  0.430000
   -3.647   -0.690    4.728    4.776    7.449    9.292    9.307   13.664
            0.460000  0.460000  0.440000
   -3.633   -0.714    4.745    4.771    7.434    9.289    9.301   13.655
            0.460000  0.460000  0.450000
   -3.619   -0.736    4.756    4.766    7.424    9.289    9.296   13.649
            0.460000  0.460000  0.460000
   -3.606   -0.757    4.761    4.761    7.419    9.290    9.290   13.645
            0.460000  0.460000  0.470000
   -3.592   -0.776    4.755    4.760    7.420    9.284    9.293   13.643
            0.460000  0.460000  0.480000
   -3.580   -0.793    4.749    4.752    7.425    9.278    9.297   13.644
            0.460000  0.460000  0.490000
   -3.567   -0.808    4.740    4.743    7.437    9.272    9.303   13.647
            0.460000  0.460000  0.500000
   -3.555   -0.822    4.721    4.736    7.453    9.265    9.311   13.653
            0.460000  0.460000  0.510000
   -3.544   -0.833    4.697    4.729    7.473    9.259    9.321   13.661
            0.460000  0.460000  0.520000
   -3.533   -0.843    4.667    4.722    7.499    9.253    9.332   13.672
            0.460000  0.460000  0.530000
   -3.523   -0.851    4.633    4.715    7.528    9.247    9.345   13.685
            0.460000  0.460000  0.540000
   -3.513   -0.857    4.594    4.708    7.561    9.242    9.359   13.700
            0.460000  0.460000  0.550000
   -3.504   -0.860    4.551    4.700    7.596    9.237    9.375   13.718
            0.460000  0.460000  0.560000
   -3.495   -0.862    4.505    4.693    7.635    9.233    9.393   13.737
            0.460000  0.460000  0.570000
   -3.487   -0.862    4.455    4.685    7.675    9.230    9.413   13.759
            0.460000  0.460000  0.580000
   -3.480   -0.860    4.401    4.677    7.717    9.229    9.434   13.782
            0.460000  0.460000  0.590000
   -3.474   -0.855    4.345    4.669    7.759    9.229    9.456   13.807
            0.460000  0.460000  0.600000
   -3.468   -0.849    4.287    4.660    7.803    9.230    9.480   13.832
            0.460000  0.460000  0.610000
   -3.463   -0.841    4.226    4.652    7.846    9.234    9.506   13.859
            0.460000  0.460000  0.620000
   -3.458   -0.830    4.164    4.644    7.888    9.241    9.533   13.886
            0.460000  0.460000  0.630000
   -3.455   -0.818    4.100    4.636    7.930    9.250    9.562   13.913
            0.460000  0.460000  0.640000
   -3.452   -0.804    4.034    4.627    7.970    9.262    9.592   13.940
            0.460000  0.460000  0.650000
   -3.449   -0.788    3.967    4.619    8.007    9.279    9.623   13.967
            0.460000  0.460000  0.660000
   -3.447   -0.770    3.899    4.611    8.043    9.299    9.656   13.992
            0.460000  0.460000  0.670000
   -3.446   -0.750    3.830    4.602    8.075    9.323    9.691   14.014
            0.460000  0.460000  0.680000
   -3.445   -0.729    3.761    4.594    8.104    9.352    9.726   14.034
            0.460000  0.460000  0.690000
   -3.445   -0.706    3.691    4.586    8.130    9.385    9.763   14.050
            0.460000  0.460000  0.700000
   -3.445   -0.681    3.620    4.578    8.153    9.423    9.801   14.061
            0.460000  0.460000  0.710000
   -3.445   -0.655    3.549    4.569    8.172    9.465    9.841   14.065
            0.460000  0.460000  0.720000
   -3.446   -0.627    3.479    4.562    8.188    9.512    9.881   14.060
            0.460000  0.460000  0.730000
   -3.448   -0.598    3.408    4.554    8.201    9.563    9.923   14.045
            0.460000  0.460000  0.740000
   -3.449   -0.568    3.337    4.546    8.211    9.617    9.966   14.018
            0.460000  0.460000  0.750000
   -3.451   -0.536    3.266    4.539    8.218    9.675   10.010   13.979
            0.460000  0.460000  0.760000
   -3.454   -0.503    3.196    4.531    8.224    9.736   10.054   13.929
            0.460000  0.460000  0.770000
   -3.456   -0.469    3.126    4.524    8.227    9.800   10.100   13.869
            0.460000  0.460000  0.780000
   -3.459   -0.435    3.057    4.517    8.229    9.867   10.147   13.802
            0.460000  0.460000  0.790000
   -3.461   -0.399    2.988    4.510    8.229    9.936   10.194   13.728
            0.460000  0.460000  0.800000
   -3.464   -0.363    2.920    4.504    8.228   10.006   10.242   13.651
            0.460000  0.460000  0.810000
   -3.467   -0.326    2.854    4.498    8.227   10.079   10.291   13.570
            0.460000  0.460000  0.820000
   -3.470   -0.289    2.788    4.492    8.224   10.153   10.340   13.486
            0.460000  0.460000  0.830000
   -3.473   -0.252    2.724    4.486    8.221   10.229   10.389   13.401
            0.460000  0.460000  0.840000
   -3.476   -0.214    2.661    4.480    8.217   10.306   10.439   13.314
            0.460000  0.460000  0.850000
   -3.479   -0.177    2.600    4.475    8.214   10.383   10.489   13.227
            0.460000  0.460000  0.860000
   -3.482   -0.140    2.540    4.470    8.209   10.462   10.539   13.139
            0.460000  0.460000  0.870000
   -3.485   -0.103    2.483    4.466    8.205   10.541   10.588   13.051
            0.460000  0.460000  0.880000
   -3.488   -0.067    2.428    4.461    8.201   10.620   10.637   12.964
            0.460000  0.460000  0.890000
   -3.490   -0.032    2.376    4.457    8.197   10.685   10.699   12.877
            0.460000  0.460000  0.900000
   -3.492    0.001    2.326    4.454    8.193   10.731   10.778   12.790
            0.460000  0.460000  0.910000
   -3.495    0.033    2.279    4.450    8.190   10.776   10.857   12.705
            0.460000  0.460000  0.920000
   -3.497    0.063    2.237    4.448    8.186   10.819   10.934   12.621
            0.460000  0.460000  0.930000
   -3.498    0.090    2.197    4.445    8.183   10.859   11.010   12.540
            0.460000  0.460000  0.940000
   -3.500    0.115    2.163    4.443    8.180   10.896   11.083   12.463
            0.460000  0.460000  0.950000
   -3.501    0.137    2.132    4.441    8.178   10.929   11.152   12.390
            0.460000  0.460000  0.960000
   -3.502    0.156    2.107    4.439    8.176   10.957   11.215   12.323
            0.460000  0.460000  0.970000
   -3.503    0.171    2.087    4.438    8.174   10.980   11.271   12.265
            0.460000  0.460000  0.980000
   -3.504    0.181    2.072    4.437    8.173   10.997   11.315   12.219
            0.460000  0.460000  0.990000
   -3.504    0.188    2.063    4.436    8.173   11.007   11.344   12.189
            0.460000  0.460000  1.000000
   -3.504    0.190    2.060    4.436    8.172   11.011   11.354   12.179
