 &plot nbnd=   8, nks=   101 /
            0.720000  0.760000  0.000000
   -2.200   -1.126    1.737    3.576    7.258   10.236   13.049   13.691
            0.720000  0.760000  0.010000
   -2.203   -1.124    1.738    3.577    7.259   10.236   13.040   13.662
            0.720000  0.760000  0.020000
   -2.211   -1.117    1.742    3.578    7.260   10.237   13.014   13.609
            0.720000  0.760000  0.030000
   -2.224   -1.105    1.749    3.579    7.263   10.240   12.973   13.547
            0.720000  0.760000  0.040000
   -2.243   -1.090    1.758    3.582    7.266   10.243   12.921   13.480
            0.720000  0.760000  0.050000
   -2.265   -1.071    1.770    3.585    7.271   10.248   12.861   13.408
            0.720000  0.760000  0.060000
   -2.292   -1.048    1.784    3.589    7.276   10.253   12.796   13.333
            0.720000  0.760000  0.070000
   -2.322   -1.023    1.801    3.594    7.283   10.260   12.726   13.255
            0.720000  0.760000  0.080000
   -2.355   -0.995    1.821    3.599    7.290   10.267   12.653   13.175
            0.720000  0.760000  0.090000
   -2.391   -0.966    1.843    3.605    7.298   10.275   12.578   13.094
            0.720000  0.760000  0.100000
   -2.429   -0.934    1.867    3.611    7.308   10.285   12.502   13.012
            0.720000  0.760000  0.110000
   -2.469   -0.902    1.894    3.619    7.318   10.295   12.424   12.930
            0.720000  0.760000  0.120000
   -2.510   -0.868    1.924    3.627    7.329   10.306   12.346   12.847
            0.720000  0.760000  0.130000
   -2.553   -0.833    1.955    3.636    7.342   10.319   12.267   12.765
            0.720000  0.760000  0.140000
   -2.598   -0.798    1.989    3.645    7.355   10.332   12.187   12.682
            0.720000  0.760000  0.150000
   -2.643   -0.762    2.025    3.655    7.369   10.346   12.108   12.600
            0.720000  0.760000  0.160000
   -2.689   -0.725    2.064    3.666    7.384   10.362   12.028   12.518
            0.720000  0.760000  0.170000
   -2.736   -0.688    2.104    3.678    7.400   10.378   11.947   12.437
            0.720000  0.760000  0.180000
   -2.783   -0.651    2.147    3.690    7.417   10.395   11.867   12.356
            0.720000  0.760000  0.190000
   -2.831   -0.614    2.191    3.703    7.434   10.414   11.787   12.276
            0.720000  0.760000  0.200000
   -2.879   -0.576    2.237    3.717    7.453   10.433   11.706   12.197
            0.720000  0.760000  0.210000
   -2.927   -0.539    2.286    3.731    7.472   10.453   11.625   12.118
            0.720000  0.760000  0.220000
   -2.975   -0.501    2.335    3.746    7.493   10.475   11.545   12.041
            0.720000  0.760000  0.230000
   -3.024   -0.463    2.387    3.762    7.514   10.497   11.464   11.964
            0.720000  0.760000  0.240000
   -3.073   -0.425    2.440    3.778    7.536   10.520   11.383   11.888
            0.720000  0.760000  0.250000
   -3.121   -0.387    2.495    3.795    7.558   10.544   11.303   11.814
            0.720000  0.760000  0.260000
   -3.170   -0.348    2.551    3.813    7.582   10.568   11.223   11.740
            0.720000  0.760000  0.270000
   -3.218   -0.310    2.608    3.831    7.606   10.594   11.143   11.667
            0.720000  0.760000  0.280000
   -3.266   -0.271    2.667    3.850    7.630   10.620   11.064   11.596
            0.720000  0.760000  0.290000
   -3.314   -0.233    2.727    3.870    7.656   10.645   10.986   11.526
            0.720000  0.760000  0.300000
   -3.362   -0.194    2.788    3.890    7.682   10.668   10.912   11.456
            0.720000  0.760000  0.310000
   -3.410   -0.155    2.850    3.911    7.708   10.682   10.848   11.388
            0.720000  0.760000  0.320000
   -3.457   -0.115    2.913    3.933    7.735   10.669   10.812   11.321
            0.720000  0.760000  0.330000
   -3.504   -0.076    2.976    3.955    7.763   10.617   10.816   11.256
            0.720000  0.760000  0.340000
   -3.550   -0.036    3.041    3.978    7.791   10.548   10.839   11.191
            0.720000  0.760000  0.350000
   -3.597    0.004    3.106    4.002    7.819   10.473   10.869   11.128
            0.720000  0.760000  0.360000
   -3.642    0.044    3.172    4.026    7.847   10.397   10.902   11.067
            0.720000  0.760000  0.370000
   -3.688    0.085    3.238    4.051    7.876   10.320   10.933   11.010
            0.720000  0.760000  0.380000
   -3.732    0.126    3.305    4.077    7.904   10.243   10.929   10.991
            0.720000  0.760000  0.390000
   -3.777    0.167    3.372    4.103    7.933   10.166   10.877   11.023
            0.720000  0.760000  0.400000
   -3.821    0.209    3.439    4.130    7.962   10.090   10.820   11.062
            0.720000  0.760000  0.410000
   -3.864    0.251    3.506    4.158    7.990   10.015   10.764   11.103
            0.720000  0.760000  0.420000
   -3.907    0.294    3.573    4.186    8.017    9.941   10.708   11.146
            0.720000  0.760000  0.430000
   -3.949    0.336    3.640    4.216    8.045    9.869   10.653   11.190
            0.720000  0.760000  0.440000
   -3.991    0.380    3.707    4.246    8.071    9.798   10.599   11.236
            0.720000  0.760000  0.450000
   -4.032    0.423    3.773    4.277    8.096    9.730   10.545   11.282
            0.720000  0.760000  0.460000
   -4.073    0.468    3.839    4.309    8.119    9.663   10.493   11.331
            0.720000  0.760000  0.470000
   -4.113    0.512    3.904    4.342    8.141    9.599   10.442   11.380
            0.720000  0.760000  0.480000
   -4.152    0.557    3.968    4.376    8.161    9.539   10.392   11.430
            0.720000  0.760000  0.490000
   -4.191    0.603    4.030    4.411    8.178    9.481   10.342   11.482
            0.720000  0.760000  0.500000
   -4.229    0.649    4.092    4.447    8.192    9.428   10.294   11.535
            0.720000  0.760000  0.510000
   -4.267    0.696    4.151    4.485    8.203    9.380   10.247   11.589
            0.720000  0.760000  0.520000
   -4.304    0.743    4.209    4.524    8.210    9.336   10.200   11.644
            0.720000  0.760000  0.530000
   -4.340    0.790    4.264    4.565    8.212    9.299   10.155   11.700
            0.720000  0.760000  0.540000
   -4.376    0.838    4.318    4.606    8.209    9.267   10.110   11.758
            0.720000  0.760000  0.550000
   -4.411    0.887    4.369    4.650    8.202    9.242   10.067   11.816
            0.720000  0.760000  0.560000
   -4.445    0.936    4.417    4.694    8.190    9.223   10.024   11.876
            0.720000  0.760000  0.570000
   -4.478    0.985    4.464    4.739    8.173    9.210    9.982   11.936
            0.720000  0.760000  0.580000
   -4.511    1.035    4.509    4.784    8.152    9.203    9.941   11.998
            0.720000  0.760000  0.590000
   -4.543    1.086    4.552    4.829    8.128    9.202    9.902   12.060
            0.720000  0.760000  0.600000
   -4.575    1.137    4.593    4.873    8.102    9.204    9.863   12.123
            0.720000  0.760000  0.610000
   -4.606    1.189    4.633    4.916    8.073    9.211    9.825   12.187
            0.720000  0.760000  0.620000
   -4.636    1.241    4.672    4.958    8.045    9.221    9.788   12.251
            0.720000  0.760000  0.630000
   -4.665    1.294    4.710    4.997    8.016    9.234    9.752   12.316
            0.720000  0.760000  0.640000
   -4.694    1.347    4.747    5.034    7.988    9.249    9.718   12.381
            0.720000  0.760000  0.650000
   -4.722    1.400    4.783    5.067    7.962    9.265    9.684   12.446
            0.720000  0.760000  0.660000
   -4.749    1.454    4.819    5.098    7.938    9.281    9.652   12.511
            0.720000  0.760000  0.670000
   -4.775    1.509    4.853    5.124    7.916    9.299    9.621   12.574
            0.720000  0.760000  0.680000
   -4.801    1.564    4.887    5.147    7.899    9.316    9.592   12.636
            0.720000  0.760000  0.690000
   -4.826    1.619    4.921    5.165    7.885    9.332    9.564   12.695
            0.720000  0.760000  0.700000
   -4.850    1.675    4.953    5.179    7.876    9.346    9.540   12.745
            0.720000  0.760000  0.710000
   -4.873    1.731    4.984    5.188    7.871    9.356    9.520   12.779
            0.720000  0.760000  0.720000
   -4.896    1.788    5.014    5.194    7.870    9.362    9.505   12.776
            0.720000  0.760000  0.730000
   -4.918    1.845    5.041    5.196    7.875    9.360    9.498   12.734
            0.720000  0.760000  0.740000
   -4.939    1.903    5.064    5.196    7.885    9.351    9.498   12.669
            0.720000  0.760000  0.750000
   -4.959    1.960    5.080    5.198    7.899    9.336    9.504   12.596
            0.720000  0.760000  0.760000
   -4.978    2.018    5.086    5.206    7.918    9.318    9.513   12.519
            0.720000  0.760000  0.770000
   -4.997    2.076    5.079    5.220    7.942    9.299    9.523   12.442
            0.720000  0.760000  0.780000
   -5.015    2.135    5.061    5.240    7.969    9.279    9.533   12.364
            0.720000  0.760000  0.790000
   -5.032    2.193    5.037    5.263    8.001    9.259    9.543   12.287
            0.720000  0.760000  0.800000
   -5.049    2.252    5.006    5.287    8.037    9.239    9.552   12.211
            0.720000  0.760000  0.810000
   -5.064    2.311    4.972    5.311    8.075    9.220    9.559   12.137
            0.720000  0.760000  0.820000
   -5.079    2.369    4.934    5.335    8.117    9.201    9.566   12.064
            0.720000  0.760000  0.830000
   -5.093    2.428    4.893    5.359    8.161    9.183    9.570   11.993
            0.720000  0.760000  0.840000
   -5.107    2.486    4.849    5.382    8.207    9.166    9.573   11.924
            0.720000  0.760000  0.850000
   -5.119    2.544    4.804    5.403    8.256    9.149    9.574   11.857
            0.720000  0.760000  0.860000
   -5.131    2.601    4.757    5.424    8.305    9.133    9.573   11.793
            0.720000  0.760000  0.870000
   -5.142    2.658    4.710    5.444    8.356    9.118    9.570   11.732
            0.720000  0.760000  0.880000
   -5.152    2.714    4.662    5.463    8.408    9.104    9.564   11.674
            0.720000  0.760000  0.890000
   -5.161    2.768    4.613    5.480    8.460    9.090    9.557   11.620
            0.720000  0.760000  0.900000
   -5.169    2.822    4.565    5.496    8.512    9.077    9.548   11.569
            0.720000  0.760000  0.910000
   -5.177    2.873    4.518    5.511    8.564    9.065    9.536   11.522
            0.720000  0.760000  0.920000
   -5.184    2.922    4.473    5.524    8.615    9.053    9.523   11.480
            0.720000  0.760000  0.930000
   -5.190    2.968    4.430    5.536    8.664    9.042    9.509   11.441
            0.720000  0.760000  0.940000
   -5.195    3.011    4.389    5.547    8.712    9.030    9.494   11.408
            0.720000  0.760000  0.950000
   -5.200    3.049    4.353    5.556    8.758    9.018    9.478   11.379
            0.720000  0.760000  0.960000
   -5.203    3.083    4.321    5.563    8.800    9.005    9.463   11.356
            0.720000  0.760000  0.970000
   -5.206    3.110    4.294    5.569    8.840    8.991    9.450   11.337
            0.720000  0.760000  0.980000
   -5.208    3.130    4.275    5.573    8.875    8.975    9.439   11.324
            0.720000  0.760000  0.990000
   -5.209    3.143    4.263    5.575    8.906    8.957    9.432   11.316
            0.720000  0.760000  1.000000
   -5.210    3.147    4.259    5.576    8.926    8.940    9.430   11.313
