 &plot nbnd=   8, nks=   101 /
            0.620000  0.620000 -1.000000
   -4.591    1.736    3.186    5.180    8.827    9.741   10.037   11.528
            0.620000  0.620000 -0.980000
   -4.590    1.722    3.201    5.179    8.821    9.736   10.025   11.548
            0.620000  0.620000 -0.960000
   -4.586    1.683    3.244    5.176    8.803    9.724    9.992   11.605
            0.620000  0.620000 -0.940000
   -4.578    1.623    3.312    5.172    8.773    9.703    9.945   11.694
            0.620000  0.620000 -0.920000
   -4.568    1.546    3.398    5.166    8.729    9.676    9.889   11.808
            0.620000  0.620000 -0.900000
   -4.556    1.457    3.498    5.158    8.673    9.645    9.832   11.941
            0.620000  0.620000 -0.880000
   -4.540    1.360    3.608    5.148    8.603    9.610    9.777   12.088
            0.620000  0.620000 -0.860000
   -4.521    1.258    3.725    5.136    8.522    9.574    9.728   12.245
            0.620000  0.620000 -0.840000
   -4.500    1.153    3.846    5.122    8.431    9.538    9.685   12.409
            0.620000  0.620000 -0.820000
   -4.476    1.046    3.970    5.106    8.332    9.503    9.647   12.578
            0.620000  0.620000 -0.800000
   -4.450    0.939    4.093    5.089    8.228    9.469    9.614   12.750
            0.620000  0.620000 -0.780000
   -4.420    0.831    4.215    5.069    8.122    9.439    9.586   12.921
            0.620000  0.620000 -0.760000
   -4.388    0.725    4.333    5.048    8.015    9.413    9.559   13.089
            0.620000  0.620000 -0.740000
   -4.354    0.621    4.445    5.025    7.912    9.391    9.534   13.251
            0.620000  0.620000 -0.720000
   -4.317    0.518    4.549    5.000    7.815    9.374    9.509   13.401
            0.620000  0.620000 -0.700000
   -4.278    0.418    4.642    4.973    7.727    9.362    9.484   13.533
            0.620000  0.620000 -0.680000
   -4.236    0.320    4.722    4.945    7.650    9.356    9.458   13.637
            0.620000  0.620000 -0.660000
   -4.193    0.225    4.785    4.915    7.589    9.355    9.431   13.706
            0.620000  0.620000 -0.640000
   -4.147    0.133    4.829    4.883    7.546    9.360    9.402   13.741
            0.620000  0.620000 -0.620000
   -4.099    0.044    4.851    4.851    7.523    9.371    9.371   13.746
            0.620000  0.620000 -0.600000
   -4.049   -0.041    4.817    4.850    7.520    9.340    9.389   13.733
            0.620000  0.620000 -0.580000
   -3.998   -0.123    4.783    4.826    7.539    9.308    9.412   13.708
            0.620000  0.620000 -0.560000
   -3.945   -0.200    4.747    4.779    7.577    9.276    9.441   13.677
            0.620000  0.620000 -0.540000
   -3.891   -0.274    4.711    4.713    7.630    9.245    9.477   13.642
            0.620000  0.620000 -0.520000
   -3.836   -0.343    4.629    4.675    7.696    9.218    9.518   13.604
            0.620000  0.620000 -0.500000
   -3.780   -0.407    4.530    4.638    7.769    9.197    9.565   13.565
            0.620000  0.620000 -0.480000
   -3.723   -0.467    4.420    4.602    7.845    9.183    9.617   13.524
            0.620000  0.620000 -0.460000
   -3.667   -0.522    4.300    4.565    7.918    9.183    9.675   13.481
            0.620000  0.620000 -0.440000
   -3.610   -0.571    4.172    4.529    7.983    9.197    9.739   13.438
            0.620000  0.620000 -0.420000
   -3.553   -0.615    4.038    4.493    8.036    9.232    9.808   13.394
            0.620000  0.620000 -0.400000
   -3.497   -0.653    3.900    4.458    8.073    9.288    9.881   13.349
            0.620000  0.620000 -0.380000
   -3.442   -0.686    3.759    4.424    8.094    9.365    9.960   13.305
            0.620000  0.620000 -0.360000
   -3.389   -0.712    3.615    4.391    8.100    9.463   10.044   13.262
            0.620000  0.620000 -0.340000
   -3.337   -0.731    3.471    4.359    8.094    9.577   10.132   13.219
            0.620000  0.620000 -0.320000
   -3.288   -0.744    3.326    4.328    8.078    9.705   10.225   13.178
            0.620000  0.620000 -0.300000
   -3.241   -0.751    3.182    4.298    8.056    9.844   10.322   13.138
            0.620000  0.620000 -0.280000
   -3.197   -0.750    3.039    4.270    8.030    9.991   10.423   13.101
            0.620000  0.620000 -0.260000
   -3.157   -0.743    2.899    4.243    8.002   10.144   10.528   13.065
            0.620000  0.620000 -0.240000
   -3.119   -0.730    2.761    4.218    7.973   10.303   10.636   13.031
            0.620000  0.620000 -0.220000
   -3.086   -0.711    2.627    4.194    7.943   10.465   10.748   12.999
            0.620000  0.620000 -0.200000
   -3.055   -0.687    2.497    4.173    7.915   10.630   10.862   12.970
            0.620000  0.620000 -0.180000
   -3.029   -0.658    2.373    4.153    7.888   10.798   10.979   12.943
            0.620000  0.620000 -0.160000
   -3.005   -0.625    2.256    4.135    7.863   10.966   11.097   12.919
            0.620000  0.620000 -0.140000
   -2.985   -0.590    2.147    4.119    7.840   11.135   11.215   12.897
            0.620000  0.620000 -0.120000
   -2.969   -0.555    2.047    4.106    7.820   11.304   11.332   12.877
            0.620000  0.620000 -0.100000
   -2.955   -0.520    1.958    4.094    7.803   11.446   11.470   12.859
            0.620000  0.620000 -0.080000
   -2.944   -0.488    1.882    4.084    7.788   11.553   11.632   12.843
            0.620000  0.620000 -0.060000
   -2.936   -0.460    1.820    4.077    7.777   11.649   11.785   12.827
            0.620000  0.620000 -0.040000
   -2.930   -0.439    1.774    4.071    7.769   11.728   11.920   12.808
            0.620000  0.620000 -0.020000
   -2.927   -0.425    1.746    4.068    7.764   11.780   12.020   12.786
            0.620000  0.620000  0.000000
   -2.926   -0.421    1.737    4.067    7.762   11.799   12.059   12.774
            0.620000  0.620000  0.020000
   -2.927   -0.425    1.746    4.068    7.764   11.780   12.020   12.786
            0.620000  0.620000  0.040000
   -2.930   -0.439    1.774    4.071    7.769   11.728   11.920   12.808
            0.620000  0.620000  0.060000
   -2.936   -0.460    1.820    4.077    7.777   11.649   11.785   12.827
            0.620000  0.620000  0.080000
   -2.944   -0.488    1.882    4.084    7.788   11.553   11.632   12.843
            0.620000  0.620000  0.100000
   -2.955   -0.520    1.958    4.094    7.803   11.446   11.470   12.859
            0.620000  0.620000  0.120000
   -2.969   -0.555    2.047    4.106    7.820   11.304   11.332   12.877
            0.620000  0.620000  0.140000
   -2.985   -0.590    2.147    4.119    7.840   11.135   11.215   12.897
            0.620000  0.620000  0.160000
   -3.005   -0.625    2.256    4.135    7.863   10.966   11.097   12.919
            0.620000  0.620000  0.180000
   -3.029   -0.658    2.373    4.153    7.888   10.798   10.979   12.943
            0.620000  0.620000  0.200000
   -3.055   -0.687    2.497    4.173    7.915   10.630   10.862   12.970
            0.620000  0.620000  0.220000
   -3.086   -0.711    2.627    4.194    7.943   10.465   10.748   12.999
            0.620000  0.620000  0.240000
   -3.119   -0.730    2.761    4.218    7.973   10.303   10.636   13.031
            0.620000  0.620000  0.260000
   -3.157   -0.743    2.899    4.243    8.002   10.144   10.528   13.065
            0.620000  0.620000  0.280000
   -3.197   -0.750    3.039    4.270    8.030    9.991   10.423   13.101
            0.620000  0.620000  0.300000
   -3.241   -0.751    3.182    4.298    8.056    9.844   10.322   13.138
            0.620000  0.620000  0.320000
   -3.288   -0.744    3.326    4.328    8.078    9.705   10.225   13.178
            0.620000  0.620000  0.340000
   -3.337   -0.731    3.471    4.359    8.094    9.577   10.132   13.219
            0.620000  0.620000  0.360000
   -3.389   -0.712    3.615    4.391    8.100    9.463   10.044   13.262
            0.620000  0.620000  0.380000
   -3.442   -0.686    3.759    4.424    8.094    9.365    9.960   13.305
            0.620000  0.620000  0.400000
   -3.497   -0.653    3.900    4.458    8.073    9.288    9.881   13.349
            0.620000  0.620000  0.420000
   -3.553   -0.615    4.038    4.493    8.036    9.232    9.808   13.394
            0.620000  0.620000  0.440000
   -3.610   -0.571    4.172    4.529    7.983    9.197    9.739   13.438
            0.620000  0.620000  0.460000
   -3.667   -0.522    4.300    4.565    7.918    9.183    9.675   13.481
            0.620000  0.620000  0.480000
   -3.723   -0.467    4.420    4.602    7.845    9.183    9.617   13.524
            0.620000  0.620000  0.500000
   -3.780   -0.407    4.530    4.638    7.769    9.197    9.565   13.565
            0.620000  0.620000  0.520000
   -3.836   -0.343    4.629    4.675    7.696    9.218    9.518   13.604
            0.620000  0.620000  0.540000
   -3.891   -0.274    4.711    4.713    7.630    9.245    9.477   13.642
            0.620000  0.620000  0.560000
   -3.945   -0.200    4.747    4.779    7.577    9.276    9.441   13.677
            0.620000  0.620000  0.580000
   -3.998   -0.123    4.783    4.826    7.539    9.308    9.412   13.708
            0.620000  0.620000  0.600000
   -4.049   -0.041    4.817    4.850    7.520    9.340    9.389   13.733
            0.620000  0.620000  0.620000
   -4.099    0.044    4.851    4.851    7.523    9.371    9.371   13.746
            0.620000  0.620000  0.640000
   -4.147    0.133    4.829    4.883    7.546    9.360    9.402   13.741
            0.620000  0.620000  0.660000
   -4.193    0.225    4.785    4.915    7.589    9.355    9.431   13.706
            0.620000  0.620000  0.680000
   -4.236    0.320    4.722    4.945    7.650    9.356    9.458   13.637
            0.620000  0.620000  0.700000
   -4.278    0.418    4.642    4.973    7.727    9.362    9.484   13.533
            0.620000  0.620000  0.720000
   -4.317    0.518    4.549    5.000    7.815    9.374    9.509   13.401
            0.620000  0.620000  0.740000
   -4.354    0.621    4.445    5.025    7.912    9.391    9.534   13.251
            0.620000  0.620000  0.760000
   -4.388    0.725    4.333    5.048    8.015    9.413    9.559   13.089
            0.620000  0.620000  0.780000
   -4.420    0.831    4.215    5.069    8.122    9.439    9.586   12.921
            0.620000  0.620000  0.800000
   -4.450    0.939    4.093    5.089    8.228    9.469    9.614   12.750
            0.620000  0.620000  0.820000
   -4.476    1.046    3.970    5.106    8.332    9.503    9.647   12.578
            0.620000  0.620000  0.840000
   -4.500    1.153    3.846    5.122    8.431    9.538    9.685   12.409
            0.620000  0.620000  0.860000
   -4.521    1.258    3.725    5.136    8.522    9.574    9.728   12.245
            0.620000  0.620000  0.880000
   -4.540    1.360    3.608    5.148    8.603    9.610    9.777   12.088
            0.620000  0.620000  0.900000
   -4.556    1.457    3.498    5.158    8.673    9.645    9.832   11.941
            0.620000  0.620000  0.920000
   -4.568    1.546    3.398    5.166    8.729    9.676    9.889   11.808
            0.620000  0.620000  0.940000
   -4.578    1.623    3.312    5.172    8.773    9.703    9.945   11.694
            0.620000  0.620000  0.960000
   -4.586    1.683    3.244    5.176    8.803    9.724    9.992   11.605
            0.620000  0.620000  0.980000
   -4.590    1.722    3.201    5.179    8.821    9.736   10.025   11.548
            0.620000  0.620000  1.000000
   -4.591    1.736    3.186    5.180    8.827    9.741   10.037   11.528
