 &plot nbnd=   8, nks=   101 /
            0.380000  0.360000  0.000000
   -4.650    1.846    3.271    5.216    8.856    9.632   10.011   11.477
            0.380000  0.360000  0.010000
   -4.650    1.842    3.275    5.216    8.854    9.631   10.008   11.482
            0.380000  0.360000  0.020000
   -4.648    1.832    3.287    5.215    8.849    9.628   10.001   11.496
            0.380000  0.360000  0.030000
   -4.647    1.815    3.305    5.213    8.840    9.623    9.990   11.518
            0.380000  0.360000  0.040000
   -4.644    1.792    3.330    5.212    8.828    9.617    9.975   11.548
            0.380000  0.360000  0.050000
   -4.641    1.764    3.361    5.209    8.812    9.609    9.956   11.586
            0.380000  0.360000  0.060000
   -4.637    1.731    3.398    5.206    8.792    9.599    9.936   11.631
            0.380000  0.360000  0.070000
   -4.632    1.693    3.439    5.203    8.769    9.588    9.913   11.681
            0.380000  0.360000  0.080000
   -4.627    1.653    3.484    5.199    8.742    9.577    9.890   11.736
            0.380000  0.360000  0.090000
   -4.620    1.609    3.533    5.194    8.712    9.564    9.866   11.796
            0.380000  0.360000  0.100000
   -4.614    1.563    3.584    5.189    8.678    9.551    9.842   11.860
            0.380000  0.360000  0.110000
   -4.606    1.515    3.638    5.184    8.641    9.537    9.818   11.927
            0.380000  0.360000  0.120000
   -4.598    1.465    3.694    5.178    8.601    9.523    9.796   11.997
            0.380000  0.360000  0.130000
   -4.589    1.414    3.751    5.171    8.558    9.510    9.773   12.069
            0.380000  0.360000  0.140000
   -4.579    1.362    3.810    5.164    8.513    9.496    9.752   12.144
            0.380000  0.360000  0.150000
   -4.568    1.309    3.870    5.156    8.466    9.482    9.732   12.220
            0.380000  0.360000  0.160000
   -4.557    1.256    3.930    5.148    8.416    9.469    9.713   12.298
            0.380000  0.360000  0.170000
   -4.545    1.202    3.991    5.139    8.365    9.455    9.694   12.377
            0.380000  0.360000  0.180000
   -4.533    1.148    4.052    5.129    8.313    9.443    9.677   12.457
            0.380000  0.360000  0.190000
   -4.520    1.094    4.112    5.120    8.260    9.430    9.660   12.538
            0.380000  0.360000  0.200000
   -4.506    1.039    4.173    5.109    8.207    9.419    9.645   12.620
            0.380000  0.360000  0.210000
   -4.491    0.985    4.233    5.098    8.153    9.408    9.630   12.703
            0.380000  0.360000  0.220000
   -4.476    0.931    4.292    5.087    8.100    9.397    9.615   12.786
            0.380000  0.360000  0.230000
   -4.460    0.878    4.349    5.075    8.047    9.388    9.601   12.869
            0.380000  0.360000  0.240000
   -4.443    0.824    4.406    5.062    7.994    9.379    9.587   12.953
            0.380000  0.360000  0.250000
   -4.426    0.771    4.461    5.049    7.943    9.372    9.573   13.036
            0.380000  0.360000  0.260000
   -4.408    0.718    4.514    5.036    7.894    9.365    9.560   13.120
            0.380000  0.360000  0.270000
   -4.390    0.666    4.564    5.022    7.846    9.360    9.546   13.202
            0.380000  0.360000  0.280000
   -4.371    0.614    4.612    5.007    7.800    9.355    9.532   13.283
            0.380000  0.360000  0.290000
   -4.351    0.563    4.657    4.992    7.757    9.352    9.518   13.361
            0.380000  0.360000  0.300000
   -4.330    0.513    4.699    4.977    7.717    9.350    9.504   13.437
            0.380000  0.360000  0.310000
   -4.309    0.463    4.737    4.962    7.680    9.349    9.490   13.508
            0.380000  0.360000  0.320000
   -4.288    0.413    4.771    4.946    7.648    9.350    9.476   13.572
            0.380000  0.360000  0.330000
   -4.266    0.365    4.800    4.930    7.619    9.351    9.461   13.629
            0.380000  0.360000  0.340000
   -4.243    0.317    4.824    4.914    7.594    9.354    9.446   13.674
            0.380000  0.360000  0.350000
   -4.220    0.270    4.841    4.899    7.575    9.358    9.431   13.709
            0.380000  0.360000  0.360000
   -4.196    0.223    4.849    4.888    7.560    9.361    9.417   13.730
            0.380000  0.360000  0.370000
   -4.172    0.177    4.843    4.884    7.550    9.364    9.406   13.741
            0.380000  0.360000  0.380000
   -4.147    0.133    4.829    4.883    7.546    9.360    9.402   13.741
            0.380000  0.360000  0.390000
   -4.122    0.089    4.811    4.880    7.547    9.350    9.406   13.733
            0.380000  0.360000  0.400000
   -4.096    0.045    4.792    4.872    7.553    9.335    9.415   13.719
            0.380000  0.360000  0.410000
   -4.069    0.003    4.772    4.859    7.564    9.319    9.427   13.700
            0.380000  0.360000  0.420000
   -4.043   -0.038    4.751    4.841    7.580    9.302    9.441   13.678
            0.380000  0.360000  0.430000
   -4.016   -0.079    4.728    4.820    7.600    9.286    9.457   13.654
            0.380000  0.360000  0.440000
   -3.988   -0.118    4.704    4.795    7.624    9.269    9.475   13.628
            0.380000  0.360000  0.450000
   -3.960   -0.157    4.677    4.767    7.652    9.253    9.494   13.601
            0.380000  0.360000  0.460000
   -3.932   -0.194    4.647    4.739    7.683    9.238    9.515   13.573
            0.380000  0.360000  0.470000
   -3.903   -0.231    4.612    4.711    7.716    9.224    9.537   13.545
            0.380000  0.360000  0.480000
   -3.874   -0.266    4.572    4.684    7.752    9.211    9.561   13.516
            0.380000  0.360000  0.490000
   -3.845   -0.300    4.528    4.659    7.788    9.200    9.586   13.487
            0.380000  0.360000  0.500000
   -3.816   -0.334    4.478    4.635    7.825    9.191    9.612   13.458
            0.380000  0.360000  0.510000
   -3.786   -0.366    4.425    4.612    7.863    9.184    9.640   13.429
            0.380000  0.360000  0.520000
   -3.756   -0.397    4.369    4.590    7.899    9.181    9.670   13.400
            0.380000  0.360000  0.530000
   -3.726   -0.427    4.310    4.569    7.934    9.181    9.700   13.372
            0.380000  0.360000  0.540000
   -3.696   -0.456    4.249    4.548    7.967    9.185    9.732   13.343
            0.380000  0.360000  0.550000
   -3.666   -0.483    4.186    4.528    7.998    9.194    9.766   13.315
            0.380000  0.360000  0.560000
   -3.636   -0.509    4.121    4.508    8.025    9.208    9.800   13.286
            0.380000  0.360000  0.570000
   -3.606   -0.534    4.055    4.488    8.048    9.226    9.836   13.259
            0.380000  0.360000  0.580000
   -3.576   -0.558    3.987    4.469    8.067    9.251    9.874   13.231
            0.380000  0.360000  0.590000
   -3.546   -0.580    3.918    4.449    8.082    9.281    9.912   13.204
            0.380000  0.360000  0.600000
   -3.516   -0.601    3.849    4.430    8.093    9.316    9.952   13.177
            0.380000  0.360000  0.610000
   -3.486   -0.620    3.778    4.412    8.100    9.357    9.993   13.151
            0.380000  0.360000  0.620000
   -3.456   -0.639    3.708    4.394    8.103    9.403   10.036   13.125
            0.380000  0.360000  0.630000
   -3.427   -0.655    3.636    4.376    8.103    9.453   10.080   13.100
            0.380000  0.360000  0.640000
   -3.398   -0.670    3.564    4.358    8.099    9.508   10.124   13.075
            0.380000  0.360000  0.650000
   -3.369   -0.684    3.493    4.341    8.093    9.566   10.171   13.050
            0.380000  0.360000  0.660000
   -3.341   -0.696    3.420    4.324    8.085    9.628   10.218   13.027
            0.380000  0.360000  0.670000
   -3.314   -0.707    3.348    4.307    8.075    9.692   10.266   13.003
            0.380000  0.360000  0.680000
   -3.286   -0.716    3.276    4.291    8.063    9.759   10.316   12.981
            0.380000  0.360000  0.690000
   -3.260   -0.723    3.205    4.275    8.050    9.828   10.367   12.959
            0.380000  0.360000  0.700000
   -3.234   -0.729    3.133    4.259    8.036    9.900   10.419   12.937
            0.380000  0.360000  0.710000
   -3.209   -0.734    3.062    4.244    8.021    9.972   10.472   12.916
            0.380000  0.360000  0.720000
   -3.184   -0.736    2.991    4.230    8.006   10.046   10.526   12.896
            0.380000  0.360000  0.730000
   -3.160   -0.738    2.921    4.215    7.990   10.122   10.582   12.877
            0.380000  0.360000  0.740000
   -3.137   -0.737    2.852    4.202    7.974   10.198   10.638   12.858
            0.380000  0.360000  0.750000
   -3.115   -0.735    2.783    4.188    7.958   10.275   10.696   12.840
            0.380000  0.360000  0.760000
   -3.094   -0.732    2.716    4.175    7.942   10.353   10.754   12.822
            0.380000  0.360000  0.770000
   -3.073   -0.727    2.649    4.163    7.926   10.432   10.814   12.805
            0.380000  0.360000  0.780000
   -3.054   -0.721    2.583    4.151    7.910   10.510   10.875   12.789
            0.380000  0.360000  0.790000
   -3.035   -0.713    2.518    4.139    7.895   10.589   10.937   12.774
            0.380000  0.360000  0.800000
   -3.017   -0.704    2.455    4.128    7.880   10.668   11.000   12.760
            0.380000  0.360000  0.810000
   -3.001   -0.694    2.394    4.118    7.866   10.747   11.064   12.746
            0.380000  0.360000  0.820000
   -2.985   -0.683    2.333    4.108    7.852   10.826   11.129   12.733
            0.380000  0.360000  0.830000
   -2.970   -0.671    2.275    4.098    7.838   10.904   11.195   12.721
            0.380000  0.360000  0.840000
   -2.956   -0.658    2.218    4.089    7.825   10.981   11.262   12.710
            0.380000  0.360000  0.850000
   -2.944   -0.645    2.164    4.080    7.813   11.058   11.330   12.700
            0.380000  0.360000  0.860000
   -2.932   -0.631    2.111    4.072    7.802   11.134   11.398   12.691
            0.380000  0.360000  0.870000
   -2.921   -0.616    2.061    4.065    7.791   11.208   11.467   12.683
            0.380000  0.360000  0.880000
   -2.911   -0.602    2.014    4.058    7.781   11.281   11.537   12.676
            0.380000  0.360000  0.890000
   -2.901   -0.587    1.969    4.052    7.771   11.353   11.606   12.671
            0.380000  0.360000  0.900000
   -2.893   -0.573    1.927    4.046    7.763   11.422   11.676   12.667
            0.380000  0.360000  0.910000
   -2.886   -0.559    1.888    4.040    7.755   11.488   11.744   12.665
            0.380000  0.360000  0.920000
   -2.879   -0.546    1.853    4.036    7.748   11.552   11.811   12.665
            0.380000  0.360000  0.930000
   -2.873   -0.534    1.821    4.032    7.741   11.612   11.876   12.667
            0.380000  0.360000  0.940000
   -2.868   -0.523    1.793    4.028    7.736   11.668   11.937   12.672
            0.380000  0.360000  0.950000
   -2.864   -0.513    1.769    4.025    7.731   11.718   11.994   12.682
            0.380000  0.360000  0.960000
   -2.861   -0.505    1.749    4.022    7.727   11.762   12.044   12.696
            0.380000  0.360000  0.970000
   -2.858   -0.498    1.733    4.020    7.724   11.798   12.087   12.715
            0.380000  0.360000  0.980000
   -2.856   -0.494    1.722    4.019    7.722   11.825   12.118   12.742
            0.380000  0.360000  0.990000
   -2.855   -0.491    1.715    4.018    7.721   11.842   12.138   12.774
            0.380000  0.360000  1.000000
   -2.855   -0.490    1.713    4.018    7.721   11.847   12.145   12.800
