 &plot nbnd=   8, nks=   101 /
            0.450000  0.010000  0.000000
   -4.926    2.876    4.276    4.280    7.254    9.437   11.151   11.154
            0.450000  0.010000  0.010000
   -4.925    2.874    4.277    4.278    7.256    9.438   11.148   11.153
            0.450000  0.010000  0.020000
   -4.924    2.867    4.272    4.283    7.264    9.442   11.136   11.151
            0.450000  0.010000  0.030000
   -4.922    2.857    4.263    4.291    7.277    9.448   11.116   11.148
            0.450000  0.010000  0.040000
   -4.919    2.842    4.250    4.303    7.295    9.456   11.089   11.144
            0.450000  0.010000  0.050000
   -4.916    2.823    4.234    4.317    7.318    9.467   11.054   11.140
            0.450000  0.010000  0.060000
   -4.911    2.801    4.214    4.334    7.346    9.479   11.014   11.134
            0.450000  0.010000  0.070000
   -4.906    2.775    4.192    4.353    7.378    9.494   10.969   11.127
            0.450000  0.010000  0.080000
   -4.900    2.747    4.166    4.374    7.415    9.511   10.919   11.120
            0.450000  0.010000  0.090000
   -4.894    2.715    4.138    4.397    7.456    9.530   10.866   11.111
            0.450000  0.010000  0.100000
   -4.886    2.682    4.108    4.422    7.500    9.551   10.809   11.102
            0.450000  0.010000  0.110000
   -4.878    2.646    4.075    4.447    7.549    9.573   10.750   11.092
            0.450000  0.010000  0.120000
   -4.869    2.608    4.040    4.474    7.601    9.596   10.690   11.081
            0.450000  0.010000  0.130000
   -4.859    2.568    4.004    4.501    7.656    9.621   10.630   11.068
            0.450000  0.010000  0.140000
   -4.848    2.527    3.965    4.529    7.714    9.646   10.569   11.056
            0.450000  0.010000  0.150000
   -4.837    2.484    3.926    4.557    7.775    9.670   10.510   11.042
            0.450000  0.010000  0.160000
   -4.824    2.440    3.885    4.585    7.839    9.693   10.454   11.027
            0.450000  0.010000  0.170000
   -4.811    2.395    3.843    4.613    7.906    9.713   10.402   11.012
            0.450000  0.010000  0.180000
   -4.798    2.349    3.800    4.641    7.975    9.728   10.358   10.996
            0.450000  0.010000  0.190000
   -4.783    2.302    3.757    4.669    8.046    9.734   10.323   10.980
            0.450000  0.010000  0.200000
   -4.768    2.255    3.713    4.696    8.119    9.730   10.301   10.962
            0.450000  0.010000  0.210000
   -4.752    2.207    3.668    4.722    8.194    9.714   10.294   10.945
            0.450000  0.010000  0.220000
   -4.735    2.158    3.623    4.748    8.271    9.685   10.302   10.926
            0.450000  0.010000  0.230000
   -4.717    2.109    3.577    4.773    8.349    9.646   10.323   10.907
            0.450000  0.010000  0.240000
   -4.699    2.060    3.532    4.796    8.430    9.599   10.355   10.888
            0.450000  0.010000  0.250000
   -4.680    2.010    3.486    4.819    8.511    9.546   10.395   10.868
            0.450000  0.010000  0.260000
   -4.660    1.960    3.440    4.840    8.595    9.489   10.442   10.848
            0.450000  0.010000  0.270000
   -4.639    1.910    3.394    4.861    8.679    9.431   10.495   10.828
            0.450000  0.010000  0.280000
   -4.618    1.860    3.349    4.879    8.765    9.371   10.551   10.807
            0.450000  0.010000  0.290000
   -4.596    1.809    3.303    4.896    8.852    9.311   10.611   10.786
            0.450000  0.010000  0.300000
   -4.573    1.758    3.258    4.912    8.939    9.252   10.673   10.767
            0.450000  0.010000  0.310000
   -4.549    1.708    3.213    4.925    9.027    9.195   10.724   10.760
            0.450000  0.010000  0.320000
   -4.525    1.657    3.169    4.937    9.103    9.151   10.716   10.815
            0.450000  0.010000  0.330000
   -4.500    1.606    3.125    4.946    9.073    9.215   10.696   10.885
            0.450000  0.010000  0.340000
   -4.474    1.556    3.081    4.954    9.021    9.305   10.675   10.957
            0.450000  0.010000  0.350000
   -4.447    1.505    3.037    4.959    8.969    9.397   10.654   11.031
            0.450000  0.010000  0.360000
   -4.420    1.454    2.995    4.962    8.919    9.490   10.633   11.107
            0.450000  0.010000  0.370000
   -4.392    1.404    2.952    4.962    8.872    9.583   10.612   11.185
            0.450000  0.010000  0.380000
   -4.363    1.354    2.911    4.960    8.827    9.676   10.592   11.263
            0.450000  0.010000  0.390000
   -4.334    1.303    2.869    4.955    8.785    9.770   10.573   11.341
            0.450000  0.010000  0.400000
   -4.304    1.253    2.829    4.947    8.746    9.862   10.555   11.419
            0.450000  0.010000  0.410000
   -4.273    1.203    2.789    4.937    8.710    9.953   10.540   11.495
            0.450000  0.010000  0.420000
   -4.241    1.154    2.750    4.924    8.678   10.041   10.528   11.566
            0.450000  0.010000  0.430000
   -4.209    1.104    2.711    4.907    8.648   10.122   10.524   11.631
            0.450000  0.010000  0.440000
   -4.176    1.055    2.674    4.888    8.623   10.192   10.533   11.682
            0.450000  0.010000  0.450000
   -4.143    1.005    2.637    4.866    8.600   10.242   10.561   11.713
            0.450000  0.010000  0.460000
   -4.108    0.956    2.600    4.841    8.582   10.270   10.613   11.720
            0.450000  0.010000  0.470000
   -4.074    0.907    2.565    4.814    8.566   10.278   10.685   11.706
            0.450000  0.010000  0.480000
   -4.038    0.859    2.530    4.783    8.555   10.274   10.770   11.676
            0.450000  0.010000  0.490000
   -4.002    0.810    2.497    4.750    8.547   10.264   10.862   11.638
            0.450000  0.010000  0.500000
   -3.965    0.762    2.464    4.714    8.542   10.250   10.958   11.595
            0.450000  0.010000  0.510000
   -3.928    0.714    2.431    4.676    8.541   10.234   11.057   11.549
            0.450000  0.010000  0.520000
   -3.890    0.666    2.400    4.635    8.543   10.217   11.158   11.502
            0.450000  0.010000  0.530000
   -3.851    0.618    2.370    4.592    8.549   10.199   11.259   11.455
            0.450000  0.010000  0.540000
   -3.812    0.571    2.340    4.547    8.558   10.181   11.351   11.418
            0.450000  0.010000  0.550000
   -3.772    0.523    2.312    4.499    8.569   10.163   11.346   11.478
            0.450000  0.010000  0.560000
   -3.732    0.476    2.284    4.450    8.584   10.145   11.301   11.580
            0.450000  0.010000  0.570000
   -3.691    0.429    2.257    4.399    8.602   10.126   11.254   11.685
            0.450000  0.010000  0.580000
   -3.649    0.382    2.232    4.347    8.622   10.109   11.207   11.791
            0.450000  0.010000  0.590000
   -3.607    0.336    2.207    4.293    8.646   10.091   11.160   11.898
            0.450000  0.010000  0.600000
   -3.565    0.289    2.183    4.238    8.671   10.074   11.114   12.005
            0.450000  0.010000  0.610000
   -3.522    0.243    2.161    4.182    8.699   10.057   11.069   12.113
            0.450000  0.010000  0.620000
   -3.478    0.196    2.139    4.125    8.730   10.040   11.025   12.221
            0.450000  0.010000  0.630000
   -3.434    0.150    2.118    4.067    8.763   10.024   10.982   12.330
            0.450000  0.010000  0.640000
   -3.389    0.104    2.099    4.009    8.797   10.008   10.939   12.439
            0.450000  0.010000  0.650000
   -3.344    0.058    2.080    3.950    8.834    9.993   10.898   12.548
            0.450000  0.010000  0.660000
   -3.299    0.012    2.063    3.890    8.873    9.978   10.857   12.657
            0.450000  0.010000  0.670000
   -3.253   -0.033    2.046    3.830    8.914    9.964   10.818   12.766
            0.450000  0.010000  0.680000
   -3.206   -0.079    2.031    3.770    8.956    9.951   10.779   12.876
            0.450000  0.010000  0.690000
   -3.159   -0.125    2.017    3.710    9.000    9.937   10.742   12.986
            0.450000  0.010000  0.700000
   -3.112   -0.171    2.004    3.650    9.045    9.925   10.706   13.095
            0.450000  0.010000  0.710000
   -3.065   -0.216    1.992    3.590    9.092    9.913   10.671   13.204
            0.450000  0.010000  0.720000
   -3.017   -0.262    1.981    3.530    9.141    9.902   10.638   13.313
            0.450000  0.010000  0.730000
   -2.968   -0.308    1.972    3.471    9.190    9.891   10.605   13.418
            0.450000  0.010000  0.740000
   -2.920   -0.354    1.964    3.412    9.240    9.881   10.574   13.497
            0.450000  0.010000  0.750000
   -2.871   -0.399    1.957    3.353    9.292    9.871   10.545   13.456
            0.450000  0.010000  0.760000
   -2.821   -0.445    1.951    3.295    9.344    9.862   10.517   13.366
            0.450000  0.010000  0.770000
   -2.772   -0.491    1.946    3.238    9.397    9.854   10.491   13.270
            0.450000  0.010000  0.780000
   -2.722   -0.537    1.943    3.182    9.450    9.846   10.466   13.174
            0.450000  0.010000  0.790000
   -2.672   -0.584    1.941    3.126    9.503    9.840   10.444   13.077
            0.450000  0.010000  0.800000
   -2.622   -0.630    1.940    3.071    9.555    9.834   10.425   12.981
            0.450000  0.010000  0.810000
   -2.571   -0.676    1.941    3.017    9.607    9.829   10.408   12.885
            0.450000  0.010000  0.820000
   -2.521   -0.723    1.942    2.964    9.656    9.826   10.395   12.789
            0.450000  0.010000  0.830000
   -2.470   -0.770    1.946    2.912    9.701    9.826   10.386   12.694
            0.450000  0.010000  0.840000
   -2.419   -0.817    1.950    2.861    9.739    9.830   10.382   12.599
            0.450000  0.010000  0.850000
   -2.368   -0.864    1.956    2.811    9.765    9.843   10.384   12.505
            0.450000  0.010000  0.860000
   -2.317   -0.911    1.963    2.763    9.778    9.865   10.393   12.412
            0.450000  0.010000  0.870000
   -2.265   -0.959    1.972    2.715    9.782    9.889   10.411   12.320
            0.450000  0.010000  0.880000
   -2.214   -1.007    1.982    2.669    9.784    9.910   10.438   12.228
            0.450000  0.010000  0.890000
   -2.163   -1.055    1.993    2.624    9.784    9.926   10.474   12.137
            0.450000  0.010000  0.900000
   -2.112   -1.103    2.006    2.581    9.785    9.936   10.517   12.046
            0.450000  0.010000  0.910000
   -2.060   -1.151    2.020    2.539    9.785    9.943   10.568   11.957
            0.450000  0.010000  0.920000
   -2.009   -1.200    2.036    2.499    9.785    9.946   10.624   11.868
            0.450000  0.010000  0.930000
   -1.958   -1.248    2.053    2.459    9.785    9.946   10.686   11.780
            0.450000  0.010000  0.940000
   -1.907   -1.297    2.071    2.422    9.786    9.945   10.751   11.693
            0.450000  0.010000  0.950000
   -1.856   -1.346    2.091    2.386    9.786    9.943   10.819   11.607
            0.450000  0.010000  0.960000
   -1.806   -1.395    2.111    2.352    9.787    9.941   10.890   11.523
            0.450000  0.010000  0.970000
   -1.756   -1.444    2.133    2.320    9.787    9.939   10.963   11.439
            0.450000  0.010000  0.980000
   -1.708   -1.491    2.154    2.291    9.788    9.938   11.039   11.356
            0.450000  0.010000  0.990000
   -1.663   -1.535    2.173    2.268    9.788    9.936   11.116   11.275
            0.450000  0.010000  1.000000
   -1.638   -1.560    2.182    2.258    9.788    9.936   11.190   11.199
