 &plot nbnd=   8, nks=   101 /
            0.660000  0.740000  0.000000
   -2.396   -0.925    1.671    3.654    7.518   11.039   12.391   13.018
            0.660000  0.740000  0.010000
   -2.398   -0.924    1.672    3.655    7.518   11.039   12.380   13.026
            0.660000  0.740000  0.020000
   -2.402   -0.922    1.677    3.656    7.520   11.040   12.351   13.046
            0.660000  0.740000  0.030000
   -2.409   -0.918    1.685    3.658    7.522   11.042   12.307   13.071
            0.660000  0.740000  0.040000
   -2.419   -0.913    1.697    3.660    7.525   11.044   12.253   13.089
            0.660000  0.740000  0.050000
   -2.432   -0.907    1.711    3.663    7.530   11.047   12.191   13.088
            0.660000  0.740000  0.060000
   -2.448   -0.899    1.729    3.667    7.535   11.051   12.126   13.061
            0.660000  0.740000  0.070000
   -2.466   -0.889    1.749    3.672    7.541   11.055   12.057   13.013
            0.660000  0.740000  0.080000
   -2.486   -0.879    1.773    3.678    7.548   11.060   11.987   12.953
            0.660000  0.740000  0.090000
   -2.508   -0.868    1.799    3.684    7.556   11.064   11.916   12.885
            0.660000  0.740000  0.100000
   -2.533   -0.855    1.829    3.691    7.565   11.069   11.844   12.812
            0.660000  0.740000  0.110000
   -2.560   -0.841    1.861    3.698    7.575   11.074   11.774   12.736
            0.660000  0.740000  0.120000
   -2.588   -0.827    1.895    3.707    7.586   11.078   11.704   12.658
            0.660000  0.740000  0.130000
   -2.618   -0.811    1.932    3.716    7.597   11.081   11.636   12.579
            0.660000  0.740000  0.140000
   -2.650   -0.794    1.972    3.725    7.610   11.082   11.572   12.498
            0.660000  0.740000  0.150000
   -2.683   -0.777    2.014    3.736    7.623   11.079   11.511   12.417
            0.660000  0.740000  0.160000
   -2.718   -0.759    2.058    3.747    7.638   11.070   11.458   12.336
            0.660000  0.740000  0.170000
   -2.753   -0.740    2.104    3.759    7.653   11.054   11.414   12.255
            0.660000  0.740000  0.180000
   -2.790   -0.721    2.152    3.772    7.669   11.026   11.381   12.174
            0.660000  0.740000  0.190000
   -2.827   -0.700    2.202    3.785    7.685   10.988   11.362   12.094
            0.660000  0.740000  0.200000
   -2.865   -0.679    2.254    3.799    7.703   10.939   11.353   12.013
            0.660000  0.740000  0.210000
   -2.904   -0.657    2.307    3.814    7.721   10.884   11.353   11.934
            0.660000  0.740000  0.220000
   -2.944   -0.635    2.362    3.830    7.740   10.823   11.359   11.854
            0.660000  0.740000  0.230000
   -2.984   -0.612    2.418    3.846    7.760   10.759   11.369   11.776
            0.660000  0.740000  0.240000
   -3.025   -0.588    2.476    3.863    7.781   10.692   11.383   11.698
            0.660000  0.740000  0.250000
   -3.066   -0.564    2.534    3.881    7.802   10.625   11.400   11.621
            0.660000  0.740000  0.260000
   -3.108   -0.539    2.594    3.900    7.823   10.556   11.417   11.546
            0.660000  0.740000  0.270000
   -3.149   -0.513    2.655    3.919    7.845   10.487   11.429   11.480
            0.660000  0.740000  0.280000
   -3.191   -0.486    2.717    3.939    7.868   10.418   11.385   11.471
            0.660000  0.740000  0.290000
   -3.233   -0.459    2.779    3.960    7.891   10.349   11.314   11.492
            0.660000  0.740000  0.300000
   -3.275   -0.431    2.843    3.982    7.915   10.280   11.242   11.517
            0.660000  0.740000  0.310000
   -3.317   -0.403    2.906    4.004    7.939   10.212   11.171   11.543
            0.660000  0.740000  0.320000
   -3.359   -0.374    2.971    4.027    7.963   10.143   11.100   11.571
            0.660000  0.740000  0.330000
   -3.401   -0.344    3.035    4.051    7.987   10.075   11.030   11.600
            0.660000  0.740000  0.340000
   -3.443   -0.314    3.100    4.076    8.011   10.008   10.962   11.630
            0.660000  0.740000  0.350000
   -3.485   -0.282    3.165    4.102    8.035    9.942   10.894   11.662
            0.660000  0.740000  0.360000
   -3.526   -0.250    3.230    4.128    8.059    9.877   10.828   11.695
            0.660000  0.740000  0.370000
   -3.568   -0.218    3.295    4.156    8.083    9.812   10.763   11.729
            0.660000  0.740000  0.380000
   -3.609   -0.185    3.360    4.184    8.105    9.749   10.700   11.764
            0.660000  0.740000  0.390000
   -3.649   -0.151    3.424    4.214    8.127    9.688   10.637   11.800
            0.660000  0.740000  0.400000
   -3.690   -0.116    3.487    4.244    8.148    9.628   10.576   11.837
            0.660000  0.740000  0.410000
   -3.730   -0.081    3.551    4.275    8.167    9.571   10.516   11.876
            0.660000  0.740000  0.420000
   -3.770   -0.045    3.613    4.308    8.185    9.516   10.458   11.915
            0.660000  0.740000  0.430000
   -3.809   -0.008    3.674    4.341    8.200    9.465   10.401   11.956
            0.660000  0.740000  0.440000
   -3.848    0.029    3.735    4.375    8.213    9.417   10.346   11.998
            0.660000  0.740000  0.450000
   -3.887    0.067    3.794    4.411    8.222    9.372   10.291   12.041
            0.660000  0.740000  0.460000
   -3.925    0.106    3.852    4.447    8.228    9.333   10.239   12.085
            0.660000  0.740000  0.470000
   -3.962    0.146    3.908    4.485    8.230    9.298   10.187   12.130
            0.660000  0.740000  0.480000
   -4.000    0.186    3.963    4.523    8.227    9.269   10.138   12.177
            0.660000  0.740000  0.490000
   -4.036    0.227    4.016    4.562    8.220    9.245   10.089   12.224
            0.660000  0.740000  0.500000
   -4.072    0.268    4.068    4.602    8.208    9.228   10.042   12.273
            0.660000  0.740000  0.510000
   -4.108    0.310    4.118    4.642    8.192    9.216    9.997   12.323
            0.660000  0.740000  0.520000
   -4.143    0.353    4.167    4.682    8.171    9.210    9.952   12.374
            0.660000  0.740000  0.530000
   -4.177    0.397    4.214    4.723    8.147    9.208    9.910   12.426
            0.660000  0.740000  0.540000
   -4.211    0.441    4.259    4.763    8.121    9.212    9.869   12.479
            0.660000  0.740000  0.550000
   -4.244    0.486    4.304    4.802    8.092    9.219    9.829   12.533
            0.660000  0.740000  0.560000
   -4.277    0.531    4.346    4.841    8.061    9.230    9.791   12.589
            0.660000  0.740000  0.570000
   -4.309    0.578    4.388    4.878    8.030    9.243    9.755   12.645
            0.660000  0.740000  0.580000
   -4.341    0.625    4.428    4.913    7.999    9.258    9.720   12.703
            0.660000  0.740000  0.590000
   -4.371    0.672    4.468    4.947    7.969    9.275    9.688   12.761
            0.660000  0.740000  0.600000
   -4.401    0.720    4.506    4.977    7.941    9.293    9.657   12.821
            0.660000  0.740000  0.610000
   -4.431    0.769    4.543    5.005    7.914    9.310    9.629   12.881
            0.660000  0.740000  0.620000
   -4.460    0.818    4.580    5.030    7.890    9.328    9.603   12.942
            0.660000  0.740000  0.630000
   -4.488    0.868    4.615    5.050    7.869    9.343    9.581   13.003
            0.660000  0.740000  0.640000
   -4.515    0.919    4.650    5.068    7.852    9.356    9.563   13.063
            0.660000  0.740000  0.650000
   -4.542    0.970    4.684    5.080    7.838    9.365    9.551   13.120
            0.660000  0.740000  0.660000
   -4.568    1.022    4.716    5.089    7.829    9.368    9.547   13.148
            0.660000  0.740000  0.670000
   -4.594    1.074    4.748    5.093    7.824    9.364    9.549   13.095
            0.660000  0.740000  0.680000
   -4.619    1.127    4.779    5.093    7.823    9.356    9.558   13.014
            0.660000  0.740000  0.690000
   -4.643    1.180    4.809    5.089    7.828    9.344    9.571   12.929
            0.660000  0.740000  0.700000
   -4.666    1.234    4.836    5.081    7.836    9.331    9.586   12.843
            0.660000  0.740000  0.710000
   -4.689    1.288    4.861    5.071    7.849    9.316    9.603   12.758
            0.660000  0.740000  0.720000
   -4.710    1.343    4.882    5.059    7.867    9.301    9.620   12.674
            0.660000  0.740000  0.730000
   -4.732    1.398    4.897    5.049    7.889    9.287    9.638   12.591
            0.660000  0.740000  0.740000
   -4.752    1.454    4.900    5.046    7.914    9.273    9.656   12.509
            0.660000  0.740000  0.750000
   -4.772    1.509    4.890    5.051    7.943    9.260    9.673   12.428
            0.660000  0.740000  0.760000
   -4.791    1.566    4.867    5.065    7.976    9.247    9.690   12.349
            0.660000  0.740000  0.770000
   -4.809    1.622    4.836    5.083    8.012    9.235    9.706   12.271
            0.660000  0.740000  0.780000
   -4.826    1.679    4.799    5.103    8.050    9.224    9.722   12.194
            0.660000  0.740000  0.790000
   -4.843    1.736    4.758    5.124    8.091    9.214    9.737   12.119
            0.660000  0.740000  0.800000
   -4.859    1.792    4.713    5.146    8.133    9.204    9.751   12.046
            0.660000  0.740000  0.810000
   -4.874    1.849    4.666    5.167    8.178    9.195    9.764   11.974
            0.660000  0.740000  0.820000
   -4.888    1.906    4.618    5.187    8.224    9.187    9.776   11.905
            0.660000  0.740000  0.830000
   -4.902    1.963    4.567    5.207    8.271    9.179    9.788   11.837
            0.660000  0.740000  0.840000
   -4.915    2.020    4.516    5.226    8.318    9.172    9.798   11.772
            0.660000  0.740000  0.850000
   -4.927    2.076    4.463    5.244    8.367    9.165    9.808   11.708
            0.660000  0.740000  0.860000
   -4.938    2.131    4.411    5.262    8.415    9.158    9.817   11.648
            0.660000  0.740000  0.870000
   -4.949    2.186    4.358    5.278    8.464    9.151    9.825   11.589
            0.660000  0.740000  0.880000
   -4.959    2.240    4.305    5.293    8.512    9.145    9.832   11.534
            0.660000  0.740000  0.890000
   -4.968    2.292    4.254    5.307    8.559    9.138    9.839   11.482
            0.660000  0.740000  0.900000
   -4.976    2.343    4.203    5.320    8.605    9.131    9.844   11.433
            0.660000  0.740000  0.910000
   -4.983    2.392    4.154    5.332    8.650    9.123    9.849   11.387
            0.660000  0.740000  0.920000
   -4.990    2.439    4.107    5.343    8.694    9.115    9.853   11.345
            0.660000  0.740000  0.930000
   -4.996    2.482    4.063    5.352    8.735    9.106    9.857   11.308
            0.660000  0.740000  0.940000
   -5.001    2.523    4.023    5.361    8.774    9.096    9.860   11.274
            0.660000  0.740000  0.950000
   -5.005    2.559    3.987    5.368    8.811    9.085    9.862   11.246
            0.660000  0.740000  0.960000
   -5.009    2.590    3.955    5.374    8.844    9.074    9.864   11.222
            0.660000  0.740000  0.970000
   -5.012    2.615    3.930    5.378    8.874    9.061    9.865   11.203
            0.660000  0.740000  0.980000
   -5.014    2.633    3.911    5.381    8.899    9.050    9.866   11.189
            0.660000  0.740000  0.990000
   -5.015    2.645    3.899    5.383    8.916    9.040    9.866   11.181
            0.660000  0.740000  1.000000
   -5.015    2.649    3.895    5.384    8.922    9.036    9.867   11.178
