 &plot nbnd=   8, nks=    81 /
            0.775000 -0.850000 -1.000000
   -5.817    3.114    4.084    4.748    7.530    7.593    8.176    9.230
            0.775000 -0.850000 -0.975000
   -5.815    3.090    4.104    4.741    7.486    7.621    8.192    9.241
            0.775000 -0.850000 -0.950000
   -5.808    3.023    4.158    4.721    7.402    7.663    8.229    9.278
            0.775000 -0.850000 -0.925000
   -5.796    2.925    4.231    4.688    7.305    7.712    8.271    9.340
            0.775000 -0.850000 -0.900000
   -5.779    2.808    4.309    4.645    7.205    7.770    8.304    9.428
            0.775000 -0.850000 -0.875000
   -5.758    2.679    4.376    4.601    7.111    7.837    8.322    9.539
            0.775000 -0.850000 -0.850000
   -5.731    2.543    4.407    4.572    7.031    7.912    8.325    9.668
            0.775000 -0.850000 -0.825000
   -5.701    2.403    4.376    4.579    6.970    7.990    8.321    9.808
            0.775000 -0.850000 -0.800000
   -5.665    2.260    4.309    4.593    6.935    8.062    8.319    9.952
            0.775000 -0.850000 -0.775000
   -5.625    2.116    4.227    4.589    6.927    8.106    8.345   10.088
            0.775000 -0.850000 -0.750000
   -5.580    1.972    4.137    4.562    6.946    8.108    8.413   10.206
            0.775000 -0.850000 -0.725000
   -5.530    1.828    4.042    4.510    6.989    8.086    8.511   10.289
            0.775000 -0.850000 -0.700000
   -5.476    1.685    3.943    4.437    7.049    8.058    8.623   10.323
            0.775000 -0.850000 -0.675000
   -5.418    1.542    3.842    4.348    7.117    8.036    8.744   10.303
            0.775000 -0.850000 -0.650000
   -5.354    1.401    3.738    4.246    7.180    8.031    8.870   10.236
            0.775000 -0.850000 -0.625000
   -5.287    1.260    3.631    4.136    7.227    8.052    9.001   10.137
            0.775000 -0.850000 -0.600000
   -5.214    1.120    3.522    4.022    7.247    8.107    9.136   10.019
            0.775000 -0.850000 -0.575000
   -5.138    0.981    3.411    3.907    7.240    8.195    9.273    9.894
            0.775000 -0.850000 -0.550000
   -5.057    0.843    3.297    3.794    7.211    8.308    9.409    9.773
            0.775000 -0.850000 -0.525000
   -4.972    0.706    3.180    3.684    7.167    8.435    9.518    9.688
            0.775000 -0.850000 -0.500000
   -4.882    0.569    3.061    3.579    7.113    8.564    9.494    9.755
            0.775000 -0.850000 -0.475000
   -4.789    0.432    2.941    3.480    7.054    8.680    9.425    9.896
            0.775000 -0.850000 -0.450000
   -4.691    0.296    2.820    3.386    6.991    8.755    9.398   10.051
            0.775000 -0.850000 -0.425000
   -4.590    0.159    2.700    3.299    6.928    8.767    9.443   10.212
            0.775000 -0.850000 -0.400000
   -4.485    0.022    2.581    3.218    6.864    8.724    9.553   10.378
            0.775000 -0.850000 -0.375000
   -4.375   -0.117    2.465    3.143    6.802    8.653    9.700   10.548
            0.775000 -0.850000 -0.350000
   -4.263   -0.255    2.353    3.073    6.741    8.570    9.866   10.722
            0.775000 -0.850000 -0.325000
   -4.146   -0.395    2.246    3.008    6.683    8.487   10.043   10.900
            0.775000 -0.850000 -0.300000
   -4.027   -0.537    2.145    2.949    6.628    8.405   10.225   11.081
            0.775000 -0.850000 -0.275000
   -3.904   -0.679    2.050    2.895    6.576    8.328   10.412   11.266
            0.775000 -0.850000 -0.250000
   -3.778   -0.822    1.962    2.845    6.527    8.257   10.602   11.453
            0.775000 -0.850000 -0.225000
   -3.650   -0.967    1.881    2.801    6.482    8.191   10.794   11.642
            0.775000 -0.850000 -0.200000
   -3.519   -1.112    1.809    2.761    6.442    8.132   10.988   11.833
            0.775000 -0.850000 -0.175000
   -3.386   -1.257    1.744    2.726    6.405    8.080   11.183   12.023
            0.775000 -0.850000 -0.150000
   -3.252   -1.403    1.688    2.696    6.373    8.035   11.379   12.211
            0.775000 -0.850000 -0.125000
   -3.117   -1.548    1.640    2.670    6.346    7.997   11.575   12.392
            0.775000 -0.850000 -0.100000
   -2.982   -1.690    1.600    2.649    6.324    7.965   11.771   12.557
            0.775000 -0.850000 -0.075000
   -2.851   -1.827    1.570    2.633    6.306    7.941   11.963   12.689
            0.775000 -0.850000 -0.050000
   -2.729   -1.954    1.548    2.621    6.294    7.923   12.148   12.753
            0.775000 -0.850000 -0.025000
   -2.630   -2.055    1.535    2.614    6.286    7.913   12.311   12.727
            0.775000 -0.850000  0.000000
   -2.588   -2.098    1.530    2.612    6.284    7.909   12.393   12.684
            0.775000 -0.850000  0.025000
   -2.630   -2.055    1.535    2.614    6.286    7.913   12.311   12.727
            0.775000 -0.850000  0.050000
   -2.729   -1.954    1.548    2.621    6.294    7.923   12.148   12.753
            0.775000 -0.850000  0.075000
   -2.851   -1.827    1.570    2.633    6.306    7.941   11.963   12.689
            0.775000 -0.850000  0.100000
   -2.982   -1.690    1.600    2.649    6.324    7.965   11.771   12.557
            0.775000 -0.850000  0.125000
   -3.117   -1.548    1.640    2.670    6.346    7.997   11.575   12.392
            0.775000 -0.850000  0.150000
   -3.252   -1.403    1.688    2.696    6.373    8.035   11.379   12.211
            0.775000 -0.850000  0.175000
   -3.386   -1.257    1.744    2.726    6.405    8.080   11.183   12.023
            0.775000 -0.850000  0.200000
   -3.519   -1.112    1.809    2.761    6.442    8.132   10.988   11.833
            0.775000 -0.850000  0.225000
   -3.650   -0.967    1.881    2.801    6.482    8.191   10.794   11.642
            0.775000 -0.850000  0.250000
   -3.778   -0.822    1.962    2.845    6.527    8.257   10.602   11.453
            0.775000 -0.850000  0.275000
   -3.904   -0.679    2.050    2.895    6.576    8.328   10.412   11.266
            0.775000 -0.850000  0.300000
   -4.027   -0.537    2.145    2.949    6.628    8.405   10.225   11.081
            0.775000 -0.850000  0.325000
   -4.146   -0.395    2.246    3.008    6.683    8.487   10.043   10.900
            0.775000 -0.850000  0.350000
   -4.263   -0.255    2.353    3.073    6.741    8.570    9.866   10.722
            0.775000 -0.850000  0.375000
   -4.375   -0.117    2.465    3.143    6.802    8.653    9.700   10.548
            0.775000 -0.850000  0.400000
   -4.485    0.022    2.581    3.218    6.864    8.724    9.553   10.378
            0.775000 -0.850000  0.425000
   -4.590    0.159    2.700    3.299    6.928    8.767    9.443   10.212
            0.775000 -0.850000  0.450000
   -4.691    0.296    2.820    3.386    6.991    8.755    9.398   10.051
            0.775000 -0.850000  0.475000
   -4.789    0.432    2.941    3.480    7.054    8.680    9.425    9.896
            0.775000 -0.850000  0.500000
   -4.882    0.569    3.061    3.579    7.113    8.564    9.494    9.755
            0.775000 -0.850000  0.525000
   -4.972    0.706    3.180    3.684    7.167    8.435    9.518    9.688
            0.775000 -0.850000  0.550000
   -5.057    0.843    3.297    3.794    7.211    8.308    9.409    9.773
            0.775000 -0.850000  0.575000
   -5.138    0.981    3.411    3.907    7.240    8.195    9.273    9.894
            0.775000 -0.850000  0.600000
   -5.214    1.120    3.522    4.022    7.247    8.107    9.136   10.019
            0.775000 -0.850000  0.625000
   -5.287    1.260    3.631    4.136    7.227    8.052    9.001   10.137
            0.775000 -0.850000  0.650000
   -5.354    1.401    3.738    4.246    7.180    8.031    8.870   10.236
            0.775000 -0.850000  0.675000
   -5.418    1.542    3.842    4.348    7.117    8.036    8.744   10.303
            0.775000 -0.850000  0.700000
   -5.476    1.685    3.943    4.437    7.049    8.058    8.623   10.323
            0.775000 -0.850000  0.725000
   -5.530    1.828    4.042    4.510    6.989    8.086    8.511   10.289
            0.775000 -0.850000  0.750000
   -5.580    1.972    4.137    4.562    6.946    8.108    8.413   10.206
            0.775000 -0.850000  0.775000
   -5.625    2.116    4.227    4.589    6.927    8.106    8.345   10.088
            0.775000 -0.850000  0.800000
   -5.665    2.260    4.309    4.593    6.935    8.062    8.319    9.952
            0.775000 -0.850000  0.825000
   -5.701    2.403    4.376    4.579    6.970    7.990    8.321    9.808
            0.775000 -0.850000  0.850000
   -5.731    2.543    4.407    4.572    7.031    7.912    8.325    9.668
            0.775000 -0.850000  0.875000
   -5.758    2.679    4.376    4.601    7.111    7.837    8.322    9.539
            0.775000 -0.850000  0.900000
   -5.779    2.808    4.309    4.645    7.205    7.770    8.304    9.428
            0.775000 -0.850000  0.925000
   -5.796    2.925    4.231    4.688    7.305    7.712    8.271    9.340
            0.775000 -0.850000  0.950000
   -5.808    3.023    4.158    4.721    7.402    7.663    8.229    9.278
            0.775000 -0.850000  0.975000
   -5.815    3.090    4.104    4.741    7.486    7.621    8.192    9.241
            0.775000 -0.850000  1.000000
   -5.817    3.114    4.084    4.748    7.530    7.593    8.176    9.230
