 &plot nbnd=   8, nks=   101 /
            0.300000  0.400000  0.000000
   -4.744    2.058    3.454    5.161    9.073    9.081   10.301   11.014
            0.300000  0.400000  0.010000
   -4.744    2.055    3.458    5.160    9.050    9.102   10.299   11.018
            0.300000  0.400000  0.020000
   -4.743    2.044    3.469    5.159    9.022    9.123   10.292   11.029
            0.300000  0.400000  0.030000
   -4.741    2.027    3.487    5.157    8.991    9.143   10.282   11.046
            0.300000  0.400000  0.040000
   -4.738    2.004    3.511    5.154    8.958    9.160   10.268   11.069
            0.300000  0.400000  0.050000
   -4.735    1.976    3.542    5.151    8.922    9.175   10.251   11.098
            0.300000  0.400000  0.060000
   -4.731    1.943    3.577    5.146    8.885    9.188   10.232   11.133
            0.300000  0.400000  0.070000
   -4.726    1.906    3.617    5.141    8.846    9.199   10.210   11.172
            0.300000  0.400000  0.080000
   -4.720    1.865    3.661    5.135    8.806    9.209   10.188   11.216
            0.300000  0.400000  0.090000
   -4.714    1.821    3.708    5.128    8.764    9.216   10.164   11.263
            0.300000  0.400000  0.100000
   -4.707    1.775    3.758    5.120    8.721    9.222   10.140   11.314
            0.300000  0.400000  0.110000
   -4.699    1.727    3.810    5.112    8.676    9.226   10.115   11.369
            0.300000  0.400000  0.120000
   -4.691    1.677    3.863    5.103    8.631    9.229   10.090   11.427
            0.300000  0.400000  0.130000
   -4.681    1.625    3.919    5.093    8.585    9.231   10.065   11.487
            0.300000  0.400000  0.140000
   -4.671    1.573    3.975    5.082    8.538    9.232   10.040   11.550
            0.300000  0.400000  0.150000
   -4.660    1.520    4.032    5.070    8.490    9.232   10.015   11.616
            0.300000  0.400000  0.160000
   -4.649    1.467    4.089    5.058    8.442    9.232    9.991   11.684
            0.300000  0.400000  0.170000
   -4.637    1.412    4.146    5.044    8.394    9.231    9.967   11.754
            0.300000  0.400000  0.180000
   -4.624    1.358    4.204    5.030    8.346    9.230    9.943   11.826
            0.300000  0.400000  0.190000
   -4.610    1.303    4.261    5.016    8.299    9.228    9.920   11.900
            0.300000  0.400000  0.200000
   -4.596    1.249    4.317    5.000    8.251    9.227    9.897   11.976
            0.300000  0.400000  0.210000
   -4.581    1.194    4.373    4.984    8.205    9.226    9.875   12.054
            0.300000  0.400000  0.220000
   -4.565    1.140    4.427    4.967    8.159    9.226    9.852   12.133
            0.300000  0.400000  0.230000
   -4.549    1.085    4.480    4.949    8.114    9.226    9.830   12.213
            0.300000  0.400000  0.240000
   -4.532    1.031    4.531    4.931    8.071    9.226    9.808   12.295
            0.300000  0.400000  0.250000
   -4.514    0.978    4.580    4.912    8.029    9.228    9.786   12.378
            0.300000  0.400000  0.260000
   -4.495    0.924    4.627    4.893    7.990    9.230    9.764   12.462
            0.300000  0.400000  0.270000
   -4.476    0.871    4.670    4.874    7.952    9.234    9.742   12.547
            0.300000  0.400000  0.280000
   -4.456    0.819    4.709    4.856    7.917    9.238    9.720   12.633
            0.300000  0.400000  0.290000
   -4.436    0.767    4.741    4.842    7.884    9.243    9.698   12.719
            0.300000  0.400000  0.300000
   -4.415    0.715    4.757    4.839    7.854    9.250    9.675   12.807
            0.300000  0.400000  0.310000
   -4.393    0.664    4.753    4.853    7.828    9.258    9.653   12.894
            0.300000  0.400000  0.320000
   -4.370    0.614    4.736    4.874    7.805    9.268    9.630   12.982
            0.300000  0.400000  0.330000
   -4.347    0.564    4.714    4.896    7.786    9.278    9.607   13.070
            0.300000  0.400000  0.340000
   -4.324    0.515    4.690    4.915    7.771    9.290    9.584   13.158
            0.300000  0.400000  0.350000
   -4.299    0.467    4.664    4.930    7.761    9.304    9.561   13.244
            0.300000  0.400000  0.360000
   -4.275    0.419    4.638    4.942    7.754    9.318    9.538   13.328
            0.300000  0.400000  0.370000
   -4.249    0.372    4.610    4.949    7.752    9.333    9.516   13.409
            0.300000  0.400000  0.380000
   -4.223    0.325    4.581    4.951    7.754    9.348    9.496   13.481
            0.300000  0.400000  0.390000
   -4.197    0.280    4.551    4.950    7.760    9.361    9.479   13.538
            0.300000  0.400000  0.400000
   -4.169    0.235    4.521    4.943    7.771    9.369    9.468   13.565
            0.300000  0.400000  0.410000
   -4.142    0.191    4.489    4.933    7.786    9.367    9.470   13.559
            0.300000  0.400000  0.420000
   -4.114    0.148    4.457    4.919    7.804    9.355    9.484   13.531
            0.300000  0.400000  0.430000
   -4.085    0.105    4.423    4.902    7.826    9.337    9.505   13.494
            0.300000  0.400000  0.440000
   -4.056    0.063    4.388    4.881    7.851    9.317    9.531   13.453
            0.300000  0.400000  0.450000
   -4.026    0.023    4.352    4.857    7.878    9.296    9.560   13.410
            0.300000  0.400000  0.460000
   -3.996   -0.017    4.315    4.830    7.908    9.275    9.591   13.367
            0.300000  0.400000  0.470000
   -3.966   -0.056    4.277    4.801    7.940    9.255    9.625   13.324
            0.300000  0.400000  0.480000
   -3.935   -0.094    4.237    4.771    7.973    9.236    9.661   13.282
            0.300000  0.400000  0.490000
   -3.904   -0.131    4.195    4.739    8.006    9.218    9.699   13.240
            0.300000  0.400000  0.500000
   -3.872   -0.168    4.152    4.706    8.040    9.203    9.739   13.198
            0.300000  0.400000  0.510000
   -3.840   -0.203    4.107    4.672    8.074    9.189    9.780   13.158
            0.300000  0.400000  0.520000
   -3.808   -0.237    4.061    4.638    8.106    9.179    9.824   13.118
            0.300000  0.400000  0.530000
   -3.775   -0.270    4.013    4.604    8.136    9.172    9.869   13.079
            0.300000  0.400000  0.540000
   -3.742   -0.302    3.963    4.570    8.165    9.169    9.916   13.041
            0.300000  0.400000  0.550000
   -3.709   -0.334    3.911    4.536    8.190    9.171    9.964   13.004
            0.300000  0.400000  0.560000
   -3.676   -0.364    3.858    4.503    8.211    9.177   10.015   12.968
            0.300000  0.400000  0.570000
   -3.643   -0.393    3.803    4.471    8.229    9.189   10.067   12.932
            0.300000  0.400000  0.580000
   -3.609   -0.421    3.746    4.439    8.243    9.206   10.120   12.898
            0.300000  0.400000  0.590000
   -3.576   -0.448    3.688    4.408    8.252    9.229   10.175   12.864
            0.300000  0.400000  0.600000
   -3.542   -0.473    3.629    4.378    8.256    9.256   10.232   12.831
            0.300000  0.400000  0.610000
   -3.509   -0.498    3.569    4.349    8.257    9.289   10.290   12.799
            0.300000  0.400000  0.620000
   -3.475   -0.521    3.507    4.320    8.255    9.327   10.350   12.768
            0.300000  0.400000  0.630000
   -3.441   -0.543    3.445    4.293    8.249    9.369   10.412   12.737
            0.300000  0.400000  0.640000
   -3.408   -0.564    3.381    4.266    8.240    9.414   10.474   12.708
            0.300000  0.400000  0.650000
   -3.375   -0.584    3.318    4.240    8.229    9.463   10.538   12.679
            0.300000  0.400000  0.660000
   -3.342   -0.603    3.253    4.215    8.216    9.514   10.604   12.651
            0.300000  0.400000  0.670000
   -3.309   -0.620    3.188    4.191    8.202    9.568   10.670   12.624
            0.300000  0.400000  0.680000
   -3.277   -0.636    3.123    4.168    8.186    9.624   10.738   12.598
            0.300000  0.400000  0.690000
   -3.245   -0.650    3.058    4.145    8.170    9.682   10.807   12.573
            0.300000  0.400000  0.700000
   -3.214   -0.663    2.993    4.124    8.153    9.742   10.877   12.548
            0.300000  0.400000  0.710000
   -3.183   -0.675    2.928    4.103    8.135    9.803   10.948   12.525
            0.300000  0.400000  0.720000
   -3.152   -0.686    2.863    4.083    8.117    9.865   11.020   12.502
            0.300000  0.400000  0.730000
   -3.122   -0.695    2.799    4.063    8.100    9.929   11.093   12.480
            0.300000  0.400000  0.740000
   -3.093   -0.703    2.735    4.045    8.082    9.993   11.166   12.460
            0.300000  0.400000  0.750000
   -3.065   -0.709    2.672    4.027    8.064   10.059   11.241   12.440
            0.300000  0.400000  0.760000
   -3.037   -0.714    2.609    4.010    8.046   10.125   11.316   12.421
            0.300000  0.400000  0.770000
   -3.011   -0.718    2.548    3.993    8.029   10.192   11.391   12.403
            0.300000  0.400000  0.780000
   -2.985   -0.721    2.487    3.977    8.012   10.260   11.467   12.386
            0.300000  0.400000  0.790000
   -2.960   -0.722    2.428    3.962    7.996   10.328   11.543   12.370
            0.300000  0.400000  0.800000
   -2.936   -0.722    2.369    3.948    7.980   10.397   11.620   12.355
            0.300000  0.400000  0.810000
   -2.913   -0.721    2.312    3.934    7.965   10.466   11.696   12.342
            0.300000  0.400000  0.820000
   -2.891   -0.719    2.257    3.921    7.950   10.535   11.771   12.330
            0.300000  0.400000  0.830000
   -2.870   -0.716    2.203    3.909    7.936   10.605   11.846   12.320
            0.300000  0.400000  0.840000
   -2.851   -0.712    2.151    3.898    7.922   10.676   11.918   12.313
            0.300000  0.400000  0.850000
   -2.832   -0.707    2.101    3.887    7.910   10.746   11.988   12.310
            0.300000  0.400000  0.860000
   -2.815   -0.702    2.053    3.877    7.897   10.816   12.051   12.313
            0.300000  0.400000  0.870000
   -2.799   -0.696    2.007    3.867    7.886   10.886   12.104   12.326
            0.300000  0.400000  0.880000
   -2.784   -0.689    1.964    3.859    7.876   10.956   12.142   12.353
            0.300000  0.400000  0.890000
   -2.770   -0.682    1.923    3.851    7.866   11.026   12.165   12.394
            0.300000  0.400000  0.900000
   -2.757   -0.675    1.885    3.843    7.857   11.094   12.176   12.443
            0.300000  0.400000  0.910000
   -2.746   -0.668    1.850    3.837    7.849   11.161   12.182   12.492
            0.300000  0.400000  0.920000
   -2.736   -0.662    1.818    3.831    7.842   11.227   12.185   12.534
            0.300000  0.400000  0.930000
   -2.727   -0.655    1.789    3.826    7.835   11.290   12.187   12.561
            0.300000  0.400000  0.940000
   -2.719   -0.649    1.764    3.821    7.830   11.349   12.190   12.566
            0.300000  0.400000  0.950000
   -2.713   -0.644    1.743    3.817    7.825   11.405   12.194   12.548
            0.300000  0.400000  0.960000
   -2.707   -0.640    1.725    3.814    7.821   11.454   12.200   12.516
            0.300000  0.400000  0.970000
   -2.703   -0.636    1.711    3.812    7.818   11.495   12.208   12.478
            0.300000  0.400000  0.980000
   -2.700   -0.633    1.701    3.810    7.816   11.527   12.217   12.444
            0.300000  0.400000  0.990000
   -2.699   -0.632    1.695    3.809    7.814   11.547   12.225   12.418
            0.300000  0.400000  1.000000
   -2.698   -0.631    1.693    3.809    7.814   11.554   12.228   12.409
