 &plot nbnd=   8, nks=   101 /
            0.270000  0.510000  0.000000
   -4.407    1.544    3.173    4.517    8.517    9.712   10.117   11.397
            0.270000  0.510000  0.010000
   -4.407    1.541    3.175    4.517    8.515    9.713   10.119   11.394
            0.270000  0.510000  0.020000
   -4.406    1.533    3.184    4.516    8.510    9.715   10.126   11.383
            0.270000  0.510000  0.030000
   -4.404    1.520    3.197    4.515    8.501    9.719   10.138   11.366
            0.270000  0.510000  0.040000
   -4.402    1.502    3.216    4.513    8.489    9.723   10.155   11.343
            0.270000  0.510000  0.050000
   -4.399    1.479    3.240    4.511    8.475    9.728   10.177   11.314
            0.270000  0.510000  0.060000
   -4.395    1.453    3.267    4.508    8.458    9.732   10.204   11.280
            0.270000  0.510000  0.070000
   -4.390    1.422    3.299    4.504    8.439    9.735   10.236   11.242
            0.270000  0.510000  0.080000
   -4.385    1.389    3.334    4.500    8.419    9.737   10.274   11.200
            0.270000  0.510000  0.090000
   -4.379    1.352    3.372    4.496    8.398    9.737   10.316   11.155
            0.270000  0.510000  0.100000
   -4.373    1.313    3.412    4.491    8.377    9.736   10.363   11.107
            0.270000  0.510000  0.110000
   -4.365    1.272    3.455    4.485    8.355    9.733   10.413   11.059
            0.270000  0.510000  0.120000
   -4.357    1.229    3.499    4.479    8.333    9.728   10.467   11.009
            0.270000  0.510000  0.130000
   -4.349    1.185    3.545    4.472    8.312    9.722   10.522   10.961
            0.270000  0.510000  0.140000
   -4.339    1.139    3.591    4.465    8.292    9.713   10.577   10.915
            0.270000  0.510000  0.150000
   -4.329    1.092    3.639    4.458    8.272    9.703   10.627   10.877
            0.270000  0.510000  0.160000
   -4.319    1.044    3.687    4.450    8.254    9.691   10.660   10.860
            0.270000  0.510000  0.170000
   -4.307    0.996    3.735    4.441    8.237    9.676   10.659   10.880
            0.270000  0.510000  0.180000
   -4.295    0.947    3.782    4.432    8.221    9.660   10.630   10.931
            0.270000  0.510000  0.190000
   -4.283    0.898    3.830    4.423    8.207    9.642   10.590   10.996
            0.270000  0.510000  0.200000
   -4.269    0.849    3.876    4.414    8.195    9.622   10.546   11.069
            0.270000  0.510000  0.210000
   -4.255    0.799    3.921    4.405    8.184    9.600   10.502   11.146
            0.270000  0.510000  0.220000
   -4.241    0.750    3.964    4.397    8.175    9.576   10.458   11.226
            0.270000  0.510000  0.230000
   -4.226    0.701    4.004    4.390    8.168    9.551   10.415   11.308
            0.270000  0.510000  0.240000
   -4.210    0.651    4.041    4.385    8.163    9.523   10.373   11.392
            0.270000  0.510000  0.250000
   -4.194    0.602    4.074    4.383    8.159    9.495   10.333   11.479
            0.270000  0.510000  0.260000
   -4.177    0.553    4.099    4.385    8.157    9.465   10.296   11.567
            0.270000  0.510000  0.270000
   -4.159    0.505    4.118    4.392    8.157    9.434   10.259   11.656
            0.270000  0.510000  0.280000
   -4.141    0.457    4.128    4.406    8.158    9.403   10.225   11.747
            0.270000  0.510000  0.290000
   -4.122    0.409    4.130    4.425    8.161    9.373   10.192   11.838
            0.270000  0.510000  0.300000
   -4.103    0.362    4.126    4.449    8.165    9.342   10.161   11.932
            0.270000  0.510000  0.310000
   -4.083    0.316    4.117    4.475    8.170    9.313   10.131   12.026
            0.270000  0.510000  0.320000
   -4.063    0.270    4.103    4.502    8.176    9.286   10.102   12.121
            0.270000  0.510000  0.330000
   -4.042    0.224    4.087    4.529    8.182    9.260   10.074   12.217
            0.270000  0.510000  0.340000
   -4.020    0.180    4.069    4.556    8.188    9.238   10.047   12.314
            0.270000  0.510000  0.350000
   -3.999    0.135    4.048    4.581    8.194    9.219   10.021   12.412
            0.270000  0.510000  0.360000
   -3.976    0.092    4.026    4.605    8.199    9.205    9.995   12.510
            0.270000  0.510000  0.370000
   -3.953    0.050    4.003    4.627    8.203    9.194    9.970   12.609
            0.270000  0.510000  0.380000
   -3.930    0.008    3.979    4.647    8.207    9.189    9.946   12.709
            0.270000  0.510000  0.390000
   -3.907   -0.033    3.954    4.665    8.209    9.189    9.921   12.809
            0.270000  0.510000  0.400000
   -3.883   -0.073    3.928    4.680    8.210    9.195    9.898   12.909
            0.270000  0.510000  0.410000
   -3.858   -0.112    3.901    4.692    8.209    9.205    9.874   13.009
            0.270000  0.510000  0.420000
   -3.833   -0.151    3.874    4.702    8.208    9.222    9.852   13.110
            0.270000  0.510000  0.430000
   -3.808   -0.188    3.845    4.709    8.206    9.243    9.829   13.210
            0.270000  0.510000  0.440000
   -3.783   -0.225    3.816    4.713    8.203    9.269    9.808   13.310
            0.270000  0.510000  0.450000
   -3.757   -0.260    3.787    4.714    8.200    9.299    9.788   13.408
            0.270000  0.510000  0.460000
   -3.732   -0.294    3.757    4.712    8.197    9.331    9.770   13.505
            0.270000  0.510000  0.470000
   -3.705   -0.328    3.726    4.707    8.195    9.366    9.754   13.599
            0.270000  0.510000  0.480000
   -3.679   -0.360    3.695    4.700    8.194    9.400    9.742   13.688
            0.270000  0.510000  0.490000
   -3.653   -0.391    3.664    4.689    8.194    9.432    9.738   13.767
            0.270000  0.510000  0.500000
   -3.626   -0.421    3.631    4.676    8.195    9.457    9.743   13.831
            0.270000  0.510000  0.510000
   -3.599   -0.450    3.599    4.660    8.199    9.473    9.760   13.873
            0.270000  0.510000  0.520000
   -3.573   -0.477    3.566    4.642    8.204    9.477    9.792   13.890
            0.270000  0.510000  0.530000
   -3.546   -0.504    3.532    4.621    8.212    9.473    9.836   13.888
            0.270000  0.510000  0.540000
   -3.519   -0.529    3.498    4.597    8.221    9.461    9.888   13.876
            0.270000  0.510000  0.550000
   -3.493   -0.552    3.464    4.572    8.233    9.446    9.947   13.857
            0.270000  0.510000  0.560000
   -3.466   -0.575    3.429    4.545    8.247    9.428   10.011   13.835
            0.270000  0.510000  0.570000
   -3.440   -0.596    3.393    4.515    8.264    9.409   10.079   13.811
            0.270000  0.510000  0.580000
   -3.414   -0.615    3.357    4.485    8.283    9.388   10.149   13.787
            0.270000  0.510000  0.590000
   -3.388   -0.634    3.321    4.452    8.304    9.367   10.222   13.761
            0.270000  0.510000  0.600000
   -3.362   -0.650    3.284    4.419    8.327    9.346   10.298   13.736
            0.270000  0.510000  0.610000
   -3.337   -0.666    3.246    4.385    8.353    9.324   10.375   13.710
            0.270000  0.510000  0.620000
   -3.312   -0.679    3.208    4.349    8.381    9.302   10.454   13.685
            0.270000  0.510000  0.630000
   -3.288   -0.692    3.169    4.314    8.411    9.280   10.534   13.659
            0.270000  0.510000  0.640000
   -3.264   -0.702    3.130    4.277    8.443    9.259   10.615   13.634
            0.270000  0.510000  0.650000
   -3.240   -0.711    3.090    4.241    8.477    9.237   10.698   13.609
            0.270000  0.510000  0.660000
   -3.217   -0.719    3.049    4.204    8.513    9.216   10.782   13.584
            0.270000  0.510000  0.670000
   -3.195   -0.725    3.008    4.168    8.551    9.196   10.867   13.557
            0.270000  0.510000  0.680000
   -3.173   -0.729    2.966    4.132    8.590    9.176   10.952   13.528
            0.270000  0.510000  0.690000
   -3.152   -0.732    2.923    4.096    8.631    9.157   11.038   13.490
            0.270000  0.510000  0.700000
   -3.132   -0.733    2.880    4.061    8.673    9.138   11.125   13.430
            0.270000  0.510000  0.710000
   -3.113   -0.732    2.837    4.026    8.717    9.120   11.213   13.351
            0.270000  0.510000  0.720000
   -3.094   -0.730    2.793    3.993    8.761    9.104   11.301   13.262
            0.270000  0.510000  0.730000
   -3.076   -0.727    2.748    3.960    8.806    9.089   11.389   13.171
            0.270000  0.510000  0.740000
   -3.059   -0.721    2.703    3.928    8.849    9.078   11.477   13.078
            0.270000  0.510000  0.750000
   -3.042   -0.715    2.658    3.898    8.889    9.072   11.566   12.984
            0.270000  0.510000  0.760000
   -3.027   -0.707    2.613    3.868    8.921    9.076   11.655   12.891
            0.270000  0.510000  0.770000
   -3.012   -0.698    2.568    3.840    8.939    9.096   11.744   12.798
            0.270000  0.510000  0.780000
   -2.999   -0.687    2.522    3.812    8.943    9.131   11.832   12.705
            0.270000  0.510000  0.790000
   -2.986   -0.675    2.477    3.786    8.939    9.177   11.920   12.614
            0.270000  0.510000  0.800000
   -2.973   -0.663    2.432    3.762    8.931    9.229   12.005   12.525
            0.270000  0.510000  0.810000
   -2.962   -0.649    2.388    3.738    8.921    9.284   12.086   12.440
            0.270000  0.510000  0.820000
   -2.951   -0.635    2.344    3.716    8.910    9.342   12.153   12.371
            0.270000  0.510000  0.830000
   -2.942   -0.619    2.301    3.695    8.899    9.401   12.166   12.356
            0.270000  0.510000  0.840000
   -2.933   -0.604    2.259    3.675    8.889    9.462   12.110   12.409
            0.270000  0.510000  0.850000
   -2.924   -0.588    2.218    3.657    8.879    9.524   12.031   12.485
            0.270000  0.510000  0.860000
   -2.917   -0.571    2.178    3.640    8.869    9.587   11.948   12.566
            0.270000  0.510000  0.870000
   -2.910   -0.555    2.140    3.624    8.860    9.651   11.862   12.648
            0.270000  0.510000  0.880000
   -2.903   -0.539    2.103    3.609    8.851    9.715   11.777   12.730
            0.270000  0.510000  0.890000
   -2.898   -0.523    2.069    3.596    8.843    9.780   11.693   12.809
            0.270000  0.510000  0.900000
   -2.893   -0.507    2.036    3.583    8.835    9.845   11.610   12.886
            0.270000  0.510000  0.910000
   -2.888   -0.493    2.006    3.572    8.829    9.911   11.528   12.957
            0.270000  0.510000  0.920000
   -2.884   -0.479    1.978    3.562    8.822    9.975   11.449   13.021
            0.270000  0.510000  0.930000
   -2.881   -0.466    1.953    3.554    8.817   10.039   11.372   13.073
            0.270000  0.510000  0.940000
   -2.878   -0.454    1.931    3.546    8.812   10.101   11.299   13.109
            0.270000  0.510000  0.950000
   -2.875   -0.444    1.912    3.540    8.808   10.161   11.230   13.129
            0.270000  0.510000  0.960000
   -2.873   -0.436    1.896    3.535    8.805   10.216   11.167   13.140
            0.270000  0.510000  0.970000
   -2.872   -0.429    1.883    3.531    8.802   10.264   11.112   13.145
            0.270000  0.510000  0.980000
   -2.871   -0.424    1.875    3.528    8.801   10.303   11.069   13.147
            0.270000  0.510000  0.990000
   -2.870   -0.421    1.869    3.526    8.800   10.329   11.041   13.148
            0.270000  0.510000  1.000000
   -2.870   -0.420    1.867    3.526    8.799   10.338   11.031   13.149
