 &plot nbnd=   8, nks=   101 /
            0.880000  0.070000  0.000000
   -2.601   -0.813    3.135    3.163    6.696    7.113   14.669   15.000
            0.880000  0.070000  0.010000
   -2.600   -0.813    3.123    3.173    6.697    7.117   14.669   14.993
            0.880000  0.070000  0.020000
   -2.600   -0.813    3.102    3.188    6.699    7.127   14.669   14.970
            0.880000  0.070000  0.030000
   -2.599   -0.813    3.078    3.202    6.702    7.145   14.669   14.933
            0.880000  0.070000  0.040000
   -2.597   -0.813    3.052    3.215    6.708    7.168   14.668   14.883
            0.880000  0.070000  0.050000
   -2.595   -0.814    3.025    3.226    6.715    7.198   14.668   14.822
            0.880000  0.070000  0.060000
   -2.592   -0.814    2.996    3.234    6.725    7.233   14.666   14.752
            0.880000  0.070000  0.070000
   -2.589   -0.815    2.966    3.240    6.739    7.272   14.653   14.684
            0.880000  0.070000  0.080000
   -2.586   -0.815    2.935    3.243    6.755    7.317   14.577   14.672
            0.880000  0.070000  0.090000
   -2.582   -0.816    2.903    3.244    6.775    7.366   14.484   14.670
            0.880000  0.070000  0.100000
   -2.578   -0.817    2.871    3.243    6.798    7.418   14.385   14.669
            0.880000  0.070000  0.110000
   -2.573   -0.818    2.838    3.240    6.826    7.474   14.281   14.668
            0.880000  0.070000  0.120000
   -2.568   -0.819    2.805    3.235    6.857    7.534   14.174   14.667
            0.880000  0.070000  0.130000
   -2.563   -0.820    2.771    3.227    6.891    7.596   14.063   14.666
            0.880000  0.070000  0.140000
   -2.557   -0.822    2.738    3.218    6.930    7.662   13.950   14.665
            0.880000  0.070000  0.150000
   -2.551   -0.823    2.704    3.207    6.972    7.730   13.834   14.663
            0.880000  0.070000  0.160000
   -2.544   -0.825    2.670    3.194    7.017    7.800   13.717   14.661
            0.880000  0.070000  0.170000
   -2.537   -0.827    2.637    3.180    7.066    7.873   13.598   14.658
            0.880000  0.070000  0.180000
   -2.530   -0.829    2.603    3.164    7.119    7.949   13.478   14.654
            0.880000  0.070000  0.190000
   -2.522   -0.832    2.570    3.148    7.175    8.026   13.357   14.649
            0.880000  0.070000  0.200000
   -2.514   -0.834    2.538    3.130    7.234    8.106   13.235   14.643
            0.880000  0.070000  0.210000
   -2.506   -0.837    2.505    3.112    7.295    8.187   13.113   14.633
            0.880000  0.070000  0.220000
   -2.497   -0.840    2.474    3.093    7.360    8.271   12.990   14.620
            0.880000  0.070000  0.230000
   -2.488   -0.843    2.443    3.073    7.428    8.356   12.867   14.601
            0.880000  0.070000  0.240000
   -2.479   -0.847    2.412    3.053    7.498    8.442   12.744   14.573
            0.880000  0.070000  0.250000
   -2.469   -0.851    2.382    3.033    7.571    8.531   12.620   14.531
            0.880000  0.070000  0.260000
   -2.459   -0.855    2.353    3.013    7.647    8.620   12.497   14.472
            0.880000  0.070000  0.270000
   -2.450   -0.859    2.325    2.993    7.724    8.712   12.374   14.394
            0.880000  0.070000  0.280000
   -2.439   -0.864    2.297    2.973    7.804    8.804   12.251   14.300
            0.880000  0.070000  0.290000
   -2.429   -0.869    2.270    2.954    7.886    8.898   12.128   14.195
            0.880000  0.070000  0.300000
   -2.419   -0.874    2.244    2.935    7.970    8.993   12.005   14.082
            0.880000  0.070000  0.310000
   -2.408   -0.880    2.219    2.916    8.056    9.090   11.883   13.964
            0.880000  0.070000  0.320000
   -2.397   -0.886    2.195    2.899    8.143    9.187   11.762   13.843
            0.880000  0.070000  0.330000
   -2.387   -0.892    2.171    2.882    8.233    9.285   11.641   13.721
            0.880000  0.070000  0.340000
   -2.376   -0.898    2.149    2.866    8.324    9.384   11.522   13.597
            0.880000  0.070000  0.350000
   -2.365   -0.904    2.127    2.851    8.417    9.484   11.403   13.473
            0.880000  0.070000  0.360000
   -2.354   -0.911    2.106    2.837    8.511    9.584   11.286   13.349
            0.880000  0.070000  0.370000
   -2.343   -0.918    2.086    2.824    8.606    9.683   11.170   13.224
            0.880000  0.070000  0.380000
   -2.333   -0.926    2.067    2.813    8.703    9.782   11.057   13.100
            0.880000  0.070000  0.390000
   -2.322   -0.933    2.049    2.802    8.801    9.879   10.947   12.977
            0.880000  0.070000  0.400000
   -2.311   -0.941    2.032    2.793    8.900    9.973   10.843   12.853
            0.880000  0.070000  0.410000
   -2.301   -0.948    2.015    2.786    9.000   10.058   10.749   12.731
            0.880000  0.070000  0.420000
   -2.291   -0.956    2.000    2.780    9.101   10.127   10.674   12.609
            0.880000  0.070000  0.430000
   -2.281   -0.964    1.986    2.775    9.202   10.162   10.633   12.488
            0.880000  0.070000  0.440000
   -2.271   -0.972    1.972    2.772    9.303   10.149   10.644   12.368
            0.880000  0.070000  0.450000
   -2.261   -0.981    1.960    2.770    9.403   10.095   10.699   12.250
            0.880000  0.070000  0.460000
   -2.252   -0.989    1.948    2.769    9.500   10.020   10.779   12.133
            0.880000  0.070000  0.470000
   -2.243   -0.997    1.938    2.770    9.585    9.946   10.871   12.020
            0.880000  0.070000  0.480000
   -2.235   -1.005    1.928    2.773    9.636    9.901   10.967   11.909
            0.880000  0.070000  0.490000
   -2.227   -1.013    1.920    2.777    9.614    9.927   11.064   11.805
            0.880000  0.070000  0.500000
   -2.219   -1.021    1.913    2.782    9.540   10.004   11.153   11.713
            0.880000  0.070000  0.510000
   -2.211   -1.029    1.907    2.789    9.447   10.097   11.223   11.645
            0.880000  0.070000  0.520000
   -2.205   -1.037    1.902    2.796    9.349   10.196   11.246   11.628
            0.880000  0.070000  0.530000
   -2.198   -1.045    1.898    2.806    9.248   10.293   11.213   11.674
            0.880000  0.070000  0.540000
   -2.192   -1.053    1.896    2.816    9.147   10.386   11.151   11.759
            0.880000  0.070000  0.550000
   -2.187   -1.060    1.894    2.828    9.046   10.466   11.087   11.860
            0.880000  0.070000  0.560000
   -2.182   -1.067    1.894    2.841    8.945   10.520   11.044   11.970
            0.880000  0.070000  0.570000
   -2.177   -1.074    1.896    2.855    8.845   10.533   11.041   12.085
            0.880000  0.070000  0.580000
   -2.173   -1.081    1.898    2.870    8.746   10.498   11.085   12.202
            0.880000  0.070000  0.590000
   -2.170   -1.088    1.902    2.885    8.649   10.430   11.163   12.321
            0.880000  0.070000  0.600000
   -2.167   -1.094    1.907    2.902    8.552   10.346   11.258   12.442
            0.880000  0.070000  0.610000
   -2.165   -1.100    1.914    2.919    8.457   10.252   11.363   12.563
            0.880000  0.070000  0.620000
   -2.163   -1.106    1.922    2.938    8.363   10.155   11.473   12.686
            0.880000  0.070000  0.630000
   -2.162   -1.112    1.931    2.956    8.271   10.055   11.588   12.809
            0.880000  0.070000  0.640000
   -2.161   -1.117    1.942    2.976    8.181    9.953   11.704   12.933
            0.880000  0.070000  0.650000
   -2.160   -1.123    1.954    2.995    8.093    9.852   11.823   13.057
            0.880000  0.070000  0.660000
   -2.160   -1.127    1.968    3.015    8.006    9.750   11.942   13.181
            0.880000  0.070000  0.670000
   -2.161   -1.132    1.982    3.035    7.922    9.649   12.063   13.306
            0.880000  0.070000  0.680000
   -2.162   -1.137    1.999    3.056    7.839    9.548   12.185   13.430
            0.880000  0.070000  0.690000
   -2.163   -1.141    2.016    3.076    7.759    9.448   12.307   13.553
            0.880000  0.070000  0.700000
   -2.164   -1.145    2.035    3.096    7.681    9.349   12.430   13.676
            0.880000  0.070000  0.710000
   -2.166   -1.149    2.056    3.116    7.606    9.250   12.554   13.797
            0.880000  0.070000  0.720000
   -2.168   -1.153    2.077    3.135    7.533    9.153   12.677   13.916
            0.880000  0.070000  0.730000
   -2.171   -1.157    2.100    3.154    7.463    9.056   12.801   14.031
            0.880000  0.070000  0.740000
   -2.173   -1.160    2.125    3.172    7.396    8.961   12.925   14.141
            0.880000  0.070000  0.750000
   -2.176   -1.163    2.150    3.189    7.332    8.867   13.049   14.243
            0.880000  0.070000  0.760000
   -2.179   -1.166    2.177    3.205    7.271    8.774   13.173   14.334
            0.880000  0.070000  0.770000
   -2.182   -1.169    2.205    3.220    7.214    8.682   13.297   14.410
            0.880000  0.070000  0.780000
   -2.185   -1.172    2.234    3.234    7.159    8.592   13.420   14.468
            0.880000  0.070000  0.790000
   -2.188   -1.175    2.264    3.246    7.109    8.503   13.543   14.511
            0.880000  0.070000  0.800000
   -2.191   -1.177    2.295    3.257    7.062    8.415   13.665   14.542
            0.880000  0.070000  0.810000
   -2.195   -1.180    2.327    3.266    7.019    8.329   13.786   14.563
            0.880000  0.070000  0.820000
   -2.198   -1.182    2.360    3.273    6.981    8.245   13.906   14.579
            0.880000  0.070000  0.830000
   -2.201   -1.184    2.394    3.277    6.946    8.162   14.024   14.591
            0.880000  0.070000  0.840000
   -2.204   -1.186    2.428    3.280    6.916    8.081   14.141   14.601
            0.880000  0.070000  0.850000
   -2.208   -1.188    2.463    3.280    6.890    8.002   14.254   14.610
            0.880000  0.070000  0.860000
   -2.211   -1.190    2.499    3.279    6.868    7.924   14.362   14.620
            0.880000  0.070000  0.870000
   -2.213   -1.192    2.535    3.274    6.851    7.849   14.461   14.636
            0.880000  0.070000  0.880000
   -2.216   -1.194    2.572    3.267    6.838    7.775   14.537   14.671
            0.880000  0.070000  0.890000
   -2.219   -1.195    2.609    3.258    6.830    7.704   14.575   14.739
            0.880000  0.070000  0.900000
   -2.221   -1.196    2.647    3.246    6.826    7.635   14.590   14.825
            0.880000  0.070000  0.910000
   -2.223   -1.198    2.684    3.232    6.827    7.569   14.597   14.913
            0.880000  0.070000  0.920000
   -2.225   -1.199    2.721    3.216    6.832    7.505   14.601   14.997
            0.880000  0.070000  0.930000
   -2.227   -1.200    2.759    3.197    6.840    7.444   14.604   15.075
            0.880000  0.070000  0.940000
   -2.229   -1.201    2.796    3.176    6.853    7.387   14.605   15.145
            0.880000  0.070000  0.950000
   -2.230   -1.201    2.832    3.153    6.868    7.333   14.607   15.205
            0.880000  0.070000  0.960000
   -2.231   -1.202    2.869    3.128    6.886    7.284   14.608   15.256
            0.880000  0.070000  0.970000
   -2.232   -1.202    2.904    3.101    6.905    7.240   14.608   15.295
            0.880000  0.070000  0.980000
   -2.233   -1.203    2.937    3.074    6.924    7.205   14.609   15.323
            0.880000  0.070000  0.990000
   -2.233   -1.203    2.968    3.046    6.938    7.180   14.609   15.340
            0.880000  0.070000  1.000000
   -2.233   -1.203    2.986    3.030    6.943    7.171   14.609   15.346
