 &plot nbnd=   8, nks=    81 /
            0.775000  0.175000 -1.000000
   -3.410   -1.203    2.058    2.368    6.752    7.252   11.167   12.982
            0.775000  0.175000 -0.975000
   -3.409   -1.205    2.036    2.391    6.722    7.296   11.168   12.945
            0.775000  0.175000 -0.950000
   -3.407   -1.209    1.986    2.447    6.653    7.404   11.170   12.840
            0.775000  0.175000 -0.925000
   -3.403   -1.217    1.924    2.516    6.575    7.547   11.172   12.681
            0.775000  0.175000 -0.900000
   -3.399   -1.228    1.861    2.589    6.504    7.711   11.176   12.484
            0.775000  0.175000 -0.875000
   -3.393   -1.242    1.800    2.660    6.446    7.890   11.180   12.261
            0.775000  0.175000 -0.850000
   -3.386   -1.257    1.744    2.726    6.405    8.080   11.183   12.023
            0.775000  0.175000 -0.825000
   -3.379   -1.275    1.694    2.784    6.386    8.280   11.183   11.778
            0.775000  0.175000 -0.800000
   -3.371   -1.294    1.651    2.832    6.388    8.489   11.171   11.538
            0.775000  0.175000 -0.775000
   -3.363   -1.314    1.614    2.870    6.414    8.705   11.101   11.353
            0.775000  0.175000 -0.750000
   -3.356   -1.334    1.585    2.897    6.464    8.928   10.908   11.289
            0.775000  0.175000 -0.725000
   -3.349   -1.354    1.562    2.913    6.538    9.158   10.659   11.280
            0.775000  0.175000 -0.700000
   -3.344   -1.371    1.546    2.919    6.634    9.394   10.399   11.282
            0.775000  0.175000 -0.675000
   -3.340   -1.387    1.536    2.916    6.751    9.633   10.138   11.289
            0.775000  0.175000 -0.650000
   -3.339   -1.400    1.532    2.907    6.888    9.838    9.917   11.296
            0.775000  0.175000 -0.625000
   -3.339   -1.409    1.533    2.893    7.043    9.608   10.136   11.303
            0.775000  0.175000 -0.600000
   -3.343   -1.413    1.538    2.876    7.213    9.352   10.388   11.308
            0.775000  0.175000 -0.575000
   -3.349   -1.413    1.546    2.858    7.397    9.100   10.640   11.310
            0.775000  0.175000 -0.550000
   -3.358   -1.408    1.558    2.841    7.593    8.852   10.881   11.308
            0.775000  0.175000 -0.525000
   -3.371   -1.397    1.572    2.826    7.797    8.613   11.046   11.325
            0.775000  0.175000 -0.500000
   -3.386   -1.381    1.587    2.813    8.001    8.390   10.975   11.405
            0.775000  0.175000 -0.475000
   -3.403   -1.360    1.604    2.805    8.075    8.313   10.767   11.410
            0.775000  0.175000 -0.450000
   -3.423   -1.334    1.621    2.801    7.892    8.508   10.525   11.405
            0.775000  0.175000 -0.425000
   -3.445   -1.305    1.638    2.802    7.685    8.743   10.274   11.403
            0.775000  0.175000 -0.400000
   -3.469   -1.271    1.657    2.807    7.485    8.987   10.022   11.402
            0.775000  0.175000 -0.375000
   -3.493   -1.235    1.676    2.815    7.294    9.238    9.773   11.402
            0.775000  0.175000 -0.350000
   -3.518   -1.197    1.697    2.825    7.116    9.489    9.531   11.401
            0.775000  0.175000 -0.325000
   -3.543   -1.157    1.720    2.837    6.951    9.286    9.752   11.401
            0.775000  0.175000 -0.300000
   -3.568   -1.116    1.746    2.847    6.802    9.051   10.012   11.400
            0.775000  0.175000 -0.275000
   -3.592   -1.076    1.774    2.854    6.670    8.823   10.273   11.401
            0.775000  0.175000 -0.250000
   -3.615   -1.036    1.807    2.857    6.558    8.601   10.532   11.404
            0.775000  0.175000 -0.225000
   -3.637   -0.999    1.845    2.853    6.466    8.387   10.785   11.411
            0.775000  0.175000 -0.200000
   -3.657   -0.963    1.887    2.842    6.395    8.182   11.022   11.433
            0.775000  0.175000 -0.175000
   -3.676   -0.931    1.933    2.821    6.347    7.986   11.206   11.505
            0.775000  0.175000 -0.150000
   -3.692   -0.902    1.985    2.792    6.320    7.800   11.289   11.670
            0.775000  0.175000 -0.125000
   -3.706   -0.876    2.041    2.753    6.314    7.628   11.315   11.883
            0.775000  0.175000 -0.100000
   -3.718   -0.855    2.099    2.707    6.325    7.471   11.325   12.096
            0.775000  0.175000 -0.075000
   -3.727   -0.839    2.159    2.657    6.351    7.333   11.329   12.291
            0.775000  0.175000 -0.050000
   -3.734   -0.826    2.216    2.606    6.383    7.221   11.330   12.451
            0.775000  0.175000 -0.025000
   -3.738   -0.819    2.262    2.563    6.411    7.145   11.331   12.559
            0.775000  0.175000  0.000000
   -3.739   -0.817    2.281    2.545    6.422    7.118   11.331   12.598
            0.775000  0.175000  0.025000
   -3.738   -0.819    2.262    2.563    6.411    7.145   11.331   12.559
            0.775000  0.175000  0.050000
   -3.734   -0.826    2.216    2.606    6.383    7.221   11.330   12.451
            0.775000  0.175000  0.075000
   -3.727   -0.839    2.159    2.657    6.351    7.333   11.329   12.291
            0.775000  0.175000  0.100000
   -3.718   -0.855    2.099    2.707    6.325    7.471   11.325   12.096
            0.775000  0.175000  0.125000
   -3.706   -0.876    2.041    2.753    6.314    7.628   11.315   11.883
            0.775000  0.175000  0.150000
   -3.692   -0.902    1.985    2.792    6.320    7.800   11.289   11.670
            0.775000  0.175000  0.175000
   -3.676   -0.931    1.933    2.821    6.347    7.986   11.206   11.505
            0.775000  0.175000  0.200000
   -3.657   -0.963    1.887    2.842    6.395    8.182   11.022   11.433
            0.775000  0.175000  0.225000
   -3.637   -0.999    1.845    2.853    6.466    8.387   10.785   11.411
            0.775000  0.175000  0.250000
   -3.615   -1.036    1.807    2.857    6.558    8.601   10.532   11.404
            0.775000  0.175000  0.275000
   -3.592   -1.076    1.774    2.854    6.670    8.823   10.273   11.401
            0.775000  0.175000  0.300000
   -3.568   -1.116    1.746    2.847    6.802    9.051   10.012   11.400
            0.775000  0.175000  0.325000
   -3.543   -1.157    1.720    2.837    6.951    9.286    9.752   11.401
            0.775000  0.175000  0.350000
   -3.518   -1.197    1.697    2.825    7.116    9.489    9.531   11.401
            0.775000  0.175000  0.375000
   -3.493   -1.235    1.676    2.815    7.294    9.238    9.773   11.402
            0.775000  0.175000  0.400000
   -3.469   -1.271    1.657    2.807    7.485    8.987   10.022   11.402
            0.775000  0.175000  0.425000
   -3.445   -1.305    1.638    2.802    7.685    8.743   10.274   11.403
            0.775000  0.175000  0.450000
   -3.423   -1.334    1.621    2.801    7.892    8.508   10.525   11.405
            0.775000  0.175000  0.475000
   -3.403   -1.360    1.604    2.805    8.075    8.313   10.767   11.410
            0.775000  0.175000  0.500000
   -3.386   -1.381    1.587    2.813    8.001    8.390   10.975   11.405
            0.775000  0.175000  0.525000
   -3.371   -1.397    1.572    2.826    7.797    8.613   11.046   11.325
            0.775000  0.175000  0.550000
   -3.358   -1.408    1.558    2.841    7.593    8.852   10.881   11.308
            0.775000  0.175000  0.575000
   -3.349   -1.413    1.546    2.858    7.397    9.100   10.640   11.310
            0.775000  0.175000  0.600000
   -3.343   -1.413    1.538    2.876    7.213    9.352   10.388   11.308
            0.775000  0.175000  0.625000
   -3.339   -1.409    1.533    2.893    7.043    9.608   10.136   11.303
            0.775000  0.175000  0.650000
   -3.339   -1.400    1.532    2.907    6.888    9.838    9.917   11.296
            0.775000  0.175000  0.675000
   -3.340   -1.387    1.536    2.916    6.751    9.633   10.138   11.289
            0.775000  0.175000  0.700000
   -3.344   -1.371    1.546    2.919    6.634    9.394   10.399   11.282
            0.775000  0.175000  0.725000
   -3.349   -1.354    1.562    2.913    6.538    9.158   10.659   11.280
            0.775000  0.175000  0.750000
   -3.356   -1.334    1.585    2.897    6.464    8.928   10.908   11.289
            0.775000  0.175000  0.775000
   -3.363   -1.314    1.614    2.870    6.414    8.705   11.101   11.353
            0.775000  0.175000  0.800000
   -3.371   -1.294    1.651    2.832    6.388    8.489   11.171   11.538
            0.775000  0.175000  0.825000
   -3.379   -1.275    1.694    2.784    6.386    8.280   11.183   11.778
            0.775000  0.175000  0.850000
   -3.386   -1.257    1.744    2.726    6.405    8.080   11.183   12.023
            0.775000  0.175000  0.875000
   -3.393   -1.242    1.800    2.660    6.446    7.890   11.180   12.261
            0.775000  0.175000  0.900000
   -3.399   -1.228    1.861    2.589    6.504    7.711   11.176   12.484
            0.775000  0.175000  0.925000
   -3.403   -1.217    1.924    2.516    6.575    7.547   11.172   12.681
            0.775000  0.175000  0.950000
   -3.407   -1.209    1.986    2.447    6.653    7.404   11.170   12.840
            0.775000  0.175000  0.975000
   -3.409   -1.205    2.036    2.391    6.722    7.296   11.168   12.945
            0.775000  0.175000  1.000000
   -3.410   -1.203    2.058    2.368    6.752    7.252   11.167   12.982
