 &plot nbnd=   8, nks=   101 /
            0.000000  0.240000 -1.000000
   -1.680   -1.680    2.645    2.645    7.845    7.845   13.766   13.766
            0.000000  0.240000 -0.980000
   -1.817   -1.542    2.627    2.668    7.820    7.875   13.590   13.942
            0.000000  0.240000 -0.960000
   -1.952   -1.403    2.613    2.695    7.799    7.908   13.416   14.118
            0.000000  0.240000 -0.940000
   -2.086   -1.264    2.603    2.727    7.782    7.946   13.243   14.293
            0.000000  0.240000 -0.920000
   -2.219   -1.124    2.597    2.763    7.769    7.988   13.072   14.463
            0.000000  0.240000 -0.900000
   -2.350   -0.983    2.595    2.804    7.759    8.034   12.903   14.619
            0.000000  0.240000 -0.880000
   -2.480   -0.842    2.598    2.849    7.754    8.085   12.736   14.730
            0.000000  0.240000 -0.860000
   -2.607   -0.701    2.604    2.899    7.752    8.140   12.571   14.727
            0.000000  0.240000 -0.840000
   -2.733   -0.560    2.615    2.953    7.755    8.200   12.408   14.606
            0.000000  0.240000 -0.820000
   -2.857   -0.420    2.629    3.012    7.760    8.264   12.247   14.437
            0.000000  0.240000 -0.800000
   -2.979   -0.279    2.647    3.076    7.770    8.332   12.089   14.252
            0.000000  0.240000 -0.780000
   -3.098   -0.139    2.669    3.145    7.783    8.405   11.933   14.061
            0.000000  0.240000 -0.760000
   -3.215    0.001    2.695    3.218    7.799    8.483   11.779   13.867
            0.000000  0.240000 -0.740000
   -3.330    0.140    2.724    3.296    7.819    8.565   11.627   13.672
            0.000000  0.240000 -0.720000
   -3.443    0.278    2.757    3.378    7.842    8.652   11.478   13.476
            0.000000  0.240000 -0.700000
   -3.553    0.416    2.794    3.464    7.868    8.744   11.331   13.281
            0.000000  0.240000 -0.680000
   -3.661    0.552    2.834    3.554    7.898    8.839   11.187   13.085
            0.000000  0.240000 -0.660000
   -3.766    0.688    2.877    3.649    7.931    8.939   11.045   12.890
            0.000000  0.240000 -0.640000
   -3.868    0.823    2.924    3.747    7.966    9.043   10.906   12.695
            0.000000  0.240000 -0.620000
   -3.968    0.957    2.975    3.849    8.005    9.151   10.770   12.501
            0.000000  0.240000 -0.600000
   -4.065    1.089    3.028    3.954    8.046    9.262   10.638   12.308
            0.000000  0.240000 -0.580000
   -4.159    1.221    3.085    4.062    8.090    9.375   10.510   12.115
            0.000000  0.240000 -0.560000
   -4.250    1.353    3.145    4.172    8.136    9.489   10.389   11.923
            0.000000  0.240000 -0.540000
   -4.338    1.483    3.208    4.284    8.185    9.598   10.279   11.733
            0.000000  0.240000 -0.520000
   -4.424    1.613    3.275    4.397    8.236    9.691   10.192   11.543
            0.000000  0.240000 -0.500000
   -4.506    1.742    3.344    4.512    8.289    9.739   10.155   11.355
            0.000000  0.240000 -0.480000
   -4.586    1.871    3.416    4.626    8.345    9.716   10.197   11.168
            0.000000  0.240000 -0.460000
   -4.662    1.999    3.490    4.740    8.402    9.643   10.294   10.982
            0.000000  0.240000 -0.440000
   -4.736    2.127    3.567    4.853    8.460    9.552   10.416   10.799
            0.000000  0.240000 -0.420000
   -4.806    2.255    3.647    4.964    8.520    9.455   10.549   10.617
            0.000000  0.240000 -0.400000
   -4.873    2.382    3.729    5.071    8.580    9.359   10.437   10.686
            0.000000  0.240000 -0.380000
   -4.937    2.510    3.813    5.174    8.642    9.267   10.260   10.822
            0.000000  0.240000 -0.360000
   -4.998    2.637    3.899    5.272    8.704    9.181   10.086   10.955
            0.000000  0.240000 -0.340000
   -5.056    2.765    3.987    5.362    8.765    9.102    9.915   11.079
            0.000000  0.240000 -0.320000
   -5.110    2.892    4.077    5.444    8.826    9.032    9.747   11.187
            0.000000  0.240000 -0.300000
   -5.162    3.020    4.167    5.516    8.885    8.973    9.585   11.269
            0.000000  0.240000 -0.280000
   -5.210    3.147    4.259    5.576    8.926    8.940    9.430   11.313
            0.000000  0.240000 -0.260000
   -5.254    3.275    4.350    5.623    8.893    8.983    9.290   11.313
            0.000000  0.240000 -0.240000
   -5.296    3.402    4.442    5.655    8.875    8.983    9.196   11.270
            0.000000  0.240000 -0.220000
   -5.334    3.529    4.533    5.672    8.873    8.899    9.190   11.196
            0.000000  0.240000 -0.200000
   -5.369    3.655    4.623    5.673    8.777    8.887    9.225   11.102
            0.000000  0.240000 -0.180000
   -5.401    3.781    4.710    5.659    8.650    8.916    9.270   10.994
            0.000000  0.240000 -0.160000
   -5.429    3.905    4.795    5.630    8.527    8.961    9.314   10.878
            0.000000  0.240000 -0.140000
   -5.454    4.028    4.875    5.588    8.412    9.019    9.356   10.758
            0.000000  0.240000 -0.120000
   -5.476    4.149    4.949    5.534    8.307    9.088    9.394   10.636
            0.000000  0.240000 -0.100000
   -5.495    4.266    5.016    5.470    8.213    9.167    9.428   10.514
            0.000000  0.240000 -0.080000
   -5.510    4.379    5.074    5.400    8.133    9.253    9.456   10.395
            0.000000  0.240000 -0.060000
   -5.521    4.483    5.122    5.328    8.068    9.339    9.479   10.282
            0.000000  0.240000 -0.040000
   -5.530    4.573    5.157    5.260    8.020    9.421    9.496   10.182
            0.000000  0.240000 -0.020000
   -5.535    4.639    5.179    5.207    7.991    9.484    9.506   10.109
            0.000000  0.240000  0.000000
   -5.536    4.664    5.187    5.187    7.981    9.509    9.509   10.080
            0.000000  0.240000  0.020000
   -5.535    4.639    5.179    5.207    7.991    9.484    9.506   10.109
            0.000000  0.240000  0.040000
   -5.530    4.573    5.157    5.260    8.020    9.421    9.496   10.182
            0.000000  0.240000  0.060000
   -5.521    4.483    5.122    5.328    8.068    9.339    9.479   10.282
            0.000000  0.240000  0.080000
   -5.510    4.379    5.074    5.400    8.133    9.253    9.456   10.395
            0.000000  0.240000  0.100000
   -5.495    4.266    5.016    5.470    8.213    9.167    9.428   10.514
            0.000000  0.240000  0.120000
   -5.476    4.149    4.949    5.534    8.307    9.088    9.394   10.636
            0.000000  0.240000  0.140000
   -5.454    4.028    4.875    5.588    8.412    9.019    9.356   10.758
            0.000000  0.240000  0.160000
   -5.429    3.905    4.795    5.630    8.527    8.961    9.314   10.878
            0.000000  0.240000  0.180000
   -5.401    3.781    4.710    5.659    8.650    8.916    9.270   10.994
            0.000000  0.240000  0.200000
   -5.369    3.655    4.623    5.673    8.777    8.887    9.225   11.102
            0.000000  0.240000  0.220000
   -5.334    3.529    4.533    5.672    8.873    8.899    9.190   11.196
            0.000000  0.240000  0.240000
   -5.296    3.402    4.442    5.655    8.875    8.983    9.196   11.270
            0.000000  0.240000  0.260000
   -5.254    3.275    4.350    5.623    8.893    8.983    9.290   11.313
            0.000000  0.240000  0.280000
   -5.210    3.147    4.259    5.576    8.926    8.940    9.430   11.313
            0.000000  0.240000  0.300000
   -5.162    3.020    4.167    5.516    8.885    8.973    9.585   11.269
            0.000000  0.240000  0.320000
   -5.110    2.892    4.077    5.444    8.826    9.032    9.747   11.187
            0.000000  0.240000  0.340000
   -5.056    2.765    3.987    5.362    8.765    9.102    9.915   11.079
            0.000000  0.240000  0.360000
   -4.998    2.637    3.899    5.272    8.704    9.181   10.086   10.955
            0.000000  0.240000  0.380000
   -4.937    2.510    3.813    5.174    8.642    9.267   10.260   10.822
            0.000000  0.240000  0.400000
   -4.873    2.382    3.729    5.071    8.580    9.359   10.437   10.686
            0.000000  0.240000  0.420000
   -4.806    2.255    3.647    4.964    8.520    9.455   10.549   10.617
            0.000000  0.240000  0.440000
   -4.736    2.127    3.567    4.853    8.460    9.552   10.416   10.799
            0.000000  0.240000  0.460000
   -4.662    1.999    3.490    4.740    8.402    9.643   10.294   10.982
            0.000000  0.240000  0.480000
   -4.586    1.871    3.416    4.626    8.345    9.716   10.197   11.168
            0.000000  0.240000  0.500000
   -4.506    1.742    3.344    4.512    8.289    9.739   10.155   11.355
            0.000000  0.240000  0.520000
   -4.424    1.613    3.275    4.397    8.236    9.691   10.192   11.543
            0.000000  0.240000  0.540000
   -4.338    1.483    3.208    4.284    8.185    9.598   10.279   11.733
            0.000000  0.240000  0.560000
   -4.250    1.353    3.145    4.172    8.136    9.489   10.389   11.923
            0.000000  0.240000  0.580000
   -4.159    1.221    3.085    4.062    8.090    9.375   10.510   12.115
            0.000000  0.240000  0.600000
   -4.065    1.089    3.028    3.954    8.046    9.262   10.638   12.308
            0.000000  0.240000  0.620000
   -3.968    0.957    2.975    3.849    8.005    9.151   10.770   12.501
            0.000000  0.240000  0.640000
   -3.868    0.823    2.924    3.747    7.966    9.043   10.906   12.695
            0.000000  0.240000  0.660000
   -3.766    0.688    2.877    3.649    7.931    8.939   11.045   12.890
            0.000000  0.240000  0.680000
   -3.661    0.552    2.834    3.554    7.898    8.839   11.187   13.085
            0.000000  0.240000  0.700000
   -3.553    0.416    2.794    3.464    7.868    8.744   11.331   13.281
            0.000000  0.240000  0.720000
   -3.443    0.278    2.757    3.378    7.842    8.652   11.478   13.476
            0.000000  0.240000  0.740000
   -3.330    0.140    2.724    3.296    7.819    8.565   11.627   13.672
            0.000000  0.240000  0.760000
   -3.215    0.001    2.695    3.218    7.799    8.483   11.779   13.867
            0.000000  0.240000  0.780000
   -3.098   -0.139    2.669    3.145    7.783    8.405   11.933   14.061
            0.000000  0.240000  0.800000
   -2.979   -0.279    2.647    3.076    7.770    8.332   12.089   14.252
            0.000000  0.240000  0.820000
   -2.857   -0.420    2.629    3.012    7.760    8.264   12.247   14.437
            0.000000  0.240000  0.840000
   -2.733   -0.560    2.615    2.953    7.755    8.200   12.408   14.606
            0.000000  0.240000  0.860000
   -2.607   -0.701    2.604    2.899    7.752    8.140   12.571   14.727
            0.000000  0.240000  0.880000
   -2.480   -0.842    2.598    2.849    7.754    8.085   12.736   14.730
            0.000000  0.240000  0.900000
   -2.350   -0.983    2.595    2.804    7.759    8.034   12.903   14.619
            0.000000  0.240000  0.920000
   -2.219   -1.124    2.597    2.763    7.769    7.988   13.072   14.463
            0.000000  0.240000  0.940000
   -2.086   -1.264    2.603    2.727    7.782    7.946   13.243   14.293
            0.000000  0.240000  0.960000
   -1.952   -1.403    2.613    2.695    7.799    7.908   13.416   14.118
            0.000000  0.240000  0.980000
   -1.817   -1.542    2.627    2.668    7.820    7.875   13.590   13.942
            0.000000  0.240000  1.000000
   -1.680   -1.680    2.645    2.645    7.845    7.845   13.766   13.766
