 &plot nbnd=   8, nks=   101 /
            0.650000  0.190000  0.000000
   -3.891    0.886    3.116    3.662    7.550    8.664   11.510   12.833
            0.650000  0.190000  0.010000
   -3.891    0.885    3.115    3.663    7.549    8.668   11.509   12.827
            0.650000  0.190000  0.020000
   -3.890    0.881    3.115    3.665    7.546    8.679   11.509   12.811
            0.650000  0.190000  0.030000
   -3.888    0.875    3.114    3.669    7.540    8.696   11.508   12.783
            0.650000  0.190000  0.040000
   -3.886    0.867    3.113    3.674    7.534    8.721   11.507   12.746
            0.650000  0.190000  0.050000
   -3.883    0.856    3.112    3.680    7.526    8.752   11.505   12.701
            0.650000  0.190000  0.060000
   -3.880    0.843    3.111    3.688    7.518    8.788   11.504   12.647
            0.650000  0.190000  0.070000
   -3.875    0.828    3.110    3.696    7.509    8.830   11.501   12.586
            0.650000  0.190000  0.080000
   -3.871    0.810    3.108    3.706    7.501    8.877   11.498   12.520
            0.650000  0.190000  0.090000
   -3.865    0.791    3.106    3.716    7.494    8.929   11.494   12.448
            0.650000  0.190000  0.100000
   -3.859    0.770    3.104    3.727    7.488    8.984   11.490   12.373
            0.650000  0.190000  0.110000
   -3.853    0.747    3.102    3.739    7.483    9.043   11.484   12.295
            0.650000  0.190000  0.120000
   -3.845    0.722    3.100    3.750    7.481    9.105   11.477   12.215
            0.650000  0.190000  0.130000
   -3.837    0.696    3.097    3.762    7.481    9.171   11.467   12.133
            0.650000  0.190000  0.140000
   -3.829    0.668    3.095    3.774    7.483    9.239   11.456   12.052
            0.650000  0.190000  0.150000
   -3.820    0.639    3.092    3.786    7.488    9.311   11.440   11.972
            0.650000  0.190000  0.160000
   -3.810    0.609    3.089    3.798    7.496    9.384   11.419   11.896
            0.650000  0.190000  0.170000
   -3.800    0.578    3.085    3.810    7.507    9.460   11.391   11.825
            0.650000  0.190000  0.180000
   -3.789    0.545    3.082    3.821    7.521    9.538   11.353   11.762
            0.650000  0.190000  0.190000
   -3.778    0.512    3.078    3.832    7.539    9.618   11.304   11.711
            0.650000  0.190000  0.200000
   -3.766    0.478    3.073    3.843    7.560    9.700   11.242   11.670
            0.650000  0.190000  0.210000
   -3.753    0.444    3.068    3.853    7.584    9.783   11.170   11.638
            0.650000  0.190000  0.220000
   -3.740    0.409    3.062    3.863    7.612    9.869   11.090   11.615
            0.650000  0.190000  0.230000
   -3.726    0.373    3.056    3.873    7.643    9.956   11.003   11.596
            0.650000  0.190000  0.240000
   -3.712    0.337    3.050    3.883    7.678   10.044   10.913   11.581
            0.650000  0.190000  0.250000
   -3.697    0.301    3.042    3.892    7.716   10.134   10.820   11.569
            0.650000  0.190000  0.260000
   -3.682    0.265    3.034    3.901    7.757   10.224   10.726   11.558
            0.650000  0.190000  0.270000
   -3.667    0.228    3.025    3.910    7.801   10.315   10.632   11.549
            0.650000  0.190000  0.280000
   -3.650    0.192    3.015    3.919    7.849   10.401   10.543   11.540
            0.650000  0.190000  0.290000
   -3.634    0.155    3.004    3.927    7.900   10.412   10.529   11.532
            0.650000  0.190000  0.300000
   -3.617    0.118    2.993    3.936    7.954   10.326   10.613   11.524
            0.650000  0.190000  0.310000
   -3.599    0.082    2.980    3.945    8.010   10.230   10.708   11.517
            0.650000  0.190000  0.320000
   -3.581    0.046    2.967    3.954    8.070   10.133   10.806   11.509
            0.650000  0.190000  0.330000
   -3.563    0.010    2.953    3.963    8.132   10.036   10.904   11.503
            0.650000  0.190000  0.340000
   -3.544   -0.026    2.938    3.973    8.197    9.940   11.003   11.497
            0.650000  0.190000  0.350000
   -3.525   -0.061    2.922    3.982    8.264    9.844   11.102   11.492
            0.650000  0.190000  0.360000
   -3.506   -0.095    2.905    3.992    8.333    9.748   11.198   11.490
            0.650000  0.190000  0.370000
   -3.486   -0.130    2.888    4.001    8.404    9.654   11.289   11.496
            0.650000  0.190000  0.380000
   -3.466   -0.163    2.870    4.011    8.478    9.561   11.359   11.522
            0.650000  0.190000  0.390000
   -3.446   -0.197    2.852    4.021    8.552    9.470   11.392   11.586
            0.650000  0.190000  0.400000
   -3.425   -0.229    2.832    4.031    8.628    9.381   11.400   11.676
            0.650000  0.190000  0.410000
   -3.405   -0.261    2.813    4.041    8.704    9.296   11.398   11.776
            0.650000  0.190000  0.420000
   -3.384   -0.292    2.792    4.051    8.777    9.216   11.392   11.881
            0.650000  0.190000  0.430000
   -3.363   -0.323    2.772    4.061    8.840    9.148   11.384   11.989
            0.650000  0.190000  0.440000
   -3.342   -0.352    2.751    4.070    8.875    9.113   11.374   12.098
            0.650000  0.190000  0.450000
   -3.320   -0.381    2.729    4.079    8.855    9.136   11.364   12.209
            0.650000  0.190000  0.460000
   -3.299   -0.409    2.708    4.088    8.798    9.200   11.353   12.321
            0.650000  0.190000  0.470000
   -3.278   -0.435    2.686    4.097    8.728    9.279   11.342   12.433
            0.650000  0.190000  0.480000
   -3.256   -0.461    2.664    4.105    8.655    9.365   11.331   12.547
            0.650000  0.190000  0.490000
   -3.235   -0.486    2.642    4.112    8.582    9.455   11.319   12.661
            0.650000  0.190000  0.500000
   -3.214   -0.510    2.620    4.118    8.510    9.547   11.306   12.776
            0.650000  0.190000  0.510000
   -3.193   -0.533    2.598    4.124    8.439    9.642   11.294   12.890
            0.650000  0.190000  0.520000
   -3.172   -0.555    2.577    4.128    8.371    9.738   11.281   13.005
            0.650000  0.190000  0.530000
   -3.151   -0.575    2.555    4.132    8.305    9.835   11.268   13.117
            0.650000  0.190000  0.540000
   -3.131   -0.594    2.533    4.134    8.242    9.934   11.255   13.223
            0.650000  0.190000  0.550000
   -3.111   -0.613    2.512    4.135    8.182   10.033   11.242   13.292
            0.650000  0.190000  0.560000
   -3.091   -0.629    2.491    4.134    8.124   10.133   11.229   13.258
            0.650000  0.190000  0.570000
   -3.071   -0.645    2.471    4.132    8.070   10.235   11.216   13.167
            0.650000  0.190000  0.580000
   -3.052   -0.659    2.450    4.127    8.020   10.336   11.203   13.065
            0.650000  0.190000  0.590000
   -3.034   -0.672    2.431    4.121    7.973   10.438   11.191   12.960
            0.650000  0.190000  0.600000
   -3.016   -0.684    2.411    4.114    7.929   10.540   11.179   12.854
            0.650000  0.190000  0.610000
   -2.998   -0.694    2.392    4.104    7.890   10.642   11.168   12.748
            0.650000  0.190000  0.620000
   -2.981   -0.703    2.374    4.092    7.854   10.742   11.159   12.642
            0.650000  0.190000  0.630000
   -2.965   -0.711    2.356    4.078    7.822   10.837   11.154   12.536
            0.650000  0.190000  0.640000
   -2.949   -0.717    2.339    4.061    7.794   10.923   11.160   12.432
            0.650000  0.190000  0.650000
   -2.934   -0.721    2.322    4.043    7.771   10.986   11.189   12.328
            0.650000  0.190000  0.660000
   -2.919   -0.725    2.306    4.022    7.751   11.015   11.252   12.225
            0.650000  0.190000  0.670000
   -2.905   -0.727    2.291    3.999    7.736   11.020   11.339   12.124
            0.650000  0.190000  0.680000
   -2.892   -0.728    2.277    3.974    7.724   11.014   11.434   12.026
            0.650000  0.190000  0.690000
   -2.880   -0.727    2.263    3.947    7.717   11.004   11.531   11.932
            0.650000  0.190000  0.700000
   -2.868   -0.726    2.250    3.919    7.713   10.991   11.618   11.851
            0.650000  0.190000  0.710000
   -2.857   -0.723    2.238    3.888    7.714   10.975   11.649   11.830
            0.650000  0.190000  0.720000
   -2.847   -0.719    2.227    3.855    7.718   10.959   11.592   11.899
            0.650000  0.190000  0.730000
   -2.837   -0.714    2.217    3.821    7.726   10.939   11.510   11.997
            0.650000  0.190000  0.740000
   -2.828   -0.707    2.207    3.785    7.738   10.918   11.426   12.101
            0.650000  0.190000  0.750000
   -2.820   -0.700    2.199    3.748    7.754   10.892   11.343   12.208
            0.650000  0.190000  0.760000
   -2.812   -0.693    2.191    3.710    7.773   10.861   11.266   12.315
            0.650000  0.190000  0.770000
   -2.806   -0.684    2.185    3.671    7.795   10.823   11.197   12.423
            0.650000  0.190000  0.780000
   -2.799   -0.674    2.179    3.631    7.820   10.776   11.138   12.531
            0.650000  0.190000  0.790000
   -2.793   -0.664    2.175    3.591    7.849   10.719   11.089   12.639
            0.650000  0.190000  0.800000
   -2.788   -0.654    2.171    3.550    7.880   10.654   11.051   12.747
            0.650000  0.190000  0.810000
   -2.783   -0.643    2.168    3.508    7.914   10.581   11.020   12.854
            0.650000  0.190000  0.820000
   -2.779   -0.632    2.167    3.467    7.951   10.503   10.996   12.961
            0.650000  0.190000  0.830000
   -2.775   -0.621    2.166    3.426    7.990   10.423   10.976   13.066
            0.650000  0.190000  0.840000
   -2.772   -0.609    2.167    3.385    8.032   10.340   10.960   13.171
            0.650000  0.190000  0.850000
   -2.769   -0.598    2.168    3.345    8.076   10.257   10.946   13.274
            0.650000  0.190000  0.860000
   -2.766   -0.587    2.170    3.305    8.122   10.174   10.933   13.376
            0.650000  0.190000  0.870000
   -2.764   -0.576    2.173    3.267    8.170   10.090   10.923   13.475
            0.650000  0.190000  0.880000
   -2.762   -0.565    2.177    3.229    8.220   10.007   10.913   13.572
            0.650000  0.190000  0.890000
   -2.760   -0.555    2.181    3.193    8.272    9.925   10.905   13.666
            0.650000  0.190000  0.900000
   -2.759   -0.545    2.186    3.159    8.325    9.844   10.897   13.755
            0.650000  0.190000  0.910000
   -2.757   -0.536    2.192    3.127    8.380    9.764   10.891   13.839
            0.650000  0.190000  0.920000
   -2.756   -0.528    2.198    3.097    8.435    9.686   10.885   13.915
            0.650000  0.190000  0.930000
   -2.755   -0.520    2.204    3.069    8.492    9.610   10.880   13.979
            0.650000  0.190000  0.940000
   -2.755   -0.513    2.209    3.045    8.548    9.537   10.876   14.028
            0.650000  0.190000  0.950000
   -2.754   -0.508    2.215    3.023    8.603    9.467   10.872   14.060
            0.650000  0.190000  0.960000
   -2.754   -0.503    2.219    3.005    8.657    9.401   10.869   14.078
            0.650000  0.190000  0.970000
   -2.753   -0.499    2.223    2.990    8.706    9.342   10.867   14.088
            0.650000  0.190000  0.980000
   -2.753   -0.496    2.226    2.980    8.748    9.294   10.865   14.093
            0.650000  0.190000  0.990000
   -2.753   -0.495    2.228    2.973    8.777    9.261   10.864   14.096
            0.650000  0.190000  1.000000
   -2.753   -0.494    2.229    2.971    8.788    9.249   10.864   14.096
