 &plot nbnd=   8, nks=   101 /
            0.780000  0.910000  0.000000
   -1.828   -1.543    2.316    3.097    7.234    8.319   13.912   14.153
            0.780000  0.910000  0.010000
   -1.844   -1.527    2.316    3.097    7.234    8.320   13.884   14.180
            0.780000  0.910000  0.020000
   -1.883   -1.488    2.318    3.099    7.235    8.322   13.821   14.240
            0.780000  0.910000  0.030000
   -1.934   -1.435    2.321    3.101    7.237    8.325   13.746   14.312
            0.780000  0.910000  0.040000
   -1.992   -1.376    2.325    3.105    7.240    8.330   13.666   14.385
            0.780000  0.910000  0.050000
   -2.052   -1.313    2.331    3.109    7.243    8.336   13.583   14.457
            0.780000  0.910000  0.060000
   -2.115   -1.248    2.337    3.115    7.247    8.344   13.499   14.522
            0.780000  0.910000  0.070000
   -2.178   -1.182    2.345    3.121    7.252    8.352   13.415   14.575
            0.780000  0.910000  0.080000
   -2.241   -1.115    2.354    3.129    7.258    8.362   13.331   14.607
            0.780000  0.910000  0.090000
   -2.305   -1.048    2.365    3.137    7.264    8.374   13.247   14.610
            0.780000  0.910000  0.100000
   -2.368   -0.980    2.376    3.146    7.271    8.387   13.162   14.582
            0.780000  0.910000  0.110000
   -2.432   -0.912    2.389    3.157    7.279    8.401   13.078   14.530
            0.780000  0.910000  0.120000
   -2.495   -0.843    2.403    3.168    7.288    8.416   12.995   14.464
            0.780000  0.910000  0.130000
   -2.558   -0.774    2.418    3.181    7.297    8.433   12.911   14.388
            0.780000  0.910000  0.140000
   -2.621   -0.706    2.434    3.194    7.307    8.452   12.828   14.307
            0.780000  0.910000  0.150000
   -2.683   -0.637    2.451    3.209    7.318    8.471   12.745   14.222
            0.780000  0.910000  0.160000
   -2.745   -0.568    2.470    3.224    7.329    8.492   12.663   14.135
            0.780000  0.910000  0.170000
   -2.807   -0.499    2.489    3.241    7.341    8.514   12.581   14.047
            0.780000  0.910000  0.180000
   -2.868   -0.431    2.510    3.259    7.354    8.538   12.500   13.957
            0.780000  0.910000  0.190000
   -2.928   -0.362    2.532    3.277    7.368    8.563   12.419   13.867
            0.780000  0.910000  0.200000
   -2.989   -0.294    2.555    3.297    7.382    8.589   12.338   13.777
            0.780000  0.910000  0.210000
   -3.048   -0.225    2.579    3.318    7.397    8.617   12.258   13.686
            0.780000  0.910000  0.220000
   -3.107   -0.157    2.604    3.340    7.413    8.646   12.178   13.595
            0.780000  0.910000  0.230000
   -3.166   -0.089    2.630    3.364    7.429    8.677   12.099   13.504
            0.780000  0.910000  0.240000
   -3.224   -0.022    2.657    3.388    7.446    8.709   12.020   13.413
            0.780000  0.910000  0.250000
   -3.282    0.046    2.685    3.413    7.464    8.742   11.941   13.323
            0.780000  0.910000  0.260000
   -3.339    0.113    2.714    3.440    7.482    8.776   11.863   13.232
            0.780000  0.910000  0.270000
   -3.395    0.180    2.744    3.468    7.501    8.812   11.785   13.141
            0.780000  0.910000  0.280000
   -3.451    0.247    2.775    3.497    7.521    8.849   11.708   13.051
            0.780000  0.910000  0.290000
   -3.506    0.313    2.807    3.527    7.541    8.888   11.632   12.961
            0.780000  0.910000  0.300000
   -3.560    0.380    2.839    3.559    7.562    8.927   11.555   12.871
            0.780000  0.910000  0.310000
   -3.614    0.445    2.872    3.591    7.583    8.969   11.480   12.782
            0.780000  0.910000  0.320000
   -3.668    0.511    2.906    3.625    7.606    9.011   11.404   12.692
            0.780000  0.910000  0.330000
   -3.720    0.576    2.941    3.660    7.628    9.055   11.329   12.603
            0.780000  0.910000  0.340000
   -3.772    0.641    2.977    3.696    7.651    9.099   11.255   12.515
            0.780000  0.910000  0.350000
   -3.824    0.706    3.013    3.734    7.675    9.146   11.181   12.426
            0.780000  0.910000  0.360000
   -3.875    0.770    3.050    3.773    7.699    9.193   11.108   12.338
            0.780000  0.910000  0.370000
   -3.925    0.834    3.087    3.813    7.724    9.241   11.035   12.251
            0.780000  0.910000  0.380000
   -3.974    0.898    3.125    3.854    7.750    9.291   10.963   12.164
            0.780000  0.910000  0.390000
   -4.023    0.961    3.163    3.896    7.776    9.341   10.891   12.077
            0.780000  0.910000  0.400000
   -4.071    1.024    3.202    3.939    7.802    9.392   10.821   11.991
            0.780000  0.910000  0.410000
   -4.118    1.087    3.242    3.984    7.829    9.444   10.751   11.905
            0.780000  0.910000  0.420000
   -4.165    1.150    3.281    4.030    7.856    9.497   10.682   11.820
            0.780000  0.910000  0.430000
   -4.211    1.212    3.322    4.076    7.884    9.550   10.615   11.735
            0.780000  0.910000  0.440000
   -4.256    1.275    3.362    4.124    7.912    9.602   10.549   11.651
            0.780000  0.910000  0.450000
   -4.300    1.337    3.403    4.172    7.940    9.654   10.486   11.567
            0.780000  0.910000  0.460000
   -4.344    1.398    3.445    4.222    7.969    9.705   10.425   11.484
            0.780000  0.910000  0.470000
   -4.387    1.460    3.486    4.272    7.998    9.752   10.370   11.401
            0.780000  0.910000  0.480000
   -4.429    1.522    3.528    4.323    8.028    9.793   10.323   11.319
            0.780000  0.910000  0.490000
   -4.471    1.583    3.571    4.375    8.057    9.823   10.287   11.238
            0.780000  0.910000  0.500000
   -4.512    1.644    3.613    4.428    8.087    9.838   10.268   11.157
            0.780000  0.910000  0.510000
   -4.552    1.705    3.656    4.481    8.117    9.834   10.270   11.078
            0.780000  0.910000  0.520000
   -4.591    1.766    3.700    4.534    8.148    9.811   10.292   10.999
            0.780000  0.910000  0.530000
   -4.630    1.827    3.743    4.588    8.178    9.773   10.329   10.921
            0.780000  0.910000  0.540000
   -4.668    1.888    3.787    4.642    8.208    9.727   10.376   10.845
            0.780000  0.910000  0.550000
   -4.705    1.949    3.831    4.696    8.238    9.676   10.428   10.771
            0.780000  0.910000  0.560000
   -4.741    2.010    3.875    4.750    8.268    9.621   10.479   10.703
            0.780000  0.910000  0.570000
   -4.776    2.071    3.920    4.804    8.298    9.566   10.514   10.655
            0.780000  0.910000  0.580000
   -4.811    2.132    3.965    4.858    8.328    9.510   10.493   10.665
            0.780000  0.910000  0.590000
   -4.845    2.193    4.010    4.911    8.357    9.454   10.435   10.715
            0.780000  0.910000  0.600000
   -4.878    2.254    4.055    4.964    8.385    9.399   10.366   10.777
            0.780000  0.910000  0.610000
   -4.911    2.315    4.100    5.017    8.413    9.346   10.296   10.841
            0.780000  0.910000  0.620000
   -4.942    2.377    4.146    5.068    8.439    9.294   10.225   10.907
            0.780000  0.910000  0.630000
   -4.973    2.438    4.192    5.119    8.464    9.245   10.155   10.973
            0.780000  0.910000  0.640000
   -5.003    2.499    4.238    5.168    8.487    9.199   10.085   11.038
            0.780000  0.910000  0.650000
   -5.033    2.561    4.284    5.217    8.508    9.156   10.016   11.102
            0.780000  0.910000  0.660000
   -5.061    2.622    4.330    5.263    8.526    9.117    9.947   11.163
            0.780000  0.910000  0.670000
   -5.089    2.684    4.376    5.308    8.540    9.083    9.880   11.221
            0.780000  0.910000  0.680000
   -5.115    2.745    4.422    5.351    8.551    9.055    9.815   11.275
            0.780000  0.910000  0.690000
   -5.142    2.807    4.468    5.392    8.556    9.033    9.750   11.323
            0.780000  0.910000  0.700000
   -5.167    2.869    4.514    5.430    8.558    9.017    9.688   11.365
            0.780000  0.910000  0.710000
   -5.191    2.931    4.560    5.465    8.554    9.007    9.627   11.398
            0.780000  0.910000  0.720000
   -5.215    2.993    4.606    5.498    8.547    9.002    9.569   11.421
            0.780000  0.910000  0.730000
   -5.238    3.056    4.652    5.528    8.537    9.001    9.513   11.433
            0.780000  0.910000  0.740000
   -5.260    3.118    4.697    5.554    8.525    9.002    9.461   11.432
            0.780000  0.910000  0.750000
   -5.281    3.180    4.742    5.576    8.514    9.002    9.415   11.420
            0.780000  0.910000  0.760000
   -5.301    3.243    4.787    5.595    8.502    9.001    9.374   11.398
            0.780000  0.910000  0.770000
   -5.321    3.305    4.831    5.610    8.492    8.995    9.341   11.365
            0.780000  0.910000  0.780000
   -5.339    3.367    4.875    5.621    8.483    8.983    9.317   11.325
            0.780000  0.910000  0.790000
   -5.357    3.430    4.918    5.628    8.476    8.965    9.302   11.279
            0.780000  0.910000  0.800000
   -5.374    3.492    4.960    5.631    8.471    8.941    9.296   11.228
            0.780000  0.910000  0.810000
   -5.391    3.554    5.002    5.629    8.467    8.915    9.296   11.174
            0.780000  0.910000  0.820000
   -5.406    3.616    5.042    5.624    8.465    8.887    9.301   11.117
            0.780000  0.910000  0.830000
   -5.421    3.678    5.081    5.615    8.462    8.861    9.308   11.059
            0.780000  0.910000  0.840000
   -5.434    3.739    5.118    5.603    8.459    8.839    9.317   11.000
            0.780000  0.910000  0.850000
   -5.447    3.800    5.153    5.587    8.453    8.822    9.327   10.940
            0.780000  0.910000  0.860000
   -5.460    3.860    5.187    5.569    8.444    8.813    9.336   10.881
            0.780000  0.910000  0.870000
   -5.471    3.920    5.217    5.549    8.431    8.812    9.345   10.823
            0.780000  0.910000  0.880000
   -5.481    3.979    5.244    5.529    8.415    8.818    9.353   10.766
            0.780000  0.910000  0.890000
   -5.491    4.037    5.265    5.509    8.396    8.832    9.359   10.710
            0.780000  0.910000  0.900000
   -5.500    4.094    5.279    5.493    8.375    8.851    9.363   10.657
            0.780000  0.910000  0.910000
   -5.508    4.150    5.284    5.482    8.353    8.875    9.365   10.607
            0.780000  0.910000  0.920000
   -5.515    4.203    5.278    5.479    8.332    8.903    9.364   10.560
            0.780000  0.910000  0.930000
   -5.521    4.254    5.262    5.483    8.312    8.933    9.361   10.517
            0.780000  0.910000  0.940000
   -5.526    4.302    5.241    5.491    8.293    8.965    9.356   10.479
            0.780000  0.910000  0.950000
   -5.531    4.347    5.216    5.500    8.277    8.996    9.348   10.445
            0.780000  0.910000  0.960000
   -5.535    4.386    5.192    5.509    8.263    9.026    9.338   10.417
            0.780000  0.910000  0.970000
   -5.538    4.419    5.170    5.517    8.251    9.054    9.326   10.394
            0.780000  0.910000  0.980000
   -5.540    4.444    5.152    5.523    8.243    9.077    9.315   10.378
            0.780000  0.910000  0.990000
   -5.541    4.460    5.140    5.526    8.238    9.093    9.307   10.368
            0.780000  0.910000  1.000000
   -5.541    4.465    5.136    5.528    8.237    9.099    9.304   10.365
