 &plot nbnd=   8, nks=   101 /
            0.660000  0.820000  0.000000
   -2.146   -1.151    1.780    3.290    7.714   10.269   12.396   12.815
            0.660000  0.820000  0.010000
   -2.149   -1.149    1.781    3.291    7.715   10.270   12.380   12.832
            0.660000  0.820000  0.020000
   -2.157   -1.141    1.785    3.292    7.716   10.271   12.336   12.877
            0.660000  0.820000  0.030000
   -2.171   -1.129    1.791    3.295    7.718   10.273   12.276   12.938
            0.660000  0.820000  0.040000
   -2.190   -1.112    1.799    3.298    7.722   10.277   12.208   13.009
            0.660000  0.820000  0.050000
   -2.214   -1.092    1.809    3.303    7.726   10.281   12.135   13.085
            0.660000  0.820000  0.060000
   -2.241   -1.068    1.822    3.309    7.731   10.286   12.059   13.162
            0.660000  0.820000  0.070000
   -2.272   -1.042    1.837    3.315    7.737   10.292   11.982   13.241
            0.660000  0.820000  0.080000
   -2.306   -1.013    1.854    3.323    7.743   10.299   11.905   13.317
            0.660000  0.820000  0.090000
   -2.343   -0.982    1.873    3.331    7.751   10.307   11.828   13.389
            0.660000  0.820000  0.100000
   -2.382   -0.949    1.895    3.341    7.760   10.315   11.750   13.449
            0.660000  0.820000  0.110000
   -2.423   -0.915    1.918    3.352    7.769   10.325   11.673   13.483
            0.660000  0.820000  0.120000
   -2.465   -0.880    1.944    3.364    7.780   10.335   11.597   13.478
            0.660000  0.820000  0.130000
   -2.508   -0.844    1.971    3.376    7.791   10.347   11.521   13.436
            0.660000  0.820000  0.140000
   -2.553   -0.808    2.001    3.390    7.803   10.358   11.445   13.371
            0.660000  0.820000  0.150000
   -2.599   -0.770    2.032    3.405    7.816   10.371   11.371   13.296
            0.660000  0.820000  0.160000
   -2.645   -0.733    2.065    3.421    7.830   10.384   11.297   13.215
            0.660000  0.820000  0.170000
   -2.692   -0.695    2.099    3.439    7.844   10.398   11.225   13.131
            0.660000  0.820000  0.180000
   -2.740   -0.657    2.135    3.457    7.860   10.412   11.153   13.045
            0.660000  0.820000  0.190000
   -2.787   -0.619    2.173    3.476    7.876   10.426   11.083   12.959
            0.660000  0.820000  0.200000
   -2.836   -0.580    2.212    3.497    7.893   10.440   11.016   12.871
            0.660000  0.820000  0.210000
   -2.884   -0.542    2.253    3.519    7.911   10.453   10.951   12.783
            0.660000  0.820000  0.220000
   -2.932   -0.503    2.294    3.542    7.930   10.463   10.890   12.695
            0.660000  0.820000  0.230000
   -2.981   -0.464    2.337    3.566    7.949   10.469   10.834   12.607
            0.660000  0.820000  0.240000
   -3.029   -0.425    2.381    3.592    7.969   10.469   10.788   12.520
            0.660000  0.820000  0.250000
   -3.078   -0.386    2.426    3.618    7.990   10.457   10.755   12.432
            0.660000  0.820000  0.260000
   -3.126   -0.347    2.471    3.646    8.012   10.431   10.737   12.345
            0.660000  0.820000  0.270000
   -3.175   -0.308    2.518    3.676    8.034   10.392   10.733   12.257
            0.660000  0.820000  0.280000
   -3.223   -0.268    2.565    3.706    8.057   10.344   10.741   12.171
            0.660000  0.820000  0.290000
   -3.271   -0.229    2.612    3.738    8.080   10.290   10.756   12.084
            0.660000  0.820000  0.300000
   -3.318   -0.189    2.660    3.771    8.104   10.233   10.777   11.999
            0.660000  0.820000  0.310000
   -3.366   -0.150    2.708    3.805    8.128   10.175   10.800   11.914
            0.660000  0.820000  0.320000
   -3.413   -0.110    2.757    3.841    8.153   10.115   10.827   11.829
            0.660000  0.820000  0.330000
   -3.459   -0.070    2.806    3.878    8.178   10.056   10.855   11.746
            0.660000  0.820000  0.340000
   -3.506   -0.029    2.854    3.916    8.204    9.996   10.885   11.663
            0.660000  0.820000  0.350000
   -3.552    0.011    2.903    3.956    8.229    9.937   10.916   11.582
            0.660000  0.820000  0.360000
   -3.597    0.052    2.952    3.997    8.255    9.879   10.947   11.502
            0.660000  0.820000  0.370000
   -3.642    0.094    3.000    4.039    8.281    9.821   10.979   11.425
            0.660000  0.820000  0.380000
   -3.687    0.135    3.049    4.082    8.307    9.765   11.008   11.352
            0.660000  0.820000  0.390000
   -3.731    0.177    3.097    4.126    8.333    9.709   11.031   11.287
            0.660000  0.820000  0.400000
   -3.775    0.219    3.145    4.171    8.358    9.655   11.037   11.241
            0.660000  0.820000  0.410000
   -3.818    0.261    3.193    4.217    8.383    9.603   11.013   11.228
            0.660000  0.820000  0.420000
   -3.861    0.304    3.240    4.264    8.406    9.553   10.961   11.245
            0.660000  0.820000  0.430000
   -3.903    0.347    3.287    4.312    8.429    9.505   10.897   11.276
            0.660000  0.820000  0.440000
   -3.945    0.391    3.334    4.360    8.450    9.459   10.828   11.314
            0.660000  0.820000  0.450000
   -3.986    0.435    3.381    4.408    8.470    9.416   10.758   11.356
            0.660000  0.820000  0.460000
   -4.026    0.479    3.427    4.457    8.486    9.377   10.687   11.401
            0.660000  0.820000  0.470000
   -4.066    0.524    3.473    4.506    8.500    9.342   10.617   11.447
            0.660000  0.820000  0.480000
   -4.105    0.569    3.518    4.556    8.511    9.311   10.547   11.496
            0.660000  0.820000  0.490000
   -4.144    0.615    3.564    4.605    8.518    9.286   10.478   11.546
            0.660000  0.820000  0.500000
   -4.182    0.661    3.609    4.653    8.520    9.266   10.411   11.597
            0.660000  0.820000  0.510000
   -4.219    0.708    3.654    4.701    8.518    9.252   10.344   11.649
            0.660000  0.820000  0.520000
   -4.256    0.755    3.698    4.749    8.511    9.244   10.279   11.703
            0.660000  0.820000  0.530000
   -4.292    0.802    3.743    4.796    8.499    9.241   10.215   11.758
            0.660000  0.820000  0.540000
   -4.328    0.850    3.787    4.841    8.484    9.244   10.153   11.814
            0.660000  0.820000  0.550000
   -4.362    0.899    3.831    4.885    8.465    9.251   10.093   11.871
            0.660000  0.820000  0.560000
   -4.396    0.948    3.874    4.928    8.444    9.263   10.034   11.929
            0.660000  0.820000  0.570000
   -4.430    0.997    3.918    4.969    8.421    9.277    9.977   11.988
            0.660000  0.820000  0.580000
   -4.463    1.047    3.961    5.008    8.397    9.294    9.922   12.047
            0.660000  0.820000  0.590000
   -4.495    1.098    4.004    5.044    8.372    9.312    9.870   12.108
            0.660000  0.820000  0.600000
   -4.526    1.148    4.047    5.078    8.348    9.332    9.820   12.168
            0.660000  0.820000  0.610000
   -4.557    1.200    4.090    5.109    8.325    9.351    9.774   12.229
            0.660000  0.820000  0.620000
   -4.587    1.252    4.133    5.138    8.303    9.368    9.731   12.289
            0.660000  0.820000  0.630000
   -4.616    1.304    4.175    5.163    8.282    9.383    9.694   12.347
            0.660000  0.820000  0.640000
   -4.644    1.357    4.217    5.184    8.264    9.393    9.665   12.401
            0.660000  0.820000  0.650000
   -4.672    1.410    4.259    5.202    8.248    9.395    9.645   12.443
            0.660000  0.820000  0.660000
   -4.699    1.463    4.301    5.217    8.234    9.387    9.637   12.453
            0.660000  0.820000  0.670000
   -4.725    1.517    4.342    5.227    8.223    9.371    9.640   12.416
            0.660000  0.820000  0.680000
   -4.751    1.572    4.383    5.233    8.215    9.348    9.651   12.353
            0.660000  0.820000  0.690000
   -4.776    1.627    4.423    5.235    8.210    9.321    9.667   12.280
            0.660000  0.820000  0.700000
   -4.800    1.682    4.463    5.234    8.208    9.293    9.687   12.204
            0.660000  0.820000  0.710000
   -4.823    1.738    4.503    5.228    8.208    9.265    9.708   12.128
            0.660000  0.820000  0.720000
   -4.846    1.794    4.542    5.218    8.211    9.238    9.730   12.053
            0.660000  0.820000  0.730000
   -4.867    1.850    4.580    5.204    8.216    9.211    9.753   11.978
            0.660000  0.820000  0.740000
   -4.888    1.906    4.618    5.187    8.224    9.187    9.776   11.905
            0.660000  0.820000  0.750000
   -4.909    1.963    4.654    5.167    8.233    9.164    9.799   11.833
            0.660000  0.820000  0.760000
   -4.928    2.020    4.690    5.143    8.244    9.145    9.821   11.763
            0.660000  0.820000  0.770000
   -4.947    2.077    4.724    5.117    8.255    9.127    9.843   11.694
            0.660000  0.820000  0.780000
   -4.965    2.135    4.756    5.089    8.268    9.113    9.864   11.627
            0.660000  0.820000  0.790000
   -4.982    2.192    4.786    5.059    8.280    9.102    9.884   11.563
            0.660000  0.820000  0.800000
   -4.998    2.249    4.811    5.031    8.292    9.095    9.903   11.500
            0.660000  0.820000  0.810000
   -5.014    2.307    4.829    5.008    8.304    9.091    9.921   11.439
            0.660000  0.820000  0.820000
   -5.028    2.364    4.833    4.994    8.314    9.090    9.938   11.380
            0.660000  0.820000  0.830000
   -5.042    2.421    4.820    4.996    8.323    9.094    9.954   11.324
            0.660000  0.820000  0.840000
   -5.056    2.478    4.792    5.009    8.331    9.101    9.969   11.270
            0.660000  0.820000  0.850000
   -5.068    2.534    4.756    5.028    8.337    9.111    9.982   11.218
            0.660000  0.820000  0.860000
   -5.080    2.590    4.716    5.050    8.341    9.125    9.994   11.169
            0.660000  0.820000  0.870000
   -5.091    2.644    4.673    5.072    8.344    9.141   10.005   11.122
            0.660000  0.820000  0.880000
   -5.101    2.698    4.629    5.093    8.345    9.160   10.015   11.078
            0.660000  0.820000  0.890000
   -5.110    2.751    4.584    5.114    8.345    9.180   10.023   11.037
            0.660000  0.820000  0.900000
   -5.118    2.802    4.540    5.134    8.344    9.201   10.031   10.999
            0.660000  0.820000  0.910000
   -5.126    2.851    4.496    5.152    8.343    9.223   10.036   10.964
            0.660000  0.820000  0.920000
   -5.133    2.898    4.454    5.169    8.341    9.245   10.041   10.932
            0.660000  0.820000  0.930000
   -5.139    2.941    4.414    5.184    8.339    9.266   10.044   10.903
            0.660000  0.820000  0.940000
   -5.144    2.982    4.376    5.197    8.336    9.286   10.047   10.878
            0.660000  0.820000  0.950000
   -5.148    3.018    4.343    5.208    8.334    9.304   10.048   10.857
            0.660000  0.820000  0.960000
   -5.152    3.049    4.314    5.217    8.332    9.320   10.049   10.839
            0.660000  0.820000  0.970000
   -5.155    3.074    4.290    5.225    8.331    9.333   10.050   10.825
            0.660000  0.820000  0.980000
   -5.157    3.093    4.272    5.230    8.329    9.342   10.050   10.815
            0.660000  0.820000  0.990000
   -5.158    3.105    4.261    5.233    8.329    9.348   10.050   10.809
            0.660000  0.820000  1.000000
   -5.158    3.108    4.257    5.234    8.328    9.350   10.050   10.807
