 &plot nbnd=   8, nks=   101 /
            0.200000  0.770000  0.000000
   -3.209   -0.016    2.843    3.212    7.467    8.158   12.325   13.974
            0.200000  0.770000  0.010000
   -3.208   -0.017    2.840    3.215    7.464    8.164   12.325   13.967
            0.200000  0.770000  0.020000
   -3.208   -0.019    2.831    3.225    7.454    8.181   12.325   13.947
            0.200000  0.770000  0.030000
   -3.206   -0.021    2.818    3.239    7.440    8.208   12.325   13.913
            0.200000  0.770000  0.040000
   -3.205   -0.025    2.801    3.258    7.421    8.244   12.326   13.868
            0.200000  0.770000  0.050000
   -3.203   -0.030    2.781    3.280    7.399    8.288   12.327   13.812
            0.200000  0.770000  0.060000
   -3.200   -0.036    2.759    3.304    7.376    8.338   12.328   13.746
            0.200000  0.770000  0.070000
   -3.197   -0.043    2.736    3.329    7.353    8.393   12.328   13.673
            0.200000  0.770000  0.080000
   -3.193   -0.051    2.713    3.355    7.331    8.453   12.329   13.593
            0.200000  0.770000  0.090000
   -3.189   -0.061    2.689    3.381    7.310    8.516   12.331   13.507
            0.200000  0.770000  0.100000
   -3.185   -0.071    2.666    3.407    7.291    8.583   12.332   13.416
            0.200000  0.770000  0.110000
   -3.180   -0.082    2.643    3.433    7.274    8.653   12.333   13.322
            0.200000  0.770000  0.120000
   -3.175   -0.094    2.620    3.458    7.259    8.726   12.334   13.224
            0.200000  0.770000  0.130000
   -3.169   -0.107    2.599    3.482    7.248    8.801   12.335   13.123
            0.200000  0.770000  0.140000
   -3.163   -0.121    2.578    3.504    7.240    8.878   12.336   13.021
            0.200000  0.770000  0.150000
   -3.156   -0.136    2.558    3.526    7.235    8.958   12.337   12.916
            0.200000  0.770000  0.160000
   -3.149   -0.151    2.538    3.546    7.235    9.039   12.337   12.811
            0.200000  0.770000  0.170000
   -3.142   -0.168    2.520    3.564    7.237    9.122   12.335   12.706
            0.200000  0.770000  0.180000
   -3.135   -0.185    2.503    3.581    7.244    9.206   12.330   12.604
            0.200000  0.770000  0.190000
   -3.127   -0.202    2.487    3.596    7.255    9.293   12.316   12.509
            0.200000  0.770000  0.200000
   -3.118   -0.220    2.472    3.610    7.270    9.380   12.278   12.438
            0.200000  0.770000  0.210000
   -3.110   -0.239    2.458    3.621    7.289    9.469   12.203   12.403
            0.200000  0.770000  0.220000
   -3.101   -0.259    2.445    3.631    7.312    9.560   12.105   12.390
            0.200000  0.770000  0.230000
   -3.092   -0.278    2.433    3.639    7.339    9.651   12.000   12.386
            0.200000  0.770000  0.240000
   -3.082   -0.298    2.422    3.645    7.370    9.744   11.890   12.385
            0.200000  0.770000  0.250000
   -3.072   -0.319    2.412    3.650    7.405    9.838   11.780   12.385
            0.200000  0.770000  0.260000
   -3.063   -0.339    2.402    3.653    7.444    9.933   11.668   12.386
            0.200000  0.770000  0.270000
   -3.053   -0.360    2.394    3.655    7.487   10.028   11.557   12.387
            0.200000  0.770000  0.280000
   -3.042   -0.381    2.386    3.656    7.533   10.124   11.446   12.389
            0.200000  0.770000  0.290000
   -3.032   -0.401    2.379    3.655    7.583   10.220   11.336   12.391
            0.200000  0.770000  0.300000
   -3.022   -0.422    2.373    3.653    7.637   10.315   11.228   12.393
            0.200000  0.770000  0.310000
   -3.011   -0.443    2.367    3.650    7.694   10.408   11.123   12.394
            0.200000  0.770000  0.320000
   -3.001   -0.463    2.362    3.647    7.754   10.495   11.026   12.396
            0.200000  0.770000  0.330000
   -2.990   -0.483    2.358    3.643    7.818   10.566   10.946   12.398
            0.200000  0.770000  0.340000
   -2.980   -0.503    2.353    3.638    7.884   10.593   10.911   12.400
            0.200000  0.770000  0.350000
   -2.970   -0.522    2.350    3.634    7.953   10.554   10.945   12.401
            0.200000  0.770000  0.360000
   -2.960   -0.541    2.346    3.629    8.025   10.473   11.020   12.403
            0.200000  0.770000  0.370000
   -2.949   -0.559    2.343    3.624    8.100   10.377   11.113   12.404
            0.200000  0.770000  0.380000
   -2.940   -0.577    2.339    3.619    8.177   10.275   11.213   12.405
            0.200000  0.770000  0.390000
   -2.930   -0.594    2.336    3.614    8.256   10.171   11.317   12.406
            0.200000  0.770000  0.400000
   -2.920   -0.610    2.333    3.610    8.338   10.066   11.423   12.407
            0.200000  0.770000  0.410000
   -2.911   -0.625    2.330    3.606    8.421    9.960   11.531   12.408
            0.200000  0.770000  0.420000
   -2.903   -0.639    2.327    3.602    8.507    9.855   11.639   12.409
            0.200000  0.770000  0.430000
   -2.894   -0.653    2.324    3.599    8.595    9.751   11.749   12.409
            0.200000  0.770000  0.440000
   -2.886   -0.665    2.320    3.597    8.684    9.647   11.859   12.410
            0.200000  0.770000  0.450000
   -2.879   -0.677    2.317    3.596    8.776    9.544   11.969   12.411
            0.200000  0.770000  0.460000
   -2.872   -0.687    2.313    3.595    8.869    9.442   12.078   12.413
            0.200000  0.770000  0.470000
   -2.865   -0.696    2.309    3.595    8.963    9.341   12.184   12.418
            0.200000  0.770000  0.480000
   -2.859   -0.704    2.305    3.596    9.059    9.241   12.279   12.430
            0.200000  0.770000  0.490000
   -2.854   -0.711    2.300    3.598    9.142    9.157   12.345   12.467
            0.200000  0.770000  0.500000
   -2.849   -0.717    2.296    3.600    9.045    9.256   12.370   12.528
            0.200000  0.770000  0.510000
   -2.844   -0.721    2.291    3.604    8.949    9.356   12.376   12.557
            0.200000  0.770000  0.520000
   -2.841   -0.724    2.286    3.608    8.855    9.457   12.377   12.510
            0.200000  0.770000  0.530000
   -2.838   -0.726    2.281    3.612    8.762    9.559   12.369   12.427
            0.200000  0.770000  0.540000
   -2.835   -0.727    2.276    3.618    8.671    9.663   12.304   12.386
            0.200000  0.770000  0.550000
   -2.833   -0.726    2.271    3.624    8.581    9.767   12.200   12.380
            0.200000  0.770000  0.560000
   -2.832   -0.724    2.266    3.630    8.494    9.872   12.091   12.376
            0.200000  0.770000  0.570000
   -2.832   -0.721    2.261    3.637    8.409    9.978   11.981   12.373
            0.200000  0.770000  0.580000
   -2.832   -0.717    2.257    3.643    8.325   10.084   11.871   12.369
            0.200000  0.770000  0.590000
   -2.832   -0.712    2.252    3.650    8.244   10.190   11.762   12.365
            0.200000  0.770000  0.600000
   -2.833   -0.705    2.248    3.657    8.166   10.297   11.655   12.361
            0.200000  0.770000  0.610000
   -2.835   -0.698    2.244    3.664    8.090   10.403   11.549   12.357
            0.200000  0.770000  0.620000
   -2.837   -0.689    2.240    3.671    8.016   10.508   11.445   12.353
            0.200000  0.770000  0.630000
   -2.840   -0.680    2.237    3.677    7.945   10.610   11.346   12.349
            0.200000  0.770000  0.640000
   -2.843   -0.669    2.234    3.683    7.877   10.705   11.255   12.344
            0.200000  0.770000  0.650000
   -2.847   -0.658    2.232    3.688    7.812   10.782   11.184   12.339
            0.200000  0.770000  0.660000
   -2.851   -0.646    2.231    3.692    7.750   10.815   11.158   12.335
            0.200000  0.770000  0.670000
   -2.855   -0.633    2.230    3.695    7.692   10.784   11.197   12.330
            0.200000  0.770000  0.680000
   -2.860   -0.620    2.230    3.697    7.636   10.712   11.277   12.325
            0.200000  0.770000  0.690000
   -2.865   -0.606    2.231    3.698    7.585   10.625   11.375   12.320
            0.200000  0.770000  0.700000
   -2.870   -0.591    2.233    3.697    7.537   10.531   11.481   12.316
            0.200000  0.770000  0.710000
   -2.875   -0.577    2.236    3.695    7.493   10.435   11.589   12.311
            0.200000  0.770000  0.720000
   -2.881   -0.561    2.239    3.691    7.452   10.338   11.700   12.307
            0.200000  0.770000  0.730000
   -2.886   -0.546    2.244    3.686    7.416   10.241   11.811   12.303
            0.200000  0.770000  0.740000
   -2.892   -0.530    2.250    3.678    7.384   10.144   11.922   12.300
            0.200000  0.770000  0.750000
   -2.898   -0.515    2.257    3.669    7.355   10.048   12.032   12.298
            0.200000  0.770000  0.760000
   -2.904   -0.499    2.265    3.658    7.332    9.952   12.137   12.303
            0.200000  0.770000  0.770000
   -2.910   -0.483    2.274    3.644    7.312    9.857   12.218   12.331
            0.200000  0.770000  0.780000
   -2.916   -0.468    2.285    3.629    7.296    9.764   12.248   12.411
            0.200000  0.770000  0.790000
   -2.921   -0.452    2.296    3.612    7.285    9.671   12.253   12.514
            0.200000  0.770000  0.800000
   -2.927   -0.437    2.309    3.593    7.278    9.580   12.252   12.624
            0.200000  0.770000  0.810000
   -2.933   -0.423    2.323    3.571    7.275    9.490   12.250   12.734
            0.200000  0.770000  0.820000
   -2.938   -0.408    2.338    3.549    7.276    9.401   12.247   12.845
            0.200000  0.770000  0.830000
   -2.943   -0.394    2.355    3.524    7.282    9.313   12.243   12.956
            0.200000  0.770000  0.840000
   -2.948   -0.381    2.373    3.498    7.291    9.227   12.240   13.065
            0.200000  0.770000  0.850000
   -2.953   -0.368    2.392    3.470    7.303    9.143   12.237   13.174
            0.200000  0.770000  0.860000
   -2.958   -0.356    2.412    3.441    7.319    9.060   12.233   13.280
            0.200000  0.770000  0.870000
   -2.962   -0.344    2.433    3.411    7.339    8.978   12.230   13.385
            0.200000  0.770000  0.880000
   -2.966   -0.333    2.455    3.381    7.362    8.899   12.227   13.488
            0.200000  0.770000  0.890000
   -2.970   -0.323    2.478    3.349    7.387    8.822   12.224   13.588
            0.200000  0.770000  0.900000
   -2.974   -0.314    2.501    3.317    7.415    8.746   12.222   13.684
            0.200000  0.770000  0.910000
   -2.977   -0.305    2.525    3.285    7.446    8.674   12.219   13.776
            0.200000  0.770000  0.920000
   -2.980   -0.298    2.550    3.254    7.478    8.604   12.217   13.864
            0.200000  0.770000  0.930000
   -2.983   -0.291    2.574    3.223    7.512    8.537   12.215   13.945
            0.200000  0.770000  0.940000
   -2.985   -0.285    2.598    3.193    7.546    8.475   12.213   14.020
            0.200000  0.770000  0.950000
   -2.987   -0.280    2.621    3.165    7.580    8.417   12.212   14.087
            0.200000  0.770000  0.960000
   -2.989   -0.275    2.642    3.140    7.612    8.365   12.211   14.144
            0.200000  0.770000  0.970000
   -2.990   -0.272    2.660    3.118    7.641    8.321   12.210   14.191
            0.200000  0.770000  0.980000
   -2.991   -0.270    2.674    3.101    7.665    8.286   12.209   14.225
            0.200000  0.770000  0.990000
   -2.991   -0.268    2.683    3.091    7.681    8.264   12.209   14.247
            0.200000  0.770000  1.000000
   -2.991   -0.268    2.687    3.087    7.686    8.257   12.209   14.254
