 &plot nbnd=   8, nks=   101 /
            0.190000  0.490000  0.000000
   -4.629    2.029    3.604    4.450    7.928    9.603   10.434   11.343
            0.190000  0.490000  0.010000
   -4.629    2.026    3.606    4.449    7.928    9.605   10.434   11.340
            0.190000  0.490000  0.020000
   -4.628    2.019    3.613    4.447    7.928    9.612   10.432   11.331
            0.190000  0.490000  0.030000
   -4.626    2.006    3.625    4.444    7.928    9.623   10.429   11.315
            0.190000  0.490000  0.040000
   -4.623    1.989    3.641    4.440    7.928    9.637   10.426   11.295
            0.190000  0.490000  0.050000
   -4.620    1.967    3.661    4.434    7.928    9.656   10.421   11.269
            0.190000  0.490000  0.060000
   -4.616    1.942    3.684    4.426    7.929    9.678   10.415   11.239
            0.190000  0.490000  0.070000
   -4.611    1.912    3.711    4.418    7.931    9.704   10.408   11.205
            0.190000  0.490000  0.080000
   -4.605    1.880    3.740    4.408    7.933    9.732   10.401   11.167
            0.190000  0.490000  0.090000
   -4.599    1.845    3.772    4.398    7.935    9.762   10.394   11.127
            0.190000  0.490000  0.100000
   -4.592    1.807    3.805    4.386    7.939    9.794   10.386   11.086
            0.190000  0.490000  0.110000
   -4.584    1.767    3.840    4.373    7.944    9.826   10.379   11.043
            0.190000  0.490000  0.120000
   -4.575    1.725    3.875    4.360    7.950    9.856   10.375   11.000
            0.190000  0.490000  0.130000
   -4.566    1.681    3.911    4.346    7.958    9.884   10.374   10.956
            0.190000  0.490000  0.140000
   -4.556    1.636    3.947    4.332    7.967    9.906   10.378   10.914
            0.190000  0.490000  0.150000
   -4.545    1.590    3.981    4.319    7.978    9.920   10.390   10.872
            0.190000  0.490000  0.160000
   -4.534    1.543    4.013    4.307    7.991    9.924   10.411   10.831
            0.190000  0.490000  0.170000
   -4.522    1.495    4.041    4.299    8.005    9.917   10.443   10.792
            0.190000  0.490000  0.180000
   -4.509    1.446    4.063    4.295    8.021    9.901   10.484   10.755
            0.190000  0.490000  0.190000
   -4.495    1.397    4.075    4.299    8.040    9.876   10.533   10.720
            0.190000  0.490000  0.200000
   -4.481    1.348    4.078    4.312    8.060    9.844   10.587   10.688
            0.190000  0.490000  0.210000
   -4.466    1.298    4.071    4.333    8.082    9.806   10.630   10.674
            0.190000  0.490000  0.220000
   -4.450    1.248    4.057    4.359    8.107    9.764   10.615   10.725
            0.190000  0.490000  0.230000
   -4.433    1.198    4.038    4.388    8.133    9.719   10.588   10.793
            0.190000  0.490000  0.240000
   -4.416    1.148    4.016    4.420    8.161    9.671   10.560   10.866
            0.190000  0.490000  0.250000
   -4.398    1.098    3.991    4.451    8.190    9.622   10.532   10.943
            0.190000  0.490000  0.260000
   -4.380    1.048    3.964    4.483    8.221    9.573   10.505   11.022
            0.190000  0.490000  0.270000
   -4.360    0.998    3.936    4.514    8.254    9.523   10.478   11.104
            0.190000  0.490000  0.280000
   -4.341    0.948    3.906    4.544    8.287    9.475   10.452   11.188
            0.190000  0.490000  0.290000
   -4.320    0.899    3.876    4.574    8.321    9.427   10.426   11.274
            0.190000  0.490000  0.300000
   -4.299    0.850    3.845    4.601    8.355    9.383   10.400   11.361
            0.190000  0.490000  0.310000
   -4.277    0.801    3.812    4.628    8.388    9.341   10.374   11.451
            0.190000  0.490000  0.320000
   -4.254    0.753    3.780    4.652    8.420    9.304   10.348   11.542
            0.190000  0.490000  0.330000
   -4.231    0.705    3.747    4.675    8.449    9.273   10.323   11.635
            0.190000  0.490000  0.340000
   -4.207    0.658    3.713    4.696    8.475    9.249   10.297   11.729
            0.190000  0.490000  0.350000
   -4.183    0.611    3.679    4.714    8.495    9.233   10.271   11.824
            0.190000  0.490000  0.360000
   -4.158    0.564    3.644    4.731    8.509    9.227   10.244   11.921
            0.190000  0.490000  0.370000
   -4.132    0.518    3.609    4.745    8.517    9.232   10.218   12.019
            0.190000  0.490000  0.380000
   -4.106    0.473    3.575    4.757    8.517    9.249   10.192   12.118
            0.190000  0.490000  0.390000
   -4.079    0.428    3.539    4.766    8.511    9.275   10.165   12.219
            0.190000  0.490000  0.400000
   -4.052    0.384    3.504    4.772    8.500    9.311   10.139   12.320
            0.190000  0.490000  0.410000
   -4.024    0.340    3.469    4.776    8.485    9.354   10.112   12.423
            0.190000  0.490000  0.420000
   -3.996    0.297    3.433    4.777    8.469    9.404   10.086   12.526
            0.190000  0.490000  0.430000
   -3.967    0.254    3.398    4.776    8.450    9.460   10.060   12.630
            0.190000  0.490000  0.440000
   -3.937    0.213    3.362    4.771    8.432    9.519   10.034   12.735
            0.190000  0.490000  0.450000
   -3.907    0.172    3.326    4.764    8.415    9.582   10.009   12.841
            0.190000  0.490000  0.460000
   -3.877    0.131    3.291    4.753    8.398    9.646    9.987   12.946
            0.190000  0.490000  0.470000
   -3.846    0.092    3.255    4.740    8.384    9.710    9.967   13.050
            0.190000  0.490000  0.480000
   -3.814    0.053    3.220    4.724    8.372    9.766    9.958   13.149
            0.190000  0.490000  0.490000
   -3.782    0.014    3.185    4.705    8.362    9.803    9.971   13.216
            0.190000  0.490000  0.500000
   -3.750   -0.023    3.150    4.684    8.354    9.809   10.015   13.213
            0.190000  0.490000  0.510000
   -3.718   -0.060    3.115    4.659    8.350    9.797   10.080   13.180
            0.190000  0.490000  0.520000
   -3.685   -0.096    3.080    4.633    8.348    9.777   10.155   13.140
            0.190000  0.490000  0.530000
   -3.651   -0.131    3.045    4.603    8.349    9.754   10.235   13.100
            0.190000  0.490000  0.540000
   -3.618   -0.165    3.010    4.571    8.353    9.730   10.318   13.059
            0.190000  0.490000  0.550000
   -3.584   -0.199    2.976    4.537    8.360    9.705   10.403   13.019
            0.190000  0.490000  0.560000
   -3.550   -0.231    2.942    4.501    8.370    9.679   10.490   12.979
            0.190000  0.490000  0.570000
   -3.515   -0.263    2.908    4.463    8.383    9.653   10.578   12.941
            0.190000  0.490000  0.580000
   -3.480   -0.294    2.874    4.424    8.399    9.628   10.668   12.903
            0.190000  0.490000  0.590000
   -3.446   -0.324    2.840    4.382    8.417    9.602   10.758   12.866
            0.190000  0.490000  0.600000
   -3.411   -0.354    2.807    4.340    8.439    9.577   10.850   12.829
            0.190000  0.490000  0.610000
   -3.376   -0.382    2.774    4.296    8.462    9.552   10.942   12.794
            0.190000  0.490000  0.620000
   -3.341   -0.409    2.740    4.251    8.489    9.527   11.035   12.759
            0.190000  0.490000  0.630000
   -3.305   -0.436    2.708    4.205    8.518    9.503   11.129   12.726
            0.190000  0.490000  0.640000
   -3.270   -0.462    2.675    4.159    8.549    9.479   11.224   12.693
            0.190000  0.490000  0.650000
   -3.235   -0.486    2.642    4.112    8.582    9.455   11.319   12.661
            0.190000  0.490000  0.660000
   -3.200   -0.510    2.610    4.065    8.618    9.432   11.414   12.630
            0.190000  0.490000  0.670000
   -3.165   -0.533    2.578    4.017    8.655    9.409   11.510   12.600
            0.190000  0.490000  0.680000
   -3.131   -0.555    2.546    3.970    8.695    9.387   11.607   12.571
            0.190000  0.490000  0.690000
   -3.096   -0.576    2.514    3.923    8.737    9.365   11.703   12.542
            0.190000  0.490000  0.700000
   -3.062   -0.595    2.482    3.876    8.780    9.344   11.800   12.515
            0.190000  0.490000  0.710000
   -3.028   -0.614    2.450    3.829    8.825    9.323   11.896   12.488
            0.190000  0.490000  0.720000
   -2.995   -0.632    2.419    3.783    8.872    9.303   11.992   12.463
            0.190000  0.490000  0.730000
   -2.962   -0.649    2.388    3.738    8.921    9.284   12.086   12.440
            0.190000  0.490000  0.740000
   -2.930   -0.665    2.357    3.694    8.971    9.265   12.177   12.422
            0.190000  0.490000  0.750000
   -2.898   -0.680    2.326    3.651    9.023    9.247   12.256   12.416
            0.190000  0.490000  0.760000
   -2.867   -0.694    2.295    3.609    9.075    9.230   12.297   12.447
            0.190000  0.490000  0.770000
   -2.836   -0.707    2.265    3.568    9.128    9.215   12.295   12.520
            0.190000  0.490000  0.780000
   -2.807   -0.719    2.235    3.528    9.173    9.210   12.277   12.609
            0.190000  0.490000  0.790000
   -2.778   -0.730    2.205    3.490    9.174    9.251   12.254   12.700
            0.190000  0.490000  0.800000
   -2.750   -0.740    2.176    3.453    9.161    9.307   12.226   12.689
            0.190000  0.490000  0.810000
   -2.723   -0.749    2.148    3.418    9.148    9.366   12.194   12.613
            0.190000  0.490000  0.820000
   -2.697   -0.757    2.119    3.385    9.134    9.427   12.157   12.542
            0.190000  0.490000  0.830000
   -2.672   -0.764    2.092    3.353    9.122    9.489   12.113   12.478
            0.190000  0.490000  0.840000
   -2.648   -0.770    2.065    3.323    9.109    9.552   12.062   12.423
            0.190000  0.490000  0.850000
   -2.626   -0.776    2.039    3.295    9.098    9.616   12.003   12.378
            0.190000  0.490000  0.860000
   -2.604   -0.781    2.014    3.268    9.087    9.681   11.937   12.341
            0.190000  0.490000  0.870000
   -2.584   -0.785    1.990    3.243    9.077    9.747   11.866   12.311
            0.190000  0.490000  0.880000
   -2.566   -0.788    1.967    3.221    9.068    9.814   11.791   12.286
            0.190000  0.490000  0.890000
   -2.548   -0.791    1.946    3.200    9.059    9.881   11.713   12.266
            0.190000  0.490000  0.900000
   -2.532   -0.794    1.926    3.180    9.051    9.949   11.635   12.249
            0.190000  0.490000  0.910000
   -2.518   -0.796    1.907    3.163    9.044   10.017   11.556   12.235
            0.190000  0.490000  0.920000
   -2.505   -0.797    1.890    3.148    9.037   10.085   11.478   12.223
            0.190000  0.490000  0.930000
   -2.493   -0.798    1.875    3.134    9.032   10.153   11.401   12.213
            0.190000  0.490000  0.940000
   -2.483   -0.799    1.861    3.122    9.027   10.219   11.326   12.204
            0.190000  0.490000  0.950000
   -2.475   -0.800    1.850    3.112    9.022   10.284   11.254   12.197
            0.190000  0.490000  0.960000
   -2.468   -0.800    1.840    3.104    9.019   10.345   11.186   12.192
            0.190000  0.490000  0.970000
   -2.462   -0.800    1.833    3.098    9.016   10.401   11.125   12.187
            0.190000  0.490000  0.980000
   -2.458   -0.801    1.827    3.093    9.014   10.448   11.075   12.184
            0.190000  0.490000  0.990000
   -2.456   -0.801    1.824    3.090    9.013   10.480   11.041   12.182
            0.190000  0.490000  1.000000
   -2.455   -0.801    1.823    3.089    9.013   10.491   11.029   12.182
