 &plot nbnd=   8, nks=   101 /
            0.220000  0.190000  0.000000
   -5.424    3.850    4.758    5.717    8.766    8.854    9.111   10.980
            0.220000  0.190000  0.010000
   -5.424    3.845    4.762    5.716    8.761    8.851    9.117   10.982
            0.220000  0.190000  0.020000
   -5.423    3.831    4.774    5.712    8.748    8.846    9.133   10.990
            0.220000  0.190000  0.030000
   -5.420    3.808    4.794    5.707    8.723    8.845    9.155   11.002
            0.220000  0.190000  0.040000
   -5.418    3.778    4.820    5.699    8.690    8.848    9.181   11.019
            0.220000  0.190000  0.050000
   -5.414    3.742    4.851    5.689    8.650    8.856    9.207   11.041
            0.220000  0.190000  0.060000
   -5.409    3.700    4.885    5.677    8.606    8.866    9.233   11.067
            0.220000  0.190000  0.070000
   -5.404    3.655    4.923    5.663    8.561    8.880    9.256   11.098
            0.220000  0.190000  0.080000
   -5.398    3.606    4.962    5.647    8.514    8.896    9.277   11.134
            0.220000  0.190000  0.090000
   -5.391    3.554    5.002    5.629    8.467    8.915    9.296   11.174
            0.220000  0.190000  0.100000
   -5.383    3.500    5.042    5.610    8.421    8.935    9.312   11.218
            0.220000  0.190000  0.110000
   -5.374    3.445    5.081    5.589    8.376    8.957    9.324   11.266
            0.220000  0.190000  0.120000
   -5.365    3.388    5.119    5.566    8.332    8.982    9.334   11.317
            0.220000  0.190000  0.130000
   -5.354    3.330    5.155    5.542    8.290    9.007    9.341   11.372
            0.220000  0.190000  0.140000
   -5.343    3.271    5.189    5.517    8.251    9.034    9.345   11.430
            0.220000  0.190000  0.150000
   -5.331    3.212    5.220    5.491    8.214    9.063    9.347   11.490
            0.220000  0.190000  0.160000
   -5.318    3.152    5.247    5.465    8.181    9.092    9.346   11.551
            0.220000  0.190000  0.170000
   -5.305    3.092    5.269    5.439    8.151    9.122    9.344   11.615
            0.220000  0.190000  0.180000
   -5.290    3.031    5.285    5.416    8.124    9.152    9.342   11.678
            0.220000  0.190000  0.190000
   -5.275    2.971    5.290    5.397    8.102    9.180    9.339   11.742
            0.220000  0.190000  0.200000
   -5.259    2.910    5.283    5.385    8.085    9.206    9.340   11.804
            0.220000  0.190000  0.210000
   -5.242    2.850    5.264    5.380    8.072    9.224    9.346   11.863
            0.220000  0.190000  0.220000
   -5.225    2.789    5.237    5.377    8.063    9.232    9.363   11.918
            0.220000  0.190000  0.230000
   -5.206    2.729    5.206    5.373    8.059    9.231    9.389   11.965
            0.220000  0.190000  0.240000
   -5.187    2.668    5.173    5.365    8.060    9.223    9.421   12.002
            0.220000  0.190000  0.250000
   -5.167    2.608    5.138    5.353    8.065    9.212    9.458   12.025
            0.220000  0.190000  0.260000
   -5.146    2.548    5.103    5.337    8.075    9.199    9.496   12.033
            0.220000  0.190000  0.270000
   -5.124    2.488    5.066    5.316    8.088    9.186    9.537   12.025
            0.220000  0.190000  0.280000
   -5.102    2.429    5.029    5.291    8.105    9.172    9.579   12.002
            0.220000  0.190000  0.290000
   -5.078    2.369    4.992    5.262    8.124    9.158    9.622   11.967
            0.220000  0.190000  0.300000
   -5.054    2.310    4.953    5.230    8.145    9.146    9.666   11.923
            0.220000  0.190000  0.310000
   -5.029    2.252    4.915    5.194    8.168    9.135    9.710   11.872
            0.220000  0.190000  0.320000
   -5.004    2.193    4.876    5.154    8.191    9.127    9.756   11.815
            0.220000  0.190000  0.330000
   -4.977    2.135    4.836    5.112    8.214    9.122    9.802   11.755
            0.220000  0.190000  0.340000
   -4.950    2.077    4.796    5.067    8.235    9.122    9.849   11.692
            0.220000  0.190000  0.350000
   -4.922    2.020    4.756    5.021    8.254    9.126    9.896   11.627
            0.220000  0.190000  0.360000
   -4.893    1.963    4.715    4.972    8.270    9.136    9.945   11.560
            0.220000  0.190000  0.370000
   -4.864    1.906    4.673    4.922    8.281    9.152    9.993   11.493
            0.220000  0.190000  0.380000
   -4.833    1.850    4.630    4.871    8.288    9.174   10.043   11.426
            0.220000  0.190000  0.390000
   -4.802    1.793    4.587    4.820    8.289    9.203   10.093   11.358
            0.220000  0.190000  0.400000
   -4.770    1.737    4.542    4.768    8.286    9.239   10.143   11.291
            0.220000  0.190000  0.410000
   -4.738    1.682    4.496    4.717    8.279    9.280   10.194   11.224
            0.220000  0.190000  0.420000
   -4.704    1.627    4.448    4.667    8.267    9.328   10.246   11.157
            0.220000  0.190000  0.430000
   -4.670    1.572    4.398    4.618    8.251    9.380   10.298   11.091
            0.220000  0.190000  0.440000
   -4.635    1.517    4.346    4.571    8.232    9.436   10.351   11.026
            0.220000  0.190000  0.450000
   -4.600    1.463    4.292    4.525    8.211    9.496   10.404   10.962
            0.220000  0.190000  0.460000
   -4.563    1.409    4.235    4.481    8.187    9.560   10.458   10.899
            0.220000  0.190000  0.470000
   -4.526    1.355    4.178    4.439    8.162    9.626   10.511   10.838
            0.220000  0.190000  0.480000
   -4.488    1.301    4.118    4.398    8.135    9.694   10.565   10.779
            0.220000  0.190000  0.490000
   -4.450    1.248    4.057    4.359    8.107    9.764   10.615   10.725
            0.220000  0.190000  0.500000
   -4.410    1.195    3.995    4.321    8.077    9.835   10.634   10.704
            0.220000  0.190000  0.510000
   -4.370    1.142    3.933    4.285    8.047    9.908   10.593   10.747
            0.220000  0.190000  0.520000
   -4.330    1.089    3.870    4.249    8.017    9.980   10.543   10.802
            0.220000  0.190000  0.530000
   -4.288    1.036    3.806    4.215    7.985   10.050   10.495   10.859
            0.220000  0.190000  0.540000
   -4.246    0.984    3.742    4.181    7.954   10.116   10.453   10.917
            0.220000  0.190000  0.550000
   -4.204    0.932    3.679    4.149    7.922   10.170   10.426   10.977
            0.220000  0.190000  0.560000
   -4.160    0.879    3.615    4.117    7.890   10.196   10.428   11.037
            0.220000  0.190000  0.570000
   -4.116    0.827    3.551    4.086    7.859   10.188   10.466   11.098
            0.220000  0.190000  0.580000
   -4.071    0.775    3.488    4.055    7.827   10.158   10.528   11.160
            0.220000  0.190000  0.590000
   -4.026    0.723    3.425    4.026    7.795   10.120   10.600   11.223
            0.220000  0.190000  0.600000
   -3.980    0.671    3.363    3.997    7.764   10.078   10.678   11.286
            0.220000  0.190000  0.610000
   -3.933    0.618    3.301    3.969    7.733   10.035   10.758   11.350
            0.220000  0.190000  0.620000
   -3.886    0.566    3.240    3.941    7.702    9.993   10.839   11.415
            0.220000  0.190000  0.630000
   -3.838    0.514    3.180    3.915    7.671    9.951   10.922   11.481
            0.220000  0.190000  0.640000
   -3.789    0.461    3.121    3.889    7.641    9.909   11.005   11.547
            0.220000  0.190000  0.650000
   -3.740    0.409    3.062    3.863    7.612    9.869   11.090   11.615
            0.220000  0.190000  0.660000
   -3.690    0.356    3.005    3.839    7.583    9.829   11.174   11.683
            0.220000  0.190000  0.670000
   -3.640    0.303    2.949    3.815    7.554    9.791   11.259   11.752
            0.220000  0.190000  0.680000
   -3.589    0.250    2.894    3.791    7.526    9.754   11.344   11.822
            0.220000  0.190000  0.690000
   -3.537    0.197    2.839    3.769    7.499    9.718   11.429   11.893
            0.220000  0.190000  0.700000
   -3.485    0.143    2.787    3.747    7.472    9.683   11.514   11.964
            0.220000  0.190000  0.710000
   -3.433    0.089    2.735    3.726    7.446    9.649   11.600   12.037
            0.220000  0.190000  0.720000
   -3.380    0.035    2.685    3.705    7.421    9.616   11.685   12.111
            0.220000  0.190000  0.730000
   -3.327   -0.019    2.637    3.685    7.396    9.585   11.770   12.185
            0.220000  0.190000  0.740000
   -3.273   -0.074    2.589    3.666    7.372    9.555   11.856   12.261
            0.220000  0.190000  0.750000
   -3.218   -0.129    2.544    3.648    7.349    9.525   11.941   12.337
            0.220000  0.190000  0.760000
   -3.163   -0.184    2.499    3.630    7.326    9.498   12.026   12.414
            0.220000  0.190000  0.770000
   -3.108   -0.240    2.457    3.613    7.305    9.471   12.111   12.493
            0.220000  0.190000  0.780000
   -3.053   -0.295    2.416    3.597    7.284    9.445   12.195   12.572
            0.220000  0.190000  0.790000
   -2.997   -0.351    2.377    3.581    7.264    9.421   12.280   12.652
            0.220000  0.190000  0.800000
   -2.941   -0.408    2.339    3.566    7.245    9.398   12.364   12.733
            0.220000  0.190000  0.810000
   -2.884   -0.464    2.303    3.552    7.226    9.376   12.448   12.814
            0.220000  0.190000  0.820000
   -2.828   -0.521    2.269    3.539    7.209    9.355   12.532   12.897
            0.220000  0.190000  0.830000
   -2.771   -0.578    2.237    3.526    7.192    9.335   12.616   12.980
            0.220000  0.190000  0.840000
   -2.714   -0.635    2.206    3.514    7.177    9.317   12.699   13.064
            0.220000  0.190000  0.850000
   -2.657   -0.692    2.178    3.502    7.162    9.299   12.782   13.148
            0.220000  0.190000  0.860000
   -2.600   -0.749    2.151    3.492    7.148    9.283   12.865   13.233
            0.220000  0.190000  0.870000
   -2.543   -0.806    2.125    3.482    7.135    9.268   12.948   13.318
            0.220000  0.190000  0.880000
   -2.487   -0.863    2.102    3.473    7.123    9.254   13.029   13.403
            0.220000  0.190000  0.890000
   -2.430   -0.919    2.081    3.464    7.112    9.241   13.110   13.489
            0.220000  0.190000  0.900000
   -2.375   -0.974    2.061    3.457    7.102    9.229   13.191   13.574
            0.220000  0.190000  0.910000
   -2.320   -1.029    2.043    3.450    7.092    9.219   13.270   13.659
            0.220000  0.190000  0.920000
   -2.267   -1.083    2.028    3.444    7.084    9.209   13.348   13.744
            0.220000  0.190000  0.930000
   -2.215   -1.134    2.014    3.438    7.077    9.201   13.423   13.827
            0.220000  0.190000  0.940000
   -2.166   -1.184    2.001    3.433    7.071    9.194   13.496   13.910
            0.220000  0.190000  0.950000
   -2.119   -1.230    1.991    3.429    7.065    9.188   13.564   13.991
            0.220000  0.190000  0.960000
   -2.078   -1.272    1.983    3.426    7.061    9.183   13.627   14.069
            0.220000  0.190000  0.970000
   -2.042   -1.308    1.976    3.423    7.057    9.179   13.681   14.143
            0.220000  0.190000  0.980000
   -2.013   -1.336    1.971    3.421    7.055    9.176   13.724   14.211
            0.220000  0.190000  0.990000
   -1.995   -1.355    1.969    3.420    7.054    9.174   13.751   14.270
            0.220000  0.190000  1.000000
   -1.989   -1.361    1.968    3.420    7.053    9.174   13.761   14.297
