 &plot nbnd=   8, nks=   101 /
            0.440000 -0.360000 -1.000000
   -3.054   -0.285    1.809    4.072    7.991   11.219   12.146   12.285
            0.440000 -0.360000 -0.980000
   -3.054   -0.291    1.819    4.073    7.992   11.192   12.147   12.289
            0.440000 -0.360000 -0.960000
   -3.056   -0.308    1.848    4.077    7.997   11.118   12.111   12.338
            0.440000 -0.360000 -0.940000
   -3.059   -0.334    1.895    4.082    8.004   11.015   12.022   12.442
            0.440000 -0.360000 -0.920000
   -3.063   -0.369    1.959    4.090    8.015   10.894   11.906   12.574
            0.440000 -0.360000 -0.900000
   -3.069   -0.409    2.037    4.100    8.027   10.764   11.775   12.722
            0.440000 -0.360000 -0.880000
   -3.076   -0.453    2.127    4.113    8.043   10.629   11.635   12.878
            0.440000 -0.360000 -0.860000
   -3.085   -0.500    2.228    4.127    8.061   10.492   11.491   13.036
            0.440000 -0.360000 -0.840000
   -3.097   -0.546    2.338    4.144    8.081   10.355   11.346   13.188
            0.440000 -0.360000 -0.820000
   -3.111   -0.591    2.456    4.162    8.102   10.219   11.201   13.310
            0.440000 -0.360000 -0.800000
   -3.127   -0.634    2.579    4.183    8.125   10.085   11.057   13.382
            0.440000 -0.360000 -0.780000
   -3.146   -0.672    2.707    4.206    8.148    9.953   10.916   13.425
            0.440000 -0.360000 -0.760000
   -3.168   -0.705    2.839    4.231    8.171    9.826   10.778   13.459
            0.440000 -0.360000 -0.740000
   -3.194   -0.733    2.973    4.258    8.192    9.703   10.644   13.490
            0.440000 -0.360000 -0.720000
   -3.222   -0.754    3.109    4.287    8.210    9.587   10.514   13.519
            0.440000 -0.360000 -0.700000
   -3.254   -0.769    3.246    4.318    8.223    9.480   10.389   13.549
            0.440000 -0.360000 -0.680000
   -3.288   -0.776    3.383    4.351    8.227    9.383   10.270   13.577
            0.440000 -0.360000 -0.660000
   -3.326   -0.777    3.518    4.385    8.221    9.302   10.156   13.605
            0.440000 -0.360000 -0.640000
   -3.366   -0.770    3.651    4.422    8.201    9.237   10.049   13.631
            0.440000 -0.360000 -0.620000
   -3.409   -0.756    3.780    4.461    8.166    9.192    9.948   13.654
            0.440000 -0.360000 -0.600000
   -3.454   -0.735    3.905    4.503    8.116    9.167    9.853   13.675
            0.440000 -0.360000 -0.580000
   -3.500   -0.708    4.022    4.547    8.053    9.159    9.766   13.692
            0.440000 -0.360000 -0.560000
   -3.548   -0.674    4.132    4.593    7.982    9.166    9.685   13.706
            0.440000 -0.360000 -0.540000
   -3.597   -0.633    4.231    4.641    7.906    9.184    9.611   13.717
            0.440000 -0.360000 -0.520000
   -3.647   -0.587    4.320    4.690    7.831    9.210    9.544   13.724
            0.440000 -0.360000 -0.500000
   -3.697   -0.535    4.398    4.737    7.761    9.241    9.485   13.729
            0.440000 -0.360000 -0.480000
   -3.747   -0.477    4.466    4.779    7.700    9.276    9.433   13.732
            0.440000 -0.360000 -0.460000
   -3.797   -0.415    4.525    4.813    7.651    9.312    9.389   13.732
            0.440000 -0.360000 -0.440000
   -3.846   -0.347    4.578    4.834    7.617    9.334    9.368   13.728
            0.440000 -0.360000 -0.420000
   -3.895   -0.275    4.624    4.839    7.601    9.312    9.398   13.714
            0.440000 -0.360000 -0.400000
   -3.942   -0.199    4.666    4.826    7.603    9.288    9.436   13.685
            0.440000 -0.360000 -0.380000
   -3.988   -0.118    4.704    4.795    7.624    9.269    9.475   13.628
            0.440000 -0.360000 -0.360000
   -4.033   -0.034    4.727    4.756    7.663    9.256    9.514   13.538
            0.440000 -0.360000 -0.340000
   -4.076    0.054    4.673    4.776    7.718    9.249    9.554   13.417
            0.440000 -0.360000 -0.320000
   -4.117    0.145    4.593    4.804    7.787    9.246    9.596   13.272
            0.440000 -0.360000 -0.300000
   -4.156    0.240    4.500    4.831    7.866    9.247    9.638   13.113
            0.440000 -0.360000 -0.280000
   -4.193    0.337    4.396    4.856    7.954    9.252    9.684   12.947
            0.440000 -0.360000 -0.260000
   -4.228    0.436    4.285    4.878    8.049    9.259    9.732   12.778
            0.440000 -0.360000 -0.240000
   -4.261    0.538    4.167    4.899    8.147    9.270    9.785   12.608
            0.440000 -0.360000 -0.220000
   -4.291    0.641    4.046    4.917    8.247    9.282    9.843   12.440
            0.440000 -0.360000 -0.200000
   -4.319    0.745    3.922    4.934    8.347    9.296    9.905   12.275
            0.440000 -0.360000 -0.180000
   -4.345    0.849    3.798    4.948    8.444    9.313    9.973   12.114
            0.440000 -0.360000 -0.160000
   -4.368    0.953    3.675    4.961    8.536    9.332   10.045   11.959
            0.440000 -0.360000 -0.140000
   -4.388    1.055    3.554    4.972    8.621    9.354   10.120   11.811
            0.440000 -0.360000 -0.120000
   -4.406    1.153    3.439    4.981    8.697    9.380   10.198   11.671
            0.440000 -0.360000 -0.100000
   -4.421    1.247    3.331    4.989    8.762    9.408   10.276   11.541
            0.440000 -0.360000 -0.080000
   -4.433    1.332    3.233    4.995    8.814    9.438   10.353   11.423
            0.440000 -0.360000 -0.060000
   -4.443    1.405    3.150    5.000    8.854    9.468   10.424   11.321
            0.440000 -0.360000 -0.040000
   -4.450    1.463    3.085    5.003    8.881    9.493   10.484   11.238
            0.440000 -0.360000 -0.020000
   -4.454    1.500    3.043    5.005    8.897    9.509   10.526   11.183
            0.440000 -0.360000  0.000000
   -4.455    1.513    3.029    5.006    8.903    9.515   10.541   11.164
            0.440000 -0.360000  0.020000
   -4.454    1.500    3.043    5.005    8.897    9.509   10.526   11.183
            0.440000 -0.360000  0.040000
   -4.450    1.463    3.085    5.003    8.881    9.493   10.484   11.238
            0.440000 -0.360000  0.060000
   -4.443    1.405    3.150    5.000    8.854    9.468   10.424   11.321
            0.440000 -0.360000  0.080000
   -4.433    1.332    3.233    4.995    8.814    9.438   10.353   11.423
            0.440000 -0.360000  0.100000
   -4.421    1.247    3.331    4.989    8.762    9.408   10.276   11.541
            0.440000 -0.360000  0.120000
   -4.406    1.153    3.439    4.981    8.697    9.380   10.198   11.671
            0.440000 -0.360000  0.140000
   -4.388    1.055    3.554    4.972    8.621    9.354   10.120   11.811
            0.440000 -0.360000  0.160000
   -4.368    0.953    3.675    4.961    8.536    9.332   10.045   11.959
            0.440000 -0.360000  0.180000
   -4.345    0.849    3.798    4.948    8.444    9.313    9.973   12.114
            0.440000 -0.360000  0.200000
   -4.319    0.745    3.922    4.934    8.347    9.296    9.905   12.275
            0.440000 -0.360000  0.220000
   -4.291    0.641    4.046    4.917    8.247    9.282    9.843   12.440
            0.440000 -0.360000  0.240000
   -4.261    0.538    4.167    4.899    8.147    9.270    9.785   12.608
            0.440000 -0.360000  0.260000
   -4.228    0.436    4.285    4.878    8.049    9.259    9.732   12.778
            0.440000 -0.360000  0.280000
   -4.193    0.337    4.396    4.856    7.954    9.252    9.684   12.947
            0.440000 -0.360000  0.300000
   -4.156    0.240    4.500    4.831    7.866    9.247    9.638   13.113
            0.440000 -0.360000  0.320000
   -4.117    0.145    4.593    4.804    7.787    9.246    9.596   13.272
            0.440000 -0.360000  0.340000
   -4.076    0.054    4.673    4.776    7.718    9.249    9.554   13.417
            0.440000 -0.360000  0.360000
   -4.033   -0.034    4.727    4.756    7.663    9.256    9.514   13.538
            0.440000 -0.360000  0.380000
   -3.988   -0.118    4.704    4.795    7.624    9.269    9.475   13.628
            0.440000 -0.360000  0.400000
   -3.942   -0.199    4.666    4.826    7.603    9.288    9.436   13.685
            0.440000 -0.360000  0.420000
   -3.895   -0.275    4.624    4.839    7.601    9.312    9.398   13.714
            0.440000 -0.360000  0.440000
   -3.846   -0.347    4.578    4.834    7.617    9.334    9.368   13.728
            0.440000 -0.360000  0.460000
   -3.797   -0.415    4.525    4.813    7.651    9.312    9.389   13.732
            0.440000 -0.360000  0.480000
   -3.747   -0.477    4.466    4.779    7.700    9.276    9.433   13.732
            0.440000 -0.360000  0.500000
   -3.697   -0.535    4.398    4.737    7.761    9.241    9.485   13.729
            0.440000 -0.360000  0.520000
   -3.647   -0.587    4.320    4.690    7.831    9.210    9.544   13.724
            0.440000 -0.360000  0.540000
   -3.597   -0.633    4.231    4.641    7.906    9.184    9.611   13.717
            0.440000 -0.360000  0.560000
   -3.548   -0.674    4.132    4.593    7.982    9.166    9.685   13.706
            0.440000 -0.360000  0.580000
   -3.500   -0.708    4.022    4.547    8.053    9.159    9.766   13.692
            0.440000 -0.360000  0.600000
   -3.454   -0.735    3.905    4.503    8.116    9.167    9.853   13.675
            0.440000 -0.360000  0.620000
   -3.409   -0.756    3.780    4.461    8.166    9.192    9.948   13.654
            0.440000 -0.360000  0.640000
   -3.366   -0.770    3.651    4.422    8.201    9.237   10.049   13.631
            0.440000 -0.360000  0.660000
   -3.326   -0.777    3.518    4.385    8.221    9.302   10.156   13.605
            0.440000 -0.360000  0.680000
   -3.288   -0.776    3.383    4.351    8.227    9.383   10.270   13.577
            0.440000 -0.360000  0.700000
   -3.254   -0.769    3.246    4.318    8.223    9.480   10.389   13.549
            0.440000 -0.360000  0.720000
   -3.222   -0.754    3.109    4.287    8.210    9.587   10.514   13.519
            0.440000 -0.360000  0.740000
   -3.194   -0.733    2.973    4.258    8.192    9.703   10.644   13.490
            0.440000 -0.360000  0.760000
   -3.168   -0.705    2.839    4.231    8.171    9.826   10.778   13.459
            0.440000 -0.360000  0.780000
   -3.146   -0.672    2.707    4.206    8.148    9.953   10.916   13.425
            0.440000 -0.360000  0.800000
   -3.127   -0.634    2.579    4.183    8.125   10.085   11.057   13.382
            0.440000 -0.360000  0.820000
   -3.111   -0.591    2.456    4.162    8.102   10.219   11.201   13.310
            0.440000 -0.360000  0.840000
   -3.097   -0.546    2.338    4.144    8.081   10.355   11.346   13.188
            0.440000 -0.360000  0.860000
   -3.085   -0.500    2.228    4.127    8.061   10.492   11.491   13.036
            0.440000 -0.360000  0.880000
   -3.076   -0.453    2.127    4.113    8.043   10.629   11.635   12.878
            0.440000 -0.360000  0.900000
   -3.069   -0.409    2.037    4.100    8.027   10.764   11.775   12.722
            0.440000 -0.360000  0.920000
   -3.063   -0.369    1.959    4.090    8.015   10.894   11.906   12.574
            0.440000 -0.360000  0.940000
   -3.059   -0.334    1.895    4.082    8.004   11.015   12.022   12.442
            0.440000 -0.360000  0.960000
   -3.056   -0.308    1.848    4.077    7.997   11.118   12.111   12.338
            0.440000 -0.360000  0.980000
   -3.054   -0.291    1.819    4.073    7.992   11.192   12.147   12.289
            0.440000 -0.360000  1.000000
   -3.054   -0.285    1.809    4.072    7.991   11.219   12.146   12.285
