 &plot nbnd=   8, nks=   101 /
            0.580000  0.180000  0.000000
   -4.251    1.425    3.348    3.969    7.621    9.013   11.098   12.184
            0.580000  0.180000  0.010000
   -4.250    1.424    3.349    3.968    7.621    9.016   11.097   12.180
            0.580000  0.180000  0.020000
   -4.249    1.419    3.352    3.968    7.620    9.024   11.096   12.166
            0.580000  0.180000  0.030000
   -4.247    1.410    3.357    3.968    7.619    9.039   11.094   12.143
            0.580000  0.180000  0.040000
   -4.245    1.398    3.364    3.967    7.618    9.058   11.091   12.113
            0.580000  0.180000  0.050000
   -4.242    1.384    3.372    3.967    7.617    9.083   11.087   12.074
            0.580000  0.180000  0.060000
   -4.238    1.366    3.381    3.966    7.615    9.114   11.082   12.030
            0.580000  0.180000  0.070000
   -4.233    1.345    3.392    3.966    7.615    9.149   11.076   11.980
            0.580000  0.180000  0.080000
   -4.228    1.322    3.404    3.965    7.615    9.188   11.068   11.924
            0.580000  0.180000  0.090000
   -4.222    1.296    3.416    3.965    7.616    9.232   11.059   11.866
            0.580000  0.180000  0.100000
   -4.216    1.268    3.428    3.965    7.618    9.280   11.047   11.804
            0.580000  0.180000  0.110000
   -4.208    1.237    3.440    3.966    7.622    9.332   11.034   11.741
            0.580000  0.180000  0.120000
   -4.200    1.205    3.451    3.967    7.628    9.387   11.017   11.677
            0.580000  0.180000  0.130000
   -4.192    1.172    3.462    3.969    7.636    9.445   10.997   11.613
            0.580000  0.180000  0.140000
   -4.182    1.136    3.472    3.973    7.646    9.507   10.973   11.551
            0.580000  0.180000  0.150000
   -4.172    1.100    3.479    3.977    7.658    9.571   10.943   11.492
            0.580000  0.180000  0.160000
   -4.161    1.062    3.485    3.983    7.673    9.638   10.907   11.437
            0.580000  0.180000  0.170000
   -4.150    1.023    3.489    3.990    7.690    9.707   10.865   11.387
            0.580000  0.180000  0.180000
   -4.138    0.983    3.491    3.999    7.711    9.779   10.815   11.343
            0.580000  0.180000  0.190000
   -4.125    0.942    3.490    4.009    7.734    9.853   10.758   11.305
            0.580000  0.180000  0.200000
   -4.112    0.901    3.486    4.021    7.759    9.928   10.695   11.272
            0.580000  0.180000  0.210000
   -4.098    0.859    3.480    4.035    7.788   10.006   10.627   11.244
            0.580000  0.180000  0.220000
   -4.083    0.817    3.472    4.049    7.820   10.084   10.555   11.220
            0.580000  0.180000  0.230000
   -4.068    0.775    3.462    4.065    7.854   10.161   10.483   11.198
            0.580000  0.180000  0.240000
   -4.052    0.732    3.449    4.081    7.892   10.232   10.416   11.179
            0.580000  0.180000  0.250000
   -4.036    0.689    3.435    4.099    7.932   10.258   10.392   11.162
            0.580000  0.180000  0.260000
   -4.019    0.646    3.419    4.117    7.975   10.205   10.448   11.146
            0.580000  0.180000  0.270000
   -4.001    0.602    3.401    4.135    8.020   10.129   10.527   11.131
            0.580000  0.180000  0.280000
   -3.983    0.559    3.381    4.154    8.069   10.048   10.612   11.119
            0.580000  0.180000  0.290000
   -3.964    0.516    3.360    4.172    8.120    9.965   10.697   11.108
            0.580000  0.180000  0.300000
   -3.944    0.473    3.338    4.191    8.173    9.881   10.781   11.102
            0.580000  0.180000  0.310000
   -3.924    0.431    3.315    4.210    8.229    9.798   10.858   11.103
            0.580000  0.180000  0.320000
   -3.904    0.388    3.291    4.228    8.286    9.715   10.919   11.122
            0.580000  0.180000  0.330000
   -3.883    0.346    3.266    4.246    8.346    9.633   10.953   11.170
            0.580000  0.180000  0.340000
   -3.861    0.304    3.240    4.264    8.406    9.553   10.961   11.245
            0.580000  0.180000  0.350000
   -3.839    0.263    3.214    4.281    8.468    9.475   10.958   11.332
            0.580000  0.180000  0.360000
   -3.816    0.222    3.187    4.298    8.531    9.399   10.948   11.426
            0.580000  0.180000  0.370000
   -3.793    0.181    3.159    4.314    8.592    9.328   10.936   11.524
            0.580000  0.180000  0.380000
   -3.769    0.141    3.131    4.329    8.650    9.263   10.922   11.625
            0.580000  0.180000  0.390000
   -3.745    0.102    3.103    4.343    8.702    9.208   10.908   11.727
            0.580000  0.180000  0.400000
   -3.721    0.063    3.074    4.356    8.740    9.171   10.892   11.831
            0.580000  0.180000  0.410000
   -3.696    0.025    3.045    4.369    8.755    9.159   10.876   11.936
            0.580000  0.180000  0.420000
   -3.671   -0.013    3.016    4.380    8.744    9.178   10.859   12.043
            0.580000  0.180000  0.430000
   -3.645   -0.050    2.986    4.390    8.711    9.222   10.842   12.150
            0.580000  0.180000  0.440000
   -3.619   -0.086    2.957    4.398    8.665    9.283   10.824   12.259
            0.580000  0.180000  0.450000
   -3.592   -0.122    2.927    4.405    8.613    9.353   10.806   12.368
            0.580000  0.180000  0.460000
   -3.566   -0.157    2.898    4.411    8.559    9.430   10.788   12.479
            0.580000  0.180000  0.470000
   -3.539   -0.191    2.869    4.415    8.504    9.512   10.770   12.590
            0.580000  0.180000  0.480000
   -3.512   -0.224    2.839    4.417    8.451    9.596   10.752   12.703
            0.580000  0.180000  0.490000
   -3.484   -0.257    2.810    4.417    8.399    9.683   10.733   12.816
            0.580000  0.180000  0.500000
   -3.456   -0.288    2.781    4.415    8.349    9.771   10.715   12.929
            0.580000  0.180000  0.510000
   -3.429   -0.319    2.753    4.411    8.302    9.861   10.697   13.044
            0.580000  0.180000  0.520000
   -3.401   -0.349    2.724    4.405    8.257    9.953   10.679   13.158
            0.580000  0.180000  0.530000
   -3.373   -0.378    2.696    4.397    8.216   10.045   10.662   13.273
            0.580000  0.180000  0.540000
   -3.344   -0.406    2.668    4.387    8.178   10.137   10.646   13.389
            0.580000  0.180000  0.550000
   -3.316   -0.432    2.641    4.374    8.144   10.229   10.631   13.503
            0.580000  0.180000  0.560000
   -3.288   -0.458    2.614    4.358    8.113   10.317   10.621   13.613
            0.580000  0.180000  0.570000
   -3.260   -0.483    2.587    4.341    8.086   10.397   10.620   13.707
            0.580000  0.180000  0.580000
   -3.232   -0.507    2.561    4.321    8.063   10.455   10.643   13.723
            0.580000  0.180000  0.590000
   -3.204   -0.530    2.535    4.298    8.044   10.478   10.700   13.651
            0.580000  0.180000  0.600000
   -3.176   -0.552    2.509    4.273    8.028   10.478   10.782   13.557
            0.580000  0.180000  0.610000
   -3.148   -0.572    2.484    4.246    8.016   10.468   10.875   13.458
            0.580000  0.180000  0.620000
   -3.121   -0.592    2.460    4.217    8.008   10.454   10.972   13.357
            0.580000  0.180000  0.630000
   -3.094   -0.610    2.436    4.186    8.004   10.439   11.072   13.255
            0.580000  0.180000  0.640000
   -3.067   -0.627    2.413    4.152    8.004   10.423   11.173   13.152
            0.580000  0.180000  0.650000
   -3.041   -0.643    2.390    4.117    8.007   10.406   11.275   13.049
            0.580000  0.180000  0.660000
   -3.015   -0.657    2.368    4.080    8.014   10.389   11.379   12.947
            0.580000  0.180000  0.670000
   -2.989   -0.671    2.346    4.041    8.024   10.372   11.482   12.844
            0.580000  0.180000  0.680000
   -2.965   -0.683    2.325    4.001    8.038   10.355   11.587   12.742
            0.580000  0.180000  0.690000
   -2.940   -0.694    2.305    3.960    8.055   10.339   11.691   12.641
            0.580000  0.180000  0.700000
   -2.916   -0.704    2.285    3.917    8.075   10.322   11.796   12.540
            0.580000  0.180000  0.710000
   -2.893   -0.713    2.266    3.873    8.098   10.306   11.900   12.440
            0.580000  0.180000  0.720000
   -2.871   -0.720    2.248    3.829    8.124   10.290   12.004   12.341
            0.580000  0.180000  0.730000
   -2.849   -0.726    2.230    3.784    8.153   10.275   12.101   12.250
            0.580000  0.180000  0.740000
   -2.828   -0.731    2.213    3.739    8.185   10.259   12.117   12.240
            0.580000  0.180000  0.750000
   -2.808   -0.735    2.197    3.693    8.219   10.244   12.031   12.333
            0.580000  0.180000  0.760000
   -2.789   -0.738    2.181    3.647    8.256   10.230   11.936   12.436
            0.580000  0.180000  0.770000
   -2.770   -0.740    2.167    3.602    8.295   10.216   11.840   12.540
            0.580000  0.180000  0.780000
   -2.753   -0.741    2.152    3.556    8.336   10.202   11.744   12.644
            0.580000  0.180000  0.790000
   -2.736   -0.740    2.139    3.511    8.380   10.188   11.649   12.747
            0.580000  0.180000  0.800000
   -2.720   -0.739    2.126    3.467    8.426   10.175   11.554   12.849
            0.580000  0.180000  0.810000
   -2.705   -0.737    2.114    3.423    8.473   10.162   11.461   12.948
            0.580000  0.180000  0.820000
   -2.691   -0.735    2.103    3.380    8.523   10.150   11.369   13.043
            0.580000  0.180000  0.830000
   -2.677   -0.732    2.093    3.339    8.574   10.137   11.278   13.126
            0.580000  0.180000  0.840000
   -2.665   -0.728    2.083    3.298    8.627   10.125   11.188   13.184
            0.580000  0.180000  0.850000
   -2.654   -0.723    2.074    3.259    8.681   10.113   11.099   13.208
            0.580000  0.180000  0.860000
   -2.643   -0.719    2.066    3.222    8.737   10.101   11.013   13.212
            0.580000  0.180000  0.870000
   -2.633   -0.714    2.058    3.186    8.795   10.089   10.928   13.209
            0.580000  0.180000  0.880000
   -2.624   -0.708    2.051    3.152    8.854   10.076   10.845   13.203
            0.580000  0.180000  0.890000
   -2.616   -0.703    2.045    3.120    8.913   10.063   10.764   13.196
            0.580000  0.180000  0.900000
   -2.609   -0.698    2.040    3.090    8.974   10.049   10.687   13.190
            0.580000  0.180000  0.910000
   -2.602   -0.693    2.035    3.063    9.036   10.033   10.613   13.184
            0.580000  0.180000  0.920000
   -2.596   -0.688    2.031    3.038    9.099   10.015   10.544   13.178
            0.580000  0.180000  0.930000
   -2.591   -0.684    2.027    3.016    9.162    9.994   10.481   13.172
            0.580000  0.180000  0.940000
   -2.587   -0.680    2.024    2.996    9.225    9.968   10.424   13.168
            0.580000  0.180000  0.950000
   -2.583   -0.676    2.021    2.979    9.287    9.938   10.376   13.164
            0.580000  0.180000  0.960000
   -2.580   -0.673    2.019    2.965    9.348    9.903   10.337   13.160
            0.580000  0.180000  0.970000
   -2.578   -0.671    2.018    2.954    9.405    9.864   10.308   13.158
            0.580000  0.180000  0.980000
   -2.576   -0.669    2.016    2.947    9.457    9.826   10.288   13.156
            0.580000  0.180000  0.990000
   -2.575   -0.668    2.016    2.942    9.495    9.795   10.276   13.155
            0.580000  0.180000  1.000000
   -2.575   -0.667    2.015    2.940    9.510    9.783   10.272   13.154
