 &plot nbnd=   8, nks=   101 /
            0.430000  0.940000  0.000000
   -1.921   -1.290    2.103    2.423    9.620    9.727   10.940   11.926
            0.430000  0.940000  0.010000
   -1.923   -1.288    2.100    2.429    9.582    9.766   10.941   11.926
            0.430000  0.940000  0.020000
   -1.929   -1.283    2.089    2.443    9.516    9.834   10.943   11.928
            0.430000  0.940000  0.030000
   -1.939   -1.274    2.073    2.466    9.445    9.907   10.947   11.930
            0.430000  0.940000  0.040000
   -1.952   -1.262    2.054    2.496    9.375    9.982   10.952   11.934
            0.430000  0.940000  0.050000
   -1.969   -1.248    2.033    2.530    9.304   10.058   10.959   11.939
            0.430000  0.940000  0.060000
   -1.989   -1.232    2.011    2.567    9.235   10.133   10.968   11.944
            0.430000  0.940000  0.070000
   -2.011   -1.213    1.989    2.608    9.166   10.208   10.980   11.951
            0.430000  0.940000  0.080000
   -2.035   -1.193    1.967    2.651    9.098   10.282   10.994   11.958
            0.430000  0.940000  0.090000
   -2.061   -1.171    1.946    2.696    9.032   10.354   11.011   11.967
            0.430000  0.940000  0.100000
   -2.089   -1.148    1.926    2.743    8.967   10.424   11.032   11.977
            0.430000  0.940000  0.110000
   -2.118   -1.124    1.906    2.791    8.903   10.491   11.058   11.987
            0.430000  0.940000  0.120000
   -2.149   -1.099    1.888    2.840    8.840   10.553   11.090   11.999
            0.430000  0.940000  0.130000
   -2.180   -1.073    1.872    2.891    8.779   10.610   11.128   12.012
            0.430000  0.940000  0.140000
   -2.213   -1.046    1.856    2.943    8.719   10.660   11.174   12.026
            0.430000  0.940000  0.150000
   -2.246   -1.019    1.842    2.995    8.661   10.705   11.228   12.041
            0.430000  0.940000  0.160000
   -2.280   -0.992    1.830    3.048    8.605   10.743   11.288   12.057
            0.430000  0.940000  0.170000
   -2.315   -0.964    1.819    3.102    8.550   10.776   11.355   12.075
            0.430000  0.940000  0.180000
   -2.350   -0.936    1.809    3.157    8.497   10.805   11.427   12.093
            0.430000  0.940000  0.190000
   -2.386   -0.907    1.801    3.212    8.446   10.831   11.503   12.113
            0.430000  0.940000  0.200000
   -2.423   -0.878    1.794    3.267    8.396   10.853   11.582   12.134
            0.430000  0.940000  0.210000
   -2.459   -0.848    1.789    3.322    8.349   10.874   11.663   12.157
            0.430000  0.940000  0.220000
   -2.496   -0.818    1.785    3.377    8.304   10.893   11.746   12.182
            0.430000  0.940000  0.230000
   -2.534   -0.788    1.783    3.432    8.261   10.912   11.829   12.208
            0.430000  0.940000  0.240000
   -2.571   -0.758    1.782    3.487    8.220   10.929   11.911   12.238
            0.430000  0.940000  0.250000
   -2.609   -0.727    1.782    3.542    8.182   10.946   11.990   12.272
            0.430000  0.940000  0.260000
   -2.647   -0.696    1.784    3.596    8.146   10.963   12.064   12.310
            0.430000  0.940000  0.270000
   -2.685   -0.664    1.787    3.650    8.112   10.979   12.131   12.354
            0.430000  0.940000  0.280000
   -2.723   -0.632    1.792    3.703    8.082   10.996   12.188   12.404
            0.430000  0.940000  0.290000
   -2.761   -0.600    1.798    3.754    8.054   11.012   12.235   12.454
            0.430000  0.940000  0.300000
   -2.800   -0.568    1.805    3.805    8.029   11.028   12.272   12.491
            0.430000  0.940000  0.310000
   -2.838   -0.535    1.813    3.855    8.008   11.044   12.299   12.500
            0.430000  0.940000  0.320000
   -2.876   -0.502    1.823    3.903    7.989   11.060   12.305   12.485
            0.430000  0.940000  0.330000
   -2.914   -0.469    1.834    3.950    7.974   11.077   12.273   12.475
            0.430000  0.940000  0.340000
   -2.952   -0.435    1.847    3.994    7.962   11.093   12.203   12.488
            0.430000  0.940000  0.350000
   -2.990   -0.401    1.860    4.038    7.954   11.109   12.114   12.512
            0.430000  0.940000  0.360000
   -3.027   -0.366    1.875    4.079    7.950   11.125   12.016   12.541
            0.430000  0.940000  0.370000
   -3.065   -0.332    1.891    4.118    7.949   11.141   11.914   12.572
            0.430000  0.940000  0.380000
   -3.102   -0.297    1.908    4.155    7.952   11.156   11.810   12.604
            0.430000  0.940000  0.390000
   -3.139   -0.261    1.927    4.189    7.960   11.171   11.705   12.635
            0.430000  0.940000  0.400000
   -3.176   -0.225    1.946    4.221    7.971   11.184   11.602   12.665
            0.430000  0.940000  0.410000
   -3.212   -0.189    1.966    4.251    7.986   11.193   11.501   12.690
            0.430000  0.940000  0.420000
   -3.249   -0.153    1.988    4.278    8.005   11.193   11.411   12.701
            0.430000  0.940000  0.430000
   -3.285   -0.116    2.011    4.302    8.029   11.167   11.346   12.684
            0.430000  0.940000  0.440000
   -3.320   -0.078    2.034    4.324    8.056   11.101   11.321   12.626
            0.430000  0.940000  0.450000
   -3.355   -0.041    2.059    4.343    8.088   11.010   11.321   12.540
            0.430000  0.940000  0.460000
   -3.390   -0.003    2.085    4.360    8.123   10.910   11.330   12.441
            0.430000  0.940000  0.470000
   -3.425    0.035    2.111    4.374    8.162   10.807   11.343   12.337
            0.430000  0.940000  0.480000
   -3.459    0.074    2.139    4.386    8.206   10.703   11.357   12.232
            0.430000  0.940000  0.490000
   -3.492    0.113    2.167    4.395    8.253   10.598   11.371   12.127
            0.430000  0.940000  0.500000
   -3.525    0.152    2.197    4.402    8.303   10.494   11.384   12.023
            0.430000  0.940000  0.510000
   -3.558    0.191    2.227    4.407    8.357   10.390   11.395   11.922
            0.430000  0.940000  0.520000
   -3.590    0.231    2.258    4.409    8.414   10.286   11.403   11.825
            0.430000  0.940000  0.530000
   -3.622    0.271    2.290    4.410    8.475   10.182   11.403   11.736
            0.430000  0.940000  0.540000
   -3.653    0.311    2.323    4.408    8.538   10.080   11.388   11.663
            0.430000  0.940000  0.550000
   -3.684    0.352    2.356    4.405    8.605    9.978   11.349   11.616
            0.430000  0.940000  0.560000
   -3.714    0.392    2.390    4.401    8.674    9.877   11.284   11.596
            0.430000  0.940000  0.570000
   -3.744    0.433    2.425    4.394    8.745    9.777   11.202   11.594
            0.430000  0.940000  0.580000
   -3.773    0.474    2.461    4.387    8.819    9.678   11.113   11.600
            0.430000  0.940000  0.590000
   -3.801    0.516    2.497    4.378    8.894    9.580   11.020   11.611
            0.430000  0.940000  0.600000
   -3.829    0.557    2.534    4.367    8.970    9.485   10.925   11.625
            0.430000  0.940000  0.610000
   -3.857    0.599    2.572    4.356    9.046    9.393   10.831   11.639
            0.430000  0.940000  0.620000
   -3.884    0.640    2.610    4.344    9.115    9.311   10.737   11.655
            0.430000  0.940000  0.630000
   -3.910    0.682    2.648    4.331    9.135    9.280   10.644   11.671
            0.430000  0.940000  0.640000
   -3.935    0.724    2.687    4.317    9.073    9.334   10.552   11.687
            0.430000  0.940000  0.650000
   -3.960    0.766    2.727    4.302    8.988    9.413   10.461   11.703
            0.430000  0.940000  0.660000
   -3.985    0.808    2.767    4.287    8.900    9.498   10.372   11.719
            0.430000  0.940000  0.670000
   -4.008    0.849    2.807    4.271    8.811    9.585   10.285   11.736
            0.430000  0.940000  0.680000
   -4.032    0.891    2.848    4.255    8.723    9.673   10.200   11.752
            0.430000  0.940000  0.690000
   -4.054    0.932    2.889    4.238    8.636    9.761   10.118   11.767
            0.430000  0.940000  0.700000
   -4.076    0.974    2.930    4.221    8.550    9.843   10.045   11.783
            0.430000  0.940000  0.710000
   -4.097    1.015    2.971    4.204    8.465    9.886   10.013   11.798
            0.430000  0.940000  0.720000
   -4.117    1.056    3.013    4.186    8.382    9.842   10.072   11.813
            0.430000  0.940000  0.730000
   -4.137    1.096    3.054    4.168    8.300    9.772   10.159   11.828
            0.430000  0.940000  0.740000
   -4.156    1.136    3.096    4.150    8.219    9.699   10.251   11.842
            0.430000  0.940000  0.750000
   -4.175    1.176    3.137    4.133    8.140    9.626   10.345   11.856
            0.430000  0.940000  0.760000
   -4.193    1.215    3.179    4.115    8.063    9.555   10.440   11.870
            0.430000  0.940000  0.770000
   -4.210    1.254    3.220    4.097    7.988    9.486   10.535   11.883
            0.430000  0.940000  0.780000
   -4.226    1.292    3.260    4.079    7.914    9.419   10.631   11.896
            0.430000  0.940000  0.790000
   -4.242    1.329    3.300    4.062    7.843    9.353   10.726   11.908
            0.430000  0.940000  0.800000
   -4.257    1.365    3.340    4.044    7.773    9.291   10.821   11.920
            0.430000  0.940000  0.810000
   -4.271    1.401    3.379    4.027    7.706    9.230   10.916   11.931
            0.430000  0.940000  0.820000
   -4.284    1.436    3.417    4.011    7.641    9.173   11.009   11.942
            0.430000  0.940000  0.830000
   -4.297    1.469    3.455    3.995    7.578    9.117   11.102   11.953
            0.430000  0.940000  0.840000
   -4.309    1.502    3.491    3.979    7.518    9.065   11.194   11.963
            0.430000  0.940000  0.850000
   -4.321    1.533    3.526    3.964    7.460    9.015   11.284   11.972
            0.430000  0.940000  0.860000
   -4.332    1.563    3.560    3.949    7.406    8.968   11.372   11.981
            0.430000  0.940000  0.870000
   -4.341    1.591    3.592    3.935    7.353    8.924   11.458   11.990
            0.430000  0.940000  0.880000
   -4.351    1.618    3.623    3.922    7.304    8.883   11.542   11.999
            0.430000  0.940000  0.890000
   -4.359    1.643    3.652    3.910    7.259    8.845   11.622   12.007
            0.430000  0.940000  0.900000
   -4.367    1.667    3.678    3.900    7.216    8.809   11.698   12.016
            0.430000  0.940000  0.910000
   -4.374    1.688    3.702    3.890    7.177    8.778   11.769   12.025
            0.430000  0.940000  0.920000
   -4.380    1.708    3.724    3.882    7.141    8.749   11.834   12.035
            0.430000  0.940000  0.930000
   -4.386    1.725    3.742    3.876    7.110    8.723   11.890   12.047
            0.430000  0.940000  0.940000
   -4.391    1.741    3.757    3.871    7.082    8.701   11.935   12.065
            0.430000  0.940000  0.950000
   -4.395    1.754    3.768    3.869    7.058    8.682   11.967   12.088
            0.430000  0.940000  0.960000
   -4.398    1.765    3.777    3.868    7.038    8.667   11.986   12.115
            0.430000  0.940000  0.970000
   -4.401    1.774    3.782    3.869    7.023    8.655   11.997   12.141
            0.430000  0.940000  0.980000
   -4.403    1.780    3.785    3.870    7.012    8.646   12.004   12.162
            0.430000  0.940000  0.990000
   -4.404    1.783    3.786    3.872    7.005    8.641   12.007   12.175
            0.430000  0.940000  1.000000
   -4.404    1.785    3.786    3.872    7.003    8.639   12.008   12.179
