 &plot nbnd=   8, nks=   101 /
            0.240000  0.990000  0.000000
   -1.748   -1.611    2.635    2.656    7.832    7.859   13.678   13.854
            0.240000  0.990000  0.010000
   -1.750   -1.609    2.599    2.693    7.781    7.913   13.677   13.855
            0.240000  0.990000  0.020000
   -1.756   -1.603    2.554    2.738    7.721    7.979   13.675   13.859
            0.240000  0.990000  0.030000
   -1.765   -1.593    2.510    2.784    7.662    8.048   13.672   13.864
            0.240000  0.990000  0.040000
   -1.777   -1.582    2.465    2.831    7.605    8.119   13.667   13.872
            0.240000  0.990000  0.050000
   -1.790   -1.568    2.422    2.877    7.551    8.192   13.662   13.881
            0.240000  0.990000  0.060000
   -1.803   -1.554    2.379    2.922    7.500    8.266   13.657   13.891
            0.240000  0.990000  0.070000
   -1.818   -1.538    2.337    2.968    7.451    8.342   13.650   13.903
            0.240000  0.990000  0.080000
   -1.833   -1.522    2.296    3.012    7.405    8.420   13.644   13.916
            0.240000  0.990000  0.090000
   -1.849   -1.506    2.256    3.056    7.361    8.499   13.637   13.930
            0.240000  0.990000  0.100000
   -1.865   -1.489    2.217    3.100    7.321    8.579   13.630   13.944
            0.240000  0.990000  0.110000
   -1.882   -1.471    2.179    3.142    7.284    8.661   13.623   13.960
            0.240000  0.990000  0.120000
   -1.898   -1.453    2.142    3.183    7.250    8.745   13.616   13.975
            0.240000  0.990000  0.130000
   -1.916   -1.435    2.106    3.223    7.220    8.830   13.608   13.991
            0.240000  0.990000  0.140000
   -1.933   -1.416    2.071    3.261    7.193    8.916   13.600   14.008
            0.240000  0.990000  0.150000
   -1.950   -1.397    2.038    3.298    7.170    9.003   13.591   14.024
            0.240000  0.990000  0.160000
   -1.968   -1.378    2.006    3.333    7.151    9.092   13.582   14.040
            0.240000  0.990000  0.170000
   -1.986   -1.358    1.976    3.366    7.136    9.181   13.572   14.055
            0.240000  0.990000  0.180000
   -2.005   -1.338    1.947    3.397    7.125    9.272   13.560   14.068
            0.240000  0.990000  0.190000
   -2.023   -1.318    1.919    3.426    7.119    9.364   13.545   14.077
            0.240000  0.990000  0.200000
   -2.042   -1.298    1.893    3.452    7.116    9.457   13.527   14.077
            0.240000  0.990000  0.210000
   -2.061   -1.277    1.868    3.477    7.118    9.551   13.504   14.058
            0.240000  0.990000  0.220000
   -2.081   -1.256    1.845    3.498    7.125    9.647   13.474   14.008
            0.240000  0.990000  0.230000
   -2.100   -1.235    1.823    3.518    7.136    9.743   13.433   13.942
            0.240000  0.990000  0.240000
   -2.120   -1.213    1.803    3.534    7.151    9.840   13.380   13.878
            0.240000  0.990000  0.250000
   -2.141   -1.191    1.784    3.549    7.172    9.938   13.312   13.822
            0.240000  0.990000  0.260000
   -2.161   -1.169    1.767    3.560    7.196   10.036   13.231   13.775
            0.240000  0.990000  0.270000
   -2.182   -1.146    1.752    3.570    7.225   10.136   13.140   13.727
            0.240000  0.990000  0.280000
   -2.203   -1.124    1.738    3.577    7.259   10.236   13.040   13.662
            0.240000  0.990000  0.290000
   -2.224   -1.101    1.726    3.581    7.297   10.337   12.935   13.568
            0.240000  0.990000  0.300000
   -2.246   -1.077    1.716    3.583    7.339   10.438   12.827   13.458
            0.240000  0.990000  0.310000
   -2.268   -1.054    1.707    3.584    7.385   10.540   12.716   13.341
            0.240000  0.990000  0.320000
   -2.290   -1.030    1.700    3.582    7.435   10.641   12.604   13.220
            0.240000  0.990000  0.330000
   -2.312   -1.006    1.694    3.578    7.489   10.743   12.492   13.099
            0.240000  0.990000  0.340000
   -2.334   -0.982    1.690    3.572    7.547   10.843   12.381   12.976
            0.240000  0.990000  0.350000
   -2.357   -0.957    1.687    3.565    7.608   10.943   12.272   12.853
            0.240000  0.990000  0.360000
   -2.380   -0.933    1.687    3.557    7.672   11.039   12.166   12.730
            0.240000  0.990000  0.370000
   -2.403   -0.908    1.687    3.547    7.740   11.130   12.066   12.607
            0.240000  0.990000  0.380000
   -2.426   -0.883    1.690    3.536    7.811   11.211   11.977   12.485
            0.240000  0.990000  0.390000
   -2.449   -0.857    1.694    3.524    7.884   11.273   11.908   12.363
            0.240000  0.990000  0.400000
   -2.473   -0.832    1.699    3.512    7.961   11.301   11.872   12.242
            0.240000  0.990000  0.410000
   -2.496   -0.806    1.706    3.498    8.040   11.286   11.881   12.123
            0.240000  0.990000  0.420000
   -2.519   -0.781    1.715    3.484    8.121   11.230   11.920   12.014
            0.240000  0.990000  0.430000
   -2.543   -0.755    1.725    3.470    8.205   11.150   11.868   12.024
            0.240000  0.990000  0.440000
   -2.567   -0.729    1.736    3.455    8.291   11.056   11.754   12.111
            0.240000  0.990000  0.450000
   -2.590   -0.703    1.749    3.439    8.379   10.954   11.637   12.211
            0.240000  0.990000  0.460000
   -2.614   -0.677    1.763    3.424    8.470   10.848   11.521   12.316
            0.240000  0.990000  0.470000
   -2.637   -0.651    1.779    3.409    8.561   10.740   11.404   12.426
            0.240000  0.990000  0.480000
   -2.661   -0.625    1.796    3.394    8.655   10.631   11.289   12.538
            0.240000  0.990000  0.490000
   -2.684   -0.599    1.814    3.379    8.750   10.521   11.174   12.653
            0.240000  0.990000  0.500000
   -2.707   -0.573    1.834    3.364    8.847   10.411   11.061   12.769
            0.240000  0.990000  0.510000
   -2.730   -0.548    1.855    3.349    8.945   10.300   10.949   12.886
            0.240000  0.990000  0.520000
   -2.753   -0.522    1.877    3.335    9.044   10.190   10.838   13.005
            0.240000  0.990000  0.530000
   -2.776   -0.496    1.900    3.321    9.144   10.080   10.729   13.124
            0.240000  0.990000  0.540000
   -2.799   -0.471    1.925    3.308    9.244    9.971   10.622   13.245
            0.240000  0.990000  0.550000
   -2.821   -0.445    1.951    3.295    9.344    9.862   10.517   13.366
            0.240000  0.990000  0.560000
   -2.844   -0.420    1.978    3.283    9.443    9.754   10.415   13.488
            0.240000  0.990000  0.570000
   -2.866   -0.395    2.006    3.272    9.538    9.649   10.318   13.611
            0.240000  0.990000  0.580000
   -2.887   -0.371    2.035    3.261    9.535    9.635   10.229   13.733
            0.240000  0.990000  0.590000
   -2.909   -0.346    2.065    3.252    9.431    9.709   10.158   13.789
            0.240000  0.990000  0.600000
   -2.930   -0.322    2.096    3.243    9.326    9.750   10.124   13.794
            0.240000  0.990000  0.610000
   -2.951   -0.298    2.128    3.234    9.222    9.735   10.147   13.799
            0.240000  0.990000  0.620000
   -2.971   -0.275    2.161    3.227    9.119    9.677   10.216   13.804
            0.240000  0.990000  0.630000
   -2.991   -0.252    2.195    3.221    9.016    9.599   10.307   13.809
            0.240000  0.990000  0.640000
   -3.011   -0.229    2.230    3.215    8.915    9.513   10.409   13.813
            0.240000  0.990000  0.650000
   -3.031   -0.207    2.265    3.211    8.814    9.424   10.515   13.818
            0.240000  0.990000  0.660000
   -3.050   -0.186    2.301    3.207    8.715    9.333   10.625   13.822
            0.240000  0.990000  0.670000
   -3.068   -0.165    2.338    3.204    8.617    9.243   10.737   13.826
            0.240000  0.990000  0.680000
   -3.086   -0.144    2.376    3.202    8.520    9.154   10.850   13.831
            0.240000  0.990000  0.690000
   -3.104   -0.124    2.414    3.202    8.424    9.066   10.964   13.835
            0.240000  0.990000  0.700000
   -3.121   -0.104    2.453    3.202    8.330    8.978   11.079   13.839
            0.240000  0.990000  0.710000
   -3.138   -0.085    2.492    3.203    8.237    8.893   11.195   13.843
            0.240000  0.990000  0.720000
   -3.155   -0.067    2.532    3.205    8.145    8.809   11.311   13.846
            0.240000  0.990000  0.730000
   -3.171   -0.049    2.572    3.207    8.055    8.726   11.428   13.850
            0.240000  0.990000  0.740000
   -3.186   -0.032    2.612    3.211    7.967    8.645   11.545   13.853
            0.240000  0.990000  0.750000
   -3.201   -0.016    2.652    3.215    7.880    8.567   11.662   13.857
            0.240000  0.990000  0.760000
   -3.215    0.000    2.693    3.220    7.795    8.490   11.779   13.860
            0.240000  0.990000  0.770000
   -3.229    0.015    2.734    3.226    7.711    8.415   11.896   13.863
            0.240000  0.990000  0.780000
   -3.242    0.030    2.774    3.233    7.630    8.343   12.013   13.866
            0.240000  0.990000  0.790000
   -3.255    0.044    2.815    3.240    7.550    8.272   12.129   13.869
            0.240000  0.990000  0.800000
   -3.268    0.057    2.855    3.247    7.473    8.205   12.245   13.872
            0.240000  0.990000  0.810000
   -3.279    0.069    2.894    3.255    7.398    8.139   12.361   13.874
            0.240000  0.990000  0.820000
   -3.290    0.081    2.934    3.264    7.325    8.076   12.476   13.877
            0.240000  0.990000  0.830000
   -3.301    0.092    2.972    3.272    7.255    8.016   12.589   13.879
            0.240000  0.990000  0.840000
   -3.311    0.103    3.010    3.281    7.187    7.958   12.702   13.881
            0.240000  0.990000  0.850000
   -3.320    0.113    3.047    3.290    7.122    7.904   12.813   13.883
            0.240000  0.990000  0.860000
   -3.329    0.122    3.083    3.299    7.060    7.852   12.922   13.885
            0.240000  0.990000  0.870000
   -3.337    0.130    3.117    3.308    7.001    7.803   13.029   13.887
            0.240000  0.990000  0.880000
   -3.345    0.138    3.150    3.316    6.945    7.757   13.134   13.889
            0.240000  0.990000  0.890000
   -3.352    0.145    3.182    3.325    6.893    7.715   13.235   13.890
            0.240000  0.990000  0.900000
   -3.359    0.152    3.211    3.333    6.845    7.676   13.333   13.891
            0.240000  0.990000  0.910000
   -3.365    0.157    3.239    3.340    6.800    7.640   13.426   13.893
            0.240000  0.990000  0.920000
   -3.370    0.163    3.264    3.347    6.759    7.608   13.515   13.894
            0.240000  0.990000  0.930000
   -3.374    0.167    3.287    3.354    6.723    7.579   13.597   13.895
            0.240000  0.990000  0.940000
   -3.378    0.171    3.307    3.359    6.691    7.554   13.672   13.895
            0.240000  0.990000  0.950000
   -3.382    0.174    3.325    3.364    6.664    7.533   13.739   13.896
            0.240000  0.990000  0.960000
   -3.385    0.177    3.340    3.368    6.641    7.516   13.796   13.897
            0.240000  0.990000  0.970000
   -3.387    0.179    3.352    3.371    6.623    7.502   13.843   13.897
            0.240000  0.990000  0.980000
   -3.388    0.181    3.361    3.373    6.610    7.492   13.877   13.898
            0.240000  0.990000  0.990000
   -3.389    0.182    3.367    3.373    6.603    7.486   13.897   13.898
            0.240000  0.990000  1.000000
   -3.390    0.182    3.370    3.372    6.600    7.484   13.898   13.905
