 &plot nbnd=   8, nks=   101 /
            0.380000  0.320000  0.000000
   -4.758    2.066    3.448    5.249    8.952    9.307   10.075   11.264
            0.380000  0.320000  0.010000
   -4.758    2.063    3.451    5.249    8.949    9.308   10.073   11.268
            0.380000  0.320000  0.020000
   -4.756    2.052    3.463    5.248    8.940    9.309   10.068   11.279
            0.380000  0.320000  0.030000
   -4.755    2.035    3.481    5.246    8.925    9.311   10.060   11.297
            0.380000  0.320000  0.040000
   -4.752    2.012    3.506    5.243    8.905    9.313   10.048   11.322
            0.380000  0.320000  0.050000
   -4.749    1.983    3.537    5.240    8.880    9.315   10.034   11.353
            0.380000  0.320000  0.060000
   -4.744    1.949    3.574    5.236    8.851    9.316   10.019   11.390
            0.380000  0.320000  0.070000
   -4.740    1.911    3.615    5.231    8.818    9.318   10.001   11.432
            0.380000  0.320000  0.080000
   -4.734    1.869    3.660    5.225    8.781    9.319    9.983   11.479
            0.380000  0.320000  0.090000
   -4.728    1.825    3.708    5.219    8.741    9.319    9.963   11.529
            0.380000  0.320000  0.100000
   -4.721    1.778    3.758    5.212    8.698    9.319    9.944   11.584
            0.380000  0.320000  0.110000
   -4.713    1.729    3.811    5.205    8.653    9.318    9.924   11.642
            0.380000  0.320000  0.120000
   -4.704    1.679    3.866    5.196    8.606    9.317    9.904   11.703
            0.380000  0.320000  0.130000
   -4.695    1.627    3.922    5.187    8.558    9.315    9.884   11.767
            0.380000  0.320000  0.140000
   -4.685    1.574    3.980    5.177    8.508    9.312    9.864   11.833
            0.380000  0.320000  0.150000
   -4.674    1.521    4.038    5.167    8.456    9.310    9.845   11.902
            0.380000  0.320000  0.160000
   -4.663    1.467    4.096    5.155    8.404    9.307    9.826   11.972
            0.380000  0.320000  0.170000
   -4.650    1.412    4.155    5.143    8.352    9.304    9.808   12.045
            0.380000  0.320000  0.180000
   -4.637    1.357    4.213    5.131    8.299    9.301    9.790   12.119
            0.380000  0.320000  0.190000
   -4.624    1.302    4.271    5.117    8.246    9.298    9.772   12.195
            0.380000  0.320000  0.200000
   -4.610    1.247    4.328    5.103    8.194    9.296    9.754   12.273
            0.380000  0.320000  0.210000
   -4.594    1.192    4.385    5.089    8.142    9.294    9.737   12.352
            0.380000  0.320000  0.220000
   -4.579    1.137    4.440    5.073    8.091    9.292    9.720   12.432
            0.380000  0.320000  0.230000
   -4.562    1.083    4.493    5.057    8.041    9.291    9.703   12.513
            0.380000  0.320000  0.240000
   -4.545    1.028    4.545    5.041    7.993    9.290    9.685   12.596
            0.380000  0.320000  0.250000
   -4.527    0.974    4.595    5.024    7.947    9.290    9.668   12.679
            0.380000  0.320000  0.260000
   -4.509    0.921    4.642    5.007    7.903    9.291    9.651   12.763
            0.380000  0.320000  0.270000
   -4.490    0.868    4.687    4.989    7.861    9.293    9.633   12.848
            0.380000  0.320000  0.280000
   -4.470    0.815    4.727    4.971    7.822    9.296    9.616   12.933
            0.380000  0.320000  0.290000
   -4.449    0.763    4.764    4.954    7.786    9.300    9.598   13.018
            0.380000  0.320000  0.300000
   -4.428    0.711    4.795    4.937    7.753    9.305    9.580   13.104
            0.380000  0.320000  0.310000
   -4.406    0.660    4.818    4.925    7.725    9.311    9.562   13.188
            0.380000  0.320000  0.320000
   -4.384    0.609    4.829    4.919    7.700    9.318    9.544   13.272
            0.380000  0.320000  0.330000
   -4.361    0.559    4.825    4.923    7.680    9.325    9.525   13.355
            0.380000  0.320000  0.340000
   -4.337    0.510    4.812    4.932    7.664    9.334    9.508   13.434
            0.380000  0.320000  0.350000
   -4.313    0.461    4.793    4.940    7.653    9.342    9.491   13.508
            0.380000  0.320000  0.360000
   -4.288    0.413    4.771    4.946    7.648    9.350    9.476   13.572
            0.380000  0.320000  0.370000
   -4.262    0.366    4.747    4.947    7.647    9.355    9.464   13.619
            0.380000  0.320000  0.380000
   -4.236    0.320    4.722    4.945    7.650    9.356    9.458   13.637
            0.380000  0.320000  0.390000
   -4.210    0.274    4.696    4.937    7.659    9.350    9.460   13.626
            0.380000  0.320000  0.400000
   -4.183    0.229    4.668    4.926    7.672    9.339    9.469   13.597
            0.380000  0.320000  0.410000
   -4.155    0.185    4.639    4.910    7.690    9.323    9.484   13.559
            0.380000  0.320000  0.420000
   -4.127    0.141    4.609    4.891    7.711    9.307    9.502   13.517
            0.380000  0.320000  0.430000
   -4.098    0.099    4.578    4.868    7.737    9.289    9.523   13.474
            0.380000  0.320000  0.440000
   -4.069    0.057    4.545    4.843    7.765    9.271    9.546   13.430
            0.380000  0.320000  0.450000
   -4.039    0.017    4.510    4.815    7.795    9.253    9.571   13.386
            0.380000  0.320000  0.460000
   -4.009   -0.023    4.473    4.785    7.828    9.237    9.598   13.342
            0.380000  0.320000  0.470000
   -3.979   -0.062    4.434    4.754    7.862    9.222    9.627   13.299
            0.380000  0.320000  0.480000
   -3.948   -0.100    4.393    4.722    7.897    9.208    9.658   13.257
            0.380000  0.320000  0.490000
   -3.917   -0.138    4.349    4.689    7.932    9.197    9.690   13.215
            0.380000  0.320000  0.500000
   -3.885   -0.174    4.303    4.657    7.967    9.189    9.723   13.174
            0.380000  0.320000  0.510000
   -3.853   -0.209    4.254    4.626    8.001    9.183    9.758   13.134
            0.380000  0.320000  0.520000
   -3.821   -0.243    4.202    4.595    8.032    9.182    9.795   13.095
            0.380000  0.320000  0.530000
   -3.788   -0.276    4.148    4.564    8.061    9.185    9.833   13.057
            0.380000  0.320000  0.540000
   -3.755   -0.309    4.092    4.535    8.087    9.192    9.873   13.020
            0.380000  0.320000  0.550000
   -3.722   -0.340    4.033    4.506    8.109    9.205    9.914   12.983
            0.380000  0.320000  0.560000
   -3.689   -0.370    3.973    4.479    8.127    9.223    9.957   12.947
            0.380000  0.320000  0.570000
   -3.656   -0.399    3.911    4.452    8.141    9.247   10.001   12.912
            0.380000  0.320000  0.580000
   -3.622   -0.427    3.847    4.426    8.150    9.276   10.047   12.878
            0.380000  0.320000  0.590000
   -3.589   -0.454    3.782    4.400    8.155    9.311   10.094   12.845
            0.380000  0.320000  0.600000
   -3.555   -0.479    3.716    4.376    8.156    9.351   10.143   12.812
            0.380000  0.320000  0.610000
   -3.521   -0.504    3.649    4.352    8.154    9.395   10.193   12.781
            0.380000  0.320000  0.620000
   -3.488   -0.527    3.581    4.329    8.148    9.443   10.245   12.750
            0.380000  0.320000  0.630000
   -3.454   -0.549    3.513    4.306    8.140    9.495   10.298   12.720
            0.380000  0.320000  0.640000
   -3.421   -0.570    3.444    4.285    8.129    9.550   10.352   12.691
            0.380000  0.320000  0.650000
   -3.388   -0.589    3.375    4.263    8.117    9.608   10.408   12.663
            0.380000  0.320000  0.660000
   -3.355   -0.607    3.306    4.243    8.102    9.668   10.465   12.635
            0.380000  0.320000  0.670000
   -3.322   -0.624    3.236    4.223    8.087    9.731   10.524   12.609
            0.380000  0.320000  0.680000
   -3.290   -0.640    3.167    4.203    8.070    9.795   10.584   12.583
            0.380000  0.320000  0.690000
   -3.258   -0.654    3.098    4.184    8.053    9.860   10.645   12.558
            0.380000  0.320000  0.700000
   -3.226   -0.667    3.029    4.166    8.035    9.927   10.708   12.534
            0.380000  0.320000  0.710000
   -3.196   -0.679    2.961    4.148    8.017    9.995   10.772   12.511
            0.380000  0.320000  0.720000
   -3.165   -0.689    2.892    4.131    7.999   10.064   10.837   12.489
            0.380000  0.320000  0.730000
   -3.135   -0.698    2.825    4.114    7.980   10.134   10.903   12.467
            0.380000  0.320000  0.740000
   -3.106   -0.706    2.758    4.098    7.962   10.204   10.970   12.447
            0.380000  0.320000  0.750000
   -3.078   -0.712    2.692    4.083    7.943   10.275   11.038   12.427
            0.380000  0.320000  0.760000
   -3.050   -0.716    2.627    4.068    7.926   10.346   11.107   12.409
            0.380000  0.320000  0.770000
   -3.024   -0.720    2.563    4.053    7.908   10.417   11.177   12.392
            0.380000  0.320000  0.780000
   -2.998   -0.722    2.500    4.040    7.891   10.489   11.248   12.375
            0.380000  0.320000  0.790000
   -2.973   -0.723    2.438    4.026    7.874   10.562   11.320   12.360
            0.380000  0.320000  0.800000
   -2.949   -0.723    2.378    4.014    7.858   10.634   11.392   12.346
            0.380000  0.320000  0.810000
   -2.926   -0.721    2.319    4.002    7.842   10.706   11.464   12.333
            0.380000  0.320000  0.820000
   -2.904   -0.719    2.262    3.990    7.827   10.779   11.536   12.322
            0.380000  0.320000  0.830000
   -2.884   -0.715    2.206    3.980    7.813   10.851   11.609   12.312
            0.380000  0.320000  0.840000
   -2.864   -0.711    2.152    3.969    7.799   10.924   11.680   12.304
            0.380000  0.320000  0.850000
   -2.846   -0.705    2.101    3.960    7.786   10.996   11.751   12.299
            0.380000  0.320000  0.860000
   -2.828   -0.699    2.051    3.951    7.774   11.067   11.819   12.297
            0.380000  0.320000  0.870000
   -2.812   -0.693    2.004    3.942    7.762   11.138   11.885   12.299
            0.380000  0.320000  0.880000
   -2.797   -0.686    1.960    3.935    7.752   11.209   11.945   12.307
            0.380000  0.320000  0.890000
   -2.784   -0.679    1.918    3.927    7.742   11.278   11.999   12.322
            0.380000  0.320000  0.900000
   -2.771   -0.671    1.879    3.921    7.733   11.345   12.043   12.347
            0.380000  0.320000  0.910000
   -2.760   -0.664    1.843    3.915    7.724   11.411   12.078   12.383
            0.380000  0.320000  0.920000
   -2.750   -0.657    1.810    3.910    7.717   11.474   12.103   12.427
            0.380000  0.320000  0.930000
   -2.741   -0.650    1.781    3.905    7.710   11.534   12.122   12.477
            0.380000  0.320000  0.940000
   -2.733   -0.644    1.755    3.901    7.704   11.589   12.137   12.528
            0.380000  0.320000  0.950000
   -2.727   -0.638    1.733    3.897    7.700   11.639   12.149   12.579
            0.380000  0.320000  0.960000
   -2.722   -0.633    1.714    3.895    7.696   11.682   12.161   12.625
            0.380000  0.320000  0.970000
   -2.718   -0.630    1.700    3.892    7.693   11.717   12.172   12.662
            0.380000  0.320000  0.980000
   -2.715   -0.627    1.690    3.891    7.690   11.743   12.182   12.689
            0.380000  0.320000  0.990000
   -2.713   -0.625    1.683    3.890    7.689   11.759   12.189   12.704
            0.380000  0.320000  1.000000
   -2.712   -0.624    1.681    3.890    7.689   11.764   12.191   12.708
