 &plot nbnd=   8, nks=   101 /
            0.460000  0.720000  0.000000
   -2.992   -0.290    1.952    3.543    9.042   10.019   10.735   13.303
            0.460000  0.720000  0.010000
   -2.992   -0.291    1.953    3.544    9.042   10.010   10.744   13.297
            0.460000  0.720000  0.020000
   -2.992   -0.295    1.959    3.546    9.043    9.986   10.771   13.279
            0.460000  0.720000  0.030000
   -2.993   -0.301    1.968    3.549    9.045    9.949   10.813   13.249
            0.460000  0.720000  0.040000
   -2.993   -0.309    1.980    3.553    9.047    9.903   10.866   13.209
            0.460000  0.720000  0.050000
   -2.994   -0.319    1.996    3.558    9.050    9.851   10.927   13.159
            0.460000  0.720000  0.060000
   -2.995   -0.331    2.015    3.565    9.054    9.794   10.994   13.101
            0.460000  0.720000  0.070000
   -2.996   -0.345    2.037    3.573    9.059    9.734   11.066   13.037
            0.460000  0.720000  0.080000
   -2.998   -0.361    2.061    3.582    9.064    9.673   11.142   12.967
            0.460000  0.720000  0.090000
   -3.000   -0.378    2.089    3.592    9.069    9.611   11.220   12.893
            0.460000  0.720000  0.100000
   -3.002   -0.396    2.118    3.604    9.076    9.548   11.301   12.816
            0.460000  0.720000  0.110000
   -3.004   -0.415    2.150    3.616    9.083    9.486   11.384   12.736
            0.460000  0.720000  0.120000
   -3.007   -0.435    2.184    3.630    9.090    9.423   11.468   12.653
            0.460000  0.720000  0.130000
   -3.010   -0.455    2.220    3.646    9.098    9.362   11.554   12.569
            0.460000  0.720000  0.140000
   -3.013   -0.476    2.257    3.662    9.107    9.301   11.641   12.484
            0.460000  0.720000  0.150000
   -3.017   -0.497    2.295    3.680    9.115    9.241   11.728   12.398
            0.460000  0.720000  0.160000
   -3.021   -0.519    2.335    3.699    9.122    9.185   11.814   12.313
            0.460000  0.720000  0.170000
   -3.026   -0.540    2.375    3.720    9.108    9.151   11.899   12.231
            0.460000  0.720000  0.180000
   -3.031   -0.560    2.416    3.742    9.058    9.155   11.970   12.161
            0.460000  0.720000  0.190000
   -3.037   -0.581    2.458    3.765    9.003    9.165   11.982   12.152
            0.460000  0.720000  0.200000
   -3.043   -0.600    2.500    3.789    8.949    9.177   11.919   12.217
            0.460000  0.720000  0.210000
   -3.050   -0.619    2.542    3.814    8.896    9.190   11.837   12.303
            0.460000  0.720000  0.220000
   -3.058   -0.637    2.585    3.841    8.844    9.203   11.750   12.394
            0.460000  0.720000  0.230000
   -3.066   -0.654    2.627    3.869    8.793    9.217   11.661   12.488
            0.460000  0.720000  0.240000
   -3.075   -0.670    2.670    3.898    8.744    9.232   11.572   12.582
            0.460000  0.720000  0.250000
   -3.085   -0.684    2.712    3.927    8.696    9.247   11.482   12.678
            0.460000  0.720000  0.260000
   -3.095   -0.698    2.754    3.958    8.650    9.262   11.392   12.774
            0.460000  0.720000  0.270000
   -3.106   -0.710    2.795    3.990    8.606    9.278   11.303   12.870
            0.460000  0.720000  0.280000
   -3.118   -0.720    2.836    4.023    8.564    9.294   11.214   12.967
            0.460000  0.720000  0.290000
   -3.131   -0.729    2.877    4.056    8.523    9.311   11.125   13.064
            0.460000  0.720000  0.300000
   -3.144   -0.736    2.917    4.089    8.485    9.328   11.037   13.160
            0.460000  0.720000  0.310000
   -3.158   -0.742    2.956    4.123    8.448    9.345   10.949   13.257
            0.460000  0.720000  0.320000
   -3.173   -0.746    2.995    4.158    8.414    9.362   10.863   13.353
            0.460000  0.720000  0.330000
   -3.189   -0.749    3.034    4.192    8.382    9.380   10.777   13.448
            0.460000  0.720000  0.340000
   -3.205   -0.749    3.071    4.226    8.352    9.397   10.692   13.542
            0.460000  0.720000  0.350000
   -3.222   -0.748    3.108    4.260    8.324    9.415   10.608   13.634
            0.460000  0.720000  0.360000
   -3.240   -0.746    3.145    4.293    8.299    9.432   10.526   13.722
            0.460000  0.720000  0.370000
   -3.258   -0.741    3.181    4.326    8.276    9.449   10.445   13.806
            0.460000  0.720000  0.380000
   -3.277   -0.735    3.216    4.358    8.256    9.466   10.366   13.881
            0.460000  0.720000  0.390000
   -3.297   -0.727    3.251    4.389    8.239    9.481   10.289   13.944
            0.460000  0.720000  0.400000
   -3.317   -0.718    3.285    4.419    8.224    9.496   10.215   13.992
            0.460000  0.720000  0.410000
   -3.337   -0.707    3.318    4.447    8.211    9.509   10.144   14.027
            0.460000  0.720000  0.420000
   -3.358   -0.694    3.351    4.474    8.201    9.520   10.077   14.052
            0.460000  0.720000  0.430000
   -3.380   -0.680    3.384    4.499    8.194    9.527   10.016   14.068
            0.460000  0.720000  0.440000
   -3.402   -0.664    3.416    4.522    8.190    9.530    9.961   14.076
            0.460000  0.720000  0.450000
   -3.424   -0.646    3.448    4.543    8.187    9.525    9.916   14.075
            0.460000  0.720000  0.460000
   -3.446   -0.627    3.479    4.562    8.188    9.512    9.881   14.060
            0.460000  0.720000  0.470000
   -3.469   -0.607    3.509    4.578    8.190    9.489    9.859   14.030
            0.460000  0.720000  0.480000
   -3.492   -0.585    3.539    4.592    8.194    9.459    9.847   13.982
            0.460000  0.720000  0.490000
   -3.515   -0.561    3.568    4.604    8.200    9.422    9.845   13.918
            0.460000  0.720000  0.500000
   -3.538   -0.537    3.597    4.613    8.208    9.383    9.849   13.842
            0.460000  0.720000  0.510000
   -3.561   -0.510    3.626    4.620    8.216    9.342    9.858   13.757
            0.460000  0.720000  0.520000
   -3.585   -0.483    3.653    4.624    8.225    9.303    9.870   13.666
            0.460000  0.720000  0.530000
   -3.608   -0.454    3.680    4.625    8.234    9.267    9.884   13.572
            0.460000  0.720000  0.540000
   -3.631   -0.425    3.707    4.624    8.242    9.235    9.899   13.474
            0.460000  0.720000  0.550000
   -3.654   -0.393    3.732    4.621    8.249    9.208    9.916   13.375
            0.460000  0.720000  0.560000
   -3.677   -0.361    3.757    4.615    8.254    9.186    9.933   13.275
            0.460000  0.720000  0.570000
   -3.700   -0.328    3.782    4.606    8.257    9.171    9.952   13.174
            0.460000  0.720000  0.580000
   -3.723   -0.293    3.805    4.595    8.257    9.163    9.970   13.072
            0.460000  0.720000  0.590000
   -3.746   -0.258    3.827    4.583    8.254    9.161    9.989   12.971
            0.460000  0.720000  0.600000
   -3.768   -0.222    3.848    4.568    8.249    9.167   10.009   12.870
            0.460000  0.720000  0.610000
   -3.790   -0.184    3.868    4.551    8.241    9.179   10.029   12.768
            0.460000  0.720000  0.620000
   -3.812   -0.146    3.887    4.532    8.230    9.197   10.050   12.667
            0.460000  0.720000  0.630000
   -3.833   -0.106    3.905    4.512    8.218    9.220   10.072   12.567
            0.460000  0.720000  0.640000
   -3.854   -0.066    3.920    4.491    8.205    9.247   10.094   12.466
            0.460000  0.720000  0.650000
   -3.875   -0.025    3.934    4.469    8.192    9.278   10.117   12.367
            0.460000  0.720000  0.660000
   -3.895    0.016    3.945    4.446    8.179    9.312   10.142   12.268
            0.460000  0.720000  0.670000
   -3.915    0.059    3.954    4.424    8.166    9.349   10.167   12.170
            0.460000  0.720000  0.680000
   -3.934    0.102    3.960    4.401    8.154    9.386   10.195   12.072
            0.460000  0.720000  0.690000
   -3.953    0.146    3.961    4.381    8.143    9.424   10.224   11.976
            0.460000  0.720000  0.700000
   -3.972    0.191    3.959    4.362    8.133    9.462   10.255   11.880
            0.460000  0.720000  0.710000
   -3.990    0.236    3.952    4.345    8.126    9.500   10.288   11.785
            0.460000  0.720000  0.720000
   -4.008    0.281    3.939    4.332    8.120    9.536   10.324   11.692
            0.460000  0.720000  0.730000
   -4.025    0.327    3.921    4.322    8.117    9.571   10.362   11.599
            0.460000  0.720000  0.740000
   -4.041    0.374    3.898    4.315    8.115    9.604   10.403   11.508
            0.460000  0.720000  0.750000
   -4.057    0.421    3.871    4.311    8.116    9.635   10.447   11.419
            0.460000  0.720000  0.760000
   -4.073    0.468    3.839    4.309    8.119    9.663   10.493   11.331
            0.460000  0.720000  0.770000
   -4.088    0.515    3.804    4.309    8.125    9.689   10.542   11.244
            0.460000  0.720000  0.780000
   -4.102    0.562    3.766    4.310    8.132    9.713   10.592   11.160
            0.460000  0.720000  0.790000
   -4.116    0.610    3.726    4.313    8.142    9.734   10.642   11.080
            0.460000  0.720000  0.800000
   -4.129    0.657    3.684    4.316    8.154    9.752   10.691   11.005
            0.460000  0.720000  0.810000
   -4.142    0.705    3.641    4.319    8.168    9.769   10.729   10.944
            0.460000  0.720000  0.820000
   -4.154    0.752    3.597    4.323    8.184    9.784   10.736   10.918
            0.460000  0.720000  0.830000
   -4.165    0.799    3.553    4.326    8.202    9.796   10.697   10.940
            0.460000  0.720000  0.840000
   -4.176    0.845    3.508    4.330    8.222    9.807   10.637   10.988
            0.460000  0.720000  0.850000
   -4.186    0.890    3.463    4.334    8.243    9.816   10.570   11.043
            0.460000  0.720000  0.860000
   -4.196    0.935    3.418    4.337    8.265    9.824   10.504   11.102
            0.460000  0.720000  0.870000
   -4.205    0.978    3.375    4.340    8.289    9.830   10.439   11.161
            0.460000  0.720000  0.880000
   -4.213    1.021    3.332    4.343    8.313    9.834   10.376   11.221
            0.460000  0.720000  0.890000
   -4.221    1.061    3.290    4.346    8.338    9.837   10.316   11.279
            0.460000  0.720000  0.900000
   -4.228    1.100    3.251    4.349    8.363    9.837   10.261   11.336
            0.460000  0.720000  0.910000
   -4.234    1.137    3.213    4.351    8.388    9.836   10.210   11.391
            0.460000  0.720000  0.920000
   -4.240    1.171    3.178    4.353    8.413    9.833   10.165   11.443
            0.460000  0.720000  0.930000
   -4.245    1.203    3.145    4.355    8.437    9.827   10.126   11.491
            0.460000  0.720000  0.940000
   -4.249    1.231    3.116    4.356    8.459    9.819   10.093   11.535
            0.460000  0.720000  0.950000
   -4.253    1.256    3.090    4.358    8.479    9.809   10.066   11.574
            0.460000  0.720000  0.960000
   -4.256    1.277    3.068    4.359    8.496    9.799   10.046   11.607
            0.460000  0.720000  0.970000
   -4.258    1.294    3.051    4.360    8.510    9.789   10.032   11.634
            0.460000  0.720000  0.980000
   -4.260    1.306    3.039    4.360    8.521    9.780   10.023   11.654
            0.460000  0.720000  0.990000
   -4.261    1.313    3.031    4.361    8.528    9.775   10.017   11.666
            0.460000  0.720000  1.000000
   -4.261    1.316    3.028    4.361    8.530    9.773   10.015   11.670
