 &plot nbnd=   8, nks=    81 /
            0.475000  0.950000 -1.000000
   -5.026    1.243    3.208    3.268    6.236    7.963   10.427   10.535
            0.475000  0.950000 -0.975000
   -5.024    1.235    3.209    3.263    6.250    7.971   10.414   10.517
            0.475000  0.950000 -0.950000
   -5.018    1.212    3.200    3.260    6.289    7.994   10.361   10.483
            0.475000  0.950000 -0.925000
   -5.007    1.174    3.165    3.276    6.354    8.033   10.253   10.458
            0.475000  0.950000 -0.900000
   -4.992    1.122    3.109    3.306    6.441    8.087   10.108   10.439
            0.475000  0.950000 -0.875000
   -4.972    1.060    3.040    3.344    6.549    8.154    9.943   10.418
            0.475000  0.950000 -0.850000
   -4.949    0.987    2.961    3.388    6.675    8.232    9.769   10.395
            0.475000  0.950000 -0.825000
   -4.921    0.906    2.874    3.435    6.816    8.318    9.594   10.369
            0.475000  0.950000 -0.800000
   -4.889    0.819    2.781    3.485    6.971    8.404    9.429   10.340
            0.475000  0.950000 -0.775000
   -4.853    0.727    2.685    3.534    7.137    8.474    9.291   10.308
            0.475000  0.950000 -0.750000
   -4.812    0.631    2.587    3.583    7.313    8.501    9.212   10.274
            0.475000  0.950000 -0.725000
   -4.768    0.532    2.489    3.630    7.497    8.456    9.221   10.239
            0.475000  0.950000 -0.700000
   -4.720    0.430    2.391    3.674    7.684    8.353    9.307   10.203
            0.475000  0.950000 -0.675000
   -4.667    0.327    2.294    3.714    7.861    8.237    9.438   10.167
            0.475000  0.950000 -0.650000
   -4.611    0.224    2.199    3.747    7.938    8.218    9.590   10.136
            0.475000  0.950000 -0.625000
   -4.551    0.120    2.106    3.774    7.846    8.377    9.744   10.119
            0.475000  0.950000 -0.600000
   -4.488    0.016    2.017    3.791    7.717    8.584    9.859   10.151
            0.475000  0.950000 -0.575000
   -4.421   -0.087    1.931    3.799    7.592    8.805    9.891   10.271
            0.475000  0.950000 -0.550000
   -4.350   -0.190    1.850    3.795    7.479    9.032    9.875   10.442
            0.475000  0.950000 -0.525000
   -4.277   -0.292    1.772    3.777    7.382    9.262    9.845   10.621
            0.475000  0.950000 -0.500000
   -4.200   -0.393    1.700    3.746    7.305    9.489    9.816   10.780
            0.475000  0.950000 -0.475000
   -4.120   -0.492    1.632    3.699    7.247    9.669    9.834   10.890
            0.475000  0.950000 -0.450000
   -4.037   -0.590    1.570    3.638    7.211    9.688   10.012   10.932
            0.475000  0.950000 -0.425000
   -3.952   -0.687    1.513    3.563    7.197    9.658   10.235   10.926
            0.475000  0.950000 -0.400000
   -3.864   -0.783    1.463    3.475    7.203    9.622   10.443   10.916
            0.475000  0.950000 -0.375000
   -3.775   -0.878    1.418    3.375    7.229    9.585   10.574   10.971
            0.475000  0.950000 -0.350000
   -3.683   -0.971    1.380    3.266    7.273    9.549   10.590   11.142
            0.475000  0.950000 -0.325000
   -3.589   -1.063    1.348    3.150    7.335    9.515   10.549   11.369
            0.475000  0.950000 -0.300000
   -3.495   -1.154    1.324    3.028    7.411    9.482   10.493   11.612
            0.475000  0.950000 -0.275000
   -3.399   -1.244    1.306    2.903    7.502    9.452   10.435   11.561
            0.475000  0.950000 -0.250000
   -3.302   -1.333    1.296    2.777    7.605    9.423   10.376   11.329
            0.475000  0.950000 -0.225000
   -3.205   -1.421    1.293    2.650    7.720    9.397   10.321   11.098
            0.475000  0.950000 -0.200000
   -3.108   -1.509    1.298    2.525    7.845    9.374   10.269   10.872
            0.475000  0.950000 -0.175000
   -3.012   -1.595    1.310    2.403    7.979    9.352   10.218   10.654
            0.475000  0.950000 -0.150000
   -2.917   -1.681    1.330    2.286    8.122    9.334   10.164   10.448
            0.475000  0.950000 -0.125000
   -2.824   -1.765    1.358    2.174    8.273    9.317   10.084   10.280
            0.475000  0.950000 -0.100000
   -2.735   -1.846    1.392    2.069    8.431    9.302    9.939   10.189
            0.475000  0.950000 -0.075000
   -2.651   -1.923    1.432    1.974    8.595    9.287    9.758   10.148
            0.475000  0.950000 -0.050000
   -2.579   -1.991    1.474    1.892    8.763    9.267    9.581   10.125
            0.475000  0.950000 -0.025000
   -2.525   -2.041    1.510    1.831    8.933    9.218    9.442   10.113
            0.475000  0.950000  0.000000
   -2.505   -2.060    1.526    1.807    9.074    9.118    9.394   10.109
            0.475000  0.950000  0.025000
   -2.525   -2.041    1.510    1.831    8.933    9.218    9.442   10.113
            0.475000  0.950000  0.050000
   -2.579   -1.991    1.474    1.892    8.763    9.267    9.581   10.125
            0.475000  0.950000  0.075000
   -2.651   -1.923    1.432    1.974    8.595    9.287    9.758   10.148
            0.475000  0.950000  0.100000
   -2.735   -1.846    1.392    2.069    8.431    9.302    9.939   10.189
            0.475000  0.950000  0.125000
   -2.824   -1.765    1.358    2.174    8.273    9.317   10.084   10.280
            0.475000  0.950000  0.150000
   -2.917   -1.681    1.330    2.286    8.122    9.334   10.164   10.448
            0.475000  0.950000  0.175000
   -3.012   -1.595    1.310    2.403    7.979    9.352   10.218   10.654
            0.475000  0.950000  0.200000
   -3.108   -1.509    1.298    2.525    7.845    9.374   10.269   10.872
            0.475000  0.950000  0.225000
   -3.205   -1.421    1.293    2.650    7.720    9.397   10.321   11.098
            0.475000  0.950000  0.250000
   -3.302   -1.333    1.296    2.777    7.605    9.423   10.376   11.329
            0.475000  0.950000  0.275000
   -3.399   -1.244    1.306    2.903    7.502    9.452   10.435   11.561
            0.475000  0.950000  0.300000
   -3.495   -1.154    1.324    3.028    7.411    9.482   10.493   11.612
            0.475000  0.950000  0.325000
   -3.589   -1.063    1.348    3.150    7.335    9.515   10.549   11.369
            0.475000  0.950000  0.350000
   -3.683   -0.971    1.380    3.266    7.273    9.549   10.590   11.142
            0.475000  0.950000  0.375000
   -3.775   -0.878    1.418    3.375    7.229    9.585   10.574   10.971
            0.475000  0.950000  0.400000
   -3.864   -0.783    1.463    3.475    7.203    9.622   10.443   10.916
            0.475000  0.950000  0.425000
   -3.952   -0.687    1.513    3.563    7.197    9.658   10.235   10.926
            0.475000  0.950000  0.450000
   -4.037   -0.590    1.570    3.638    7.211    9.688   10.012   10.932
            0.475000  0.950000  0.475000
   -4.120   -0.492    1.632    3.699    7.247    9.669    9.834   10.890
            0.475000  0.950000  0.500000
   -4.200   -0.393    1.700    3.746    7.305    9.489    9.816   10.780
            0.475000  0.950000  0.525000
   -4.277   -0.292    1.772    3.777    7.382    9.262    9.845   10.621
            0.475000  0.950000  0.550000
   -4.350   -0.190    1.850    3.795    7.479    9.032    9.875   10.442
            0.475000  0.950000  0.575000
   -4.421   -0.087    1.931    3.799    7.592    8.805    9.891   10.271
            0.475000  0.950000  0.600000
   -4.488    0.016    2.017    3.791    7.717    8.584    9.859   10.151
            0.475000  0.950000  0.625000
   -4.551    0.120    2.106    3.774    7.846    8.377    9.744   10.119
            0.475000  0.950000  0.650000
   -4.611    0.224    2.199    3.747    7.938    8.218    9.590   10.136
            0.475000  0.950000  0.675000
   -4.667    0.327    2.294    3.714    7.861    8.237    9.438   10.167
            0.475000  0.950000  0.700000
   -4.720    0.430    2.391    3.674    7.684    8.353    9.307   10.203
            0.475000  0.950000  0.725000
   -4.768    0.532    2.489    3.630    7.497    8.456    9.221   10.239
            0.475000  0.950000  0.750000
   -4.812    0.631    2.587    3.583    7.313    8.501    9.212   10.274
            0.475000  0.950000  0.775000
   -4.853    0.727    2.685    3.534    7.137    8.474    9.291   10.308
            0.475000  0.950000  0.800000
   -4.889    0.819    2.781    3.485    6.971    8.404    9.429   10.340
            0.475000  0.950000  0.825000
   -4.921    0.906    2.874    3.435    6.816    8.318    9.594   10.369
            0.475000  0.950000  0.850000
   -4.949    0.987    2.961    3.388    6.675    8.232    9.769   10.395
            0.475000  0.950000  0.875000
   -4.972    1.060    3.040    3.344    6.549    8.154    9.943   10.418
            0.475000  0.950000  0.900000
   -4.992    1.122    3.109    3.306    6.441    8.087   10.108   10.439
            0.475000  0.950000  0.925000
   -5.007    1.174    3.165    3.276    6.354    8.033   10.253   10.458
            0.475000  0.950000  0.950000
   -5.018    1.212    3.200    3.260    6.289    7.994   10.361   10.483
            0.475000  0.950000  0.975000
   -5.024    1.235    3.209    3.263    6.250    7.971   10.414   10.517
            0.475000  0.950000  1.000000
   -5.026    1.243    3.208    3.268    6.236    7.963   10.427   10.535
