 &plot nbnd=   8, nks=   101 /
            0.370000  0.530000  0.000000
   -4.088    0.977    2.672    4.558    9.075    9.399   10.701   11.411
            0.370000  0.530000  0.010000
   -4.088    0.974    2.675    4.558    9.074    9.396   10.706   11.407
            0.370000  0.530000  0.020000
   -4.087    0.966    2.684    4.558    9.072    9.388   10.718   11.396
            0.370000  0.530000  0.030000
   -4.085    0.953    2.699    4.558    9.067    9.376   10.739   11.378
            0.370000  0.530000  0.040000
   -4.083    0.935    2.720    4.559    9.060    9.360   10.766   11.355
            0.370000  0.530000  0.050000
   -4.080    0.913    2.746    4.559    9.051    9.342   10.799   11.326
            0.370000  0.530000  0.060000
   -4.077    0.886    2.777    4.559    9.038    9.322   10.835   11.295
            0.370000  0.530000  0.070000
   -4.073    0.856    2.812    4.559    9.022    9.303   10.873   11.264
            0.370000  0.530000  0.080000
   -4.069    0.823    2.852    4.559    9.001    9.285   10.907   11.238
            0.370000  0.530000  0.090000
   -4.064    0.786    2.894    4.560    8.975    9.270   10.930   11.223
            0.370000  0.530000  0.100000
   -4.058    0.748    2.940    4.560    8.945    9.257   10.933   11.230
            0.370000  0.530000  0.110000
   -4.052    0.707    2.989    4.560    8.912    9.247   10.913   11.261
            0.370000  0.530000  0.120000
   -4.045    0.665    3.039    4.560    8.875    9.239   10.877   11.309
            0.370000  0.530000  0.130000
   -4.038    0.621    3.092    4.560    8.835    9.232   10.831   11.369
            0.370000  0.530000  0.140000
   -4.030    0.577    3.147    4.560    8.794    9.228   10.780   11.436
            0.370000  0.530000  0.150000
   -4.022    0.531    3.203    4.560    8.752    9.224   10.726   11.507
            0.370000  0.530000  0.160000
   -4.013    0.485    3.260    4.560    8.708    9.222   10.669   11.582
            0.370000  0.530000  0.170000
   -4.003    0.438    3.318    4.560    8.664    9.220   10.612   11.660
            0.370000  0.530000  0.180000
   -3.993    0.391    3.376    4.560    8.620    9.218   10.554   11.740
            0.370000  0.530000  0.190000
   -3.983    0.344    3.436    4.559    8.575    9.217   10.497   11.822
            0.370000  0.530000  0.200000
   -3.972    0.297    3.495    4.559    8.531    9.216   10.439   11.906
            0.370000  0.530000  0.210000
   -3.961    0.249    3.555    4.558    8.488    9.215   10.383   11.991
            0.370000  0.530000  0.220000
   -3.949    0.202    3.614    4.557    8.445    9.214   10.327   12.077
            0.370000  0.530000  0.230000
   -3.936    0.156    3.673    4.556    8.402    9.213   10.273   12.164
            0.370000  0.530000  0.240000
   -3.924    0.109    3.732    4.555    8.361    9.212   10.219   12.252
            0.370000  0.530000  0.250000
   -3.910    0.064    3.790    4.553    8.320    9.211   10.168   12.341
            0.370000  0.530000  0.260000
   -3.897    0.018    3.847    4.552    8.280    9.209   10.117   12.430
            0.370000  0.530000  0.270000
   -3.883   -0.026    3.903    4.550    8.241    9.207   10.069   12.519
            0.370000  0.530000  0.280000
   -3.868   -0.070    3.958    4.548    8.204    9.205   10.023   12.609
            0.370000  0.530000  0.290000
   -3.854   -0.114    4.011    4.547    8.167    9.203    9.978   12.698
            0.370000  0.530000  0.300000
   -3.839   -0.156    4.062    4.545    8.132    9.200    9.936   12.788
            0.370000  0.530000  0.310000
   -3.824   -0.198    4.111    4.544    8.098    9.197    9.896   12.876
            0.370000  0.530000  0.320000
   -3.808   -0.239    4.157    4.543    8.066    9.194    9.857   12.964
            0.370000  0.530000  0.330000
   -3.792   -0.278    4.200    4.543    8.035    9.191    9.821   13.050
            0.370000  0.530000  0.340000
   -3.776   -0.317    4.239    4.545    8.006    9.189    9.787   13.134
            0.370000  0.530000  0.350000
   -3.760   -0.355    4.273    4.548    7.978    9.186    9.756   13.216
            0.370000  0.530000  0.360000
   -3.744   -0.392    4.301    4.554    7.953    9.184    9.726   13.295
            0.370000  0.530000  0.370000
   -3.727   -0.427    4.323    4.563    7.929    9.182    9.698   13.370
            0.370000  0.530000  0.380000
   -3.711   -0.462    4.339    4.575    7.907    9.181    9.672   13.440
            0.370000  0.530000  0.390000
   -3.694   -0.495    4.348    4.590    7.888    9.181    9.648   13.505
            0.370000  0.530000  0.400000
   -3.678   -0.526    4.351    4.606    7.870    9.182    9.625   13.564
            0.370000  0.530000  0.410000
   -3.661   -0.557    4.350    4.623    7.856    9.184    9.603   13.616
            0.370000  0.530000  0.420000
   -3.644   -0.586    4.346    4.639    7.843    9.187    9.584   13.662
            0.370000  0.530000  0.430000
   -3.628   -0.614    4.338    4.654    7.834    9.192    9.565   13.701
            0.370000  0.530000  0.440000
   -3.612   -0.640    4.328    4.667    7.827    9.198    9.548   13.734
            0.370000  0.530000  0.450000
   -3.596   -0.664    4.316    4.677    7.823    9.206    9.533   13.762
            0.370000  0.530000  0.460000
   -3.580   -0.687    4.301    4.685    7.821    9.214    9.519   13.786
            0.370000  0.530000  0.470000
   -3.564   -0.709    4.285    4.690    7.823    9.224    9.507   13.806
            0.370000  0.530000  0.480000
   -3.549   -0.729    4.268    4.692    7.828    9.233    9.498   13.824
            0.370000  0.530000  0.490000
   -3.534   -0.747    4.248    4.691    7.835    9.242    9.493   13.840
            0.370000  0.530000  0.500000
   -3.519   -0.763    4.227    4.687    7.845    9.250    9.491   13.854
            0.370000  0.530000  0.510000
   -3.505   -0.778    4.205    4.681    7.858    9.255    9.495   13.868
            0.370000  0.530000  0.520000
   -3.492   -0.791    4.180    4.672    7.874    9.257    9.505   13.881
            0.370000  0.530000  0.530000
   -3.478   -0.801    4.154    4.661    7.892    9.255    9.521   13.893
            0.370000  0.530000  0.540000
   -3.466   -0.811    4.126    4.647    7.912    9.250    9.544   13.904
            0.370000  0.530000  0.550000
   -3.454   -0.818    4.096    4.632    7.935    9.242    9.571   13.914
            0.370000  0.530000  0.560000
   -3.442   -0.823    4.064    4.616    7.961    9.233    9.604   13.923
            0.370000  0.530000  0.570000
   -3.432   -0.826    4.029    4.598    7.988    9.221    9.641   13.931
            0.370000  0.530000  0.580000
   -3.421   -0.827    3.993    4.579    8.017    9.209    9.681   13.936
            0.370000  0.530000  0.590000
   -3.412   -0.827    3.955    4.560    8.048    9.196    9.725   13.938
            0.370000  0.530000  0.600000
   -3.403   -0.824    3.915    4.540    8.081    9.182    9.772   13.935
            0.370000  0.530000  0.610000
   -3.395   -0.820    3.872    4.520    8.115    9.168    9.821   13.928
            0.370000  0.530000  0.620000
   -3.387   -0.813    3.828    4.500    8.150    9.155    9.873   13.913
            0.370000  0.530000  0.630000
   -3.380   -0.805    3.781    4.479    8.187    9.141    9.927   13.890
            0.370000  0.530000  0.640000
   -3.374   -0.794    3.733    4.459    8.224    9.129    9.984   13.857
            0.370000  0.530000  0.650000
   -3.369   -0.782    3.683    4.440    8.262    9.116   10.043   13.814
            0.370000  0.530000  0.660000
   -3.364   -0.768    3.631    4.420    8.301    9.105   10.103   13.761
            0.370000  0.530000  0.670000
   -3.360   -0.752    3.578    4.401    8.340    9.095   10.165   13.699
            0.370000  0.530000  0.680000
   -3.356   -0.735    3.523    4.383    8.378    9.087   10.229   13.630
            0.370000  0.530000  0.690000
   -3.353   -0.716    3.467    4.365    8.416    9.080   10.295   13.555
            0.370000  0.530000  0.700000
   -3.351   -0.695    3.410    4.347    8.453    9.076   10.361   13.475
            0.370000  0.530000  0.710000
   -3.349   -0.672    3.352    4.331    8.489    9.075   10.429   13.391
            0.370000  0.530000  0.720000
   -3.348   -0.648    3.294    4.314    8.522    9.078   10.499   13.305
            0.370000  0.530000  0.730000
   -3.347   -0.623    3.234    4.298    8.552    9.085   10.569   13.217
            0.370000  0.530000  0.740000
   -3.346   -0.596    3.175    4.283    8.578    9.097   10.640   13.128
            0.370000  0.530000  0.750000
   -3.346   -0.568    3.114    4.268    8.601    9.114   10.713   13.038
            0.370000  0.530000  0.760000
   -3.346   -0.539    3.054    4.254    8.619    9.137   10.785   12.948
            0.370000  0.530000  0.770000
   -3.347   -0.509    2.994    4.241    8.633    9.166   10.859   12.857
            0.370000  0.530000  0.780000
   -3.348   -0.478    2.934    4.228    8.642    9.200   10.933   12.767
            0.370000  0.530000  0.790000
   -3.349   -0.447    2.874    4.215    8.649    9.239   11.007   12.677
            0.370000  0.530000  0.800000
   -3.350   -0.414    2.814    4.203    8.652    9.282   11.082   12.587
            0.370000  0.530000  0.810000
   -3.351   -0.381    2.756    4.192    8.653    9.329   11.156   12.498
            0.370000  0.530000  0.820000
   -3.353   -0.348    2.698    4.181    8.652    9.379   11.231   12.411
            0.370000  0.530000  0.830000
   -3.355   -0.314    2.641    4.171    8.650    9.431   11.304   12.324
            0.370000  0.530000  0.840000
   -3.356   -0.280    2.585    4.162    8.647    9.485   11.376   12.240
            0.370000  0.530000  0.850000
   -3.358   -0.246    2.531    4.153    8.643    9.541   11.447   12.159
            0.370000  0.530000  0.860000
   -3.360   -0.213    2.478    4.144    8.638    9.598   11.513   12.082
            0.370000  0.530000  0.870000
   -3.362   -0.180    2.427    4.136    8.634    9.656   11.573   12.013
            0.370000  0.530000  0.880000
   -3.364   -0.148    2.378    4.129    8.629    9.715   11.619   11.958
            0.370000  0.530000  0.890000
   -3.365   -0.117    2.331    4.122    8.625    9.774   11.637   11.931
            0.370000  0.530000  0.900000
   -3.367   -0.087    2.287    4.116    8.620    9.833   11.619   11.941
            0.370000  0.530000  0.910000
   -3.368   -0.059    2.246    4.111    8.616    9.892   11.573   11.978
            0.370000  0.530000  0.920000
   -3.370   -0.033    2.208    4.106    8.613    9.950   11.516   12.028
            0.370000  0.530000  0.930000
   -3.371   -0.008    2.173    4.101    8.609   10.006   11.455   12.080
            0.370000  0.530000  0.940000
   -3.372    0.014    2.143    4.097    8.606   10.059   11.396   12.132
            0.370000  0.530000  0.950000
   -3.373    0.033    2.116    4.094    8.603   10.109   11.340   12.180
            0.370000  0.530000  0.960000
   -3.374    0.049    2.094    4.092    8.601   10.153   11.289   12.223
            0.370000  0.530000  0.970000
   -3.375    0.062    2.076    4.090    8.599   10.191   11.247   12.258
            0.370000  0.530000  0.980000
   -3.375    0.071    2.063    4.088    8.598   10.220   11.214   12.285
            0.370000  0.530000  0.990000
   -3.376    0.077    2.056    4.087    8.597   10.239   11.193   12.302
            0.370000  0.530000  1.000000
   -3.376    0.079    2.053    4.087    8.597   10.245   11.186   12.307
