 &plot nbnd=   8, nks=   101 /
            0.170000  0.920000  0.000000
   -2.274   -1.124    2.836    2.928    7.237    7.479   13.939   15.132
            0.170000  0.920000  0.010000
   -2.274   -1.124    2.821    2.943    7.227    7.492   13.939   15.128
            0.170000  0.920000  0.020000
   -2.274   -1.124    2.789    2.973    7.203    7.524   13.939   15.118
            0.170000  0.920000  0.030000
   -2.273   -1.123    2.752    3.007    7.171    7.569   13.939   15.100
            0.170000  0.920000  0.040000
   -2.273   -1.123    2.714    3.042    7.138    7.623   13.940   15.073
            0.170000  0.920000  0.050000
   -2.272   -1.122    2.675    3.077    7.105    7.681   13.940   15.037
            0.170000  0.920000  0.060000
   -2.272   -1.122    2.635    3.111    7.073    7.743   13.940   14.991
            0.170000  0.920000  0.070000
   -2.271   -1.121    2.595    3.144    7.045    7.809   13.941   14.934
            0.170000  0.920000  0.080000
   -2.270   -1.120    2.556    3.175    7.019    7.877   13.941   14.866
            0.170000  0.920000  0.090000
   -2.269   -1.119    2.517    3.205    6.996    7.947   13.942   14.790
            0.170000  0.920000  0.100000
   -2.268   -1.118    2.478    3.233    6.978    8.020   13.942   14.705
            0.170000  0.920000  0.110000
   -2.267   -1.117    2.440    3.259    6.963    8.095   13.942   14.613
            0.170000  0.920000  0.120000
   -2.266   -1.115    2.403    3.283    6.952    8.172   13.942   14.515
            0.170000  0.920000  0.130000
   -2.265   -1.114    2.367    3.305    6.945    8.251   13.941   14.414
            0.170000  0.920000  0.140000
   -2.264   -1.112    2.331    3.325    6.943    8.331   13.939   14.309
            0.170000  0.920000  0.150000
   -2.263   -1.110    2.296    3.342    6.945    8.413   13.934   14.205
            0.170000  0.920000  0.160000
   -2.262   -1.108    2.262    3.357    6.952    8.497   13.921   14.106
            0.170000  0.920000  0.170000
   -2.261   -1.106    2.229    3.370    6.963    8.582   13.883   14.029
            0.170000  0.920000  0.180000
   -2.260   -1.104    2.198    3.380    6.979    8.669   13.803   13.992
            0.170000  0.920000  0.190000
   -2.260   -1.101    2.167    3.387    6.999    8.757   13.698   13.978
            0.170000  0.920000  0.200000
   -2.259   -1.098    2.138    3.392    7.024    8.846   13.584   13.972
            0.170000  0.920000  0.210000
   -2.259   -1.095    2.110    3.395    7.053    8.937   13.467   13.968
            0.170000  0.920000  0.220000
   -2.259   -1.092    2.083    3.396    7.087    9.029   13.347   13.964
            0.170000  0.920000  0.230000
   -2.259   -1.088    2.058    3.394    7.124    9.122   13.227   13.959
            0.170000  0.920000  0.240000
   -2.260   -1.084    2.033    3.391    7.166    9.216   13.106   13.952
            0.170000  0.920000  0.250000
   -2.261   -1.080    2.011    3.385    7.212    9.312   12.984   13.942
            0.170000  0.920000  0.260000
   -2.262   -1.076    1.989    3.378    7.262    9.408   12.862   13.927
            0.170000  0.920000  0.270000
   -2.264   -1.071    1.969    3.369    7.315    9.506   12.740   13.903
            0.170000  0.920000  0.280000
   -2.266   -1.066    1.951    3.359    7.373    9.604   12.618   13.866
            0.170000  0.920000  0.290000
   -2.268   -1.060    1.934    3.347    7.433    9.703   12.496   13.811
            0.170000  0.920000  0.300000
   -2.271   -1.054    1.918    3.334    7.497    9.803   12.375   13.735
            0.170000  0.920000  0.310000
   -2.274   -1.048    1.904    3.320    7.564    9.903   12.254   13.643
            0.170000  0.920000  0.320000
   -2.278   -1.041    1.892    3.305    7.634   10.004   12.134   13.539
            0.170000  0.920000  0.330000
   -2.283   -1.034    1.881    3.290    7.706   10.105   12.015   13.427
            0.170000  0.920000  0.340000
   -2.287   -1.026    1.871    3.274    7.782   10.207   11.897   13.311
            0.170000  0.920000  0.350000
   -2.293   -1.018    1.863    3.257    7.860   10.307   11.781   13.193
            0.170000  0.920000  0.360000
   -2.299   -1.010    1.856    3.241    7.940   10.407   11.667   13.073
            0.170000  0.920000  0.370000
   -2.305   -1.001    1.851    3.224    8.023   10.504   11.557   12.952
            0.170000  0.920000  0.380000
   -2.313   -0.991    1.847    3.206    8.108   10.595   11.453   12.831
            0.170000  0.920000  0.390000
   -2.320   -0.982    1.844    3.189    8.195   10.677   11.360   12.711
            0.170000  0.920000  0.400000
   -2.328   -0.971    1.843    3.173    8.284   10.739   11.288   12.591
            0.170000  0.920000  0.410000
   -2.337   -0.961    1.844    3.156    8.375   10.763   11.255   12.472
            0.170000  0.920000  0.420000
   -2.346   -0.949    1.845    3.140    8.467   10.737   11.271   12.355
            0.170000  0.920000  0.430000
   -2.356   -0.938    1.848    3.124    8.561   10.672   11.327   12.241
            0.170000  0.920000  0.440000
   -2.366   -0.926    1.852    3.109    8.657   10.584   11.402   12.131
            0.170000  0.920000  0.450000
   -2.377   -0.914    1.857    3.095    8.754   10.487   11.480   12.031
            0.170000  0.920000  0.460000
   -2.388   -0.901    1.864    3.081    8.852   10.383   11.543   11.953
            0.170000  0.920000  0.470000
   -2.400   -0.888    1.872    3.068    8.951   10.278   11.561   11.926
            0.170000  0.920000  0.480000
   -2.412   -0.875    1.880    3.056    9.051   10.171   11.515   11.967
            0.170000  0.920000  0.490000
   -2.424   -0.861    1.890    3.045    9.151   10.065   11.430   12.049
            0.170000  0.920000  0.500000
   -2.437   -0.847    1.901    3.035    9.251    9.960   11.331   12.148
            0.170000  0.920000  0.510000
   -2.450   -0.833    1.913    3.026    9.349    9.859   11.226   12.256
            0.170000  0.920000  0.520000
   -2.463   -0.819    1.926    3.018    9.438    9.766   11.119   12.369
            0.170000  0.920000  0.530000
   -2.476   -0.805    1.940    3.011    9.494    9.707   11.012   12.484
            0.170000  0.920000  0.540000
   -2.490   -0.790    1.955    3.005    9.465    9.734   10.906   12.601
            0.170000  0.920000  0.550000
   -2.504   -0.776    1.970    3.001    9.382    9.814   10.803   12.720
            0.170000  0.920000  0.560000
   -2.518   -0.761    1.987    2.998    9.286    9.904   10.705   12.840
            0.170000  0.920000  0.570000
   -2.532   -0.747    2.004    2.996    9.187    9.990   10.617   12.961
            0.170000  0.920000  0.580000
   -2.547   -0.732    2.022    2.996    9.087   10.060   10.548   13.083
            0.170000  0.920000  0.590000
   -2.561   -0.718    2.041    2.997    8.987   10.094   10.519   13.205
            0.170000  0.920000  0.600000
   -2.575   -0.704    2.060    2.999    8.888   10.073   10.545   13.327
            0.170000  0.920000  0.610000
   -2.590   -0.689    2.080    3.002    8.790   10.012   10.614   13.449
            0.170000  0.920000  0.620000
   -2.604   -0.675    2.101    3.007    8.693    9.929   10.706   13.570
            0.170000  0.920000  0.630000
   -2.618   -0.662    2.122    3.013    8.597    9.838   10.809   13.689
            0.170000  0.920000  0.640000
   -2.632   -0.648    2.145    3.021    8.503    9.743   10.918   13.804
            0.170000  0.920000  0.650000
   -2.646   -0.635    2.167    3.029    8.410    9.646   11.030   13.909
            0.170000  0.920000  0.660000
   -2.660   -0.622    2.191    3.039    8.318    9.548   11.144   13.995
            0.170000  0.920000  0.670000
   -2.674   -0.609    2.215    3.049    8.228    9.451   11.260   14.053
            0.170000  0.920000  0.680000
   -2.688   -0.596    2.240    3.061    8.140    9.353   11.378   14.085
            0.170000  0.920000  0.690000
   -2.701   -0.584    2.265    3.073    8.054    9.257   11.496   14.103
            0.170000  0.920000  0.700000
   -2.714   -0.573    2.291    3.086    7.970    9.161   11.615   14.114
            0.170000  0.920000  0.710000
   -2.727   -0.561    2.317    3.100    7.887    9.067   11.735   14.120
            0.170000  0.920000  0.720000
   -2.740   -0.551    2.344    3.115    7.807    8.974   11.855   14.125
            0.170000  0.920000  0.730000
   -2.752   -0.540    2.372    3.130    7.728    8.882   11.975   14.128
            0.170000  0.920000  0.740000
   -2.764   -0.530    2.400    3.145    7.653    8.791   12.096   14.131
            0.170000  0.920000  0.750000
   -2.776   -0.520    2.429    3.161    7.579    8.702   12.217   14.133
            0.170000  0.920000  0.760000
   -2.787   -0.511    2.459    3.176    7.508    8.614   12.337   14.134
            0.170000  0.920000  0.770000
   -2.799   -0.502    2.489    3.192    7.439    8.528   12.458   14.135
            0.170000  0.920000  0.780000
   -2.809   -0.494    2.519    3.207    7.373    8.443   12.579   14.136
            0.170000  0.920000  0.790000
   -2.819   -0.486    2.550    3.222    7.310    8.361   12.699   14.136
            0.170000  0.920000  0.800000
   -2.829   -0.479    2.581    3.236    7.250    8.280   12.819   14.137
            0.170000  0.920000  0.810000
   -2.839   -0.472    2.613    3.250    7.193    8.201   12.938   14.137
            0.170000  0.920000  0.820000
   -2.848   -0.465    2.645    3.262    7.139    8.125   13.057   14.137
            0.170000  0.920000  0.830000
   -2.857   -0.459    2.678    3.274    7.088    8.050   13.174   14.137
            0.170000  0.920000  0.840000
   -2.865   -0.453    2.711    3.284    7.041    7.978   13.291   14.137
            0.170000  0.920000  0.850000
   -2.873   -0.448    2.743    3.293    6.997    7.909   13.406   14.137
            0.170000  0.920000  0.860000
   -2.880   -0.443    2.776    3.300    6.957    7.842   13.519   14.137
            0.170000  0.920000  0.870000
   -2.887   -0.439    2.809    3.306    6.920    7.777   13.630   14.137
            0.170000  0.920000  0.880000
   -2.893   -0.434    2.842    3.309    6.886    7.716   13.738   14.137
            0.170000  0.920000  0.890000
   -2.899   -0.431    2.875    3.311    6.856    7.658   13.844   14.137
            0.170000  0.920000  0.900000
   -2.904   -0.427    2.907    3.311    6.830    7.604   13.946   14.137
            0.170000  0.920000  0.910000
   -2.909   -0.424    2.939    3.309    6.807    7.553   14.044   14.136
            0.170000  0.920000  0.920000
   -2.913   -0.421    2.971    3.305    6.788    7.506   14.134   14.138
            0.170000  0.920000  0.930000
   -2.917   -0.419    3.001    3.299    6.771    7.464   14.136   14.222
            0.170000  0.920000  0.940000
   -2.921   -0.417    3.031    3.290    6.758    7.426   14.136   14.302
            0.170000  0.920000  0.950000
   -2.924   -0.415    3.060    3.280    6.747    7.393   14.136   14.372
            0.170000  0.920000  0.960000
   -2.926   -0.414    3.087    3.267    6.738    7.366   14.136   14.432
            0.170000  0.920000  0.970000
   -2.928   -0.413    3.113    3.253    6.732    7.344   14.135   14.481
            0.170000  0.920000  0.980000
   -2.929   -0.412    3.137    3.238    6.728    7.328   14.135   14.518
            0.170000  0.920000  0.990000
   -2.930   -0.411    3.156    3.223    6.726    7.319   14.135   14.540
            0.170000  0.920000  1.000000
   -2.930   -0.411    3.165    3.216    6.725    7.315   14.135   14.547
