 &plot nbnd=   8, nks=   101 /
            0.440000  0.700000  0.000000
   -3.138   -0.138    2.032    3.636    9.143    9.825   10.592   13.113
            0.440000  0.700000  0.010000
   -3.138   -0.140    2.034    3.636    9.143    9.817   10.600   13.107
            0.440000  0.700000  0.020000
   -3.138   -0.144    2.040    3.638    9.144    9.795   10.625   13.088
            0.440000  0.700000  0.030000
   -3.138   -0.151    2.049    3.641    9.145    9.761   10.664   13.058
            0.440000  0.700000  0.040000
   -3.138   -0.160    2.062    3.645    9.148    9.719   10.714   13.017
            0.440000  0.700000  0.050000
   -3.137   -0.172    2.079    3.650    9.150    9.669   10.772   12.967
            0.440000  0.700000  0.060000
   -3.137   -0.187    2.099    3.656    9.154    9.616   10.837   12.910
            0.440000  0.700000  0.070000
   -3.137   -0.203    2.122    3.663    9.158    9.559   10.907   12.846
            0.440000  0.700000  0.080000
   -3.137   -0.222    2.148    3.672    9.163    9.500   10.981   12.778
            0.440000  0.700000  0.090000
   -3.137   -0.242    2.176    3.681    9.168    9.441   11.057   12.705
            0.440000  0.700000  0.100000
   -3.137   -0.264    2.208    3.692    9.174    9.381   11.137   12.628
            0.440000  0.700000  0.110000
   -3.137   -0.287    2.241    3.704    9.180    9.321   11.218   12.549
            0.440000  0.700000  0.120000
   -3.138   -0.311    2.276    3.717    9.186    9.262   11.301   12.468
            0.440000  0.700000  0.130000
   -3.138   -0.335    2.313    3.731    9.186    9.210   11.385   12.386
            0.440000  0.700000  0.140000
   -3.139   -0.361    2.352    3.746    9.139    9.206   11.471   12.302
            0.440000  0.700000  0.150000
   -3.139   -0.387    2.391    3.762    9.082    9.214   11.557   12.218
            0.440000  0.700000  0.160000
   -3.140   -0.413    2.432    3.780    9.026    9.222   11.643   12.134
            0.440000  0.700000  0.170000
   -3.141   -0.439    2.474    3.799    8.970    9.232   11.726   12.053
            0.440000  0.700000  0.180000
   -3.143   -0.465    2.516    3.819    8.915    9.242   11.795   11.986
            0.440000  0.700000  0.190000
   -3.145   -0.491    2.559    3.840    8.861    9.253   11.805   11.980
            0.440000  0.700000  0.200000
   -3.147   -0.516    2.602    3.862    8.809    9.264   11.744   12.045
            0.440000  0.700000  0.210000
   -3.149   -0.541    2.646    3.886    8.758    9.276   11.663   12.130
            0.440000  0.700000  0.220000
   -3.152   -0.565    2.689    3.910    8.709    9.288   11.577   12.221
            0.440000  0.700000  0.230000
   -3.156   -0.588    2.732    3.936    8.662    9.301   11.490   12.314
            0.440000  0.700000  0.240000
   -3.159   -0.610    2.775    3.962    8.616    9.314   11.403   12.408
            0.440000  0.700000  0.250000
   -3.164   -0.631    2.818    3.989    8.571    9.327   11.315   12.503
            0.440000  0.700000  0.260000
   -3.169   -0.651    2.860    4.017    8.529    9.341   11.227   12.598
            0.440000  0.700000  0.270000
   -3.174   -0.670    2.902    4.046    8.489    9.354   11.139   12.695
            0.440000  0.700000  0.280000
   -3.180   -0.687    2.943    4.076    8.450    9.369   11.052   12.791
            0.440000  0.700000  0.290000
   -3.187   -0.703    2.983    4.106    8.414    9.383   10.966   12.887
            0.440000  0.700000  0.300000
   -3.194   -0.717    3.023    4.136    8.379    9.397   10.880   12.984
            0.440000  0.700000  0.310000
   -3.203   -0.730    3.062    4.167    8.347    9.411   10.795   13.080
            0.440000  0.700000  0.320000
   -3.211   -0.741    3.100    4.197    8.318    9.426   10.711   13.176
            0.440000  0.700000  0.330000
   -3.221   -0.751    3.138    4.228    8.290    9.440   10.628   13.271
            0.440000  0.700000  0.340000
   -3.231   -0.758    3.175    4.258    8.265    9.454   10.547   13.365
            0.440000  0.700000  0.350000
   -3.242   -0.764    3.211    4.288    8.243    9.467   10.467   13.458
            0.440000  0.700000  0.360000
   -3.254   -0.769    3.246    4.318    8.223    9.480   10.389   13.549
            0.440000  0.700000  0.370000
   -3.266   -0.771    3.281    4.346    8.205    9.491   10.314   13.637
            0.440000  0.700000  0.380000
   -3.279   -0.772    3.314    4.374    8.191    9.501   10.241   13.721
            0.440000  0.700000  0.390000
   -3.293   -0.770    3.347    4.400    8.178    9.510   10.172   13.800
            0.440000  0.700000  0.400000
   -3.307   -0.767    3.380    4.425    8.169    9.516   10.107   13.874
            0.440000  0.700000  0.410000
   -3.322   -0.763    3.411    4.449    8.162    9.518   10.047   13.939
            0.440000  0.700000  0.420000
   -3.337   -0.756    3.442    4.471    8.158    9.515    9.994   13.993
            0.440000  0.700000  0.430000
   -3.353   -0.748    3.472    4.491    8.156    9.506    9.950   14.036
            0.440000  0.700000  0.440000
   -3.370   -0.737    3.501    4.509    8.157    9.489    9.915   14.064
            0.440000  0.700000  0.450000
   -3.387   -0.726    3.530    4.526    8.159    9.466    9.890   14.076
            0.440000  0.700000  0.460000
   -3.405   -0.712    3.558    4.540    8.164    9.435    9.875   14.072
            0.440000  0.700000  0.470000
   -3.423   -0.697    3.585    4.552    8.171    9.400    9.867   14.050
            0.440000  0.700000  0.480000
   -3.441   -0.680    3.612    4.561    8.179    9.362    9.866   14.012
            0.440000  0.700000  0.490000
   -3.460   -0.661    3.638    4.569    8.188    9.323    9.869   13.958
            0.440000  0.700000  0.500000
   -3.479   -0.641    3.662    4.574    8.197    9.285    9.876   13.892
            0.440000  0.700000  0.510000
   -3.498   -0.620    3.687    4.576    8.207    9.249    9.885   13.816
            0.440000  0.700000  0.520000
   -3.518   -0.597    3.710    4.577    8.216    9.218    9.895   13.733
            0.440000  0.700000  0.530000
   -3.537   -0.572    3.732    4.575    8.224    9.190    9.908   13.646
            0.440000  0.700000  0.540000
   -3.557   -0.546    3.754    4.570    8.230    9.169    9.921   13.554
            0.440000  0.700000  0.550000
   -3.577   -0.519    3.774    4.564    8.234    9.153    9.935   13.460
            0.440000  0.700000  0.560000
   -3.597   -0.490    3.793    4.556    8.235    9.145    9.949   13.363
            0.440000  0.700000  0.570000
   -3.617   -0.461    3.812    4.545    8.233    9.143    9.965   13.266
            0.440000  0.700000  0.580000
   -3.637   -0.430    3.828    4.533    8.228    9.148    9.981   13.167
            0.440000  0.700000  0.590000
   -3.656   -0.397    3.844    4.519    8.221    9.160    9.997   13.068
            0.440000  0.700000  0.600000
   -3.676   -0.364    3.858    4.503    8.211    9.177   10.015   12.968
            0.440000  0.700000  0.610000
   -3.696   -0.329    3.870    4.487    8.200    9.200   10.033   12.868
            0.440000  0.700000  0.620000
   -3.715   -0.294    3.880    4.469    8.188    9.228   10.052   12.768
            0.440000  0.700000  0.630000
   -3.734   -0.257    3.889    4.450    8.175    9.259   10.072   12.668
            0.440000  0.700000  0.640000
   -3.753   -0.219    3.895    4.431    8.162    9.293   10.094   12.568
            0.440000  0.700000  0.650000
   -3.772   -0.181    3.898    4.412    8.150    9.329   10.117   12.469
            0.440000  0.700000  0.660000
   -3.790   -0.142    3.898    4.393    8.138    9.366   10.142   12.370
            0.440000  0.700000  0.670000
   -3.809   -0.101    3.895    4.375    8.128    9.404   10.169   12.272
            0.440000  0.700000  0.680000
   -3.826   -0.060    3.888    4.358    8.119    9.442   10.199   12.174
            0.440000  0.700000  0.690000
   -3.844   -0.018    3.877    4.343    8.112    9.478   10.231   12.077
            0.440000  0.700000  0.700000
   -3.861    0.024    3.862    4.329    8.107    9.514   10.267   11.981
            0.440000  0.700000  0.710000
   -3.877    0.067    3.843    4.318    8.105    9.547   10.305   11.885
            0.440000  0.700000  0.720000
   -3.894    0.111    3.821    4.308    8.104    9.578   10.347   11.791
            0.440000  0.700000  0.730000
   -3.910    0.155    3.794    4.300    8.106    9.607   10.393   11.697
            0.440000  0.700000  0.740000
   -3.925    0.200    3.764    4.294    8.110    9.633   10.441   11.605
            0.440000  0.700000  0.750000
   -3.940    0.245    3.730    4.289    8.117    9.657   10.493   11.514
            0.440000  0.700000  0.760000
   -3.954    0.291    3.694    4.286    8.126    9.677   10.547   11.425
            0.440000  0.700000  0.770000
   -3.968    0.336    3.656    4.283    8.138    9.696   10.603   11.337
            0.440000  0.700000  0.780000
   -3.982    0.382    3.616    4.282    8.151    9.712   10.661   11.251
            0.440000  0.700000  0.790000
   -3.995    0.428    3.574    4.280    8.167    9.727   10.718   11.169
            0.440000  0.700000  0.800000
   -4.007    0.474    3.531    4.280    8.186    9.739   10.773   11.094
            0.440000  0.700000  0.810000
   -4.019    0.520    3.487    4.279    8.206    9.750   10.814   11.034
            0.440000  0.700000  0.820000
   -4.030    0.566    3.442    4.279    8.228    9.759   10.818   11.014
            0.440000  0.700000  0.830000
   -4.041    0.611    3.397    4.279    8.252    9.767   10.774   11.045
            0.440000  0.700000  0.840000
   -4.051    0.656    3.352    4.279    8.278    9.774   10.710   11.098
            0.440000  0.700000  0.850000
   -4.061    0.700    3.307    4.279    8.305    9.779   10.639   11.159
            0.440000  0.700000  0.860000
   -4.070    0.744    3.263    4.279    8.334    9.784   10.569   11.223
            0.440000  0.700000  0.870000
   -4.078    0.786    3.219    4.279    8.364    9.788   10.499   11.287
            0.440000  0.700000  0.880000
   -4.086    0.827    3.177    4.279    8.394    9.791   10.431   11.351
            0.440000  0.700000  0.890000
   -4.093    0.866    3.135    4.279    8.425    9.793   10.366   11.414
            0.440000  0.700000  0.900000
   -4.100    0.904    3.096    4.279    8.457    9.794   10.303   11.475
            0.440000  0.700000  0.910000
   -4.106    0.940    3.059    4.279    8.488    9.794   10.245   11.534
            0.440000  0.700000  0.920000
   -4.111    0.973    3.024    4.279    8.518    9.794   10.191   11.590
            0.440000  0.700000  0.930000
   -4.116    1.003    2.992    4.279    8.547    9.792   10.142   11.641
            0.440000  0.700000  0.940000
   -4.120    1.031    2.963    4.279    8.575    9.789   10.098   11.689
            0.440000  0.700000  0.950000
   -4.123    1.054    2.938    4.278    8.600    9.786   10.061   11.731
            0.440000  0.700000  0.960000
   -4.126    1.075    2.917    4.278    8.621    9.782   10.030   11.766
            0.440000  0.700000  0.970000
   -4.129    1.091    2.900    4.278    8.639    9.777   10.007   11.795
            0.440000  0.700000  0.980000
   -4.130    1.102    2.888    4.278    8.653    9.773    9.990   11.816
            0.440000  0.700000  0.990000
   -4.131    1.109    2.880    4.278    8.661    9.770    9.981   11.829
            0.440000  0.700000  1.000000
   -4.131    1.112    2.878    4.278    8.664    9.769    9.977   11.834
