 &plot nbnd=   8, nks=   101 /
            0.390000  0.130000  0.000000
   -5.069    3.018    4.245    4.812    7.849    9.784   10.459   10.557
            0.390000  0.130000  0.010000
   -5.069    3.015    4.248    4.811    7.851    9.783   10.459   10.556
            0.390000  0.130000  0.020000
   -5.067    3.005    4.257    4.807    7.855    9.780   10.460   10.553
            0.390000  0.130000  0.030000
   -5.065    2.989    4.272    4.801    7.861    9.775   10.463   10.548
            0.390000  0.130000  0.040000
   -5.063    2.967    4.291    4.791    7.870    9.769   10.466   10.542
            0.390000  0.130000  0.050000
   -5.059    2.940    4.316    4.780    7.882    9.760   10.471   10.533
            0.390000  0.130000  0.060000
   -5.055    2.908    4.344    4.766    7.896    9.748   10.477   10.524
            0.390000  0.130000  0.070000
   -5.049    2.872    4.376    4.750    7.913    9.734   10.483   10.516
            0.390000  0.130000  0.080000
   -5.043    2.833    4.410    4.731    7.932    9.717   10.485   10.513
            0.390000  0.130000  0.090000
   -5.037    2.791    4.447    4.710    7.953    9.697   10.477   10.522
            0.390000  0.130000  0.100000
   -5.029    2.746    4.485    4.688    7.976    9.675   10.464   10.538
            0.390000  0.130000  0.110000
   -5.021    2.700    4.523    4.664    8.002    9.649   10.448   10.559
            0.390000  0.130000  0.120000
   -5.012    2.651    4.562    4.640    8.029    9.621   10.432   10.583
            0.390000  0.130000  0.130000
   -5.002    2.601    4.588    4.626    8.058    9.591   10.414   10.611
            0.390000  0.130000  0.140000
   -4.991    2.550    4.572    4.653    8.088    9.559   10.396   10.643
            0.390000  0.130000  0.150000
   -4.979    2.498    4.542    4.692    8.121    9.525   10.377   10.678
            0.390000  0.130000  0.160000
   -4.967    2.445    4.510    4.732    8.154    9.490   10.357   10.717
            0.390000  0.130000  0.170000
   -4.954    2.392    4.477    4.771    8.189    9.454   10.336   10.759
            0.390000  0.130000  0.180000
   -4.940    2.338    4.442    4.810    8.225    9.419   10.314   10.804
            0.390000  0.130000  0.190000
   -4.925    2.283    4.405    4.847    8.261    9.384   10.292   10.852
            0.390000  0.130000  0.200000
   -4.910    2.229    4.368    4.884    8.298    9.349   10.269   10.903
            0.390000  0.130000  0.210000
   -4.894    2.174    4.330    4.919    8.335    9.317   10.245   10.957
            0.390000  0.130000  0.220000
   -4.877    2.119    4.292    4.952    8.371    9.286   10.221   11.014
            0.390000  0.130000  0.230000
   -4.859    2.063    4.252    4.983    8.407    9.259   10.195   11.073
            0.390000  0.130000  0.240000
   -4.840    2.008    4.212    5.012    8.441    9.236   10.170   11.135
            0.390000  0.130000  0.250000
   -4.821    1.953    4.172    5.039    8.472    9.218   10.143   11.199
            0.390000  0.130000  0.260000
   -4.801    1.898    4.131    5.064    8.501    9.205   10.116   11.265
            0.390000  0.130000  0.270000
   -4.780    1.844    4.089    5.086    8.525    9.200   10.088   11.334
            0.390000  0.130000  0.280000
   -4.758    1.789    4.047    5.105    8.545    9.203   10.060   11.404
            0.390000  0.130000  0.290000
   -4.736    1.734    4.005    5.121    8.560    9.215   10.032   11.477
            0.390000  0.130000  0.300000
   -4.713    1.680    3.963    5.135    8.570    9.235   10.002   11.551
            0.390000  0.130000  0.310000
   -4.689    1.626    3.921    5.145    8.575    9.263    9.973   11.628
            0.390000  0.130000  0.320000
   -4.664    1.573    3.878    5.152    8.577    9.298    9.943   11.705
            0.390000  0.130000  0.330000
   -4.639    1.519    3.836    5.155    8.577    9.340    9.914   11.784
            0.390000  0.130000  0.340000
   -4.613    1.466    3.793    5.156    8.575    9.387    9.884   11.864
            0.390000  0.130000  0.350000
   -4.586    1.414    3.751    5.152    8.573    9.439    9.854   11.944
            0.390000  0.130000  0.360000
   -4.558    1.361    3.708    5.146    8.571    9.493    9.825   12.023
            0.390000  0.130000  0.370000
   -4.530    1.310    3.666    5.136    8.570    9.549    9.799   12.098
            0.390000  0.130000  0.380000
   -4.501    1.258    3.624    5.122    8.570    9.601    9.777   12.162
            0.390000  0.130000  0.390000
   -4.472    1.207    3.582    5.105    8.572    9.640    9.773   12.199
            0.390000  0.130000  0.400000
   -4.441    1.156    3.540    5.085    8.575    9.646    9.803   12.196
            0.390000  0.130000  0.410000
   -4.410    1.106    3.498    5.062    8.581    9.629    9.859   12.163
            0.390000  0.130000  0.420000
   -4.378    1.056    3.456    5.035    8.589    9.603    9.925   12.117
            0.390000  0.130000  0.430000
   -4.346    1.006    3.415    5.006    8.600    9.575    9.996   12.065
            0.390000  0.130000  0.440000
   -4.313    0.957    3.374    4.974    8.612    9.545   10.071   12.012
            0.390000  0.130000  0.450000
   -4.279    0.908    3.333    4.939    8.627    9.514   10.147   11.958
            0.390000  0.130000  0.460000
   -4.244    0.860    3.293    4.901    8.645    9.483   10.225   11.904
            0.390000  0.130000  0.470000
   -4.209    0.812    3.253    4.861    8.664    9.452   10.304   11.851
            0.390000  0.130000  0.480000
   -4.173    0.765    3.213    4.819    8.685    9.422   10.385   11.798
            0.390000  0.130000  0.490000
   -4.137    0.718    3.174    4.775    8.709    9.392   10.466   11.747
            0.390000  0.130000  0.500000
   -4.100    0.671    3.135    4.730    8.733    9.363   10.549   11.697
            0.390000  0.130000  0.510000
   -4.062    0.625    3.096    4.682    8.760    9.334   10.632   11.648
            0.390000  0.130000  0.520000
   -4.024    0.579    3.057    4.634    8.787    9.307   10.715   11.600
            0.390000  0.130000  0.530000
   -3.985    0.533    3.019    4.583    8.815    9.281   10.799   11.555
            0.390000  0.130000  0.540000
   -3.945    0.488    2.982    4.532    8.843    9.257   10.881   11.513
            0.390000  0.130000  0.550000
   -3.905    0.443    2.944    4.480    8.869    9.237   10.961   11.475
            0.390000  0.130000  0.560000
   -3.864    0.399    2.907    4.427    8.893    9.221   11.036   11.443
            0.390000  0.130000  0.570000
   -3.823    0.355    2.871    4.374    8.913    9.212   11.101   11.424
            0.390000  0.130000  0.580000
   -3.781    0.311    2.835    4.320    8.926    9.212   11.145   11.428
            0.390000  0.130000  0.590000
   -3.739    0.268    2.799    4.265    8.930    9.221   11.159   11.463
            0.390000  0.130000  0.600000
   -3.696    0.225    2.763    4.211    8.927    9.241   11.149   11.524
            0.390000  0.130000  0.610000
   -3.653    0.182    2.728    4.157    8.917    9.269   11.126   11.600
            0.390000  0.130000  0.620000
   -3.609    0.140    2.694    4.102    8.901    9.304   11.097   11.684
            0.390000  0.130000  0.630000
   -3.565    0.097    2.659    4.048    8.883    9.344   11.065   11.771
            0.390000  0.130000  0.640000
   -3.520    0.055    2.625    3.994    8.863    9.387   11.033   11.861
            0.390000  0.130000  0.650000
   -3.475    0.014    2.592    3.941    8.842    9.434   11.001   11.953
            0.390000  0.130000  0.660000
   -3.429   -0.028    2.559    3.889    8.820    9.482   10.969   12.046
            0.390000  0.130000  0.670000
   -3.383   -0.069    2.526    3.837    8.798    9.533   10.938   12.140
            0.390000  0.130000  0.680000
   -3.337   -0.110    2.494    3.786    8.776    9.585   10.908   12.234
            0.390000  0.130000  0.690000
   -3.290   -0.151    2.462    3.735    8.753    9.638   10.879   12.329
            0.390000  0.130000  0.700000
   -3.243   -0.192    2.430    3.686    8.732    9.692   10.851   12.425
            0.390000  0.130000  0.710000
   -3.196   -0.233    2.399    3.638    8.710    9.748   10.825   12.521
            0.390000  0.130000  0.720000
   -3.148   -0.273    2.368    3.591    8.689    9.804   10.800   12.617
            0.390000  0.130000  0.730000
   -3.101   -0.314    2.338    3.546    8.668    9.860   10.776   12.713
            0.390000  0.130000  0.740000
   -3.053   -0.354    2.308    3.502    8.648    9.917   10.755   12.810
            0.390000  0.130000  0.750000
   -3.004   -0.395    2.279    3.459    8.629    9.974   10.735   12.906
            0.390000  0.130000  0.760000
   -2.956   -0.435    2.251    3.418    8.610   10.031   10.718   13.003
            0.390000  0.130000  0.770000
   -2.908   -0.475    2.223    3.378    8.592   10.086   10.704   13.099
            0.390000  0.130000  0.780000
   -2.859   -0.515    2.195    3.340    8.574   10.140   10.694   13.194
            0.390000  0.130000  0.790000
   -2.811   -0.556    2.168    3.303    8.557   10.191   10.689   13.288
            0.390000  0.130000  0.800000
   -2.762   -0.596    2.142    3.268    8.541   10.237   10.690   13.379
            0.390000  0.130000  0.810000
   -2.714   -0.635    2.117    3.235    8.526   10.277   10.700   13.458
            0.390000  0.130000  0.820000
   -2.666   -0.675    2.093    3.203    8.511   10.309   10.719   13.496
            0.390000  0.130000  0.830000
   -2.619   -0.715    2.069    3.173    8.497   10.333   10.748   13.455
            0.390000  0.130000  0.840000
   -2.571   -0.755    2.046    3.145    8.484   10.348   10.788   13.377
            0.390000  0.130000  0.850000
   -2.524   -0.794    2.025    3.119    8.471   10.357   10.836   13.291
            0.390000  0.130000  0.860000
   -2.478   -0.833    2.004    3.094    8.460   10.361   10.892   13.201
            0.390000  0.130000  0.870000
   -2.433   -0.871    1.985    3.071    8.449   10.361   10.952   13.111
            0.390000  0.130000  0.880000
   -2.388   -0.909    1.966    3.050    8.438   10.359   11.016   13.020
            0.390000  0.130000  0.890000
   -2.345   -0.946    1.949    3.031    8.429   10.355   11.084   12.930
            0.390000  0.130000  0.900000
   -2.303   -0.982    1.933    3.013    8.421   10.351   11.154   12.840
            0.390000  0.130000  0.910000
   -2.263   -1.017    1.919    2.997    8.413   10.347   11.225   12.751
            0.390000  0.130000  0.920000
   -2.224   -1.051    1.906    2.983    8.406   10.342   11.299   12.662
            0.390000  0.130000  0.930000
   -2.188   -1.082    1.894    2.970    8.400   10.338   11.373   12.574
            0.390000  0.130000  0.940000
   -2.155   -1.112    1.884    2.960    8.394   10.334   11.448   12.488
            0.390000  0.130000  0.950000
   -2.126   -1.138    1.875    2.950    8.390   10.330   11.524   12.403
            0.390000  0.130000  0.960000
   -2.100   -1.161    1.868    2.943    8.386   10.327   11.599   12.320
            0.390000  0.130000  0.970000
   -2.079   -1.179    1.862    2.937    8.383   10.325   11.673   12.240
            0.390000  0.130000  0.980000
   -2.064   -1.193    1.858    2.933    8.381   10.323   11.742   12.167
            0.390000  0.130000  0.990000
   -2.054   -1.202    1.856    2.930    8.380   10.322   11.798   12.108
            0.390000  0.130000  1.000000
   -2.051   -1.205    1.855    2.930    8.379   10.322   11.823   12.082
