 &plot nbnd=   8, nks=   101 /
            0.040000  0.730000  0.000000
   -3.564    0.431    3.403    3.425    6.667    7.659   13.525   13.628
            0.040000  0.730000  0.010000
   -3.564    0.431    3.398    3.428    6.669    7.661   13.525   13.622
            0.040000  0.730000  0.020000
   -3.563    0.429    3.388    3.433    6.676    7.667   13.524   13.602
            0.040000  0.730000  0.030000
   -3.561    0.427    3.374    3.437    6.687    7.677   13.522   13.570
            0.040000  0.730000  0.040000
   -3.559    0.424    3.358    3.441    6.703    7.691   13.511   13.536
            0.040000  0.730000  0.050000
   -3.556    0.421    3.339    3.443    6.724    7.710   13.464   13.527
            0.040000  0.730000  0.060000
   -3.553    0.416    3.319    3.443    6.748    7.732   13.401   13.525
            0.040000  0.730000  0.070000
   -3.548    0.411    3.297    3.442    6.777    7.758   13.328   13.523
            0.040000  0.730000  0.080000
   -3.544    0.405    3.273    3.441    6.810    7.788   13.249   13.521
            0.040000  0.730000  0.090000
   -3.538    0.398    3.247    3.438    6.847    7.821   13.163   13.520
            0.040000  0.730000  0.100000
   -3.532    0.390    3.219    3.434    6.888    7.858   13.072   13.518
            0.040000  0.730000  0.110000
   -3.525    0.381    3.190    3.430    6.932    7.899   12.977   13.516
            0.040000  0.730000  0.120000
   -3.518    0.372    3.160    3.425    6.980    7.943   12.878   13.514
            0.040000  0.730000  0.130000
   -3.510    0.362    3.128    3.420    7.031    7.990   12.776   13.512
            0.040000  0.730000  0.140000
   -3.502    0.350    3.095    3.414    7.085    8.040   12.672   13.509
            0.040000  0.730000  0.150000
   -3.492    0.338    3.061    3.408    7.143    8.094   12.565   13.507
            0.040000  0.730000  0.160000
   -3.483    0.326    3.026    3.402    7.203    8.150   12.457   13.504
            0.040000  0.730000  0.170000
   -3.472    0.312    2.991    3.396    7.266    8.210   12.347   13.501
            0.040000  0.730000  0.180000
   -3.461    0.298    2.954    3.390    7.332    8.272   12.235   13.497
            0.040000  0.730000  0.190000
   -3.450    0.283    2.917    3.385    7.400    8.337   12.123   13.494
            0.040000  0.730000  0.200000
   -3.438    0.267    2.880    3.380    7.471    8.404   12.010   13.490
            0.040000  0.730000  0.210000
   -3.425    0.250    2.842    3.375    7.544    8.474   11.897   13.487
            0.040000  0.730000  0.220000
   -3.412    0.232    2.803    3.371    7.619    8.546   11.783   13.483
            0.040000  0.730000  0.230000
   -3.398    0.214    2.765    3.367    7.696    8.620   11.668   13.478
            0.040000  0.730000  0.240000
   -3.383    0.195    2.726    3.364    7.775    8.697   11.554   13.474
            0.040000  0.730000  0.250000
   -3.368    0.175    2.687    3.362    7.856    8.775   11.439   13.470
            0.040000  0.730000  0.260000
   -3.353    0.155    2.649    3.360    7.939    8.856   11.324   13.465
            0.040000  0.730000  0.270000
   -3.337    0.134    2.610    3.359    8.024    8.938   11.210   13.460
            0.040000  0.730000  0.280000
   -3.320    0.112    2.572    3.359    8.110    9.022   11.096   13.455
            0.040000  0.730000  0.290000
   -3.303    0.090    2.534    3.360    8.198    9.108   10.982   13.449
            0.040000  0.730000  0.300000
   -3.285    0.067    2.496    3.361    8.288    9.195   10.869   13.444
            0.040000  0.730000  0.310000
   -3.267    0.044    2.458    3.364    8.379    9.283   10.757   13.438
            0.040000  0.730000  0.320000
   -3.249    0.020    2.421    3.367    8.471    9.372   10.645   13.432
            0.040000  0.730000  0.330000
   -3.230   -0.005    2.384    3.371    8.565    9.462   10.535   13.426
            0.040000  0.730000  0.340000
   -3.210   -0.030    2.348    3.376    8.660    9.552   10.428   13.420
            0.040000  0.730000  0.350000
   -3.190   -0.055    2.312    3.382    8.756    9.641   10.324   13.413
            0.040000  0.730000  0.360000
   -3.170   -0.081    2.277    3.389    8.854    9.723   10.228   13.407
            0.040000  0.730000  0.370000
   -3.149   -0.107    2.243    3.396    8.952    9.790   10.149   13.400
            0.040000  0.730000  0.380000
   -3.128   -0.133    2.209    3.404    9.052    9.814   10.117   13.393
            0.040000  0.730000  0.390000
   -3.106   -0.160    2.177    3.413    9.152    9.773   10.151   13.385
            0.040000  0.730000  0.400000
   -3.084   -0.187    2.144    3.423    9.254    9.694   10.226   13.378
            0.040000  0.730000  0.410000
   -3.062   -0.214    2.113    3.434    9.354    9.602   10.317   13.370
            0.040000  0.730000  0.420000
   -3.039   -0.241    2.083    3.445    9.441    9.521   10.415   13.361
            0.040000  0.730000  0.430000
   -3.016   -0.269    2.053    3.456    9.391    9.576   10.517   13.352
            0.040000  0.730000  0.440000
   -2.993   -0.297    2.024    3.468    9.294    9.678   10.621   13.341
            0.040000  0.730000  0.450000
   -2.970   -0.324    1.997    3.481    9.195    9.783   10.728   13.329
            0.040000  0.730000  0.460000
   -2.946   -0.352    1.970    3.494    9.096    9.890   10.836   13.312
            0.040000  0.730000  0.470000
   -2.922   -0.380    1.944    3.507    8.998    9.998   10.945   13.282
            0.040000  0.730000  0.480000
   -2.898   -0.408    1.919    3.521    8.901   10.107   11.056   13.227
            0.040000  0.730000  0.490000
   -2.873   -0.436    1.896    3.535    8.805   10.216   11.167   13.140
            0.040000  0.730000  0.500000
   -2.849   -0.464    1.874    3.549    8.711   10.326   11.280   13.036
            0.040000  0.730000  0.510000
   -2.824   -0.492    1.852    3.563    8.618   10.436   11.393   12.927
            0.040000  0.730000  0.520000
   -2.799   -0.519    1.832    3.576    8.527   10.546   11.507   12.816
            0.040000  0.730000  0.530000
   -2.774   -0.547    1.813    3.590    8.438   10.657   11.621   12.705
            0.040000  0.730000  0.540000
   -2.749   -0.574    1.796    3.604    8.351   10.768   11.735   12.595
            0.040000  0.730000  0.550000
   -2.724   -0.602    1.779    3.617    8.267   10.878   11.848   12.488
            0.040000  0.730000  0.560000
   -2.698   -0.629    1.764    3.629    8.184   10.987   11.958   12.386
            0.040000  0.730000  0.570000
   -2.673   -0.656    1.751    3.641    8.104   11.094   12.056   12.301
            0.040000  0.730000  0.580000
   -2.648   -0.683    1.738    3.652    8.027   11.197   12.091   12.283
            0.040000  0.730000  0.590000
   -2.623   -0.709    1.727    3.663    7.952   11.293   12.038   12.361
            0.040000  0.730000  0.600000
   -2.598   -0.735    1.718    3.672    7.880   11.375   11.971   12.467
            0.040000  0.730000  0.610000
   -2.573   -0.761    1.710    3.680    7.811   11.428   11.928   12.579
            0.040000  0.730000  0.620000
   -2.548   -0.787    1.703    3.687    7.745   11.435   11.929   12.690
            0.040000  0.730000  0.630000
   -2.523   -0.812    1.698    3.692    7.683   11.395   11.979   12.799
            0.040000  0.730000  0.640000
   -2.498   -0.837    1.694    3.696    7.624   11.323   12.059   12.901
            0.040000  0.730000  0.650000
   -2.474   -0.862    1.692    3.698    7.569   11.237   12.154   12.989
            0.040000  0.730000  0.660000
   -2.450   -0.886    1.691    3.698    7.517   11.142   12.257   13.056
            0.040000  0.730000  0.670000
   -2.426   -0.910    1.692    3.696    7.469   11.045   12.364   13.101
            0.040000  0.730000  0.680000
   -2.402   -0.934    1.694    3.692    7.426   10.945   12.471   13.130
            0.040000  0.730000  0.690000
   -2.378   -0.957    1.698    3.686    7.386   10.844   12.578   13.149
            0.040000  0.730000  0.700000
   -2.355   -0.980    1.704    3.678    7.351   10.743   12.682   13.167
            0.040000  0.730000  0.710000
   -2.333   -1.003    1.711    3.667    7.320   10.642   12.779   13.188
            0.040000  0.730000  0.720000
   -2.310   -1.025    1.720    3.653    7.294   10.541   12.866   13.219
            0.040000  0.730000  0.730000
   -2.288   -1.047    1.730    3.638    7.272   10.441   12.934   13.265
            0.040000  0.730000  0.740000
   -2.266   -1.068    1.742    3.619    7.254   10.341   12.982   13.330
            0.040000  0.730000  0.750000
   -2.245   -1.089    1.756    3.598    7.241   10.242   13.011   13.412
            0.040000  0.730000  0.760000
   -2.224   -1.109    1.771    3.575    7.233   10.143   13.028   13.501
            0.040000  0.730000  0.770000
   -2.204   -1.129    1.788    3.549    7.229   10.046   13.038   13.591
            0.040000  0.730000  0.780000
   -2.184   -1.148    1.807    3.521    7.229    9.949   13.044   13.675
            0.040000  0.730000  0.790000
   -2.165   -1.167    1.827    3.491    7.234    9.853   13.048   13.745
            0.040000  0.730000  0.800000
   -2.146   -1.186    1.848    3.458    7.242    9.758   13.049   13.794
            0.040000  0.730000  0.810000
   -2.128   -1.203    1.871    3.424    7.255    9.664   13.050   13.821
            0.040000  0.730000  0.820000
   -2.110   -1.221    1.896    3.387    7.272    9.572   13.050   13.833
            0.040000  0.730000  0.830000
   -2.093   -1.237    1.922    3.349    7.293    9.480   13.049   13.835
            0.040000  0.730000  0.840000
   -2.077   -1.253    1.950    3.309    7.317    9.389   13.048   13.831
            0.040000  0.730000  0.850000
   -2.061   -1.269    1.979    3.268    7.345    9.299   13.047   13.825
            0.040000  0.730000  0.860000
   -2.046   -1.284    2.010    3.225    7.376    9.211   13.046   13.817
            0.040000  0.730000  0.870000
   -2.031   -1.298    2.042    3.181    7.411    9.123   13.045   13.809
            0.040000  0.730000  0.880000
   -2.017   -1.311    2.075    3.137    7.449    9.037   13.044   13.800
            0.040000  0.730000  0.890000
   -2.005   -1.324    2.110    3.091    7.490    8.952   13.043   13.791
            0.040000  0.730000  0.900000
   -1.993   -1.336    2.146    3.045    7.533    8.869   13.042   13.783
            0.040000  0.730000  0.910000
   -1.981   -1.347    2.183    2.998    7.580    8.787   13.041   13.775
            0.040000  0.730000  0.920000
   -1.971   -1.357    2.221    2.951    7.629    8.706   13.040   13.768
            0.040000  0.730000  0.930000
   -1.962   -1.366    2.260    2.904    7.680    8.626   13.039   13.762
            0.040000  0.730000  0.940000
   -1.954   -1.374    2.300    2.857    7.734    8.549   13.039   13.756
            0.040000  0.730000  0.950000
   -1.947   -1.381    2.341    2.810    7.790    8.472   13.038   13.751
            0.040000  0.730000  0.960000
   -1.941   -1.387    2.383    2.764    7.848    8.398   13.038   13.747
            0.040000  0.730000  0.970000
   -1.937   -1.391    2.424    2.718    7.907    8.326   13.037   13.744
            0.040000  0.730000  0.980000
   -1.933   -1.394    2.465    2.675    7.967    8.257   13.037   13.742
            0.040000  0.730000  0.990000
   -1.931   -1.396    2.501    2.637    8.024    8.195   13.037   13.741
            0.040000  0.730000  1.000000
   -1.931   -1.397    2.519    2.619    8.056    8.161   13.037   13.740
