 &plot nbnd=   8, nks=   101 /
            0.900000  0.150000  0.000000
   -2.424   -0.973    2.907    3.000    7.095    7.408   14.004   15.126
            0.900000  0.150000  0.010000
   -2.424   -0.973    2.894    3.013    7.089    7.417   14.004   15.119
            0.900000  0.150000  0.020000
   -2.423   -0.973    2.865    3.039    7.074    7.442   14.004   15.100
            0.900000  0.150000  0.030000
   -2.423   -0.973    2.831    3.069    7.052    7.478   14.005   15.068
            0.900000  0.150000  0.040000
   -2.422   -0.973    2.795    3.100    7.028    7.524   14.005   15.023
            0.900000  0.150000  0.050000
   -2.420   -0.973    2.758    3.131    7.004    7.575   14.005   14.968
            0.900000  0.150000  0.060000
   -2.419   -0.973    2.720    3.160    6.981    7.632   14.006   14.902
            0.900000  0.150000  0.070000
   -2.417   -0.973    2.682    3.188    6.961    7.692   14.006   14.828
            0.900000  0.150000  0.080000
   -2.415   -0.974    2.644    3.214    6.943    7.756   14.007   14.745
            0.900000  0.150000  0.090000
   -2.413   -0.974    2.606    3.239    6.929    7.823   14.008   14.655
            0.900000  0.150000  0.100000
   -2.411   -0.974    2.568    3.261    6.918    7.892   14.008   14.560
            0.900000  0.150000  0.110000
   -2.408   -0.974    2.531    3.282    6.912    7.964   14.008   14.460
            0.900000  0.150000  0.120000
   -2.405   -0.975    2.494    3.300    6.909    8.038   14.008   14.357
            0.900000  0.150000  0.130000
   -2.402   -0.975    2.458    3.316    6.911    8.114   14.006   14.251
            0.900000  0.150000  0.140000
   -2.399   -0.975    2.423    3.329    6.917    8.192   14.000   14.148
            0.900000  0.150000  0.150000
   -2.396   -0.976    2.388    3.341    6.927    8.272   13.970   14.065
            0.900000  0.150000  0.160000
   -2.392   -0.976    2.354    3.349    6.942    8.353   13.884   14.036
            0.900000  0.150000  0.170000
   -2.389   -0.976    2.322    3.356    6.961    8.436   13.775   14.030
            0.900000  0.150000  0.180000
   -2.385   -0.977    2.290    3.360    6.985    8.521   13.659   14.027
            0.900000  0.150000  0.190000
   -2.381   -0.977    2.259    3.361    7.013    8.607   13.541   14.026
            0.900000  0.150000  0.200000
   -2.378   -0.978    2.229    3.361    7.045    8.695   13.421   14.026
            0.900000  0.150000  0.210000
   -2.374   -0.978    2.200    3.358    7.082    8.784   13.301   14.025
            0.900000  0.150000  0.220000
   -2.370   -0.978    2.173    3.354    7.123    8.875   13.179   14.023
            0.900000  0.150000  0.230000
   -2.366   -0.978    2.147    3.347    7.168    8.967   13.057   14.021
            0.900000  0.150000  0.240000
   -2.363   -0.979    2.122    3.339    7.216    9.060   12.935   14.017
            0.900000  0.150000  0.250000
   -2.359   -0.979    2.098    3.330    7.268    9.154   12.813   14.010
            0.900000  0.150000  0.260000
   -2.356   -0.979    2.075    3.318    7.324    9.249   12.691   14.000
            0.900000  0.150000  0.270000
   -2.353   -0.979    2.054    3.306    7.384    9.346   12.568   13.984
            0.900000  0.150000  0.280000
   -2.350   -0.978    2.034    3.292    7.446    9.443   12.446   13.958
            0.900000  0.150000  0.290000
   -2.347   -0.978    2.016    3.278    7.512    9.541   12.324   13.918
            0.900000  0.150000  0.300000
   -2.345   -0.977    1.999    3.263    7.581    9.640   12.203   13.858
            0.900000  0.150000  0.310000
   -2.343   -0.977    1.983    3.247    7.652    9.740   12.082   13.778
            0.900000  0.150000  0.320000
   -2.341   -0.976    1.969    3.230    7.726    9.841   11.962   13.681
            0.900000  0.150000  0.330000
   -2.340   -0.974    1.956    3.213    7.803    9.941   11.843   13.574
            0.900000  0.150000  0.340000
   -2.339   -0.973    1.944    3.196    7.883   10.042   11.725   13.460
            0.900000  0.150000  0.350000
   -2.338   -0.971    1.934    3.179    7.964   10.142   11.609   13.343
            0.900000  0.150000  0.360000
   -2.338   -0.969    1.925    3.162    8.048   10.242   11.495   13.224
            0.900000  0.150000  0.370000
   -2.339   -0.966    1.917    3.145    8.134   10.339   11.384   13.103
            0.900000  0.150000  0.380000
   -2.339   -0.963    1.911    3.128    8.222   10.431   11.280   12.982
            0.900000  0.150000  0.390000
   -2.341   -0.960    1.906    3.112    8.312   10.514   11.186   12.861
            0.900000  0.150000  0.400000
   -2.343   -0.956    1.902    3.096    8.403   10.578   11.114   12.740
            0.900000  0.150000  0.410000
   -2.345   -0.952    1.899    3.081    8.496   10.603   11.079   12.620
            0.900000  0.150000  0.420000
   -2.348   -0.947    1.897    3.066    8.591   10.578   11.097   12.501
            0.900000  0.150000  0.430000
   -2.352   -0.942    1.897    3.052    8.687   10.512   11.156   12.384
            0.900000  0.150000  0.440000
   -2.356   -0.936    1.897    3.039    8.785   10.425   11.236   12.269
            0.900000  0.150000  0.450000
   -2.361   -0.930    1.899    3.027    8.883   10.327   11.324   12.159
            0.900000  0.150000  0.460000
   -2.366   -0.924    1.902    3.016    8.982   10.225   11.413   12.056
            0.900000  0.150000  0.470000
   -2.372   -0.917    1.905    3.006    9.082   10.121   11.489   11.969
            0.900000  0.150000  0.480000
   -2.378   -0.910    1.910    2.997    9.182   10.016   11.532   11.921
            0.900000  0.150000  0.490000
   -2.385   -0.902    1.916    2.989    9.281    9.913   11.513   11.936
            0.900000  0.150000  0.500000
   -2.393   -0.894    1.922    2.983    9.376    9.816   11.444   12.005
            0.900000  0.150000  0.510000
   -2.400   -0.886    1.929    2.978    9.456    9.734   11.352   12.099
            0.900000  0.150000  0.520000
   -2.409   -0.877    1.937    2.974    9.480    9.709   11.251   12.205
            0.900000  0.150000  0.530000
   -2.417   -0.868    1.946    2.971    9.423    9.765   11.147   12.316
            0.900000  0.150000  0.540000
   -2.427   -0.859    1.956    2.970    9.334    9.854   11.044   12.431
            0.900000  0.150000  0.550000
   -2.436   -0.849    1.966    2.970    9.236    9.949   10.942   12.548
            0.900000  0.150000  0.560000
   -2.446   -0.840    1.977    2.972    9.137   10.044   10.845   12.667
            0.900000  0.150000  0.570000
   -2.456   -0.830    1.989    2.975    9.037   10.132   10.759   12.787
            0.900000  0.150000  0.580000
   -2.466   -0.820    2.002    2.979    8.938   10.200   10.693   12.908
            0.900000  0.150000  0.590000
   -2.477   -0.810    2.015    2.985    8.839   10.229   10.669   13.029
            0.900000  0.150000  0.600000
   -2.488   -0.800    2.029    2.992    8.741   10.206   10.699   13.151
            0.900000  0.150000  0.610000
   -2.499   -0.789    2.044    3.000    8.645   10.142   10.771   13.273
            0.900000  0.150000  0.620000
   -2.510   -0.779    2.060    3.009    8.550   10.059   10.864   13.394
            0.900000  0.150000  0.630000
   -2.521   -0.769    2.076    3.020    8.456    9.967   10.967   13.515
            0.900000  0.150000  0.640000
   -2.532   -0.759    2.093    3.031    8.363    9.871   11.077   13.633
            0.900000  0.150000  0.650000
   -2.543   -0.749    2.111    3.044    8.273    9.773   11.190   13.748
            0.900000  0.150000  0.660000
   -2.555   -0.739    2.129    3.057    8.184    9.674   11.305   13.854
            0.900000  0.150000  0.670000
   -2.566   -0.730    2.149    3.071    8.097    9.575   11.422   13.946
            0.900000  0.150000  0.680000
   -2.577   -0.720    2.169    3.086    8.012    9.476   11.540   14.016
            0.900000  0.150000  0.690000
   -2.588   -0.711    2.190    3.102    7.928    9.378   11.659   14.060
            0.900000  0.150000  0.700000
   -2.599   -0.702    2.212    3.117    7.847    9.281   11.778   14.086
            0.900000  0.150000  0.710000
   -2.610   -0.693    2.235    3.134    7.768    9.185   11.899   14.102
            0.900000  0.150000  0.720000
   -2.621   -0.685    2.259    3.150    7.692    9.090   12.020   14.111
            0.900000  0.150000  0.730000
   -2.632   -0.677    2.284    3.166    7.617    8.996   12.141   14.117
            0.900000  0.150000  0.740000
   -2.642   -0.669    2.309    3.183    7.546    8.903   12.262   14.121
            0.900000  0.150000  0.750000
   -2.652   -0.661    2.335    3.199    7.477    8.812   12.384   14.124
            0.900000  0.150000  0.760000
   -2.662   -0.654    2.362    3.214    7.411    8.722   12.505   14.126
            0.900000  0.150000  0.770000
   -2.672   -0.647    2.390    3.229    7.347    8.633   12.627   14.127
            0.900000  0.150000  0.780000
   -2.681   -0.641    2.419    3.244    7.287    8.546   12.748   14.128
            0.900000  0.150000  0.790000
   -2.690   -0.635    2.449    3.257    7.230    8.460   12.869   14.128
            0.900000  0.150000  0.800000
   -2.699   -0.629    2.479    3.270    7.176    8.377   12.990   14.128
            0.900000  0.150000  0.810000
   -2.707   -0.623    2.510    3.281    7.126    8.295   13.110   14.128
            0.900000  0.150000  0.820000
   -2.715   -0.618    2.541    3.291    7.079    8.214   13.229   14.128
            0.900000  0.150000  0.830000
   -2.723   -0.613    2.574    3.299    7.036    8.136   13.347   14.127
            0.900000  0.150000  0.840000
   -2.730   -0.609    2.606    3.306    6.996    8.060   13.464   14.127
            0.900000  0.150000  0.850000
   -2.737   -0.605    2.639    3.311    6.960    7.986   13.580   14.126
            0.900000  0.150000  0.860000
   -2.744   -0.601    2.673    3.314    6.929    7.915   13.693   14.126
            0.900000  0.150000  0.870000
   -2.750   -0.597    2.707    3.315    6.901    7.846   13.805   14.125
            0.900000  0.150000  0.880000
   -2.756   -0.594    2.741    3.313    6.877    7.779   13.914   14.125
            0.900000  0.150000  0.890000
   -2.761   -0.591    2.775    3.310    6.856    7.716   14.020   14.125
            0.900000  0.150000  0.900000
   -2.766   -0.589    2.809    3.304    6.840    7.656   14.117   14.130
            0.900000  0.150000  0.910000
   -2.770   -0.586    2.843    3.297    6.827    7.599   14.123   14.222
            0.900000  0.150000  0.920000
   -2.774   -0.584    2.876    3.287    6.817    7.546   14.122   14.315
            0.900000  0.150000  0.930000
   -2.778   -0.582    2.909    3.275    6.811    7.497   14.122   14.402
            0.900000  0.150000  0.940000
   -2.781   -0.581    2.942    3.260    6.807    7.452   14.122   14.482
            0.900000  0.150000  0.950000
   -2.783   -0.579    2.974    3.244    6.805    7.413   14.121   14.552
            0.900000  0.150000  0.960000
   -2.786   -0.578    3.005    3.226    6.805    7.379   14.121   14.613
            0.900000  0.150000  0.970000
   -2.787   -0.577    3.034    3.207    6.806    7.352   14.121   14.663
            0.900000  0.150000  0.980000
   -2.788   -0.577    3.061    3.187    6.807    7.332   14.121   14.699
            0.900000  0.150000  0.990000
   -2.789   -0.576    3.083    3.170    6.808    7.320   14.120   14.722
            0.900000  0.150000  1.000000
   -2.789   -0.576    3.093    3.161    6.809    7.316   14.120   14.729
