 &plot nbnd=   8, nks=    81 /
            0.025000 -0.100000 -1.000000
   -2.403   -2.370    2.296    2.419    6.069    6.230   13.720   13.754
            0.025000 -0.100000 -0.975000
   -2.556   -2.214    2.299    2.422    6.063    6.243   13.612   13.802
            0.025000 -0.100000 -0.950000
   -2.721   -2.041    2.305    2.430    6.047    6.278   13.453   13.784
            0.025000 -0.100000 -0.925000
   -2.884   -1.865    2.317    2.442    6.030    6.328   13.273   13.692
            0.025000 -0.100000 -0.900000
   -3.043   -1.686    2.333    2.460    6.016    6.387   13.082   13.549
            0.025000 -0.100000 -0.875000
   -3.200   -1.506    2.354    2.482    6.006    6.455   12.885   13.375
            0.025000 -0.100000 -0.850000
   -3.353   -1.323    2.379    2.510    6.001    6.531   12.684   13.185
            0.025000 -0.100000 -0.825000
   -3.503   -1.139    2.408    2.542    6.002    6.614   12.482   12.985
            0.025000 -0.100000 -0.800000
   -3.649   -0.953    2.443    2.580    6.008    6.704   12.279   12.780
            0.025000 -0.100000 -0.775000
   -3.791   -0.765    2.481    2.623    6.020    6.801   12.076   12.571
            0.025000 -0.100000 -0.750000
   -3.930   -0.577    2.524    2.670    6.036    6.905   11.874   12.361
            0.025000 -0.100000 -0.725000
   -4.065   -0.387    2.572    2.723    6.059    7.015   11.673   12.151
            0.025000 -0.100000 -0.700000
   -4.196   -0.196    2.623    2.780    6.086    7.131   11.473   11.940
            0.025000 -0.100000 -0.675000
   -4.323   -0.005    2.679    2.843    6.119    7.253   11.274   11.730
            0.025000 -0.100000 -0.650000
   -4.446    0.187    2.739    2.910    6.156    7.380   11.077   11.520
            0.025000 -0.100000 -0.625000
   -4.565    0.379    2.804    2.982    6.199    7.511   10.882   11.312
            0.025000 -0.100000 -0.600000
   -4.680    0.571    2.872    3.059    6.246    7.647   10.689   11.104
            0.025000 -0.100000 -0.575000
   -4.790    0.764    2.944    3.141    6.297    7.785   10.500   10.898
            0.025000 -0.100000 -0.550000
   -4.897    0.956    3.020    3.227    6.353    7.923   10.315   10.693
            0.025000 -0.100000 -0.525000
   -4.998    1.148    3.100    3.318    6.413    8.060   10.135   10.490
            0.025000 -0.100000 -0.500000
   -5.096    1.340    3.184    3.413    6.477    8.190    9.963   10.289
            0.025000 -0.100000 -0.475000
   -5.188    1.531    3.270    3.512    6.544    8.309    9.803   10.090
            0.025000 -0.100000 -0.450000
   -5.277    1.721    3.360    3.615    6.614    8.408    9.660    9.893
            0.025000 -0.100000 -0.425000
   -5.361    1.910    3.454    3.722    6.687    8.473    9.543    9.698
            0.025000 -0.100000 -0.400000
   -5.440    2.099    3.549    3.832    6.762    8.491    9.460    9.506
            0.025000 -0.100000 -0.375000
   -5.514    2.286    3.648    3.945    6.839    8.456    9.317    9.410
            0.025000 -0.100000 -0.350000
   -5.584    2.471    3.748    4.059    6.918    8.375    9.132    9.377
            0.025000 -0.100000 -0.325000
   -5.650    2.655    3.851    4.175    6.997    8.262    8.950    9.338
            0.025000 -0.100000 -0.300000
   -5.710    2.837    3.954    4.291    7.076    8.134    8.773    9.275
            0.025000 -0.100000 -0.275000
   -5.766    3.018    4.059    4.406    7.155    7.998    8.601    9.184
            0.025000 -0.100000 -0.250000
   -5.817    3.196    4.163    4.517    7.231    7.864    8.435    9.066
            0.025000 -0.100000 -0.225000
   -5.863    3.371    4.266    4.623    7.304    7.736    8.276    8.927
            0.025000 -0.100000 -0.200000
   -5.904    3.543    4.366    4.720    7.370    7.621    8.124    8.774
            0.025000 -0.100000 -0.175000
   -5.941    3.712    4.464    4.806    7.417    7.536    7.983    8.614
            0.025000 -0.100000 -0.150000
   -5.972    3.876    4.555    4.874    7.393    7.533    7.854    8.450
            0.025000 -0.100000 -0.125000
   -5.999    4.035    4.640    4.922    7.343    7.573    7.740    8.288
            0.025000 -0.100000 -0.100000
   -6.021    4.186    4.714    4.944    7.313    7.592    7.662    8.131
            0.025000 -0.100000 -0.075000
   -6.038    4.327    4.776    4.941    7.309    7.537    7.669    7.985
            0.025000 -0.100000 -0.050000
   -6.051    4.454    4.821    4.915    7.330    7.478    7.691    7.856
            0.025000 -0.100000 -0.025000
   -6.058    4.555    4.843    4.881    7.366    7.438    7.699    7.764
            0.025000 -0.100000  0.000000
   -6.060    4.600    4.834    4.875    7.391    7.419    7.690    7.738
            0.025000 -0.100000  0.025000
   -6.058    4.555    4.843    4.881    7.366    7.438    7.699    7.764
            0.025000 -0.100000  0.050000
   -6.051    4.454    4.821    4.915    7.330    7.478    7.691    7.856
            0.025000 -0.100000  0.075000
   -6.038    4.327    4.776    4.941    7.309    7.537    7.669    7.985
            0.025000 -0.100000  0.100000
   -6.021    4.186    4.714    4.944    7.313    7.592    7.662    8.131
            0.025000 -0.100000  0.125000
   -5.999    4.035    4.640    4.922    7.343    7.573    7.740    8.288
            0.025000 -0.100000  0.150000
   -5.972    3.876    4.555    4.874    7.393    7.533    7.854    8.450
            0.025000 -0.100000  0.175000
   -5.941    3.712    4.464    4.806    7.417    7.536    7.983    8.614
            0.025000 -0.100000  0.200000
   -5.904    3.543    4.366    4.720    7.370    7.621    8.124    8.774
            0.025000 -0.100000  0.225000
   -5.863    3.371    4.266    4.623    7.304    7.736    8.276    8.927
            0.025000 -0.100000  0.250000
   -5.817    3.196    4.163    4.517    7.231    7.864    8.435    9.066
            0.025000 -0.100000  0.275000
   -5.766    3.018    4.059    4.406    7.155    7.998    8.601    9.184
            0.025000 -0.100000  0.300000
   -5.710    2.837    3.954    4.291    7.076    8.134    8.773    9.275
            0.025000 -0.100000  0.325000
   -5.650    2.655    3.851    4.175    6.997    8.262    8.950    9.338
            0.025000 -0.100000  0.350000
   -5.584    2.471    3.748    4.059    6.918    8.375    9.132    9.377
            0.025000 -0.100000  0.375000
   -5.514    2.286    3.648    3.945    6.839    8.456    9.317    9.410
            0.025000 -0.100000  0.400000
   -5.440    2.099    3.549    3.832    6.762    8.491    9.460    9.506
            0.025000 -0.100000  0.425000
   -5.361    1.910    3.454    3.722    6.687    8.473    9.543    9.698
            0.025000 -0.100000  0.450000
   -5.277    1.721    3.360    3.615    6.614    8.408    9.660    9.893
            0.025000 -0.100000  0.475000
   -5.188    1.531    3.270    3.512    6.544    8.309    9.803   10.090
            0.025000 -0.100000  0.500000
   -5.096    1.340    3.184    3.413    6.477    8.190    9.963   10.289
            0.025000 -0.100000  0.525000
   -4.998    1.148    3.100    3.318    6.413    8.060   10.135   10.490
            0.025000 -0.100000  0.550000
   -4.897    0.956    3.020    3.227    6.353    7.923   10.315   10.693
            0.025000 -0.100000  0.575000
   -4.790    0.764    2.944    3.141    6.297    7.785   10.500   10.898
            0.025000 -0.100000  0.600000
   -4.680    0.571    2.872    3.059    6.246    7.647   10.689   11.104
            0.025000 -0.100000  0.625000
   -4.565    0.379    2.804    2.982    6.199    7.511   10.882   11.312
            0.025000 -0.100000  0.650000
   -4.446    0.187    2.739    2.910    6.156    7.380   11.077   11.520
            0.025000 -0.100000  0.675000
   -4.323   -0.005    2.679    2.843    6.119    7.253   11.274   11.730
            0.025000 -0.100000  0.700000
   -4.196   -0.196    2.623    2.780    6.086    7.131   11.473   11.940
            0.025000 -0.100000  0.725000
   -4.065   -0.387    2.572    2.723    6.059    7.015   11.673   12.151
            0.025000 -0.100000  0.750000
   -3.930   -0.577    2.524    2.670    6.036    6.905   11.874   12.361
            0.025000 -0.100000  0.775000
   -3.791   -0.765    2.481    2.623    6.020    6.801   12.076   12.571
            0.025000 -0.100000  0.800000
   -3.649   -0.953    2.443    2.580    6.008    6.704   12.279   12.780
            0.025000 -0.100000  0.825000
   -3.503   -1.139    2.408    2.542    6.002    6.614   12.482   12.985
            0.025000 -0.100000  0.850000
   -3.353   -1.323    2.379    2.510    6.001    6.531   12.684   13.185
            0.025000 -0.100000  0.875000
   -3.200   -1.506    2.354    2.482    6.006    6.455   12.885   13.375
            0.025000 -0.100000  0.900000
   -3.043   -1.686    2.333    2.460    6.016    6.387   13.082   13.549
            0.025000 -0.100000  0.925000
   -2.884   -1.865    2.317    2.442    6.030    6.328   13.273   13.692
            0.025000 -0.100000  0.950000
   -2.721   -2.041    2.305    2.430    6.047    6.278   13.453   13.784
            0.025000 -0.100000  0.975000
   -2.556   -2.214    2.299    2.422    6.063    6.243   13.612   13.802
            0.025000 -0.100000  1.000000
   -2.403   -2.370    2.296    2.419    6.069    6.230   13.720   13.754
