 &plot nbnd=   8, nks=   101 /
            0.220000  0.510000  0.000000
   -4.500    1.764    3.399    4.410    8.101    9.639   10.301   11.481
            0.220000  0.510000  0.010000
   -4.500    1.762    3.402    4.410    8.100    9.641   10.301   11.477
            0.220000  0.510000  0.020000
   -4.499    1.754    3.409    4.408    8.098    9.649   10.300   11.467
            0.220000  0.510000  0.030000
   -4.497    1.742    3.421    4.406    8.094    9.662   10.299   11.450
            0.220000  0.510000  0.040000
   -4.495    1.725    3.437    4.403    8.090    9.679   10.297   11.427
            0.220000  0.510000  0.050000
   -4.491    1.704    3.457    4.399    8.084    9.702   10.295   11.398
            0.220000  0.510000  0.060000
   -4.487    1.679    3.481    4.395    8.078    9.728   10.292   11.364
            0.220000  0.510000  0.070000
   -4.483    1.650    3.508    4.389    8.071    9.757   10.290   11.326
            0.220000  0.510000  0.080000
   -4.477    1.618    3.538    4.382    8.064    9.789   10.288   11.283
            0.220000  0.510000  0.090000
   -4.471    1.583    3.571    4.375    8.057    9.823   10.287   11.238
            0.220000  0.510000  0.100000
   -4.464    1.546    3.605    4.367    8.051    9.858   10.287   11.190
            0.220000  0.510000  0.110000
   -4.457    1.506    3.641    4.359    8.045    9.891   10.291   11.141
            0.220000  0.510000  0.120000
   -4.448    1.465    3.679    4.349    8.040    9.921   10.300   11.090
            0.220000  0.510000  0.130000
   -4.439    1.422    3.717    4.340    8.036    9.945   10.316   11.039
            0.220000  0.510000  0.140000
   -4.430    1.377    3.755    4.329    8.034    9.960   10.341   10.987
            0.220000  0.510000  0.150000
   -4.419    1.332    3.793    4.319    8.033    9.966   10.375   10.936
            0.220000  0.510000  0.160000
   -4.408    1.285    3.831    4.309    8.034    9.963   10.419   10.886
            0.220000  0.510000  0.170000
   -4.396    1.238    3.867    4.299    8.036    9.951   10.471   10.838
            0.220000  0.510000  0.180000
   -4.384    1.190    3.902    4.291    8.041    9.933   10.530   10.791
            0.220000  0.510000  0.190000
   -4.370    1.142    3.933    4.285    8.047    9.908   10.593   10.747
            0.220000  0.510000  0.200000
   -4.357    1.093    3.960    4.282    8.056    9.877   10.656   10.709
            0.220000  0.510000  0.210000
   -4.342    1.044    3.981    4.283    8.067    9.843   10.656   10.741
            0.220000  0.510000  0.220000
   -4.327    0.995    3.995    4.289    8.079    9.804   10.620   10.814
            0.220000  0.510000  0.230000
   -4.311    0.946    4.001    4.302    8.094    9.763   10.584   10.891
            0.220000  0.510000  0.240000
   -4.294    0.897    4.000    4.321    8.112    9.719   10.550   10.972
            0.220000  0.510000  0.250000
   -4.277    0.848    3.992    4.343    8.131    9.672   10.518   11.054
            0.220000  0.510000  0.260000
   -4.259    0.799    3.980    4.369    8.152    9.625   10.487   11.139
            0.220000  0.510000  0.270000
   -4.241    0.750    3.964    4.397    8.175    9.576   10.458   11.226
            0.220000  0.510000  0.280000
   -4.222    0.702    3.945    4.426    8.200    9.528   10.429   11.314
            0.220000  0.510000  0.290000
   -4.202    0.653    3.923    4.454    8.226    9.479   10.402   11.404
            0.220000  0.510000  0.300000
   -4.182    0.606    3.900    4.483    8.253    9.432   10.375   11.495
            0.220000  0.510000  0.310000
   -4.161    0.558    3.875    4.510    8.280    9.387   10.349   11.588
            0.220000  0.510000  0.320000
   -4.139    0.511    3.849    4.537    8.308    9.344   10.324   11.682
            0.220000  0.510000  0.330000
   -4.117    0.465    3.822    4.562    8.335    9.305   10.299   11.778
            0.220000  0.510000  0.340000
   -4.094    0.419    3.794    4.586    8.361    9.270   10.274   11.875
            0.220000  0.510000  0.350000
   -4.071    0.374    3.766    4.608    8.384    9.241   10.249   11.972
            0.220000  0.510000  0.360000
   -4.047    0.329    3.736    4.628    8.404    9.219   10.225   12.071
            0.220000  0.510000  0.370000
   -4.023    0.285    3.706    4.646    8.420    9.205   10.200   12.172
            0.220000  0.510000  0.380000
   -3.998    0.241    3.675    4.662    8.430    9.201   10.176   12.273
            0.220000  0.510000  0.390000
   -3.973    0.198    3.644    4.675    8.435    9.206   10.152   12.375
            0.220000  0.510000  0.400000
   -3.947    0.156    3.613    4.687    8.434    9.221   10.127   12.478
            0.220000  0.510000  0.410000
   -3.920    0.115    3.581    4.695    8.427    9.245   10.103   12.582
            0.220000  0.510000  0.420000
   -3.893    0.074    3.549    4.702    8.417    9.278   10.079   12.686
            0.220000  0.510000  0.430000
   -3.866    0.034    3.516    4.705    8.403    9.318   10.056   12.792
            0.220000  0.510000  0.440000
   -3.839   -0.005    3.484    4.707    8.388    9.364   10.033   12.898
            0.220000  0.510000  0.450000
   -3.810   -0.044    3.451    4.705    8.371    9.414   10.010   13.004
            0.220000  0.510000  0.460000
   -3.782   -0.081    3.418    4.700    8.355    9.469    9.989   13.111
            0.220000  0.510000  0.470000
   -3.753   -0.118    3.385    4.693    8.339    9.526    9.969   13.218
            0.220000  0.510000  0.480000
   -3.724   -0.154    3.351    4.683    8.324    9.583    9.953   13.324
            0.220000  0.510000  0.490000
   -3.695   -0.189    3.318    4.670    8.312    9.637    9.942   13.428
            0.220000  0.510000  0.500000
   -3.665   -0.223    3.284    4.655    8.301    9.683    9.943   13.523
            0.220000  0.510000  0.510000
   -3.635   -0.256    3.251    4.636    8.292    9.714    9.961   13.586
            0.220000  0.510000  0.520000
   -3.604   -0.288    3.217    4.616    8.286    9.726   10.000   13.591
            0.220000  0.510000  0.530000
   -3.574   -0.319    3.184    4.592    8.283    9.722   10.057   13.566
            0.220000  0.510000  0.540000
   -3.543   -0.349    3.150    4.566    8.282    9.710   10.125   13.533
            0.220000  0.510000  0.550000
   -3.513   -0.378    3.116    4.538    8.285    9.693   10.199   13.498
            0.220000  0.510000  0.560000
   -3.482   -0.406    3.083    4.508    8.290    9.673   10.277   13.462
            0.220000  0.510000  0.570000
   -3.451   -0.433    3.049    4.475    8.298    9.652   10.359   13.427
            0.220000  0.510000  0.580000
   -3.420   -0.459    3.015    4.441    8.309    9.630   10.442   13.392
            0.220000  0.510000  0.590000
   -3.389   -0.484    2.982    4.405    8.323    9.607   10.528   13.357
            0.220000  0.510000  0.600000
   -3.358   -0.508    2.948    4.368    8.339    9.585   10.615   13.323
            0.220000  0.510000  0.610000
   -3.327   -0.530    2.914    4.329    8.359    9.562   10.703   13.289
            0.220000  0.510000  0.620000
   -3.297   -0.552    2.880    4.289    8.381    9.539   10.793   13.256
            0.220000  0.510000  0.630000
   -3.266   -0.572    2.847    4.247    8.405    9.517   10.883   13.224
            0.220000  0.510000  0.640000
   -3.236   -0.591    2.813    4.205    8.433    9.494   10.975   13.192
            0.220000  0.510000  0.650000
   -3.206   -0.608    2.779    4.163    8.462    9.472   11.067   13.161
            0.220000  0.510000  0.660000
   -3.177   -0.625    2.745    4.120    8.494    9.450   11.160   13.130
            0.220000  0.510000  0.670000
   -3.148   -0.640    2.711    4.077    8.528    9.429   11.254   13.100
            0.220000  0.510000  0.680000
   -3.119   -0.654    2.677    4.033    8.565    9.408   11.348   13.069
            0.220000  0.510000  0.690000
   -3.091   -0.666    2.643    3.990    8.603    9.387   11.443   13.038
            0.220000  0.510000  0.700000
   -3.063   -0.678    2.609    3.947    8.644    9.367   11.538   13.006
            0.220000  0.510000  0.710000
   -3.036   -0.688    2.575    3.904    8.686    9.348   11.633   12.973
            0.220000  0.510000  0.720000
   -3.009   -0.696    2.541    3.862    8.730    9.328   11.729   12.936
            0.220000  0.510000  0.730000
   -2.983   -0.704    2.506    3.821    8.776    9.310   11.824   12.894
            0.220000  0.510000  0.740000
   -2.958   -0.710    2.472    3.780    8.824    9.292   11.920   12.845
            0.220000  0.510000  0.750000
   -2.934   -0.714    2.438    3.740    8.873    9.274   12.016   12.786
            0.220000  0.510000  0.760000
   -2.911   -0.718    2.403    3.702    8.924    9.257   12.112   12.717
            0.220000  0.510000  0.770000
   -2.888   -0.720    2.369    3.664    8.977    9.241   12.206   12.641
            0.220000  0.510000  0.780000
   -2.866   -0.722    2.335    3.628    9.031    9.226   12.298   12.564
            0.220000  0.510000  0.790000
   -2.845   -0.722    2.302    3.593    9.085    9.211   12.373   12.499
            0.220000  0.510000  0.800000
   -2.825   -0.721    2.268    3.560    9.140    9.199   12.355   12.525
            0.220000  0.510000  0.810000
   -2.807   -0.719    2.235    3.528    9.173    9.210   12.277   12.609
            0.220000  0.510000  0.820000
   -2.789   -0.716    2.202    3.498    9.165    9.264   12.191   12.702
            0.220000  0.510000  0.830000
   -2.772   -0.712    2.170    3.469    9.153    9.324   12.103   12.795
            0.220000  0.510000  0.840000
   -2.756   -0.707    2.139    3.442    9.142    9.385   12.014   12.811
            0.220000  0.510000  0.850000
   -2.741   -0.702    2.109    3.416    9.131    9.447   11.925   12.796
            0.220000  0.510000  0.860000
   -2.727   -0.697    2.079    3.392    9.121    9.511   11.837   12.782
            0.220000  0.510000  0.870000
   -2.714   -0.690    2.051    3.370    9.111    9.575   11.749   12.770
            0.220000  0.510000  0.880000
   -2.702   -0.684    2.024    3.349    9.102    9.640   11.662   12.759
            0.220000  0.510000  0.890000
   -2.692   -0.678    1.998    3.331    9.093    9.706   11.577   12.748
            0.220000  0.510000  0.900000
   -2.682   -0.671    1.974    3.313    9.086    9.772   11.492   12.739
            0.220000  0.510000  0.910000
   -2.673   -0.665    1.952    3.298    9.079    9.839   11.409   12.730
            0.220000  0.510000  0.920000
   -2.665   -0.658    1.932    3.284    9.072    9.905   11.327   12.723
            0.220000  0.510000  0.930000
   -2.658   -0.653    1.913    3.272    9.067    9.971   11.248   12.716
            0.220000  0.510000  0.940000
   -2.652   -0.647    1.897    3.261    9.062   10.036   11.172   12.711
            0.220000  0.510000  0.950000
   -2.647   -0.643    1.883    3.252    9.058   10.098   11.100   12.706
            0.220000  0.510000  0.960000
   -2.643   -0.639    1.871    3.245    9.055   10.157   11.033   12.702
            0.220000  0.510000  0.970000
   -2.640   -0.636    1.862    3.239    9.052   10.210   10.974   12.699
            0.220000  0.510000  0.980000
   -2.638   -0.633    1.856    3.235    9.050   10.254   10.925   12.697
            0.220000  0.510000  0.990000
   -2.637   -0.632    1.852    3.233    9.049   10.284   10.893   12.695
            0.220000  0.510000  1.000000
   -2.636   -0.631    1.850    3.232    9.049   10.294   10.882   12.695
