 &plot nbnd=   8, nks=   101 /
            0.040000  0.380000  0.000000
   -5.163    3.440    4.535    4.604    7.527    9.899   10.547   10.565
            0.040000  0.380000  0.010000
   -5.163    3.437    4.537    4.602    7.530    9.899   10.546   10.565
            0.040000  0.380000  0.020000
   -5.162    3.427    4.545    4.597    7.537    9.898   10.541   10.562
            0.040000  0.380000  0.030000
   -5.160    3.412    4.558    4.588    7.549    9.897   10.535   10.558
            0.040000  0.380000  0.040000
   -5.157    3.391    4.571    4.580    7.566    9.894   10.526   10.553
            0.040000  0.380000  0.050000
   -5.153    3.365    4.559    4.597    7.587    9.889   10.515   10.547
            0.040000  0.380000  0.060000
   -5.149    3.335    4.540    4.622    7.613    9.883   10.504   10.540
            0.040000  0.380000  0.070000
   -5.143    3.300    4.518    4.649    7.644    9.874   10.493   10.532
            0.040000  0.380000  0.080000
   -5.137    3.263    4.494    4.679    7.678    9.862   10.484   10.523
            0.040000  0.380000  0.090000
   -5.130    3.222    4.466    4.710    7.716    9.846   10.477   10.512
            0.040000  0.380000  0.100000
   -5.123    3.179    4.437    4.742    7.758    9.826   10.473   10.501
            0.040000  0.380000  0.110000
   -5.114    3.134    4.405    4.776    7.804    9.802   10.473   10.490
            0.040000  0.380000  0.120000
   -5.105    3.087    4.371    4.810    7.852    9.773   10.469   10.486
            0.040000  0.380000  0.130000
   -5.095    3.039    4.335    4.844    7.904    9.741   10.457   10.494
            0.040000  0.380000  0.140000
   -5.084    2.989    4.298    4.878    7.959    9.704   10.442   10.508
            0.040000  0.380000  0.150000
   -5.072    2.938    4.259    4.912    8.016    9.665   10.425   10.527
            0.040000  0.380000  0.160000
   -5.060    2.887    4.219    4.945    8.076    9.623   10.408   10.551
            0.040000  0.380000  0.170000
   -5.046    2.834    4.178    4.977    8.138    9.579   10.390   10.579
            0.040000  0.380000  0.180000
   -5.032    2.781    4.136    5.008    8.202    9.533   10.370   10.610
            0.040000  0.380000  0.190000
   -5.017    2.728    4.093    5.038    8.268    9.487   10.350   10.645
            0.040000  0.380000  0.200000
   -5.002    2.673    4.049    5.066    8.336    9.440   10.330   10.683
            0.040000  0.380000  0.210000
   -4.985    2.619    4.005    5.093    8.406    9.394   10.308   10.724
            0.040000  0.380000  0.220000
   -4.968    2.564    3.960    5.119    8.477    9.348   10.286   10.768
            0.040000  0.380000  0.230000
   -4.950    2.509    3.915    5.142    8.549    9.302   10.264   10.814
            0.040000  0.380000  0.240000
   -4.931    2.454    3.870    5.163    8.622    9.259   10.241   10.863
            0.040000  0.380000  0.250000
   -4.911    2.399    3.824    5.182    8.695    9.218   10.217   10.914
            0.040000  0.380000  0.260000
   -4.891    2.343    3.779    5.199    8.767    9.181   10.193   10.968
            0.040000  0.380000  0.270000
   -4.870    2.288    3.733    5.213    8.835    9.150   10.169   11.023
            0.040000  0.380000  0.280000
   -4.848    2.233    3.687    5.225    8.894    9.132   10.145   11.080
            0.040000  0.380000  0.290000
   -4.825    2.177    3.642    5.234    8.930    9.138   10.120   11.139
            0.040000  0.380000  0.300000
   -4.801    2.122    3.596    5.240    8.937    9.178   10.096   11.199
            0.040000  0.380000  0.310000
   -4.777    2.067    3.551    5.243    8.925    9.240   10.072   11.261
            0.040000  0.380000  0.320000
   -4.752    2.012    3.506    5.243    8.905    9.313   10.048   11.322
            0.040000  0.380000  0.330000
   -4.726    1.956    3.462    5.240    8.884    9.389   10.026   11.383
            0.040000  0.380000  0.340000
   -4.700    1.901    3.417    5.234    8.863    9.467   10.005   11.443
            0.040000  0.380000  0.350000
   -4.672    1.847    3.374    5.224    8.844    9.544    9.987   11.499
            0.040000  0.380000  0.360000
   -4.644    1.792    3.330    5.212    8.828    9.617    9.975   11.548
            0.040000  0.380000  0.370000
   -4.615    1.738    3.287    5.196    8.814    9.680    9.974   11.586
            0.040000  0.380000  0.380000
   -4.586    1.683    3.244    5.176    8.803    9.724    9.992   11.605
            0.040000  0.380000  0.390000
   -4.555    1.629    3.202    5.154    8.795    9.743   10.037   11.603
            0.040000  0.380000  0.400000
   -4.524    1.575    3.161    5.129    8.791    9.743   10.102   11.581
            0.040000  0.380000  0.410000
   -4.492    1.521    3.120    5.100    8.789    9.731   10.179   11.544
            0.040000  0.380000  0.420000
   -4.460    1.468    3.080    5.069    8.791    9.713   10.263   11.499
            0.040000  0.380000  0.430000
   -4.427    1.414    3.040    5.035    8.795    9.693   10.351   11.448
            0.040000  0.380000  0.440000
   -4.393    1.361    3.001    4.998    8.803    9.670   10.441   11.394
            0.040000  0.380000  0.450000
   -4.358    1.308    2.962    4.958    8.813    9.646   10.532   11.338
            0.040000  0.380000  0.460000
   -4.323    1.255    2.924    4.916    8.827    9.622   10.624   11.283
            0.040000  0.380000  0.470000
   -4.287    1.203    2.887    4.872    8.843    9.598   10.716   11.228
            0.040000  0.380000  0.480000
   -4.250    1.150    2.851    4.826    8.862    9.573   10.806   11.176
            0.040000  0.380000  0.490000
   -4.212    1.098    2.815    4.778    8.883    9.548   10.888   11.134
            0.040000  0.380000  0.500000
   -4.174    1.046    2.780    4.728    8.907    9.524   10.942   11.120
            0.040000  0.380000  0.510000
   -4.135    0.994    2.746    4.676    8.933    9.499   10.939   11.165
            0.040000  0.380000  0.520000
   -4.096    0.942    2.712    4.623    8.961    9.475   10.900   11.247
            0.040000  0.380000  0.530000
   -4.056    0.890    2.680    4.569    8.992    9.451   10.852   11.339
            0.040000  0.380000  0.540000
   -4.015    0.839    2.648    4.513    9.024    9.428   10.802   11.435
            0.040000  0.380000  0.550000
   -3.974    0.787    2.617    4.457    9.059    9.405   10.750   11.534
            0.040000  0.380000  0.560000
   -3.932    0.736    2.587    4.399    9.095    9.382   10.699   11.633
            0.040000  0.380000  0.570000
   -3.889    0.685    2.557    4.341    9.132    9.360   10.649   11.734
            0.040000  0.380000  0.580000
   -3.845    0.634    2.529    4.282    9.171    9.339   10.599   11.835
            0.040000  0.380000  0.590000
   -3.802    0.583    2.501    4.223    9.209    9.321   10.550   11.937
            0.040000  0.380000  0.600000
   -3.757    0.532    2.474    4.164    9.241    9.310   10.503   12.039
            0.040000  0.380000  0.610000
   -3.712    0.481    2.448    4.104    9.251    9.324   10.456   12.142
            0.040000  0.380000  0.620000
   -3.666    0.430    2.423    4.044    9.239    9.361   10.411   12.245
            0.040000  0.380000  0.630000
   -3.620    0.379    2.399    3.984    9.222    9.405   10.367   12.348
            0.040000  0.380000  0.640000
   -3.573    0.328    2.376    3.924    9.204    9.451   10.325   12.452
            0.040000  0.380000  0.650000
   -3.526    0.277    2.353    3.864    9.185    9.499   10.284   12.555
            0.040000  0.380000  0.660000
   -3.478    0.226    2.332    3.805    9.167    9.547   10.245   12.659
            0.040000  0.380000  0.670000
   -3.429    0.175    2.312    3.746    9.149    9.596   10.209   12.764
            0.040000  0.380000  0.680000
   -3.380    0.124    2.292    3.687    9.132    9.644   10.176   12.868
            0.040000  0.380000  0.690000
   -3.331    0.073    2.274    3.629    9.115    9.691   10.146   12.973
            0.040000  0.380000  0.700000
   -3.281    0.022    2.256    3.572    9.098    9.735   10.123   13.078
            0.040000  0.380000  0.710000
   -3.230   -0.030    2.240    3.515    9.082    9.772   10.107   13.183
            0.040000  0.380000  0.720000
   -3.179   -0.081    2.224    3.459    9.067    9.800   10.104   13.288
            0.040000  0.380000  0.730000
   -3.128   -0.133    2.209    3.404    9.052    9.814   10.117   13.393
            0.040000  0.380000  0.740000
   -3.076   -0.185    2.196    3.350    9.037    9.815   10.145   13.497
            0.040000  0.380000  0.750000
   -3.024   -0.237    2.183    3.297    9.024    9.805   10.186   13.602
            0.040000  0.380000  0.760000
   -2.971   -0.289    2.172    3.245    9.010    9.789   10.235   13.706
            0.040000  0.380000  0.770000
   -2.918   -0.341    2.161    3.194    8.998    9.769   10.291   13.809
            0.040000  0.380000  0.780000
   -2.865   -0.394    2.152    3.144    8.985    9.748   10.350   13.903
            0.040000  0.380000  0.790000
   -2.811   -0.447    2.143    3.095    8.974    9.726   10.412   13.920
            0.040000  0.380000  0.800000
   -2.757   -0.500    2.136    3.048    8.963    9.704   10.477   13.839
            0.040000  0.380000  0.810000
   -2.703   -0.553    2.130    3.002    8.952    9.682   10.543   13.747
            0.040000  0.380000  0.820000
   -2.648   -0.606    2.124    2.957    8.943    9.661   10.611   13.653
            0.040000  0.380000  0.830000
   -2.593   -0.660    2.120    2.914    8.933    9.640   10.680   13.558
            0.040000  0.380000  0.840000
   -2.538   -0.713    2.116    2.872    8.924    9.621   10.751   13.463
            0.040000  0.380000  0.850000
   -2.483   -0.767    2.114    2.832    8.916    9.602   10.822   13.369
            0.040000  0.380000  0.860000
   -2.427   -0.821    2.113    2.793    8.909    9.584   10.895   13.275
            0.040000  0.380000  0.870000
   -2.372   -0.876    2.112    2.757    8.901    9.568   10.969   13.181
            0.040000  0.380000  0.880000
   -2.316   -0.930    2.112    2.721    8.895    9.552   11.044   13.088
            0.040000  0.380000  0.890000
   -2.261   -0.984    2.114    2.688    8.889    9.538   11.120   12.995
            0.040000  0.380000  0.900000
   -2.205   -1.039    2.115    2.657    8.883    9.525   11.197   12.903
            0.040000  0.380000  0.910000
   -2.149   -1.093    2.118    2.628    8.879    9.513   11.274   12.811
            0.040000  0.380000  0.920000
   -2.094   -1.148    2.121    2.601    8.874    9.502   11.353   12.720
            0.040000  0.380000  0.930000
   -2.039   -1.202    2.125    2.576    8.870    9.493   11.432   12.630
            0.040000  0.380000  0.940000
   -1.985   -1.255    2.128    2.554    8.867    9.484   11.512   12.540
            0.040000  0.380000  0.950000
   -1.932   -1.308    2.132    2.535    8.864    9.477   11.593   12.451
            0.040000  0.380000  0.960000
   -1.880   -1.359    2.136    2.518    8.862    9.472   11.675   12.363
            0.040000  0.380000  0.970000
   -1.831   -1.407    2.139    2.505    8.860    9.467   11.757   12.276
            0.040000  0.380000  0.980000
   -1.788   -1.450    2.141    2.496    8.859    9.464   11.839   12.190
            0.040000  0.380000  0.990000
   -1.756   -1.482    2.143    2.490    8.858    9.462   11.918   12.108
            0.040000  0.380000  1.000000
   -1.743   -1.494    2.143    2.488    8.858    9.461   11.971   12.055
