 &plot nbnd=   8, nks=   101 /
            0.920000  0.150000  0.000000
   -2.287   -1.125    2.900    2.975    7.107    7.357   14.178   15.223
            0.920000  0.150000  0.010000
   -2.287   -1.125    2.884    2.990    7.099    7.368   14.178   15.218
            0.920000  0.150000  0.020000
   -2.286   -1.125    2.853    3.019    7.080    7.396   14.178   15.203
            0.920000  0.150000  0.030000
   -2.286   -1.124    2.817    3.051    7.054    7.437   14.178   15.177
            0.920000  0.150000  0.040000
   -2.285   -1.124    2.779    3.083    7.027    7.486   14.178   15.142
            0.920000  0.150000  0.050000
   -2.284   -1.123    2.741    3.114    7.000    7.540   14.178   15.095
            0.920000  0.150000  0.060000
   -2.283   -1.123    2.702    3.144    6.975    7.599   14.179   15.038
            0.920000  0.150000  0.070000
   -2.282   -1.122    2.663    3.173    6.952    7.661   14.179   14.972
            0.920000  0.150000  0.080000
   -2.280   -1.122    2.625    3.199    6.933    7.727   14.178   14.896
            0.920000  0.150000  0.090000
   -2.279   -1.121    2.586    3.224    6.918    7.794   14.178   14.812
            0.920000  0.150000  0.100000
   -2.277   -1.120    2.548    3.247    6.906    7.865   14.177   14.722
            0.920000  0.150000  0.110000
   -2.275   -1.119    2.510    3.268    6.899    7.937   14.176   14.626
            0.920000  0.150000  0.120000
   -2.273   -1.118    2.472    3.286    6.895    8.012   14.173   14.527
            0.920000  0.150000  0.130000
   -2.271   -1.116    2.436    3.302    6.896    8.089   14.168   14.426
            0.920000  0.150000  0.140000
   -2.269   -1.115    2.399    3.316    6.902    8.167   14.155   14.329
            0.920000  0.150000  0.150000
   -2.267   -1.114    2.364    3.327    6.912    8.248   14.118   14.254
            0.920000  0.150000  0.160000
   -2.265   -1.112    2.330    3.336    6.926    8.330   14.038   14.218
            0.920000  0.150000  0.170000
   -2.263   -1.110    2.296    3.342    6.945    8.413   13.934   14.205
            0.920000  0.150000  0.180000
   -2.261   -1.108    2.263    3.346    6.969    8.499   13.821   14.198
            0.920000  0.150000  0.190000
   -2.259   -1.106    2.232    3.348    6.997    8.585   13.704   14.193
            0.920000  0.150000  0.200000
   -2.257   -1.104    2.201    3.347    7.029    8.673   13.585   14.188
            0.920000  0.150000  0.210000
   -2.255   -1.102    2.172    3.344    7.066    8.763   13.465   14.182
            0.920000  0.150000  0.220000
   -2.253   -1.100    2.144    3.339    7.106    8.854   13.344   14.174
            0.920000  0.150000  0.230000
   -2.251   -1.097    2.117    3.333    7.151    8.946   13.222   14.163
            0.920000  0.150000  0.240000
   -2.250   -1.094    2.091    3.324    7.200    9.039   13.099   14.146
            0.920000  0.150000  0.250000
   -2.248   -1.091    2.067    3.314    7.252    9.134   12.977   14.121
            0.920000  0.150000  0.260000
   -2.247   -1.088    2.044    3.302    7.308    9.229   12.854   14.084
            0.920000  0.150000  0.270000
   -2.247   -1.084    2.022    3.290    7.367    9.326   12.731   14.029
            0.920000  0.150000  0.280000
   -2.246   -1.080    2.002    3.275    7.430    9.423   12.608   13.955
            0.920000  0.150000  0.290000
   -2.246   -1.076    1.983    3.260    7.496    9.522   12.486   13.864
            0.920000  0.150000  0.300000
   -2.247   -1.072    1.966    3.244    7.564    9.621   12.364   13.761
            0.920000  0.150000  0.310000
   -2.247   -1.067    1.949    3.228    7.636    9.721   12.242   13.650
            0.920000  0.150000  0.320000
   -2.248   -1.062    1.935    3.211    7.710    9.822   12.121   13.534
            0.920000  0.150000  0.330000
   -2.250   -1.057    1.922    3.193    7.787    9.923   12.001   13.416
            0.920000  0.150000  0.340000
   -2.252   -1.051    1.910    3.175    7.867   10.024   11.882   13.295
            0.920000  0.150000  0.350000
   -2.255   -1.045    1.900    3.157    7.949   10.126   11.764   13.173
            0.920000  0.150000  0.360000
   -2.258   -1.039    1.891    3.139    8.033   10.226   11.648   13.051
            0.920000  0.150000  0.370000
   -2.261   -1.032    1.883    3.121    8.119   10.325   11.536   12.929
            0.920000  0.150000  0.380000
   -2.265   -1.025    1.877    3.103    8.207   10.421   11.427   12.807
            0.920000  0.150000  0.390000
   -2.270   -1.018    1.872    3.085    8.296   10.511   11.325   12.685
            0.920000  0.150000  0.400000
   -2.275   -1.010    1.869    3.068    8.388   10.589   11.237   12.564
            0.920000  0.150000  0.410000
   -2.281   -1.002    1.867    3.051    8.481   10.643   11.173   12.445
            0.920000  0.150000  0.420000
   -2.287   -0.993    1.866    3.035    8.576   10.656   11.151   12.326
            0.920000  0.150000  0.430000
   -2.294   -0.984    1.867    3.020    8.673   10.619   11.178   12.210
            0.920000  0.150000  0.440000
   -2.302   -0.975    1.868    3.006    8.770   10.548   11.240   12.097
            0.920000  0.150000  0.450000
   -2.309   -0.965    1.871    2.992    8.869   10.458   11.316   11.991
            0.920000  0.150000  0.460000
   -2.318   -0.955    1.876    2.979    8.968   10.359   11.390   11.898
            0.920000  0.150000  0.470000
   -2.327   -0.945    1.881    2.967    9.069   10.257   11.441   11.834
            0.920000  0.150000  0.480000
   -2.336   -0.934    1.887    2.956    9.169   10.152   11.438   11.830
            0.920000  0.150000  0.490000
   -2.346   -0.924    1.895    2.947    9.269   10.048   11.378   11.886
            0.920000  0.150000  0.500000
   -2.356   -0.913    1.904    2.938    9.368    9.947   11.290   11.974
            0.920000  0.150000  0.510000
   -2.366   -0.901    1.913    2.931    9.459    9.852   11.190   12.076
            0.920000  0.150000  0.520000
   -2.377   -0.890    1.924    2.925    9.527    9.782   11.087   12.185
            0.920000  0.150000  0.530000
   -2.388   -0.879    1.936    2.920    9.525    9.781   10.983   12.299
            0.920000  0.150000  0.540000
   -2.400   -0.867    1.948    2.917    9.455    9.847   10.880   12.415
            0.920000  0.150000  0.550000
   -2.411   -0.855    1.961    2.915    9.363    9.934   10.782   12.533
            0.920000  0.150000  0.560000
   -2.423   -0.844    1.976    2.914    9.265   10.020   10.692   12.652
            0.920000  0.150000  0.570000
   -2.435   -0.832    1.991    2.915    9.164   10.093   10.619   12.772
            0.920000  0.150000  0.580000
   -2.448   -0.820    2.007    2.917    9.064   10.134   10.581   12.894
            0.920000  0.150000  0.590000
   -2.460   -0.809    2.024    2.920    8.964   10.124   10.595   13.016
            0.920000  0.150000  0.600000
   -2.473   -0.797    2.041    2.925    8.865   10.070   10.657   13.138
            0.920000  0.150000  0.610000
   -2.485   -0.786    2.059    2.931    8.767    9.991   10.744   13.261
            0.920000  0.150000  0.620000
   -2.498   -0.775    2.078    2.938    8.670    9.901   10.845   13.384
            0.920000  0.150000  0.630000
   -2.511   -0.764    2.098    2.947    8.574    9.806   10.953   13.507
            0.920000  0.150000  0.640000
   -2.523   -0.753    2.119    2.957    8.479    9.708   11.064   13.629
            0.920000  0.150000  0.650000
   -2.536   -0.742    2.140    2.968    8.386    9.610   11.178   13.749
            0.920000  0.150000  0.660000
   -2.549   -0.732    2.162    2.980    8.295    9.511   11.295   13.865
            0.920000  0.150000  0.670000
   -2.561   -0.722    2.185    2.993    8.205    9.413   11.412   13.976
            0.920000  0.150000  0.680000
   -2.573   -0.712    2.209    3.007    8.117    9.315   11.531   14.076
            0.920000  0.150000  0.690000
   -2.586   -0.703    2.233    3.022    8.031    9.218   11.650   14.157
            0.920000  0.150000  0.700000
   -2.598   -0.693    2.258    3.038    7.946    9.122   11.771   14.215
            0.920000  0.150000  0.710000
   -2.609   -0.685    2.284    3.054    7.864    9.027   11.891   14.251
            0.920000  0.150000  0.720000
   -2.621   -0.676    2.310    3.071    7.783    8.933   12.012   14.273
            0.920000  0.150000  0.730000
   -2.632   -0.668    2.337    3.088    7.705    8.840   12.134   14.286
            0.920000  0.150000  0.740000
   -2.644   -0.660    2.365    3.105    7.629    8.749   12.256   14.295
            0.920000  0.150000  0.750000
   -2.654   -0.653    2.394    3.122    7.556    8.659   12.378   14.301
            0.920000  0.150000  0.760000
   -2.665   -0.646    2.423    3.139    7.485    8.571   12.500   14.306
            0.920000  0.150000  0.770000
   -2.675   -0.639    2.453    3.157    7.417    8.484   12.621   14.309
            0.920000  0.150000  0.780000
   -2.685   -0.633    2.483    3.173    7.351    8.399   12.743   14.311
            0.920000  0.150000  0.790000
   -2.695   -0.627    2.514    3.189    7.288    8.315   12.864   14.313
            0.920000  0.150000  0.800000
   -2.704   -0.622    2.546    3.205    7.229    8.234   12.985   14.314
            0.920000  0.150000  0.810000
   -2.713   -0.617    2.578    3.219    7.172    8.154   13.105   14.314
            0.920000  0.150000  0.820000
   -2.721   -0.612    2.610    3.233    7.119    8.077   13.225   14.315
            0.920000  0.150000  0.830000
   -2.729   -0.607    2.643    3.245    7.068    8.001   13.344   14.315
            0.920000  0.150000  0.840000
   -2.737   -0.603    2.676    3.257    7.022    7.928   13.461   14.316
            0.920000  0.150000  0.850000
   -2.744   -0.599    2.710    3.266    6.979    7.857   13.577   14.316
            0.920000  0.150000  0.860000
   -2.751   -0.595    2.743    3.274    6.939    7.789   13.691   14.316
            0.920000  0.150000  0.870000
   -2.758   -0.592    2.777    3.280    6.903    7.724   13.803   14.316
            0.920000  0.150000  0.880000
   -2.764   -0.589    2.810    3.284    6.871    7.661   13.913   14.315
            0.920000  0.150000  0.890000
   -2.769   -0.587    2.843    3.287    6.842    7.602   14.019   14.315
            0.920000  0.150000  0.900000
   -2.774   -0.584    2.876    3.287    6.817    7.546   14.122   14.315
            0.920000  0.150000  0.910000
   -2.779   -0.582    2.909    3.285    6.796    7.493   14.221   14.315
            0.920000  0.150000  0.920000
   -2.783   -0.580    2.941    3.281    6.778    7.445   14.309   14.320
            0.920000  0.150000  0.930000
   -2.787   -0.578    2.972    3.274    6.763    7.401   14.314   14.402
            0.920000  0.150000  0.940000
   -2.790   -0.577    3.003    3.265    6.751    7.361   14.314   14.482
            0.920000  0.150000  0.950000
   -2.792   -0.576    3.032    3.255    6.742    7.326   14.314   14.553
            0.920000  0.150000  0.960000
   -2.795   -0.575    3.060    3.242    6.735    7.297   14.314   14.614
            0.920000  0.150000  0.970000
   -2.796   -0.574    3.087    3.227    6.730    7.274   14.314   14.664
            0.920000  0.150000  0.980000
   -2.798   -0.573    3.112    3.211    6.727    7.257   14.314   14.700
            0.920000  0.150000  0.990000
   -2.798   -0.573    3.133    3.196    6.725    7.247   14.313   14.723
            0.920000  0.150000  1.000000
   -2.799   -0.573    3.143    3.187    6.724    7.243   14.313   14.730
