 &plot nbnd=   8, nks=   101 /
            0.290000  0.820000  0.000000
   -2.789   -0.472    2.438    2.959    8.204    8.675   11.644   14.406
            0.290000  0.820000  0.010000
   -2.789   -0.473    2.436    2.963    8.195    8.686   11.644   14.400
            0.290000  0.820000  0.020000
   -2.789   -0.474    2.429    2.972    8.170    8.716   11.645   14.381
            0.290000  0.820000  0.030000
   -2.789   -0.476    2.419    2.988    8.134    8.760   11.646   14.349
            0.290000  0.820000  0.040000
   -2.788   -0.479    2.405    3.008    8.091    8.815   11.647   14.306
            0.290000  0.820000  0.050000
   -2.788   -0.483    2.390    3.033    8.045    8.877   11.649   14.252
            0.290000  0.820000  0.060000
   -2.787   -0.488    2.372    3.061    7.996    8.944   11.651   14.188
            0.290000  0.820000  0.070000
   -2.786   -0.494    2.354    3.093    7.948    9.015   11.654   14.116
            0.290000  0.820000  0.080000
   -2.786   -0.500    2.335    3.126    7.900    9.089   11.657   14.036
            0.290000  0.820000  0.090000
   -2.785   -0.507    2.316    3.161    7.853    9.165   11.661   13.951
            0.290000  0.820000  0.100000
   -2.784   -0.515    2.298    3.198    7.807    9.244   11.665   13.860
            0.290000  0.820000  0.110000
   -2.783   -0.523    2.280    3.235    7.764    9.325   11.669   13.765
            0.290000  0.820000  0.120000
   -2.782   -0.533    2.263    3.273    7.722    9.407   11.673   13.667
            0.290000  0.820000  0.130000
   -2.781   -0.542    2.246    3.312    7.683    9.491   11.678   13.566
            0.290000  0.820000  0.140000
   -2.780   -0.552    2.231    3.350    7.646    9.576   11.684   13.462
            0.290000  0.820000  0.150000
   -2.780   -0.563    2.216    3.389    7.612    9.663   11.689   13.357
            0.290000  0.820000  0.160000
   -2.779   -0.573    2.203    3.427    7.581    9.751   11.696   13.250
            0.290000  0.820000  0.170000
   -2.778   -0.584    2.191    3.465    7.553    9.840   11.702   13.141
            0.290000  0.820000  0.180000
   -2.778   -0.596    2.180    3.501    7.528    9.931   11.709   13.032
            0.290000  0.820000  0.190000
   -2.778   -0.607    2.171    3.537    7.507   10.022   11.716   12.921
            0.290000  0.820000  0.200000
   -2.778   -0.618    2.163    3.572    7.489   10.115   11.723   12.810
            0.290000  0.820000  0.210000
   -2.778   -0.630    2.156    3.605    7.474   10.208   11.731   12.698
            0.290000  0.820000  0.220000
   -2.778   -0.641    2.150    3.637    7.463   10.302   11.738   12.586
            0.290000  0.820000  0.230000
   -2.779   -0.652    2.146    3.667    7.457   10.398   11.747   12.474
            0.290000  0.820000  0.240000
   -2.780   -0.662    2.143    3.696    7.454   10.493   11.755   12.362
            0.290000  0.820000  0.250000
   -2.782   -0.672    2.141    3.723    7.455   10.589   11.763   12.250
            0.290000  0.820000  0.260000
   -2.784   -0.682    2.141    3.747    7.460   10.686   11.772   12.139
            0.290000  0.820000  0.270000
   -2.786   -0.691    2.141    3.770    7.470   10.782   11.780   12.029
            0.290000  0.820000  0.280000
   -2.789   -0.699    2.143    3.790    7.484   10.878   11.786   11.923
            0.290000  0.820000  0.290000
   -2.793   -0.707    2.146    3.809    7.502   10.972   11.774   11.839
            0.290000  0.820000  0.300000
   -2.797   -0.714    2.150    3.825    7.524   11.062   11.698   11.824
            0.290000  0.820000  0.310000
   -2.801   -0.720    2.155    3.839    7.550   11.141   11.610   11.831
            0.290000  0.820000  0.320000
   -2.807   -0.725    2.161    3.851    7.581   11.195   11.547   11.842
            0.290000  0.820000  0.330000
   -2.812   -0.729    2.168    3.861    7.616   11.192   11.538   11.854
            0.290000  0.820000  0.340000
   -2.819   -0.732    2.176    3.869    7.655   11.132   11.586   11.870
            0.290000  0.820000  0.350000
   -2.826   -0.734    2.185    3.875    7.698   11.043   11.658   11.890
            0.290000  0.820000  0.360000
   -2.833   -0.734    2.194    3.880    7.744   10.944   11.732   11.920
            0.290000  0.820000  0.370000
   -2.842   -0.734    2.205    3.882    7.795   10.840   11.792   11.970
            0.290000  0.820000  0.380000
   -2.851   -0.732    2.216    3.883    7.849   10.734   11.831   12.044
            0.290000  0.820000  0.390000
   -2.861   -0.729    2.227    3.883    7.906   10.627   11.856   12.135
            0.290000  0.820000  0.400000
   -2.871   -0.725    2.240    3.881    7.967   10.520   11.874   12.233
            0.290000  0.820000  0.410000
   -2.882   -0.720    2.253    3.878    8.031   10.413   11.888   12.335
            0.290000  0.820000  0.420000
   -2.893   -0.713    2.266    3.873    8.098   10.306   11.900   12.440
            0.290000  0.820000  0.430000
   -2.905   -0.705    2.280    3.868    8.168   10.200   11.912   12.544
            0.290000  0.820000  0.440000
   -2.918   -0.695    2.295    3.862    8.241   10.094   11.922   12.646
            0.290000  0.820000  0.450000
   -2.931   -0.685    2.310    3.856    8.316    9.989   11.932   12.741
            0.290000  0.820000  0.460000
   -2.945   -0.673    2.325    3.849    8.394    9.885   11.941   12.808
            0.290000  0.820000  0.470000
   -2.959   -0.660    2.340    3.841    8.475    9.782   11.949   12.800
            0.290000  0.820000  0.480000
   -2.974   -0.645    2.355    3.834    8.557    9.680   11.957   12.722
            0.290000  0.820000  0.490000
   -2.989   -0.630    2.371    3.826    8.641    9.579   11.964   12.621
            0.290000  0.820000  0.500000
   -3.004   -0.613    2.387    3.818    8.728    9.479   11.970   12.513
            0.290000  0.820000  0.510000
   -3.020   -0.596    2.403    3.810    8.816    9.380   11.975   12.404
            0.290000  0.820000  0.520000
   -3.036   -0.577    2.418    3.802    8.905    9.284   11.976   12.298
            0.290000  0.820000  0.530000
   -3.053   -0.557    2.434    3.794    8.993    9.191   11.970   12.197
            0.290000  0.820000  0.540000
   -3.069   -0.536    2.450    3.787    9.051    9.131   11.945   12.116
            0.290000  0.820000  0.550000
   -3.086   -0.515    2.465    3.780    8.986    9.198   11.882   12.073
            0.290000  0.820000  0.560000
   -3.103   -0.492    2.480    3.774    8.898    9.290   11.791   12.058
            0.290000  0.820000  0.570000
   -3.120   -0.469    2.495    3.768    8.808    9.387   11.689   12.055
            0.290000  0.820000  0.580000
   -3.137   -0.445    2.509    3.763    8.720    9.485   11.583   12.056
            0.290000  0.820000  0.590000
   -3.154   -0.420    2.524    3.758    8.633    9.584   11.476   12.059
            0.290000  0.820000  0.600000
   -3.171   -0.394    2.537    3.753    8.548    9.685   11.369   12.062
            0.290000  0.820000  0.610000
   -3.188   -0.368    2.551    3.750    8.465    9.786   11.263   12.066
            0.290000  0.820000  0.620000
   -3.205   -0.341    2.564    3.746    8.383    9.888   11.157   12.070
            0.290000  0.820000  0.630000
   -3.221   -0.314    2.577    3.744    8.304    9.990   11.053   12.074
            0.290000  0.820000  0.640000
   -3.238   -0.286    2.589    3.741    8.227   10.092   10.951   12.077
            0.290000  0.820000  0.650000
   -3.254   -0.258    2.601    3.739    8.152   10.193   10.851   12.081
            0.290000  0.820000  0.660000
   -3.271   -0.229    2.612    3.738    8.080   10.290   10.756   12.084
            0.290000  0.820000  0.670000
   -3.287   -0.200    2.623    3.737    8.010   10.375   10.676   12.088
            0.290000  0.820000  0.680000
   -3.303   -0.171    2.634    3.736    7.943   10.414   10.642   12.091
            0.290000  0.820000  0.690000
   -3.318   -0.142    2.645    3.735    7.879   10.373   10.690   12.094
            0.290000  0.820000  0.700000
   -3.333   -0.113    2.656    3.733    7.817   10.294   10.779   12.097
            0.290000  0.820000  0.710000
   -3.348   -0.083    2.666    3.732    7.759   10.204   10.878   12.100
            0.290000  0.820000  0.720000
   -3.363   -0.054    2.676    3.731    7.703   10.111   10.982   12.103
            0.290000  0.820000  0.730000
   -3.377   -0.025    2.687    3.729    7.651   10.018   11.087   12.106
            0.290000  0.820000  0.740000
   -3.391    0.004    2.697    3.726    7.602    9.925   11.193   12.109
            0.290000  0.820000  0.750000
   -3.404    0.033    2.707    3.723    7.557    9.833   11.299   12.113
            0.290000  0.820000  0.760000
   -3.418    0.061    2.718    3.719    7.515    9.742   11.404   12.117
            0.290000  0.820000  0.770000
   -3.430    0.089    2.729    3.714    7.476    9.652   11.509   12.122
            0.290000  0.820000  0.780000
   -3.442    0.116    2.740    3.709    7.441    9.564   11.611   12.129
            0.290000  0.820000  0.790000
   -3.454    0.143    2.752    3.702    7.410    9.477   11.711   12.138
            0.290000  0.820000  0.800000
   -3.465    0.169    2.764    3.694    7.383    9.391   11.804   12.153
            0.290000  0.820000  0.810000
   -3.476    0.195    2.776    3.685    7.359    9.307   11.888   12.177
            0.290000  0.820000  0.820000
   -3.486    0.220    2.789    3.674    7.339    9.225   11.955   12.217
            0.290000  0.820000  0.830000
   -3.496    0.244    2.802    3.663    7.323    9.145   12.000   12.277
            0.290000  0.820000  0.840000
   -3.506    0.267    2.816    3.650    7.310    9.066   12.028   12.353
            0.290000  0.820000  0.850000
   -3.514    0.288    2.831    3.636    7.301    8.990   12.044   12.440
            0.290000  0.820000  0.860000
   -3.523    0.309    2.846    3.621    7.295    8.916   12.055   12.531
            0.290000  0.820000  0.870000
   -3.530    0.329    2.861    3.606    7.293    8.845   12.061   12.623
            0.290000  0.820000  0.880000
   -3.538    0.348    2.877    3.589    7.293    8.776   12.066   12.715
            0.290000  0.820000  0.890000
   -3.544    0.365    2.893    3.572    7.296    8.710   12.069   12.805
            0.290000  0.820000  0.900000
   -3.550    0.381    2.909    3.554    7.301    8.648   12.071   12.893
            0.290000  0.820000  0.910000
   -3.556    0.396    2.925    3.536    7.309    8.589   12.073   12.977
            0.290000  0.820000  0.920000
   -3.561    0.409    2.942    3.518    7.318    8.533   12.074   13.056
            0.290000  0.820000  0.930000
   -3.565    0.421    2.958    3.500    7.328    8.483   12.075   13.131
            0.290000  0.820000  0.940000
   -3.569    0.431    2.973    3.483    7.339    8.437   12.076   13.199
            0.290000  0.820000  0.950000
   -3.572    0.440    2.987    3.467    7.350    8.396   12.077   13.259
            0.290000  0.820000  0.960000
   -3.575    0.447    2.999    3.453    7.361    8.362   12.077   13.311
            0.290000  0.820000  0.970000
   -3.577    0.453    3.010    3.442    7.370    8.334   12.077   13.352
            0.290000  0.820000  0.980000
   -3.578    0.457    3.018    3.433    7.377    8.314   12.077   13.383
            0.290000  0.820000  0.990000
   -3.579    0.459    3.023    3.427    7.381    8.301   12.078   13.402
            0.290000  0.820000  1.000000
   -3.579    0.460    3.025    3.425    7.382    8.297   12.078   13.408
