 &plot nbnd=   8, nks=    81 /
            0.900000  0.175000 -1.000000
   -3.504   -1.138    2.442    2.516    6.001    6.594   12.483   13.025
            0.900000  0.175000 -0.975000
   -3.503   -1.139    2.408    2.542    6.002    6.614   12.482   12.985
            0.900000  0.175000 -0.950000
   -3.499   -1.142    2.348    2.580    6.008    6.671   12.480   12.872
            0.900000  0.175000 -0.925000
   -3.492   -1.147    2.280    2.611    6.025    6.760   12.473   12.707
            0.900000  0.175000 -0.900000
   -3.482   -1.155    2.209    2.631    6.056    6.876   12.425   12.544
            0.900000  0.175000 -0.875000
   -3.470   -1.165    2.137    2.641    6.106    7.012   12.229   12.503
            0.900000  0.175000 -0.850000
   -3.456   -1.177    2.065    2.640    6.175    7.166   11.982   12.496
            0.900000  0.175000 -0.825000
   -3.439   -1.192    1.994    2.630    6.265    7.335   11.720   12.492
            0.900000  0.175000 -0.800000
   -3.420   -1.209    1.926    2.613    6.375    7.518   11.450   12.488
            0.900000  0.175000 -0.775000
   -3.399   -1.228    1.861    2.589    6.504    7.711   11.176   12.484
            0.900000  0.175000 -0.750000
   -3.376   -1.250    1.798    2.562    6.649    7.915   10.899   12.477
            0.900000  0.175000 -0.725000
   -3.351   -1.273    1.740    2.534    6.811    8.128   10.622   12.467
            0.900000  0.175000 -0.700000
   -3.325   -1.299    1.685    2.506    6.987    8.349   10.345   12.448
            0.900000  0.175000 -0.675000
   -3.298   -1.326    1.634    2.480    7.176    8.578   10.070   12.415
            0.900000  0.175000 -0.650000
   -3.270   -1.354    1.587    2.457    7.377    8.813    9.798   12.346
            0.900000  0.175000 -0.625000
   -3.241   -1.384    1.543    2.440    7.588    9.052    9.531   12.210
            0.900000  0.175000 -0.600000
   -3.213   -1.413    1.503    2.429    7.808    9.220    9.344   12.000
            0.900000  0.175000 -0.575000
   -3.185   -1.443    1.466    2.424    8.037    8.990    9.566   11.749
            0.900000  0.175000 -0.550000
   -3.157   -1.473    1.434    2.425    8.273    8.736    9.822   11.482
            0.900000  0.175000 -0.525000
   -3.131   -1.502    1.406    2.433    8.480    8.522   10.082   11.212
            0.900000  0.175000 -0.500000
   -3.106   -1.529    1.382    2.447    8.240    8.767   10.341   10.948
            0.900000  0.175000 -0.475000
   -3.083   -1.555    1.363    2.467    8.004    9.022   10.540   10.748
            0.900000  0.175000 -0.450000
   -3.062   -1.578    1.349    2.492    7.775    9.281   10.372   10.922
            0.900000  0.175000 -0.425000
   -3.043   -1.599    1.342    2.521    7.555    9.539   10.123   11.185
            0.900000  0.175000 -0.400000
   -3.028   -1.618    1.341    2.552    7.346    9.742    9.932   11.450
            0.900000  0.175000 -0.375000
   -3.015   -1.634    1.347    2.585    7.149    9.576   10.116   11.706
            0.900000  0.175000 -0.350000
   -3.004   -1.648    1.359    2.618    6.964    9.334   10.384   11.937
            0.900000  0.175000 -0.325000
   -2.997   -1.659    1.380    2.648    6.795    9.090   10.660   12.117
            0.900000  0.175000 -0.300000
   -2.992   -1.668    1.407    2.675    6.641    8.851   10.939   12.225
            0.900000  0.175000 -0.275000
   -2.989   -1.675    1.443    2.696    6.507    8.618   11.219   12.279
            0.900000  0.175000 -0.250000
   -2.987   -1.681    1.486    2.709    6.393    8.390   11.499   12.305
            0.900000  0.175000 -0.225000
   -2.988   -1.685    1.537    2.712    6.301    8.170   11.777   12.317
            0.900000  0.175000 -0.200000
   -2.989   -1.687    1.595    2.704    6.232    7.957   12.050   12.323
            0.900000  0.175000 -0.175000
   -2.992   -1.689    1.659    2.684    6.188    7.752   12.295   12.347
            0.900000  0.175000 -0.150000
   -2.995   -1.691    1.730    2.652    6.169    7.555   12.318   12.581
            0.900000  0.175000 -0.125000
   -2.998   -1.691    1.805    2.607    6.175    7.369   12.318   12.820
            0.900000  0.175000 -0.100000
   -3.000   -1.692    1.886    2.551    6.203    7.194   12.316   13.036
            0.900000  0.175000 -0.075000
   -3.003   -1.692    1.969    2.486    6.252    7.032   12.315   13.215
            0.900000  0.175000 -0.050000
   -3.005   -1.692    2.053    2.414    6.316    6.888   12.313   13.349
            0.900000  0.175000 -0.025000
   -3.006   -1.692    2.133    2.340    6.383    6.773   12.313   13.429
            0.900000  0.175000  0.000000
   -3.006   -1.692    2.181    2.295    6.418    6.722   12.312   13.456
            0.900000  0.175000  0.025000
   -3.006   -1.692    2.133    2.340    6.383    6.773   12.313   13.429
            0.900000  0.175000  0.050000
   -3.005   -1.692    2.053    2.414    6.316    6.888   12.313   13.349
            0.900000  0.175000  0.075000
   -3.003   -1.692    1.969    2.486    6.252    7.032   12.315   13.215
            0.900000  0.175000  0.100000
   -3.000   -1.692    1.886    2.551    6.203    7.194   12.316   13.036
            0.900000  0.175000  0.125000
   -2.998   -1.691    1.805    2.607    6.175    7.369   12.318   12.820
            0.900000  0.175000  0.150000
   -2.995   -1.691    1.730    2.652    6.169    7.555   12.318   12.581
            0.900000  0.175000  0.175000
   -2.992   -1.689    1.659    2.684    6.188    7.752   12.295   12.347
            0.900000  0.175000  0.200000
   -2.989   -1.687    1.595    2.704    6.232    7.957   12.050   12.323
            0.900000  0.175000  0.225000
   -2.988   -1.685    1.537    2.712    6.301    8.170   11.777   12.317
            0.900000  0.175000  0.250000
   -2.987   -1.681    1.486    2.709    6.393    8.390   11.499   12.305
            0.900000  0.175000  0.275000
   -2.989   -1.675    1.443    2.696    6.507    8.618   11.219   12.279
            0.900000  0.175000  0.300000
   -2.992   -1.668    1.407    2.675    6.641    8.851   10.939   12.225
            0.900000  0.175000  0.325000
   -2.997   -1.659    1.380    2.648    6.795    9.090   10.660   12.117
            0.900000  0.175000  0.350000
   -3.004   -1.648    1.359    2.618    6.964    9.334   10.384   11.937
            0.900000  0.175000  0.375000
   -3.015   -1.634    1.347    2.585    7.149    9.576   10.116   11.706
            0.900000  0.175000  0.400000
   -3.028   -1.618    1.341    2.552    7.346    9.742    9.932   11.450
            0.900000  0.175000  0.425000
   -3.043   -1.599    1.342    2.521    7.555    9.539   10.123   11.185
            0.900000  0.175000  0.450000
   -3.062   -1.578    1.349    2.492    7.775    9.281   10.372   10.922
            0.900000  0.175000  0.475000
   -3.083   -1.555    1.363    2.467    8.004    9.022   10.540   10.748
            0.900000  0.175000  0.500000
   -3.106   -1.529    1.382    2.447    8.240    8.767   10.341   10.948
            0.900000  0.175000  0.525000
   -3.131   -1.502    1.406    2.433    8.480    8.522   10.082   11.212
            0.900000  0.175000  0.550000
   -3.157   -1.473    1.434    2.425    8.273    8.736    9.822   11.482
            0.900000  0.175000  0.575000
   -3.185   -1.443    1.466    2.424    8.037    8.990    9.566   11.749
            0.900000  0.175000  0.600000
   -3.213   -1.413    1.503    2.429    7.808    9.220    9.344   12.000
            0.900000  0.175000  0.625000
   -3.241   -1.384    1.543    2.440    7.588    9.052    9.531   12.210
            0.900000  0.175000  0.650000
   -3.270   -1.354    1.587    2.457    7.377    8.813    9.798   12.346
            0.900000  0.175000  0.675000
   -3.298   -1.326    1.634    2.480    7.176    8.578   10.070   12.415
            0.900000  0.175000  0.700000
   -3.325   -1.299    1.685    2.506    6.987    8.349   10.345   12.448
            0.900000  0.175000  0.725000
   -3.351   -1.273    1.740    2.534    6.811    8.128   10.622   12.467
            0.900000  0.175000  0.750000
   -3.376   -1.250    1.798    2.562    6.649    7.915   10.899   12.477
            0.900000  0.175000  0.775000
   -3.399   -1.228    1.861    2.589    6.504    7.711   11.176   12.484
            0.900000  0.175000  0.800000
   -3.420   -1.209    1.926    2.613    6.375    7.518   11.450   12.488
            0.900000  0.175000  0.825000
   -3.439   -1.192    1.994    2.630    6.265    7.335   11.720   12.492
            0.900000  0.175000  0.850000
   -3.456   -1.177    2.065    2.640    6.175    7.166   11.982   12.496
            0.900000  0.175000  0.875000
   -3.470   -1.165    2.137    2.641    6.106    7.012   12.229   12.503
            0.900000  0.175000  0.900000
   -3.482   -1.155    2.209    2.631    6.056    6.876   12.425   12.544
            0.900000  0.175000  0.925000
   -3.492   -1.147    2.280    2.611    6.025    6.760   12.473   12.707
            0.900000  0.175000  0.950000
   -3.499   -1.142    2.348    2.580    6.008    6.671   12.480   12.872
            0.900000  0.175000  0.975000
   -3.503   -1.139    2.408    2.542    6.002    6.614   12.482   12.985
            0.900000  0.175000  1.000000
   -3.504   -1.138    2.442    2.516    6.001    6.594   12.483   13.025
