 &plot nbnd=   8, nks=   101 /
            0.530000  0.270000  0.000000
   -4.324    1.420    3.106    4.400    8.466    9.765   10.047   11.589
            0.530000  0.270000  0.010000
   -4.324    1.418    3.108    4.400    8.464    9.767   10.048   11.586
            0.530000  0.270000  0.020000
   -4.323    1.410    3.116    4.400    8.459    9.773   10.052   11.574
            0.530000  0.270000  0.030000
   -4.321    1.398    3.129    4.399    8.449    9.783   10.060   11.555
            0.530000  0.270000  0.040000
   -4.319    1.381    3.146    4.397    8.437    9.794   10.070   11.530
            0.530000  0.270000  0.050000
   -4.316    1.359    3.168    4.396    8.422    9.807   10.086   11.498
            0.530000  0.270000  0.060000
   -4.312    1.334    3.194    4.394    8.404    9.820   10.107   11.461
            0.530000  0.270000  0.070000
   -4.307    1.305    3.223    4.391    8.385    9.831   10.134   11.418
            0.530000  0.270000  0.080000
   -4.302    1.273    3.256    4.388    8.364    9.840   10.167   11.372
            0.530000  0.270000  0.090000
   -4.296    1.238    3.292    4.385    8.342    9.845   10.207   11.322
            0.530000  0.270000  0.100000
   -4.290    1.201    3.330    4.382    8.320    9.848   10.253   11.270
            0.530000  0.270000  0.110000
   -4.283    1.161    3.370    4.378    8.298    9.849   10.304   11.215
            0.530000  0.270000  0.120000
   -4.275    1.120    3.411    4.373    8.276    9.846   10.359   11.159
            0.530000  0.270000  0.130000
   -4.267    1.077    3.454    4.369    8.255    9.842   10.419   11.102
            0.530000  0.270000  0.140000
   -4.257    1.033    3.498    4.364    8.235    9.835   10.481   11.045
            0.530000  0.270000  0.150000
   -4.248    0.988    3.542    4.359    8.216    9.826   10.545   10.989
            0.530000  0.270000  0.160000
   -4.237    0.942    3.587    4.353    8.198    9.816   10.609   10.936
            0.530000  0.270000  0.170000
   -4.226    0.895    3.632    4.348    8.182    9.803   10.668   10.892
            0.530000  0.270000  0.180000
   -4.214    0.848    3.676    4.342    8.167    9.788   10.703   10.874
            0.530000  0.270000  0.190000
   -4.202    0.800    3.720    4.336    8.154    9.770   10.694   10.905
            0.530000  0.270000  0.200000
   -4.189    0.752    3.762    4.331    8.144    9.751   10.657   10.967
            0.530000  0.270000  0.210000
   -4.176    0.704    3.803    4.326    8.135    9.729   10.611   11.041
            0.530000  0.270000  0.220000
   -4.161    0.656    3.842    4.322    8.128    9.704   10.564   11.121
            0.530000  0.270000  0.230000
   -4.147    0.607    3.878    4.320    8.124    9.677   10.517   11.204
            0.530000  0.270000  0.240000
   -4.131    0.559    3.911    4.319    8.122    9.648   10.472   11.289
            0.530000  0.270000  0.250000
   -4.115    0.512    3.939    4.321    8.121    9.617   10.430   11.376
            0.530000  0.270000  0.260000
   -4.099    0.464    3.962    4.327    8.123    9.583   10.389   11.465
            0.530000  0.270000  0.270000
   -4.082    0.417    3.979    4.336    8.128    9.548   10.351   11.556
            0.530000  0.270000  0.280000
   -4.064    0.370    3.991    4.350    8.134    9.511   10.316   11.647
            0.530000  0.270000  0.290000
   -4.046    0.323    3.996    4.367    8.142    9.473   10.282   11.740
            0.530000  0.270000  0.300000
   -4.027    0.278    3.996    4.387    8.151    9.435   10.250   11.834
            0.530000  0.270000  0.310000
   -4.008    0.232    3.992    4.409    8.163    9.397   10.221   11.930
            0.530000  0.270000  0.320000
   -3.988    0.187    3.983    4.433    8.175    9.359   10.193   12.026
            0.530000  0.270000  0.330000
   -3.968    0.143    3.972    4.457    8.188    9.323   10.166   12.123
            0.530000  0.270000  0.340000
   -3.947    0.100    3.958    4.482    8.202    9.289   10.140   12.221
            0.530000  0.270000  0.350000
   -3.926    0.057    3.941    4.506    8.216    9.258   10.116   12.320
            0.530000  0.270000  0.360000
   -3.905    0.015    3.923    4.529    8.229    9.230   10.092   12.419
            0.530000  0.270000  0.370000
   -3.883   -0.026    3.903    4.550    8.241    9.207   10.069   12.519
            0.530000  0.270000  0.380000
   -3.860   -0.067    3.882    4.570    8.252    9.189   10.047   12.620
            0.530000  0.270000  0.390000
   -3.838   -0.106    3.860    4.588    8.261    9.177   10.025   12.722
            0.530000  0.270000  0.400000
   -3.815   -0.145    3.837    4.604    8.267    9.172   10.003   12.823
            0.530000  0.270000  0.410000
   -3.791   -0.183    3.812    4.618    8.270    9.173    9.982   12.925
            0.530000  0.270000  0.420000
   -3.768   -0.220    3.787    4.630    8.270    9.181    9.962   13.028
            0.530000  0.270000  0.430000
   -3.744   -0.256    3.761    4.639    8.268    9.196    9.942   13.130
            0.530000  0.270000  0.440000
   -3.720   -0.291    3.735    4.646    8.264    9.218    9.922   13.232
            0.530000  0.270000  0.450000
   -3.695   -0.324    3.708    4.651    8.257    9.245    9.903   13.334
            0.530000  0.270000  0.460000
   -3.671   -0.357    3.680    4.652    8.249    9.277    9.885   13.435
            0.530000  0.270000  0.470000
   -3.646   -0.389    3.651    4.651    8.241    9.314    9.869   13.534
            0.530000  0.270000  0.480000
   -3.621   -0.419    3.622    4.648    8.232    9.353    9.855   13.631
            0.530000  0.270000  0.490000
   -3.596   -0.449    3.593    4.641    8.224    9.394    9.843   13.724
            0.530000  0.270000  0.500000
   -3.571   -0.477    3.563    4.632    8.217    9.435    9.836   13.812
            0.530000  0.270000  0.510000
   -3.546   -0.504    3.532    4.621    8.212    9.473    9.836   13.888
            0.530000  0.270000  0.520000
   -3.521   -0.529    3.501    4.606    8.207    9.504    9.845   13.950
            0.530000  0.270000  0.530000
   -3.496   -0.553    3.470    4.590    8.205    9.526    9.866   13.990
            0.530000  0.270000  0.540000
   -3.471   -0.576    3.438    4.571    8.205    9.537    9.900   14.008
            0.530000  0.270000  0.550000
   -3.447   -0.598    3.406    4.549    8.208    9.539    9.946   14.011
            0.530000  0.270000  0.560000
   -3.422   -0.618    3.373    4.526    8.213    9.534   10.002   14.003
            0.530000  0.270000  0.570000
   -3.398   -0.637    3.340    4.500    8.220    9.524   10.065   13.989
            0.530000  0.270000  0.580000
   -3.374   -0.654    3.307    4.473    8.230    9.511   10.132   13.972
            0.530000  0.270000  0.590000
   -3.351   -0.669    3.273    4.444    8.242    9.495   10.204   13.952
            0.530000  0.270000  0.600000
   -3.328   -0.684    3.238    4.413    8.258    9.478   10.279   13.931
            0.530000  0.270000  0.610000
   -3.305   -0.696    3.203    4.381    8.275    9.461   10.356   13.909
            0.530000  0.270000  0.620000
   -3.283   -0.707    3.168    4.348    8.296    9.442   10.436   13.885
            0.530000  0.270000  0.630000
   -3.261   -0.716    3.132    4.314    8.318    9.423   10.517   13.857
            0.530000  0.270000  0.640000
   -3.239   -0.724    3.096    4.279    8.344    9.404   10.600   13.807
            0.530000  0.270000  0.650000
   -3.219   -0.730    3.059    4.244    8.371    9.385   10.684   13.724
            0.530000  0.270000  0.660000
   -3.199   -0.735    3.022    4.208    8.401    9.366   10.769   13.632
            0.530000  0.270000  0.670000
   -3.179   -0.737    2.984    4.172    8.433    9.347   10.855   13.537
            0.530000  0.270000  0.680000
   -3.161   -0.739    2.945    4.136    8.468    9.328   10.942   13.442
            0.530000  0.270000  0.690000
   -3.143   -0.738    2.906    4.100    8.504    9.310   11.030   13.345
            0.530000  0.270000  0.700000
   -3.126   -0.736    2.867    4.064    8.543    9.291   11.119   13.249
            0.530000  0.270000  0.710000
   -3.109   -0.732    2.827    4.029    8.583    9.274   11.208   13.152
            0.530000  0.270000  0.720000
   -3.093   -0.727    2.786    3.995    8.625    9.256   11.298   13.055
            0.530000  0.270000  0.730000
   -3.079   -0.720    2.745    3.961    8.669    9.239   11.388   12.958
            0.530000  0.270000  0.740000
   -3.064   -0.712    2.704    3.928    8.715    9.222   11.478   12.862
            0.530000  0.270000  0.750000
   -3.051   -0.702    2.662    3.896    8.763    9.206   11.568   12.766
            0.530000  0.270000  0.760000
   -3.039   -0.691    2.620    3.865    8.812    9.191   11.659   12.671
            0.530000  0.270000  0.770000
   -3.027   -0.679    2.578    3.835    8.862    9.176   11.749   12.576
            0.530000  0.270000  0.780000
   -3.016   -0.665    2.536    3.806    8.914    9.161   11.839   12.483
            0.530000  0.270000  0.790000
   -3.006   -0.651    2.494    3.778    8.967    9.148   11.926   12.391
            0.530000  0.270000  0.800000
   -2.996   -0.635    2.453    3.752    9.020    9.136   12.010   12.305
            0.530000  0.270000  0.810000
   -2.987   -0.619    2.411    3.727    9.070    9.130   12.073   12.240
            0.530000  0.270000  0.820000
   -2.979   -0.602    2.370    3.703    9.093    9.152   12.060   12.251
            0.530000  0.270000  0.830000
   -2.972   -0.584    2.330    3.680    9.088    9.204   11.987   12.322
            0.530000  0.270000  0.840000
   -2.965   -0.566    2.290    3.659    9.079    9.261   11.902   12.405
            0.530000  0.270000  0.850000
   -2.959   -0.547    2.251    3.639    9.069    9.321   11.815   12.491
            0.530000  0.270000  0.860000
   -2.953   -0.529    2.213    3.621    9.060    9.383   11.728   12.577
            0.530000  0.270000  0.870000
   -2.948   -0.511    2.177    3.603    9.051    9.445   11.641   12.663
            0.530000  0.270000  0.880000
   -2.943   -0.492    2.142    3.588    9.042    9.508   11.555   12.748
            0.530000  0.270000  0.890000
   -2.939   -0.475    2.109    3.573    9.034    9.571   11.470   12.830
            0.530000  0.270000  0.900000
   -2.935   -0.458    2.078    3.560    9.027    9.635   11.386   12.911
            0.530000  0.270000  0.910000
   -2.932   -0.442    2.050    3.548    9.021    9.699   11.305   12.988
            0.530000  0.270000  0.920000
   -2.929   -0.427    2.023    3.537    9.015    9.762   11.226   13.061
            0.530000  0.270000  0.930000
   -2.927   -0.413    1.999    3.528    9.009    9.825   11.149   13.129
            0.530000  0.270000  0.940000
   -2.925   -0.400    1.978    3.520    9.005    9.886   11.076   13.190
            0.530000  0.270000  0.950000
   -2.923   -0.389    1.959    3.513    9.001    9.944   11.007   13.242
            0.530000  0.270000  0.960000
   -2.922   -0.380    1.944    3.507    8.998    9.998   10.945   13.282
            0.530000  0.270000  0.970000
   -2.921   -0.373    1.932    3.503    8.995   10.046   10.891   13.311
            0.530000  0.270000  0.980000
   -2.920   -0.368    1.923    3.500    8.994   10.084   10.848   13.329
            0.530000  0.270000  0.990000
   -2.920   -0.364    1.918    3.498    8.993   10.109   10.820   13.338
            0.530000  0.270000  1.000000
   -2.919   -0.363    1.916    3.497    8.992   10.118   10.810   13.341
