 &plot nbnd=   8, nks=   101 /
            0.290000  0.430000  0.000000
   -4.667    1.932    3.378    5.003    8.910    9.228   10.600   10.747
            0.290000  0.430000  0.010000
   -4.667    1.929    3.381    5.003    8.907    9.229   10.596   10.752
            0.290000  0.430000  0.020000
   -4.665    1.919    3.392    5.001    8.898    9.232   10.585   10.766
            0.290000  0.430000  0.030000
   -4.664    1.903    3.409    4.999    8.883    9.236   10.568   10.786
            0.290000  0.430000  0.040000
   -4.661    1.881    3.432    4.997    8.864    9.241   10.548   10.812
            0.290000  0.430000  0.050000
   -4.658    1.854    3.461    4.993    8.841    9.247   10.525   10.842
            0.290000  0.430000  0.060000
   -4.654    1.822    3.495    4.989    8.814    9.252   10.500   10.876
            0.290000  0.430000  0.070000
   -4.649    1.786    3.534    4.984    8.785    9.257   10.473   10.915
            0.290000  0.430000  0.080000
   -4.643    1.747    3.576    4.978    8.753    9.261   10.444   10.957
            0.290000  0.430000  0.090000
   -4.637    1.705    3.622    4.971    8.720    9.264   10.414   11.003
            0.290000  0.430000  0.100000
   -4.630    1.660    3.670    4.964    8.685    9.265   10.383   11.052
            0.290000  0.430000  0.110000
   -4.622    1.613    3.720    4.955    8.650    9.265   10.352   11.105
            0.290000  0.430000  0.120000
   -4.614    1.565    3.773    4.946    8.613    9.265   10.320   11.161
            0.290000  0.430000  0.130000
   -4.605    1.515    3.826    4.936    8.576    9.263   10.287   11.220
            0.290000  0.430000  0.140000
   -4.595    1.464    3.881    4.926    8.538    9.260   10.255   11.282
            0.290000  0.430000  0.150000
   -4.584    1.412    3.937    4.914    8.500    9.256   10.223   11.346
            0.290000  0.430000  0.160000
   -4.573    1.360    3.993    4.902    8.461    9.252   10.191   11.413
            0.290000  0.430000  0.170000
   -4.561    1.307    4.050    4.889    8.423    9.246   10.159   11.483
            0.290000  0.430000  0.180000
   -4.548    1.254    4.106    4.875    8.384    9.241   10.128   11.554
            0.290000  0.430000  0.190000
   -4.535    1.200    4.163    4.860    8.346    9.235   10.098   11.628
            0.290000  0.430000  0.200000
   -4.521    1.147    4.219    4.844    8.308    9.229   10.068   11.704
            0.290000  0.430000  0.210000
   -4.506    1.093    4.274    4.828    8.271    9.223   10.038   11.781
            0.290000  0.430000  0.220000
   -4.491    1.040    4.329    4.810    8.234    9.218   10.009   11.860
            0.290000  0.430000  0.230000
   -4.474    0.987    4.382    4.792    8.198    9.213    9.981   11.941
            0.290000  0.430000  0.240000
   -4.458    0.933    4.434    4.774    8.163    9.209    9.953   12.023
            0.290000  0.430000  0.250000
   -4.440    0.881    4.485    4.754    8.129    9.205    9.926   12.106
            0.290000  0.430000  0.260000
   -4.422    0.828    4.534    4.734    8.096    9.203    9.898   12.191
            0.290000  0.430000  0.270000
   -4.403    0.776    4.581    4.713    8.064    9.202    9.872   12.277
            0.290000  0.430000  0.280000
   -4.384    0.725    4.625    4.691    8.034    9.202    9.845   12.364
            0.290000  0.430000  0.290000
   -4.363    0.673    4.659    4.676    8.006    9.204    9.818   12.452
            0.290000  0.430000  0.300000
   -4.343    0.623    4.643    4.709    7.980    9.207    9.792   12.541
            0.290000  0.430000  0.310000
   -4.321    0.573    4.619    4.745    7.956    9.212    9.765   12.631
            0.290000  0.430000  0.320000
   -4.299    0.523    4.594    4.778    7.935    9.219    9.738   12.721
            0.290000  0.430000  0.330000
   -4.277    0.475    4.568    4.808    7.916    9.228    9.712   12.812
            0.290000  0.430000  0.340000
   -4.254    0.426    4.542    4.834    7.900    9.238    9.685   12.903
            0.290000  0.430000  0.350000
   -4.230    0.379    4.515    4.857    7.887    9.251    9.658   12.993
            0.290000  0.430000  0.360000
   -4.206    0.332    4.487    4.876    7.878    9.266    9.631   13.084
            0.290000  0.430000  0.370000
   -4.181    0.286    4.458    4.890    7.872    9.283    9.604   13.174
            0.290000  0.430000  0.380000
   -4.155    0.241    4.429    4.901    7.869    9.302    9.576   13.263
            0.290000  0.430000  0.390000
   -4.129    0.196    4.399    4.908    7.870    9.323    9.549   13.349
            0.290000  0.430000  0.400000
   -4.103    0.152    4.368    4.910    7.874    9.347    9.521   13.430
            0.290000  0.430000  0.410000
   -4.076    0.109    4.336    4.908    7.882    9.372    9.494   13.503
            0.290000  0.430000  0.420000
   -4.049    0.067    4.304    4.903    7.893    9.399    9.466   13.560
            0.290000  0.430000  0.430000
   -4.021    0.026    4.271    4.893    7.908    9.423    9.445   13.591
            0.290000  0.430000  0.440000
   -3.992   -0.015    4.237    4.880    7.925    9.407    9.465   13.593
            0.290000  0.430000  0.450000
   -3.964   -0.054    4.202    4.864    7.946    9.381    9.499   13.574
            0.290000  0.430000  0.460000
   -3.934   -0.093    4.167    4.844    7.969    9.354    9.535   13.545
            0.290000  0.430000  0.470000
   -3.905   -0.131    4.130    4.821    7.995    9.328    9.574   13.511
            0.290000  0.430000  0.480000
   -3.875   -0.167    4.092    4.796    8.023    9.301    9.615   13.475
            0.290000  0.430000  0.490000
   -3.845   -0.203    4.054    4.769    8.052    9.276    9.658   13.438
            0.290000  0.430000  0.500000
   -3.814   -0.238    4.014    4.740    8.083    9.252    9.703   13.401
            0.290000  0.430000  0.510000
   -3.783   -0.272    3.973    4.709    8.115    9.228    9.751   13.363
            0.290000  0.430000  0.520000
   -3.752   -0.305    3.931    4.677    8.148    9.207    9.800   13.327
            0.290000  0.430000  0.530000
   -3.721   -0.336    3.888    4.643    8.181    9.187    9.851   13.290
            0.290000  0.430000  0.540000
   -3.690   -0.367    3.844    4.609    8.213    9.169    9.904   13.254
            0.290000  0.430000  0.550000
   -3.658   -0.396    3.798    4.575    8.245    9.153    9.959   13.219
            0.290000  0.430000  0.560000
   -3.626   -0.425    3.752    4.540    8.276    9.141   10.016   13.185
            0.290000  0.430000  0.570000
   -3.594   -0.452    3.703    4.505    8.304    9.132   10.075   13.151
            0.290000  0.430000  0.580000
   -3.562   -0.478    3.654    4.470    8.330    9.128   10.135   13.117
            0.290000  0.430000  0.590000
   -3.531   -0.503    3.603    4.435    8.352    9.128   10.197   13.085
            0.290000  0.430000  0.600000
   -3.499   -0.526    3.551    4.401    8.371    9.134   10.260   13.053
            0.290000  0.430000  0.610000
   -3.467   -0.549    3.498    4.368    8.385    9.145   10.325   13.022
            0.290000  0.430000  0.620000
   -3.435   -0.570    3.444    4.335    8.395    9.162   10.391   12.992
            0.290000  0.430000  0.630000
   -3.404   -0.590    3.388    4.303    8.401    9.184   10.459   12.963
            0.290000  0.430000  0.640000
   -3.373   -0.608    3.332    4.272    8.402    9.212   10.528   12.934
            0.290000  0.430000  0.650000
   -3.342   -0.625    3.275    4.241    8.400    9.245   10.598   12.906
            0.290000  0.430000  0.660000
   -3.311   -0.641    3.217    4.212    8.395    9.283   10.669   12.879
            0.290000  0.430000  0.670000
   -3.281   -0.656    3.158    4.183    8.387    9.324   10.742   12.852
            0.290000  0.430000  0.680000
   -3.251   -0.669    3.099    4.156    8.377    9.369   10.816   12.826
            0.290000  0.430000  0.690000
   -3.221   -0.680    3.039    4.129    8.364    9.417   10.890   12.801
            0.290000  0.430000  0.700000
   -3.192   -0.690    2.979    4.104    8.351    9.468   10.965   12.777
            0.290000  0.430000  0.710000
   -3.164   -0.699    2.919    4.079    8.337    9.521   11.042   12.754
            0.290000  0.430000  0.720000
   -3.137   -0.706    2.858    4.055    8.322    9.576   11.119   12.731
            0.290000  0.430000  0.730000
   -3.110   -0.712    2.798    4.033    8.306    9.632   11.196   12.709
            0.290000  0.430000  0.740000
   -3.083   -0.717    2.738    4.011    8.290    9.691   11.275   12.688
            0.290000  0.430000  0.750000
   -3.058   -0.720    2.678    3.990    8.274    9.751   11.354   12.667
            0.290000  0.430000  0.760000
   -3.033   -0.722    2.619    3.970    8.258    9.812   11.433   12.648
            0.290000  0.430000  0.770000
   -3.010   -0.722    2.560    3.951    8.242    9.874   11.513   12.629
            0.290000  0.430000  0.780000
   -2.987   -0.721    2.502    3.933    8.227    9.937   11.593   12.610
            0.290000  0.430000  0.790000
   -2.965   -0.718    2.445    3.915    8.211   10.002   11.673   12.593
            0.290000  0.430000  0.800000
   -2.944   -0.715    2.389    3.899    8.197   10.067   11.753   12.576
            0.290000  0.430000  0.810000
   -2.924   -0.710    2.334    3.883    8.182   10.133   11.832   12.560
            0.290000  0.430000  0.820000
   -2.905   -0.705    2.280    3.868    8.168   10.200   11.912   12.544
            0.290000  0.430000  0.830000
   -2.888   -0.698    2.228    3.854    8.155   10.267   11.990   12.529
            0.290000  0.430000  0.840000
   -2.871   -0.690    2.177    3.841    8.142   10.335   12.067   12.515
            0.290000  0.430000  0.850000
   -2.855   -0.682    2.129    3.829    8.130   10.404   12.142   12.500
            0.290000  0.430000  0.860000
   -2.841   -0.673    2.082    3.817    8.119   10.473   12.214   12.487
            0.290000  0.430000  0.870000
   -2.827   -0.664    2.037    3.807    8.108   10.542   12.281   12.473
            0.290000  0.430000  0.880000
   -2.814   -0.655    1.994    3.797    8.098   10.611   12.340   12.459
            0.290000  0.430000  0.890000
   -2.803   -0.645    1.954    3.788    8.089   10.680   12.382   12.448
            0.290000  0.430000  0.900000
   -2.793   -0.635    1.917    3.780    8.080   10.749   12.391   12.451
            0.290000  0.430000  0.910000
   -2.783   -0.626    1.882    3.772    8.073   10.817   12.369   12.460
            0.290000  0.430000  0.920000
   -2.775   -0.617    1.851    3.765    8.066   10.884   12.332   12.462
            0.290000  0.430000  0.930000
   -2.768   -0.608    1.823    3.760    8.060   10.949   12.286   12.459
            0.290000  0.430000  0.940000
   -2.761   -0.600    1.798    3.754    8.054   11.012   12.235   12.454
            0.290000  0.430000  0.950000
   -2.756   -0.594    1.776    3.750    8.050   11.071   12.182   12.449
            0.290000  0.430000  0.960000
   -2.752   -0.588    1.759    3.747    8.046   11.125   12.132   12.444
            0.290000  0.430000  0.970000
   -2.748   -0.583    1.745    3.744    8.043   11.172   12.087   12.441
            0.290000  0.430000  0.980000
   -2.746   -0.580    1.735    3.742    8.041   11.209   12.051   12.438
            0.290000  0.430000  0.990000
   -2.745   -0.577    1.729    3.741    8.040   11.232   12.028   12.437
            0.290000  0.430000  1.000000
   -2.744   -0.577    1.727    3.740    8.039   11.241   12.020   12.436
