 &plot nbnd=   8, nks=   100 /
            0.538500  0.589700 -1.000000
   -4.818    0.204    1.957    3.941    7.390    8.696    9.333    9.969
            0.538500  0.589700 -0.979800
   -4.817    0.195    1.968    3.941    7.386    8.687    9.314    9.997
            0.538500  0.589700 -0.959600
   -4.813    0.167    2.002    3.940    7.375    8.661    9.263   10.071
            0.538500  0.589700 -0.939400
   -4.808    0.122    2.056    3.939    7.355    8.622    9.196   10.177
            0.538500  0.589700 -0.919200
   -4.800    0.064    2.127    3.938    7.326    8.572    9.122   10.302
            0.538500  0.589700 -0.899000
   -4.789   -0.004    2.212    3.937    7.287    8.519    9.046   10.440
            0.538500  0.589700 -0.878800
   -4.777   -0.080    2.308    3.934    7.238    8.465    8.971   10.586
            0.538500  0.589700 -0.858600
   -4.762   -0.161    2.413    3.931    7.179    8.413    8.897   10.739
            0.538500  0.589700 -0.838400
   -4.745   -0.247    2.525    3.928    7.108    8.368    8.827   10.897
            0.538500  0.589700 -0.818200
   -4.727   -0.334    2.641    3.923    7.027    8.328    8.759   11.057
            0.538500  0.589700 -0.798000
   -4.706   -0.423    2.761    3.918    6.938    8.295    8.696   11.219
            0.538500  0.589700 -0.777800
   -4.684   -0.511    2.882    3.912    6.842    8.268    8.638   11.381
            0.538500  0.589700 -0.757600
   -4.659   -0.599    3.003    3.905    6.741    8.246    8.584   11.539
            0.538500  0.589700 -0.737400
   -4.633   -0.685    3.124    3.897    6.638    8.229    8.535   11.693
            0.538500  0.589700 -0.717200
   -4.605   -0.769    3.242    3.887    6.534    8.215    8.491   11.835
            0.538500  0.589700 -0.697000
   -4.576   -0.851    3.356    3.877    6.430    8.204    8.452   11.960
            0.538500  0.589700 -0.676800
   -4.546   -0.929    3.463    3.865    6.333    8.196    8.417   12.061
            0.538500  0.589700 -0.656600
   -4.515   -1.004    3.562    3.851    6.242    8.191    8.386   12.133
            0.538500  0.589700 -0.636400
   -4.483   -1.076    3.649    3.836    6.162    8.189    8.358   12.175
            0.538500  0.589700 -0.616200
   -4.450   -1.144    3.723    3.818    6.095    8.190    8.332   12.195
            0.538500  0.589700 -0.596000
   -4.416   -1.207    3.779    3.799    6.045    8.195    8.307   12.201
            0.538500  0.589700 -0.575800
   -4.382   -1.266    3.777    3.816    6.014    8.204    8.283   12.202
            0.538500  0.589700 -0.555600
   -4.349   -1.319    3.751    3.833    6.005    8.219    8.260   12.202
            0.538500  0.589700 -0.535400
   -4.315   -1.368    3.719    3.831    6.018    8.231    8.243   12.205
            0.538500  0.589700 -0.515200
   -4.282   -1.410    3.678    3.814    6.051    8.211    8.265   12.213
            0.538500  0.589700 -0.494900
   -4.250   -1.447    3.625    3.788    6.103    8.188    8.296   12.226
            0.538500  0.589700 -0.474700
   -4.218   -1.478    3.556    3.759    6.171    8.166    8.332   12.244
            0.538500  0.589700 -0.454500
   -4.188   -1.503    3.472    3.731    6.249    8.147    8.375   12.267
            0.538500  0.589700 -0.434300
   -4.160   -1.521    3.375    3.704    6.334    8.130    8.423   12.293
            0.538500  0.589700 -0.414100
   -4.134   -1.532    3.267    3.678    6.424    8.118    8.477   12.321
            0.538500  0.589700 -0.393900
   -4.110   -1.536    3.151    3.653    6.514    8.113    8.537   12.349
            0.538500  0.589700 -0.373700
   -4.088   -1.534    3.030    3.629    6.601    8.117    8.602   12.375
            0.538500  0.589700 -0.353500
   -4.068   -1.524    2.904    3.607    6.682    8.131    8.673   12.397
            0.538500  0.589700 -0.333300
   -4.051   -1.508    2.775    3.584    6.755    8.158    8.749   12.413
            0.538500  0.589700 -0.313100
   -4.037   -1.486    2.645    3.563    6.816    8.201    8.830   12.420
            0.538500  0.589700 -0.292900
   -4.025   -1.457    2.515    3.542    6.867    8.258    8.916   12.414
            0.538500  0.589700 -0.272700
   -4.015   -1.423    2.385    3.522    6.904    8.330    9.007   12.387
            0.538500  0.589700 -0.252500
   -4.007   -1.384    2.257    3.503    6.931    8.417    9.102   12.325
            0.538500  0.589700 -0.232300
   -4.000   -1.340    2.131    3.486    6.948    8.516    9.201   12.221
            0.538500  0.589700 -0.212100
   -3.996   -1.293    2.008    3.469    6.958    8.625    9.304   12.085
            0.538500  0.589700 -0.191900
   -3.992   -1.243    1.889    3.454    6.962    8.742    9.409   11.930
            0.538500  0.589700 -0.171700
   -3.990   -1.191    1.776    3.440    6.962    8.866    9.517   11.768
            0.538500  0.589700 -0.151500
   -3.988   -1.138    1.669    3.428    6.959    8.993    9.627   11.603
            0.538500  0.589700 -0.131300
   -3.988   -1.086    1.570    3.417    6.955    9.123    9.739   11.438
            0.538500  0.589700 -0.111100
   -3.987   -1.037    1.480    3.407    6.949    9.253    9.849   11.274
            0.538500  0.589700 -0.090900
   -3.987   -0.992    1.401    3.399    6.944    9.378    9.958   11.113
            0.538500  0.589700 -0.070700
   -3.987   -0.953    1.335    3.393    6.939    9.495   10.066   10.956
            0.538500  0.589700 -0.050500
   -3.988   -0.922    1.283    3.388    6.934    9.598   10.172   10.806
            0.538500  0.589700 -0.030300
   -3.988   -0.900    1.248    3.385    6.931    9.676   10.277   10.666
            0.538500  0.589700 -0.010100
   -3.988   -0.888    1.230    3.383    6.930    9.719   10.378   10.546
            0.538500  0.589700  0.010100
   -3.988   -0.888    1.230    3.383    6.930    9.719   10.378   10.546
            0.538500  0.589700  0.030300
   -3.988   -0.900    1.248    3.385    6.931    9.676   10.277   10.666
            0.538500  0.589700  0.050500
   -3.988   -0.922    1.283    3.388    6.934    9.598   10.172   10.806
            0.538500  0.589700  0.070700
   -3.987   -0.953    1.335    3.393    6.939    9.495   10.066   10.956
            0.538500  0.589700  0.090900
   -3.987   -0.992    1.401    3.399    6.944    9.378    9.958   11.113
            0.538500  0.589700  0.111100
   -3.987   -1.037    1.480    3.407    6.949    9.253    9.849   11.274
            0.538500  0.589700  0.131300
   -3.988   -1.086    1.570    3.417    6.955    9.123    9.739   11.438
            0.538500  0.589700  0.151500
   -3.988   -1.138    1.669    3.428    6.959    8.993    9.627   11.603
            0.538500  0.589700  0.171700
   -3.990   -1.191    1.776    3.440    6.962    8.866    9.517   11.768
            0.538500  0.589700  0.191900
   -3.992   -1.243    1.889    3.454    6.962    8.742    9.409   11.930
            0.538500  0.589700  0.212100
   -3.996   -1.293    2.008    3.469    6.958    8.625    9.304   12.085
            0.538500  0.589700  0.232300
   -4.000   -1.340    2.131    3.486    6.948    8.516    9.201   12.221
            0.538500  0.589700  0.252500
   -4.007   -1.384    2.257    3.503    6.931    8.417    9.102   12.325
            0.538500  0.589700  0.272700
   -4.015   -1.423    2.385    3.522    6.904    8.330    9.007   12.387
            0.538500  0.589700  0.292900
   -4.025   -1.457    2.515    3.542    6.867    8.258    8.916   12.414
            0.538500  0.589700  0.313100
   -4.037   -1.486    2.645    3.563    6.816    8.201    8.830   12.420
            0.538500  0.589700  0.333300
   -4.051   -1.508    2.775    3.584    6.755    8.158    8.749   12.413
            0.538500  0.589700  0.353500
   -4.068   -1.524    2.904    3.607    6.682    8.131    8.673   12.397
            0.538500  0.589700  0.373700
   -4.088   -1.534    3.030    3.629    6.601    8.117    8.602   12.375
            0.538500  0.589700  0.393900
   -4.110   -1.536    3.151    3.653    6.514    8.113    8.537   12.349
            0.538500  0.589700  0.414100
   -4.134   -1.532    3.267    3.678    6.424    8.118    8.477   12.321
            0.538500  0.589700  0.434300
   -4.160   -1.521    3.375    3.704    6.334    8.130    8.423   12.293
            0.538500  0.589700  0.454500
   -4.188   -1.503    3.472    3.731    6.249    8.147    8.375   12.267
            0.538500  0.589700  0.474700
   -4.218   -1.478    3.556    3.759    6.171    8.166    8.332   12.244
            0.538500  0.589700  0.494900
   -4.250   -1.447    3.625    3.788    6.104    8.188    8.296   12.226
            0.538500  0.589700  0.515200
   -4.282   -1.410    3.678    3.814    6.051    8.211    8.265   12.213
            0.538500  0.589700  0.535400
   -4.315   -1.368    3.719    3.831    6.018    8.231    8.243   12.205
            0.538500  0.589700  0.555600
   -4.349   -1.319    3.751    3.833    6.005    8.219    8.260   12.202
            0.538500  0.589700  0.575800
   -4.382   -1.266    3.777    3.816    6.014    8.204    8.283   12.202
            0.538500  0.589700  0.596000
   -4.416   -1.207    3.779    3.799    6.045    8.195    8.307   12.201
            0.538500  0.589700  0.616200
   -4.450   -1.144    3.723    3.818    6.095    8.190    8.332   12.195
            0.538500  0.589700  0.636400
   -4.483   -1.076    3.649    3.836    6.162    8.189    8.358   12.175
            0.538500  0.589700  0.656600
   -4.515   -1.004    3.562    3.851    6.242    8.191    8.386   12.133
            0.538500  0.589700  0.676800
   -4.546   -0.929    3.463    3.865    6.333    8.196    8.417   12.061
            0.538500  0.589700  0.697000
   -4.576   -0.851    3.356    3.877    6.430    8.204    8.452   11.960
            0.538500  0.589700  0.717200
   -4.605   -0.769    3.242    3.887    6.534    8.215    8.491   11.835
            0.538500  0.589700  0.737400
   -4.633   -0.685    3.124    3.897    6.638    8.229    8.535   11.693
            0.538500  0.589700  0.757600
   -4.659   -0.599    3.003    3.905    6.741    8.246    8.584   11.539
            0.538500  0.589700  0.777800
   -4.684   -0.511    2.882    3.912    6.842    8.268    8.638   11.381
            0.538500  0.589700  0.798000
   -4.706   -0.423    2.761    3.918    6.938    8.295    8.696   11.219
            0.538500  0.589700  0.818200
   -4.727   -0.334    2.641    3.923    7.027    8.328    8.759   11.057
            0.538500  0.589700  0.838400
   -4.745   -0.247    2.525    3.928    7.108    8.368    8.827   10.897
            0.538500  0.589700  0.858600
   -4.762   -0.161    2.413    3.931    7.179    8.413    8.897   10.739
            0.538500  0.589700  0.878800
   -4.777   -0.080    2.308    3.934    7.238    8.465    8.971   10.586
            0.538500  0.589700  0.899000
   -4.789   -0.004    2.212    3.937    7.287    8.519    9.046   10.440
            0.538500  0.589700  0.919200
   -4.800    0.064    2.127    3.938    7.326    8.572    9.122   10.302
            0.538500  0.589700  0.939400
   -4.808    0.122    2.056    3.939    7.355    8.622    9.196   10.177
            0.538500  0.589700  0.959600
   -4.813    0.167    2.002    3.940    7.375    8.661    9.263   10.071
            0.538500  0.589700  0.979800
   -4.817    0.195    1.968    3.941    7.386    8.687    9.314    9.997
            0.538500  0.589700  1.000000
   -4.818    0.204    1.957    3.941    7.390    8.696    9.333    9.969
