 &plot nbnd=   8, nks=   101 /
            0.970000  0.690000  0.000000
   -1.718   -1.575    2.319    2.596    8.257    8.685   12.845   12.917
            0.970000  0.690000  0.010000
   -1.742   -1.551    2.319    2.598    8.257    8.686   12.787   12.976
            0.970000  0.690000  0.020000
   -1.793   -1.500    2.319    2.602    8.257    8.688   12.704   13.061
            0.970000  0.690000  0.030000
   -1.850   -1.442    2.318    2.609    8.258    8.692   12.619   13.148
            0.970000  0.690000  0.040000
   -1.910   -1.382    2.317    2.619    8.259    8.698   12.534   13.237
            0.970000  0.690000  0.050000
   -1.971   -1.320    2.316    2.631    8.260    8.706   12.449   13.326
            0.970000  0.690000  0.060000
   -2.033   -1.257    2.315    2.646    8.262    8.715   12.365   13.416
            0.970000  0.690000  0.070000
   -2.094   -1.194    2.315    2.662    8.264    8.725   12.282   13.506
            0.970000  0.690000  0.080000
   -2.156   -1.131    2.314    2.682    8.266    8.738   12.199   13.597
            0.970000  0.690000  0.090000
   -2.218   -1.068    2.315    2.703    8.269    8.752   12.117   13.688
            0.970000  0.690000  0.100000
   -2.279   -1.004    2.315    2.726    8.272    8.767   12.035   13.778
            0.970000  0.690000  0.110000
   -2.340   -0.941    2.317    2.750    8.276    8.784   11.954   13.869
            0.970000  0.690000  0.120000
   -2.401   -0.878    2.319    2.777    8.280    8.802   11.874   13.959
            0.970000  0.690000  0.130000
   -2.461   -0.815    2.322    2.805    8.285    8.822   11.795   14.048
            0.970000  0.690000  0.140000
   -2.522   -0.752    2.326    2.835    8.290    8.843   11.716   14.135
            0.970000  0.690000  0.150000
   -2.582   -0.689    2.330    2.867    8.296    8.865   11.637   14.218
            0.970000  0.690000  0.160000
   -2.641   -0.626    2.336    2.900    8.302    8.889   11.560   14.289
            0.970000  0.690000  0.170000
   -2.701   -0.563    2.342    2.934    8.309    8.915   11.483   14.330
            0.970000  0.690000  0.180000
   -2.759   -0.501    2.349    2.970    8.316    8.941   11.407   14.316
            0.970000  0.690000  0.190000
   -2.818   -0.439    2.357    3.008    8.324    8.969   11.332   14.253
            0.970000  0.690000  0.200000
   -2.876   -0.377    2.367    3.046    8.333    8.998   11.257   14.169
            0.970000  0.690000  0.210000
   -2.933   -0.315    2.377    3.087    8.343    9.029   11.183   14.076
            0.970000  0.690000  0.220000
   -2.990   -0.253    2.387    3.128    8.353    9.061   11.110   13.980
            0.970000  0.690000  0.230000
   -3.047   -0.192    2.399    3.171    8.363    9.094   11.037   13.881
            0.970000  0.690000  0.240000
   -3.103   -0.131    2.412    3.215    8.374    9.128   10.966   13.782
            0.970000  0.690000  0.250000
   -3.159   -0.070    2.426    3.260    8.386    9.164   10.895   13.682
            0.970000  0.690000  0.260000
   -3.214   -0.009    2.440    3.307    8.399    9.200   10.825   13.581
            0.970000  0.690000  0.270000
   -3.268    0.051    2.456    3.355    8.412    9.238   10.755   13.480
            0.970000  0.690000  0.280000
   -3.323    0.111    2.472    3.404    8.426    9.278   10.687   13.380
            0.970000  0.690000  0.290000
   -3.376    0.171    2.490    3.454    8.440    9.318   10.619   13.279
            0.970000  0.690000  0.300000
   -3.429    0.231    2.508    3.505    8.456    9.360   10.552   13.178
            0.970000  0.690000  0.310000
   -3.481    0.291    2.527    3.557    8.471    9.403   10.485   13.077
            0.970000  0.690000  0.320000
   -3.533    0.350    2.548    3.609    8.488    9.447   10.420   12.976
            0.970000  0.690000  0.330000
   -3.584    0.409    2.569    3.663    8.505    9.492   10.356   12.875
            0.970000  0.690000  0.340000
   -3.635    0.468    2.590    3.718    8.522    9.539   10.292   12.775
            0.970000  0.690000  0.350000
   -3.685    0.527    2.613    3.773    8.541    9.586   10.229   12.674
            0.970000  0.690000  0.360000
   -3.734    0.585    2.637    3.829    8.560    9.635   10.167   12.574
            0.970000  0.690000  0.370000
   -3.783    0.644    2.661    3.886    8.579    9.685   10.107   12.474
            0.970000  0.690000  0.380000
   -3.831    0.702    2.687    3.943    8.599    9.735   10.047   12.374
            0.970000  0.690000  0.390000
   -3.879    0.760    2.713    4.001    8.619    9.786    9.989   12.274
            0.970000  0.690000  0.400000
   -3.926    0.818    2.740    4.060    8.641    9.835    9.936   12.174
            0.970000  0.690000  0.410000
   -3.972    0.876    2.768    4.118    8.662    9.852    9.916   12.075
            0.970000  0.690000  0.420000
   -4.017    0.934    2.797    4.177    8.684    9.807    9.960   11.976
            0.970000  0.690000  0.430000
   -4.062    0.991    2.826    4.236    8.707    9.755   10.015   11.878
            0.970000  0.690000  0.440000
   -4.106    1.049    2.857    4.295    8.730    9.701   10.071   11.779
            0.970000  0.690000  0.450000
   -4.150    1.107    2.888    4.355    8.753    9.649   10.130   11.681
            0.970000  0.690000  0.460000
   -4.193    1.164    2.920    4.414    8.777    9.598   10.189   11.583
            0.970000  0.690000  0.470000
   -4.235    1.222    2.953    4.473    8.801    9.548   10.250   11.486
            0.970000  0.690000  0.480000
   -4.276    1.279    2.986    4.531    8.826    9.499   10.311   11.389
            0.970000  0.690000  0.490000
   -4.317    1.337    3.020    4.589    8.850    9.451   10.374   11.293
            0.970000  0.690000  0.500000
   -4.357    1.394    3.055    4.647    8.875    9.406   10.437   11.198
            0.970000  0.690000  0.510000
   -4.396    1.452    3.091    4.704    8.900    9.362   10.500   11.103
            0.970000  0.690000  0.520000
   -4.435    1.509    3.127    4.760    8.925    9.320   10.564   11.009
            0.970000  0.690000  0.530000
   -4.473    1.567    3.164    4.816    8.949    9.280   10.626   10.918
            0.970000  0.690000  0.540000
   -4.510    1.625    3.202    4.870    8.972    9.243   10.681   10.835
            0.970000  0.690000  0.550000
   -4.546    1.683    3.240    4.923    8.992    9.211   10.686   10.804
            0.970000  0.690000  0.560000
   -4.582    1.741    3.279    4.974    9.009    9.185   10.614   10.850
            0.970000  0.690000  0.570000
   -4.617    1.799    3.319    5.025    9.018    9.168   10.526   10.912
            0.970000  0.690000  0.580000
   -4.651    1.857    3.359    5.073    9.017    9.165   10.437   10.977
            0.970000  0.690000  0.590000
   -4.684    1.915    3.400    5.119    9.005    9.173   10.347   11.043
            0.970000  0.690000  0.600000
   -4.717    1.973    3.442    5.164    8.988    9.190   10.258   11.109
            0.970000  0.690000  0.610000
   -4.749    2.032    3.484    5.206    8.968    9.211   10.170   11.174
            0.970000  0.690000  0.620000
   -4.780    2.090    3.526    5.246    8.949    9.233   10.083   11.237
            0.970000  0.690000  0.630000
   -4.810    2.149    3.569    5.283    8.931    9.257    9.997   11.298
            0.970000  0.690000  0.640000
   -4.840    2.208    3.613    5.318    8.916    9.280    9.913   11.354
            0.970000  0.690000  0.650000
   -4.868    2.267    3.657    5.349    8.902    9.301    9.832   11.406
            0.970000  0.690000  0.660000
   -4.896    2.326    3.701    5.378    8.891    9.320    9.756   11.449
            0.970000  0.690000  0.670000
   -4.923    2.385    3.746    5.403    8.883    9.332    9.686   11.482
            0.970000  0.690000  0.680000
   -4.950    2.444    3.791    5.425    8.878    9.335    9.628   11.500
            0.970000  0.690000  0.690000
   -4.976    2.503    3.836    5.444    8.876    9.319    9.589   11.503
            0.970000  0.690000  0.700000
   -5.000    2.563    3.881    5.459    8.876    9.282    9.573   11.491
            0.970000  0.690000  0.710000
   -5.024    2.622    3.927    5.470    8.879    9.229    9.575   11.466
            0.970000  0.690000  0.720000
   -5.048    2.682    3.973    5.478    8.883    9.168    9.587   11.432
            0.970000  0.690000  0.730000
   -5.070    2.741    4.019    5.483    8.887    9.106    9.606   11.392
            0.970000  0.690000  0.740000
   -5.092    2.801    4.065    5.484    8.884    9.053    9.627   11.349
            0.970000  0.690000  0.750000
   -5.113    2.861    4.111    5.481    8.862    9.020    9.649   11.302
            0.970000  0.690000  0.760000
   -5.133    2.920    4.157    5.475    8.817    9.015    9.673   11.255
            0.970000  0.690000  0.770000
   -5.152    2.980    4.203    5.465    8.757    9.027    9.697   11.207
            0.970000  0.690000  0.780000
   -5.170    3.039    4.248    5.452    8.692    9.049    9.720   11.158
            0.970000  0.690000  0.790000
   -5.188    3.098    4.293    5.436    8.625    9.076    9.744   11.110
            0.970000  0.690000  0.800000
   -5.205    3.158    4.338    5.417    8.559    9.108    9.767   11.062
            0.970000  0.690000  0.810000
   -5.221    3.217    4.382    5.396    8.493    9.142    9.790   11.014
            0.970000  0.690000  0.820000
   -5.236    3.275    4.425    5.371    8.428    9.180    9.812   10.967
            0.970000  0.690000  0.830000
   -5.251    3.334    4.468    5.345    8.365    9.220    9.833   10.920
            0.970000  0.690000  0.840000
   -5.264    3.391    4.510    5.316    8.304    9.261    9.854   10.874
            0.970000  0.690000  0.850000
   -5.277    3.449    4.550    5.285    8.245    9.305    9.874   10.828
            0.970000  0.690000  0.860000
   -5.289    3.505    4.589    5.253    8.188    9.350    9.892   10.783
            0.970000  0.690000  0.870000
   -5.300    3.561    4.627    5.219    8.134    9.397    9.910   10.738
            0.970000  0.690000  0.880000
   -5.310    3.616    4.663    5.184    8.082    9.444    9.927   10.693
            0.970000  0.690000  0.890000
   -5.320    3.670    4.698    5.148    8.034    9.492    9.942   10.649
            0.970000  0.690000  0.900000
   -5.328    3.722    4.730    5.112    7.989    9.541    9.957   10.606
            0.970000  0.690000  0.910000
   -5.336    3.773    4.760    5.076    7.947    9.590    9.970   10.562
            0.970000  0.690000  0.920000
   -5.343    3.821    4.788    5.040    7.909    9.639    9.981   10.519
            0.970000  0.690000  0.930000
   -5.349    3.867    4.812    5.005    7.874    9.687    9.992   10.477
            0.970000  0.690000  0.940000
   -5.355    3.910    4.834    4.972    7.844    9.735   10.000   10.436
            0.970000  0.690000  0.950000
   -5.359    3.948    4.853    4.942    7.818    9.781   10.007   10.396
            0.970000  0.690000  0.960000
   -5.363    3.982    4.867    4.916    7.796    9.824   10.013   10.358
            0.970000  0.690000  0.970000
   -5.366    4.010    4.873    4.900    7.779    9.863   10.016   10.324
            0.970000  0.690000  0.980000
   -5.368    4.031    4.866    4.899    7.767    9.896   10.017   10.296
            0.970000  0.690000  0.990000
   -5.369    4.044    4.857    4.902    7.760    9.920   10.017   10.277
            0.970000  0.690000  1.000000
   -5.370    4.048    4.854    4.903    7.757    9.928   10.016   10.270
