 &plot nbnd=   8, nks=   101 /
            0.810000  0.810000  0.000000
   -1.948   -1.415    2.053    3.394    6.989    8.897   14.000   14.533
            0.810000  0.810000  0.010000
   -1.955   -1.407    2.054    3.394    6.990    8.898   13.992   14.462
            0.810000  0.810000  0.020000
   -1.978   -1.384    2.056    3.395    6.991    8.900   13.970   14.369
            0.810000  0.810000  0.030000
   -2.011   -1.350    2.061    3.397    6.993    8.902   13.936   14.275
            0.810000  0.810000  0.040000
   -2.053   -1.308    2.067    3.400    6.997    8.907   13.890   14.180
            0.810000  0.810000  0.050000
   -2.100   -1.259    2.074    3.403    7.001    8.912   13.837   14.085
            0.810000  0.810000  0.060000
   -2.152   -1.207    2.084    3.407    7.006    8.918   13.778   13.990
            0.810000  0.810000  0.070000
   -2.206   -1.152    2.095    3.412    7.013    8.926   13.714   13.895
            0.810000  0.810000  0.080000
   -2.262   -1.095    2.107    3.417    7.020    8.934   13.646   13.800
            0.810000  0.810000  0.090000
   -2.319   -1.036    2.122    3.423    7.028    8.944   13.577   13.705
            0.810000  0.810000  0.100000
   -2.377   -0.976    2.138    3.430    7.037    8.955   13.505   13.610
            0.810000  0.810000  0.110000
   -2.435   -0.916    2.156    3.438    7.047    8.967   13.432   13.516
            0.810000  0.810000  0.120000
   -2.494   -0.855    2.176    3.446    7.058    8.981   13.358   13.421
            0.810000  0.810000  0.130000
   -2.553   -0.794    2.197    3.455    7.070    8.995   13.284   13.327
            0.810000  0.810000  0.140000
   -2.612   -0.733    2.220    3.465    7.082    9.011   13.210   13.232
            0.810000  0.810000  0.150000
   -2.671   -0.671    2.245    3.476    7.096    9.028   13.135   13.138
            0.810000  0.810000  0.160000
   -2.730   -0.610    2.271    3.487    7.110    9.046   13.044   13.060
            0.810000  0.810000  0.170000
   -2.789   -0.549    2.300    3.499    7.126    9.065   12.951   12.985
            0.810000  0.810000  0.180000
   -2.847   -0.487    2.329    3.511    7.142    9.085   12.857   12.911
            0.810000  0.810000  0.190000
   -2.906   -0.426    2.361    3.525    7.159    9.107   12.763   12.837
            0.810000  0.810000  0.200000
   -2.964   -0.365    2.394    3.539    7.177    9.130   12.670   12.763
            0.810000  0.810000  0.210000
   -3.021   -0.305    2.429    3.554    7.196    9.154   12.577   12.689
            0.810000  0.810000  0.220000
   -3.078   -0.244    2.466    3.569    7.216    9.179   12.484   12.616
            0.810000  0.810000  0.230000
   -3.135   -0.184    2.504    3.585    7.236    9.206   12.392   12.543
            0.810000  0.810000  0.240000
   -3.192   -0.125    2.543    3.602    7.258    9.233   12.299   12.471
            0.810000  0.810000  0.250000
   -3.247   -0.065    2.585    3.620    7.280    9.262   12.207   12.399
            0.810000  0.810000  0.260000
   -3.303   -0.006    2.628    3.638    7.303    9.292   12.115   12.328
            0.810000  0.810000  0.270000
   -3.358    0.053    2.672    3.657    7.326    9.324   12.024   12.257
            0.810000  0.810000  0.280000
   -3.412    0.111    2.718    3.676    7.350    9.356   11.933   12.187
            0.810000  0.810000  0.290000
   -3.466    0.170    2.765    3.697    7.375    9.390   11.842   12.117
            0.810000  0.810000  0.300000
   -3.519    0.227    2.814    3.718    7.401    9.425   11.751   12.048
            0.810000  0.810000  0.310000
   -3.572    0.285    2.864    3.739    7.427    9.461   11.661   11.979
            0.810000  0.810000  0.320000
   -3.624    0.342    2.916    3.762    7.454    9.499   11.571   11.911
            0.810000  0.810000  0.330000
   -3.676    0.399    2.968    3.784    7.482    9.537   11.481   11.844
            0.810000  0.810000  0.340000
   -3.727    0.456    3.022    3.808    7.510    9.577   11.392   11.777
            0.810000  0.810000  0.350000
   -3.778    0.512    3.078    3.832    7.539    9.618   11.304   11.711
            0.810000  0.810000  0.360000
   -3.827    0.568    3.134    3.857    7.568    9.660   11.216   11.645
            0.810000  0.810000  0.370000
   -3.877    0.624    3.191    3.882    7.598    9.703   11.128   11.579
            0.810000  0.810000  0.380000
   -3.925    0.680    3.250    3.908    7.628    9.747   11.042   11.515
            0.810000  0.810000  0.390000
   -3.973    0.736    3.309    3.935    7.659    9.791   10.957   11.450
            0.810000  0.810000  0.400000
   -4.020    0.791    3.370    3.962    7.690    9.837   10.872   11.387
            0.810000  0.810000  0.410000
   -4.067    0.846    3.431    3.990    7.721    9.882   10.789   11.323
            0.810000  0.810000  0.420000
   -4.113    0.901    3.493    4.019    7.753    9.927   10.709   11.261
            0.810000  0.810000  0.430000
   -4.158    0.956    3.556    4.048    7.784    9.971   10.631   11.199
            0.810000  0.810000  0.440000
   -4.203    1.012    3.619    4.077    7.816   10.013   10.558   11.137
            0.810000  0.810000  0.450000
   -4.247    1.067    3.683    4.108    7.849   10.048   10.494   11.076
            0.810000  0.810000  0.460000
   -4.290    1.121    3.748    4.138    7.881   10.071   10.443   11.016
            0.810000  0.810000  0.470000
   -4.332    1.176    3.813    4.169    7.913   10.072   10.416   10.955
            0.810000  0.810000  0.480000
   -4.374    1.232    3.878    4.201    7.945   10.048   10.417   10.896
            0.810000  0.810000  0.490000
   -4.415    1.287    3.944    4.233    7.977   10.001   10.443   10.837
            0.810000  0.810000  0.500000
   -4.455    1.342    4.009    4.266    8.009    9.942   10.483   10.778
            0.810000  0.810000  0.510000
   -4.495    1.397    4.075    4.299    8.040    9.876   10.533   10.720
            0.810000  0.810000  0.520000
   -4.534    1.453    4.141    4.333    8.070    9.807   10.587   10.663
            0.810000  0.810000  0.530000
   -4.572    1.508    4.207    4.367    8.100    9.738   10.605   10.645
            0.810000  0.810000  0.540000
   -4.609    1.564    4.273    4.402    8.129    9.669   10.549   10.706
            0.810000  0.810000  0.550000
   -4.646    1.620    4.339    4.437    8.157    9.601   10.492   10.768
            0.810000  0.810000  0.560000
   -4.682    1.676    4.404    4.472    8.184    9.535   10.437   10.832
            0.810000  0.810000  0.570000
   -4.717    1.732    4.469    4.508    8.209    9.471   10.381   10.897
            0.810000  0.810000  0.580000
   -4.752    1.789    4.533    4.544    8.232    9.410   10.327   10.964
            0.810000  0.810000  0.590000
   -4.785    1.845    4.580    4.596    8.252    9.352   10.272   11.031
            0.810000  0.810000  0.600000
   -4.818    1.902    4.617    4.659    8.269    9.298   10.218   11.098
            0.810000  0.810000  0.610000
   -4.850    1.959    4.654    4.720    8.284    9.249   10.165   11.166
            0.810000  0.810000  0.620000
   -4.881    2.017    4.691    4.781    8.294    9.205   10.112   11.234
            0.810000  0.810000  0.630000
   -4.912    2.075    4.728    4.839    8.299    9.168   10.059   11.301
            0.810000  0.810000  0.640000
   -4.942    2.133    4.766    4.897    8.300    9.136   10.007   11.368
            0.810000  0.810000  0.650000
   -4.971    2.191    4.804    4.952    8.296    9.112    9.955   11.434
            0.810000  0.810000  0.660000
   -4.999    2.250    4.842    5.006    8.287    9.094    9.904   11.499
            0.810000  0.810000  0.670000
   -5.026    2.308    4.880    5.057    8.274    9.082    9.854   11.561
            0.810000  0.810000  0.680000
   -5.053    2.367    4.918    5.106    8.257    9.077    9.804   11.621
            0.810000  0.810000  0.690000
   -5.079    2.427    4.956    5.152    8.238    9.076    9.754   11.676
            0.810000  0.810000  0.700000
   -5.104    2.486    4.994    5.195    8.217    9.080    9.705   11.726
            0.810000  0.810000  0.710000
   -5.128    2.546    5.032    5.235    8.196    9.087    9.657   11.769
            0.810000  0.810000  0.720000
   -5.152    2.606    5.070    5.271    8.175    9.098    9.610   11.802
            0.810000  0.810000  0.730000
   -5.174    2.667    5.107    5.303    8.155    9.110    9.563   11.825
            0.810000  0.810000  0.740000
   -5.196    2.727    5.145    5.331    8.138    9.123    9.516   11.835
            0.810000  0.810000  0.750000
   -5.217    2.788    5.182    5.355    8.124    9.137    9.471   11.831
            0.810000  0.810000  0.760000
   -5.237    2.849    5.218    5.374    8.113    9.152    9.426   11.813
            0.810000  0.810000  0.770000
   -5.257    2.910    5.255    5.388    8.105    9.166    9.382   11.783
            0.810000  0.810000  0.780000
   -5.275    2.971    5.290    5.397    8.102    9.180    9.339   11.742
            0.810000  0.810000  0.790000
   -5.293    3.032    5.325    5.401    8.104    9.194    9.297   11.693
            0.810000  0.810000  0.800000
   -5.310    3.093    5.360    5.400    8.110    9.206    9.256   11.639
            0.810000  0.810000  0.810000
   -5.326    3.154    5.394    5.394    8.121    9.217    9.217   11.581
            0.810000  0.810000  0.820000
   -5.341    3.216    5.383    5.427    8.136    9.178    9.226   11.520
            0.810000  0.810000  0.830000
   -5.356    3.276    5.368    5.459    8.156    9.141    9.233   11.459
            0.810000  0.810000  0.840000
   -5.370    3.337    5.348    5.489    8.180    9.105    9.238   11.398
            0.810000  0.810000  0.850000
   -5.382    3.398    5.325    5.519    8.209    9.070    9.241   11.337
            0.810000  0.810000  0.860000
   -5.394    3.457    5.298    5.548    8.240    9.037    9.241   11.278
            0.810000  0.810000  0.870000
   -5.406    3.517    5.269    5.575    8.276    9.006    9.238   11.222
            0.810000  0.810000  0.880000
   -5.416    3.575    5.236    5.601    8.314    8.977    9.233   11.167
            0.810000  0.810000  0.890000
   -5.426    3.633    5.201    5.625    8.355    8.949    9.224   11.116
            0.810000  0.810000  0.900000
   -5.434    3.689    5.165    5.648    8.398    8.923    9.211   11.069
            0.810000  0.810000  0.910000
   -5.442    3.743    5.128    5.669    8.444    8.900    9.195   11.025
            0.810000  0.810000  0.920000
   -5.449    3.796    5.090    5.688    8.490    8.878    9.176   10.985
            0.810000  0.810000  0.930000
   -5.455    3.846    5.053    5.705    8.538    8.859    9.153   10.949
            0.810000  0.810000  0.940000
   -5.461    3.892    5.017    5.720    8.586    8.842    9.128   10.918
            0.810000  0.810000  0.950000
   -5.465    3.935    4.983    5.732    8.634    8.828    9.099   10.892
            0.810000  0.810000  0.960000
   -5.469    3.972    4.953    5.743    8.681    8.816    9.067   10.870
            0.810000  0.810000  0.970000
   -5.472    4.003    4.927    5.751    8.726    8.806    9.035   10.853
            0.810000  0.810000  0.980000
   -5.474    4.026    4.907    5.757    8.768    8.800    9.002   10.841
            0.810000  0.810000  0.990000
   -5.475    4.041    4.895    5.761    8.796    8.800    8.975   10.833
            0.810000  0.810000  1.000000
   -5.476    4.046    4.891    5.762    8.794    8.814    8.963   10.831
