 &plot nbnd=   8, nks=   101 /
            0.990000  0.080000  0.000000
   -1.814   -1.665    3.073    3.076    6.840    6.874   15.473   15.564
            0.990000  0.080000  0.010000
   -1.814   -1.664    3.049    3.097    6.825    6.893   15.470   15.564
            0.990000  0.080000  0.020000
   -1.814   -1.663    3.023    3.118    6.804    6.926   15.462   15.561
            0.990000  0.080000  0.030000
   -1.814   -1.662    2.995    3.137    6.786    6.965   15.449   15.557
            0.990000  0.080000  0.040000
   -1.815   -1.660    2.965    3.153    6.772    7.007   15.431   15.550
            0.990000  0.080000  0.050000
   -1.815   -1.657    2.935    3.167    6.762    7.053   15.407   15.539
            0.990000  0.080000  0.060000
   -1.815   -1.654    2.903    3.179    6.757    7.102   15.376   15.523
            0.990000  0.080000  0.070000
   -1.816   -1.650    2.870    3.188    6.756    7.155   15.338   15.500
            0.990000  0.080000  0.080000
   -1.817   -1.646    2.837    3.195    6.760    7.211   15.291   15.469
            0.990000  0.080000  0.090000
   -1.817   -1.641    2.802    3.199    6.769    7.269   15.235   15.430
            0.990000  0.080000  0.100000
   -1.818   -1.636    2.768    3.201    6.782    7.331   15.170   15.381
            0.990000  0.080000  0.110000
   -1.819   -1.630    2.733    3.200    6.800    7.395   15.094   15.321
            0.990000  0.080000  0.120000
   -1.819   -1.624    2.697    3.197    6.822    7.461   15.010   15.251
            0.990000  0.080000  0.130000
   -1.820   -1.618    2.662    3.191    6.849    7.530   14.917   15.170
            0.990000  0.080000  0.140000
   -1.821   -1.611    2.627    3.183    6.881    7.601   14.818   15.079
            0.990000  0.080000  0.150000
   -1.822   -1.603    2.591    3.173    6.916    7.675   14.713   14.981
            0.990000  0.080000  0.160000
   -1.823   -1.596    2.556    3.162    6.956    7.750   14.604   14.875
            0.990000  0.080000  0.170000
   -1.824   -1.588    2.522    3.148    7.000    7.828   14.490   14.765
            0.990000  0.080000  0.180000
   -1.825   -1.579    2.488    3.132    7.047    7.907   14.375   14.650
            0.990000  0.080000  0.190000
   -1.826   -1.570    2.454    3.115    7.098    7.988   14.256   14.533
            0.990000  0.080000  0.200000
   -1.827   -1.561    2.421    3.097    7.153    8.071   14.136   14.412
            0.990000  0.080000  0.210000
   -1.829   -1.552    2.388    3.077    7.211    8.156   14.015   14.290
            0.990000  0.080000  0.220000
   -1.830   -1.542    2.357    3.056    7.273    8.242   13.892   14.167
            0.990000  0.080000  0.230000
   -1.832   -1.532    2.326    3.035    7.337    8.330   13.768   14.042
            0.990000  0.080000  0.240000
   -1.833   -1.522    2.296    3.012    7.405    8.420   13.644   13.916
            0.990000  0.080000  0.250000
   -1.835   -1.512    2.267    2.989    7.475    8.510   13.519   13.790
            0.990000  0.080000  0.260000
   -1.837   -1.501    2.239    2.966    7.548    8.603   13.394   13.663
            0.990000  0.080000  0.270000
   -1.839   -1.491    2.213    2.942    7.623    8.696   13.269   13.536
            0.990000  0.080000  0.280000
   -1.842   -1.480    2.187    2.918    7.701    8.791   13.144   13.409
            0.990000  0.080000  0.290000
   -1.844   -1.469    2.162    2.893    7.781    8.887   13.018   13.281
            0.990000  0.080000  0.300000
   -1.847   -1.458    2.139    2.869    7.864    8.984   12.893   13.154
            0.990000  0.080000  0.310000
   -1.850   -1.446    2.117    2.845    7.948    9.082   12.769   13.027
            0.990000  0.080000  0.320000
   -1.854   -1.435    2.097    2.821    8.034    9.181   12.644   12.901
            0.990000  0.080000  0.330000
   -1.857   -1.424    2.078    2.798    8.122    9.281   12.520   12.774
            0.990000  0.080000  0.340000
   -1.861   -1.412    2.060    2.774    8.212    9.382   12.397   12.648
            0.990000  0.080000  0.350000
   -1.865   -1.401    2.043    2.752    8.304    9.483   12.274   12.523
            0.990000  0.080000  0.360000
   -1.869   -1.389    2.028    2.730    8.397    9.586   12.153   12.398
            0.990000  0.080000  0.370000
   -1.874   -1.378    2.015    2.708    8.492    9.688   12.032   12.274
            0.990000  0.080000  0.380000
   -1.879   -1.366    2.003    2.687    8.588    9.791   11.912   12.151
            0.990000  0.080000  0.390000
   -1.884   -1.355    1.993    2.667    8.686    9.893   11.794   12.028
            0.990000  0.080000  0.400000
   -1.890   -1.344    1.984    2.648    8.784    9.995   11.678   11.906
            0.990000  0.080000  0.410000
   -1.896   -1.333    1.976    2.630    8.884   10.095   11.565   11.786
            0.990000  0.080000  0.420000
   -1.902   -1.322    1.971    2.613    8.985   10.193   11.456   11.667
            0.990000  0.080000  0.430000
   -1.909   -1.311    1.966    2.597    9.086   10.286   11.352   11.550
            0.990000  0.080000  0.440000
   -1.916   -1.300    1.964    2.582    9.188   10.370   11.256   11.436
            0.990000  0.080000  0.450000
   -1.923   -1.290    1.963    2.568    9.291   10.440   11.173   11.328
            0.990000  0.080000  0.460000
   -1.930   -1.279    1.963    2.555    9.393   10.483   11.103   11.235
            0.990000  0.080000  0.470000
   -1.938   -1.269    1.965    2.544    9.495   10.490   11.031   11.185
            0.990000  0.080000  0.480000
   -1.946   -1.259    1.969    2.533    9.595   10.458   10.942   11.198
            0.990000  0.080000  0.490000
   -1.954   -1.250    1.974    2.524    9.692   10.395   10.845   11.254
            0.990000  0.080000  0.500000
   -1.963   -1.241    1.980    2.517    9.784   10.314   10.752   11.335
            0.990000  0.080000  0.510000
   -1.972   -1.232    1.989    2.510    9.865   10.224   10.667   11.429
            0.990000  0.080000  0.520000
   -1.981   -1.223    1.998    2.505    9.924   10.132   10.601   11.532
            0.990000  0.080000  0.530000
   -1.990   -1.215    2.009    2.502    9.937   10.053   10.566   11.641
            0.990000  0.080000  0.540000
   -2.000   -1.207    2.022    2.499    9.878   10.002   10.575   11.753
            0.990000  0.080000  0.550000
   -2.009   -1.200    2.036    2.499    9.785    9.946   10.624   11.868
            0.990000  0.080000  0.560000
   -2.019   -1.192    2.051    2.499    9.684    9.871   10.701   11.985
            0.990000  0.080000  0.570000
   -2.029   -1.186    2.068    2.501    9.580    9.784   10.794   12.104
            0.990000  0.080000  0.580000
   -2.039   -1.179    2.086    2.504    9.476    9.691   10.896   12.224
            0.990000  0.080000  0.590000
   -2.049   -1.173    2.105    2.509    9.372    9.594   11.004   12.345
            0.990000  0.080000  0.600000
   -2.060   -1.168    2.126    2.515    9.268    9.495   11.116   12.467
            0.990000  0.080000  0.610000
   -2.070   -1.162    2.148    2.523    9.164    9.396   11.231   12.590
            0.990000  0.080000  0.620000
   -2.080   -1.157    2.171    2.531    9.062    9.296   11.348   12.714
            0.990000  0.080000  0.630000
   -2.091   -1.153    2.195    2.542    8.960    9.197   11.466   12.839
            0.990000  0.080000  0.640000
   -2.101   -1.149    2.220    2.553    8.860    9.098   11.586   12.964
            0.990000  0.080000  0.650000
   -2.112   -1.145    2.246    2.566    8.760    9.000   11.707   13.089
            0.990000  0.080000  0.660000
   -2.122   -1.141    2.273    2.580    8.661    8.903   11.828   13.215
            0.990000  0.080000  0.670000
   -2.132   -1.138    2.302    2.595    8.564    8.807   11.951   13.341
            0.990000  0.080000  0.680000
   -2.143   -1.136    2.331    2.611    8.468    8.712   12.074   13.468
            0.990000  0.080000  0.690000
   -2.153   -1.133    2.360    2.628    8.373    8.618   12.197   13.594
            0.990000  0.080000  0.700000
   -2.163   -1.131    2.391    2.647    8.280    8.526   12.322   13.720
            0.990000  0.080000  0.710000
   -2.173   -1.129    2.422    2.666    8.188    8.435   12.446   13.847
            0.990000  0.080000  0.720000
   -2.182   -1.128    2.454    2.686    8.097    8.346   12.571   13.972
            0.990000  0.080000  0.730000
   -2.192   -1.126    2.486    2.707    8.008    8.258   12.696   14.097
            0.990000  0.080000  0.740000
   -2.201   -1.125    2.519    2.729    7.921    8.173   12.822   14.221
            0.990000  0.080000  0.750000
   -2.210   -1.124    2.552    2.751    7.836    8.088   12.947   14.343
            0.990000  0.080000  0.760000
   -2.219   -1.124    2.586    2.774    7.752    8.006   13.072   14.463
            0.990000  0.080000  0.770000
   -2.228   -1.123    2.620    2.798    7.671    7.926   13.197   14.580
            0.990000  0.080000  0.780000
   -2.236   -1.123    2.653    2.822    7.591    7.848   13.322   14.693
            0.990000  0.080000  0.790000
   -2.244   -1.123    2.687    2.846    7.514    7.772   13.447   14.800
            0.990000  0.080000  0.800000
   -2.252   -1.123    2.721    2.870    7.438    7.698   13.571   14.899
            0.990000  0.080000  0.810000
   -2.260   -1.123    2.755    2.894    7.365    7.627   13.695   14.988
            0.990000  0.080000  0.820000
   -2.267   -1.123    2.788    2.919    7.295    7.558   13.817   15.065
            0.990000  0.080000  0.830000
   -2.274   -1.124    2.821    2.943    7.227    7.492   13.939   15.128
            0.990000  0.080000  0.840000
   -2.280   -1.124    2.853    2.966    7.162    7.428   14.059   15.179
            0.990000  0.080000  0.850000
   -2.287   -1.125    2.884    2.990    7.099    7.368   14.178   15.218
            0.990000  0.080000  0.860000
   -2.292   -1.125    2.915    3.012    7.040    7.310   14.295   15.247
            0.990000  0.080000  0.870000
   -2.298   -1.126    2.945    3.034    6.984    7.255   14.410   15.270
            0.990000  0.080000  0.880000
   -2.303   -1.126    2.973    3.055    6.931    7.204   14.522   15.287
            0.990000  0.080000  0.890000
   -2.308   -1.127    3.000    3.074    6.881    7.156   14.631   15.300
            0.990000  0.080000  0.900000
   -2.312   -1.127    3.026    3.093    6.835    7.112   14.736   15.310
            0.990000  0.080000  0.910000
   -2.316   -1.128    3.050    3.110    6.793    7.071   14.836   15.318
            0.990000  0.080000  0.920000
   -2.320   -1.128    3.073    3.125    6.755    7.035   14.931   15.324
            0.990000  0.080000  0.930000
   -2.323   -1.129    3.093    3.139    6.720    7.002   15.020   15.329
            0.990000  0.080000  0.940000
   -2.326   -1.129    3.112    3.150    6.690    6.973   15.100   15.333
            0.990000  0.080000  0.950000
   -2.328   -1.130    3.128    3.160    6.665    6.949   15.172   15.336
            0.990000  0.080000  0.960000
   -2.330   -1.130    3.142    3.168    6.644    6.929   15.233   15.339
            0.990000  0.080000  0.970000
   -2.331   -1.130    3.154    3.173    6.627    6.913   15.283   15.340
            0.990000  0.080000  0.980000
   -2.332   -1.130    3.163    3.176    6.615    6.902   15.320   15.342
            0.990000  0.080000  0.990000
   -2.333   -1.131    3.170    3.176    6.608    6.895   15.341   15.343
            0.990000  0.080000  1.000000
   -2.333   -1.131    3.174    3.175    6.606    6.892   15.342   15.350
