 &plot nbnd=   8, nks=   101 /
            0.570000  0.270000  0.000000
   -4.149    1.172    2.981    4.168    8.370    9.639   10.162   11.977
            0.570000  0.270000  0.010000
   -4.149    1.170    2.983    4.168    8.368    9.643   10.162   11.973
            0.570000  0.270000  0.020000
   -4.148    1.163    2.989    4.168    8.362    9.654   10.162   11.960
            0.570000  0.270000  0.030000
   -4.146    1.152    3.000    4.168    8.351    9.674   10.161   11.938
            0.570000  0.270000  0.040000
   -4.144    1.137    3.014    4.168    8.337    9.700   10.161   11.908
            0.570000  0.270000  0.050000
   -4.141    1.119    3.033    4.168    8.319    9.733   10.160   11.871
            0.570000  0.270000  0.060000
   -4.137    1.096    3.054    4.168    8.300    9.772   10.159   11.828
            0.570000  0.270000  0.070000
   -4.133    1.070    3.079    4.168    8.278    9.816   10.158   11.779
            0.570000  0.270000  0.080000
   -4.128    1.042    3.107    4.168    8.255    9.864   10.157   11.725
            0.570000  0.270000  0.090000
   -4.123    1.010    3.137    4.169    8.231    9.915   10.157   11.667
            0.570000  0.270000  0.100000
   -4.116    0.977    3.169    4.169    8.207    9.967   10.159   11.606
            0.570000  0.270000  0.110000
   -4.110    0.941    3.202    4.169    8.184   10.017   10.167   11.542
            0.570000  0.270000  0.120000
   -4.102    0.903    3.237    4.169    8.161   10.058   10.186   11.476
            0.570000  0.270000  0.130000
   -4.094    0.864    3.273    4.169    8.138   10.080   10.226   11.409
            0.570000  0.270000  0.140000
   -4.086    0.823    3.310    4.170    8.117   10.086   10.283   11.340
            0.570000  0.270000  0.150000
   -4.076    0.781    3.347    4.171    8.098   10.085   10.349   11.271
            0.570000  0.270000  0.160000
   -4.066    0.739    3.384    4.171    8.080   10.079   10.421   11.202
            0.570000  0.270000  0.170000
   -4.056    0.695    3.420    4.172    8.064   10.070   10.496   11.133
            0.570000  0.270000  0.180000
   -4.045    0.651    3.457    4.174    8.050   10.059   10.573   11.065
            0.570000  0.270000  0.190000
   -4.033    0.606    3.492    4.176    8.039   10.045   10.651   11.000
            0.570000  0.270000  0.200000
   -4.021    0.562    3.526    4.179    8.030   10.028   10.728   10.940
            0.570000  0.270000  0.210000
   -4.008    0.516    3.558    4.182    8.023   10.009   10.788   10.900
            0.570000  0.270000  0.220000
   -3.995    0.471    3.588    4.186    8.019    9.986   10.780   10.934
            0.570000  0.270000  0.230000
   -3.981    0.426    3.616    4.192    8.018    9.959   10.732   11.011
            0.570000  0.270000  0.240000
   -3.967    0.381    3.641    4.199    8.019    9.929   10.681   11.097
            0.570000  0.270000  0.250000
   -3.952    0.336    3.664    4.207    8.024    9.896   10.632   11.186
            0.570000  0.270000  0.260000
   -3.936    0.291    3.683    4.217    8.031    9.858   10.587   11.277
            0.570000  0.270000  0.270000
   -3.920    0.247    3.698    4.228    8.041    9.816   10.545   11.369
            0.570000  0.270000  0.280000
   -3.904    0.202    3.711    4.242    8.053    9.771   10.507   11.463
            0.570000  0.270000  0.290000
   -3.887    0.159    3.720    4.257    8.068    9.722   10.473   11.558
            0.570000  0.270000  0.300000
   -3.869    0.116    3.725    4.273    8.086    9.671   10.442   11.654
            0.570000  0.270000  0.310000
   -3.852    0.073    3.727    4.290    8.107    9.618   10.414   11.751
            0.570000  0.270000  0.320000
   -3.833    0.031    3.726    4.308    8.129    9.564   10.389   11.850
            0.570000  0.270000  0.330000
   -3.815   -0.010    3.723    4.327    8.154    9.509   10.365   11.949
            0.570000  0.270000  0.340000
   -3.796   -0.051    3.717    4.346    8.180    9.454   10.344   12.049
            0.570000  0.270000  0.350000
   -3.776   -0.091    3.709    4.365    8.208    9.401   10.323   12.150
            0.570000  0.270000  0.360000
   -3.757   -0.130    3.698    4.384    8.237    9.349   10.304   12.251
            0.570000  0.270000  0.370000
   -3.737   -0.169    3.686    4.402    8.266    9.300   10.286   12.353
            0.570000  0.270000  0.380000
   -3.716   -0.206    3.672    4.420    8.294    9.254   10.269   12.456
            0.570000  0.270000  0.390000
   -3.696   -0.243    3.657    4.437    8.321    9.214   10.252   12.560
            0.570000  0.270000  0.400000
   -3.675   -0.278    3.640    4.452    8.345    9.180   10.235   12.664
            0.570000  0.270000  0.410000
   -3.654   -0.313    3.622    4.467    8.365    9.153   10.219   12.769
            0.570000  0.270000  0.420000
   -3.633   -0.346    3.603    4.480    8.380    9.136   10.203   12.874
            0.570000  0.270000  0.430000
   -3.611   -0.379    3.583    4.491    8.388    9.130   10.188   12.979
            0.570000  0.270000  0.440000
   -3.590   -0.410    3.562    4.501    8.389    9.134   10.172   13.085
            0.570000  0.270000  0.450000
   -3.569   -0.441    3.540    4.509    8.383    9.150   10.157   13.190
            0.570000  0.270000  0.460000
   -3.547   -0.470    3.517    4.515    8.370    9.176   10.143   13.296
            0.570000  0.270000  0.470000
   -3.525   -0.497    3.493    4.519    8.353    9.211   10.128   13.402
            0.570000  0.270000  0.480000
   -3.504   -0.524    3.469    4.521    8.333    9.253   10.114   13.506
            0.570000  0.270000  0.490000
   -3.482   -0.549    3.444    4.522    8.311    9.301   10.101   13.610
            0.570000  0.270000  0.500000
   -3.461   -0.573    3.419    4.520    8.287    9.353   10.089   13.712
            0.570000  0.270000  0.510000
   -3.440   -0.596    3.393    4.515    8.264    9.409   10.079   13.811
            0.570000  0.270000  0.520000
   -3.419   -0.617    3.367    4.509    8.241    9.466   10.070   13.905
            0.570000  0.270000  0.530000
   -3.398   -0.637    3.340    4.500    8.220    9.524   10.065   13.989
            0.570000  0.270000  0.540000
   -3.378   -0.655    3.313    4.489    8.201    9.580   10.064   14.054
            0.570000  0.270000  0.550000
   -3.358   -0.671    3.286    4.476    8.184    9.632   10.069   14.081
            0.570000  0.270000  0.560000
   -3.338   -0.686    3.258    4.461    8.169    9.677   10.084   14.064
            0.570000  0.270000  0.570000
   -3.319   -0.700    3.229    4.443    8.157    9.712   10.111   14.013
            0.570000  0.270000  0.580000
   -3.300   -0.712    3.201    4.423    8.148    9.736   10.151   13.943
            0.570000  0.270000  0.590000
   -3.281   -0.722    3.172    4.402    8.142    9.749   10.203   13.863
            0.570000  0.270000  0.600000
   -3.263   -0.730    3.142    4.378    8.139    9.754   10.265   13.776
            0.570000  0.270000  0.610000
   -3.246   -0.737    3.113    4.353    8.139    9.752   10.335   13.686
            0.570000  0.270000  0.620000
   -3.229   -0.742    3.083    4.326    8.143    9.746   10.411   13.592
            0.570000  0.270000  0.630000
   -3.213   -0.746    3.052    4.297    8.149    9.737   10.490   13.497
            0.570000  0.270000  0.640000
   -3.198   -0.747    3.022    4.267    8.159    9.727   10.573   13.400
            0.570000  0.270000  0.650000
   -3.183   -0.747    2.991    4.236    8.171    9.715   10.657   13.303
            0.570000  0.270000  0.660000
   -3.169   -0.746    2.960    4.203    8.187    9.702   10.744   13.204
            0.570000  0.270000  0.670000
   -3.156   -0.742    2.928    4.170    8.205    9.688   10.833   13.105
            0.570000  0.270000  0.680000
   -3.143   -0.737    2.896    4.136    8.226    9.675   10.922   13.006
            0.570000  0.270000  0.690000
   -3.131   -0.731    2.864    4.102    8.250    9.661   11.013   12.907
            0.570000  0.270000  0.700000
   -3.120   -0.722    2.831    4.067    8.277    9.646   11.104   12.808
            0.570000  0.270000  0.710000
   -3.110   -0.712    2.798    4.033    8.306    9.632   11.196   12.709
            0.570000  0.270000  0.720000
   -3.100   -0.701    2.765    3.998    8.338    9.618   11.289   12.610
            0.570000  0.270000  0.730000
   -3.091   -0.688    2.731    3.963    8.372    9.604   11.382   12.512
            0.570000  0.270000  0.740000
   -3.083   -0.674    2.697    3.929    8.408    9.591   11.476   12.414
            0.570000  0.270000  0.750000
   -3.075   -0.659    2.663    3.895    8.446    9.578   11.570   12.317
            0.570000  0.270000  0.760000
   -3.068   -0.642    2.629    3.862    8.487    9.564   11.663   12.221
            0.570000  0.270000  0.770000
   -3.061   -0.625    2.594    3.830    8.530    9.552   11.756   12.126
            0.570000  0.270000  0.780000
   -3.056   -0.606    2.559    3.798    8.574    9.539   11.845   12.036
            0.570000  0.270000  0.790000
   -3.050   -0.586    2.524    3.768    8.620    9.528   11.896   11.984
            0.570000  0.270000  0.800000
   -3.046   -0.566    2.489    3.738    8.669    9.516   11.827   12.053
            0.570000  0.270000  0.810000
   -3.042   -0.545    2.455    3.710    8.718    9.505   11.738   12.143
            0.570000  0.270000  0.820000
   -3.038   -0.524    2.420    3.683    8.770    9.495   11.646   12.235
            0.570000  0.270000  0.830000
   -3.034   -0.502    2.386    3.658    8.822    9.485   11.555   12.327
            0.570000  0.270000  0.840000
   -3.031   -0.480    2.352    3.633    8.876    9.475   11.465   12.419
            0.570000  0.270000  0.850000
   -3.029   -0.459    2.319    3.610    8.931    9.466   11.375   12.510
            0.570000  0.270000  0.860000
   -3.027   -0.437    2.287    3.589    8.988    9.458   11.287   12.601
            0.570000  0.270000  0.870000
   -3.025   -0.415    2.256    3.569    9.045    9.451   11.200   12.690
            0.570000  0.270000  0.880000
   -3.023   -0.395    2.226    3.551    9.103    9.444   11.114   12.777
            0.570000  0.270000  0.890000
   -3.022   -0.374    2.198    3.534    9.161    9.438   11.030   12.863
            0.570000  0.270000  0.900000
   -3.020   -0.355    2.171    3.518    9.219    9.433   10.948   12.946
            0.570000  0.270000  0.910000
   -3.019   -0.337    2.146    3.504    9.275    9.431   10.867   13.026
            0.570000  0.270000  0.920000
   -3.019   -0.320    2.122    3.491    9.328    9.432   10.789   13.102
            0.570000  0.270000  0.930000
   -3.018   -0.305    2.101    3.480    9.368    9.447   10.715   13.174
            0.570000  0.270000  0.940000
   -3.017   -0.291    2.083    3.471    9.386    9.482   10.643   13.240
            0.570000  0.270000  0.950000
   -3.017   -0.279    2.066    3.463    9.390    9.529   10.577   13.300
            0.570000  0.270000  0.960000
   -3.016   -0.269    2.053    3.456    9.391    9.576   10.517   13.352
            0.570000  0.270000  0.970000
   -3.016   -0.261    2.042    3.451    9.390    9.618   10.465   13.394
            0.570000  0.270000  0.980000
   -3.016   -0.255    2.035    3.447    9.390    9.653   10.424   13.426
            0.570000  0.270000  0.990000
   -3.016   -0.252    2.030    3.445    9.389    9.675   10.398   13.445
            0.570000  0.270000  1.000000
   -3.016   -0.251    2.028    3.444    9.389    9.683   10.389   13.452
