 &plot nbnd=   8, nks=   101 /
            0.920000  0.320000 -1.000000
   -3.833    0.830    3.435    3.537    6.853    8.010   12.817   13.164
            0.920000  0.320000 -0.980000
   -3.831    0.828    3.424    3.544    6.859    8.019   12.815   13.140
            0.920000  0.320000 -0.960000
   -3.827    0.820    3.396    3.557    6.879    8.045   12.811   13.071
            0.920000  0.320000 -0.940000
   -3.820    0.806    3.358    3.571    6.912    8.090   12.798   12.969
            0.920000  0.320000 -0.920000
   -3.811    0.788    3.314    3.582    6.958    8.150   12.750   12.871
            0.920000  0.320000 -0.900000
   -3.799    0.764    3.266    3.590    7.017    8.227   12.617   12.833
            0.920000  0.320000 -0.880000
   -3.784    0.736    3.213    3.596    7.089    8.318   12.441   12.819
            0.920000  0.320000 -0.860000
   -3.767    0.703    3.157    3.600    7.174    8.422   12.249   12.809
            0.920000  0.320000 -0.840000
   -3.747    0.665    3.098    3.602    7.270    8.539   12.046   12.800
            0.920000  0.320000 -0.820000
   -3.725    0.624    3.037    3.604    7.378    8.667   11.836   12.790
            0.920000  0.320000 -0.800000
   -3.700    0.578    2.974    3.607    7.496    8.805   11.622   12.779
            0.920000  0.320000 -0.780000
   -3.673    0.529    2.909    3.610    7.625    8.953   11.405   12.768
            0.920000  0.320000 -0.760000
   -3.643    0.477    2.842    3.615    7.763    9.109   11.187   12.755
            0.920000  0.320000 -0.740000
   -3.611    0.422    2.774    3.622    7.910    9.273   10.968   12.741
            0.920000  0.320000 -0.720000
   -3.576    0.364    2.706    3.632    8.065    9.444   10.750   12.726
            0.920000  0.320000 -0.700000
   -3.540    0.305    2.638    3.644    8.228    9.620   10.535   12.710
            0.920000  0.320000 -0.680000
   -3.501    0.243    2.570    3.658    8.397    9.797   10.326   12.693
            0.920000  0.320000 -0.660000
   -3.460    0.181    2.502    3.675    8.574    9.944   10.155   12.674
            0.920000  0.320000 -0.640000
   -3.418    0.118    2.436    3.694    8.756    9.854   10.230   12.655
            0.920000  0.320000 -0.620000
   -3.373    0.054    2.371    3.715    8.944    9.660   10.418   12.635
            0.920000  0.320000 -0.600000
   -3.327   -0.010    2.307    3.738    9.137    9.460   10.620   12.613
            0.920000  0.320000 -0.580000
   -3.279   -0.074    2.246    3.762    9.262    9.335   10.829   12.591
            0.920000  0.320000 -0.560000
   -3.230   -0.138    2.187    3.787    9.069    9.538   11.042   12.568
            0.920000  0.320000 -0.540000
   -3.179   -0.201    2.130    3.811    8.882    9.744   11.259   12.545
            0.920000  0.320000 -0.520000
   -3.127   -0.263    2.077    3.835    8.701    9.955   11.478   12.521
            0.920000  0.320000 -0.500000
   -3.074   -0.324    2.027    3.858    8.528   10.168   11.698   12.498
            0.920000  0.320000 -0.480000
   -3.021   -0.384    1.980    3.878    8.364   10.385   11.916   12.477
            0.920000  0.320000 -0.460000
   -2.967   -0.442    1.938    3.895    8.210   10.603   12.119   12.464
            0.920000  0.320000 -0.440000
   -2.913   -0.499    1.899    3.908    8.067   10.824   12.263   12.488
            0.920000  0.320000 -0.420000
   -2.858   -0.553    1.865    3.915    7.937   11.045   12.283   12.544
            0.920000  0.320000 -0.400000
   -2.804   -0.606    1.835    3.916    7.819   11.264   12.221   12.496
            0.920000  0.320000 -0.380000
   -2.750   -0.657    1.810    3.910    7.717   11.474   12.103   12.427
            0.920000  0.320000 -0.360000
   -2.697   -0.705    1.790    3.895    7.630   11.638   11.986   12.385
            0.920000  0.320000 -0.340000
   -2.644   -0.752    1.776    3.870    7.559   11.614   12.031   12.365
            0.920000  0.320000 -0.320000
   -2.593   -0.795    1.767    3.836    7.506   11.450   12.168   12.395
            0.920000  0.320000 -0.300000
   -2.544   -0.837    1.764    3.793    7.470   11.259   12.221   12.537
            0.920000  0.320000 -0.280000
   -2.496   -0.875    1.766    3.739    7.452   11.063   12.219   12.741
            0.920000  0.320000 -0.260000
   -2.451   -0.912    1.775    3.676    7.450   10.865   12.205   12.957
            0.920000  0.320000 -0.240000
   -2.407   -0.945    1.790    3.605    7.465   10.669   12.189   13.168
            0.920000  0.320000 -0.220000
   -2.367   -0.976    1.811    3.527    7.496   10.475   12.172   13.357
            0.920000  0.320000 -0.200000
   -2.329   -1.004    1.839    3.442    7.541   10.284   12.156   13.485
            0.920000  0.320000 -0.180000
   -2.294   -1.029    1.873    3.352    7.600   10.097   12.141   13.533
            0.920000  0.320000 -0.160000
   -2.263   -1.052    1.913    3.258    7.671    9.913   12.127   13.538
            0.920000  0.320000 -0.140000
   -2.235   -1.072    1.959    3.162    7.753    9.732   12.115   13.529
            0.920000  0.320000 -0.120000
   -2.210   -1.089    2.010    3.065    7.846    9.556   12.104   13.516
            0.920000  0.320000 -0.100000
   -2.190   -1.103    2.067    2.968    7.947    9.385   12.095   13.502
            0.920000  0.320000 -0.080000
   -2.173   -1.115    2.129    2.873    8.058    9.219   12.087   13.490
            0.920000  0.320000 -0.060000
   -2.159   -1.124    2.193    2.782    8.175    9.058   12.081   13.480
            0.920000  0.320000 -0.040000
   -2.150   -1.131    2.257    2.699    8.297    8.905   12.077   13.473
            0.920000  0.320000 -0.020000
   -2.144   -1.135    2.313    2.632    8.418    8.767   12.074   13.469
            0.920000  0.320000  0.000000
   -2.142   -1.136    2.337    2.603    8.491    8.688   12.074   13.467
            0.920000  0.320000  0.020000
   -2.144   -1.135    2.313    2.632    8.418    8.767   12.074   13.469
            0.920000  0.320000  0.040000
   -2.150   -1.131    2.257    2.699    8.297    8.905   12.077   13.473
            0.920000  0.320000  0.060000
   -2.159   -1.124    2.193    2.782    8.175    9.058   12.081   13.480
            0.920000  0.320000  0.080000
   -2.173   -1.115    2.129    2.873    8.058    9.219   12.087   13.490
            0.920000  0.320000  0.100000
   -2.190   -1.103    2.067    2.968    7.947    9.385   12.095   13.502
            0.920000  0.320000  0.120000
   -2.210   -1.089    2.010    3.065    7.846    9.556   12.104   13.516
            0.920000  0.320000  0.140000
   -2.235   -1.072    1.959    3.162    7.753    9.732   12.115   13.529
            0.920000  0.320000  0.160000
   -2.263   -1.052    1.913    3.258    7.671    9.913   12.127   13.538
            0.920000  0.320000  0.180000
   -2.294   -1.029    1.873    3.352    7.600   10.097   12.141   13.533
            0.920000  0.320000  0.200000
   -2.329   -1.004    1.839    3.442    7.541   10.284   12.156   13.485
            0.920000  0.320000  0.220000
   -2.367   -0.976    1.811    3.527    7.496   10.475   12.172   13.357
            0.920000  0.320000  0.240000
   -2.407   -0.945    1.790    3.605    7.465   10.669   12.189   13.168
            0.920000  0.320000  0.260000
   -2.451   -0.912    1.775    3.676    7.450   10.865   12.205   12.957
            0.920000  0.320000  0.280000
   -2.496   -0.875    1.766    3.739    7.452   11.063   12.219   12.741
            0.920000  0.320000  0.300000
   -2.544   -0.837    1.764    3.793    7.470   11.259   12.221   12.537
            0.920000  0.320000  0.320000
   -2.593   -0.795    1.767    3.836    7.506   11.450   12.168   12.395
            0.920000  0.320000  0.340000
   -2.644   -0.752    1.776    3.870    7.559   11.614   12.031   12.365
            0.920000  0.320000  0.360000
   -2.697   -0.705    1.790    3.895    7.630   11.638   11.986   12.385
            0.920000  0.320000  0.380000
   -2.750   -0.657    1.810    3.910    7.717   11.474   12.103   12.427
            0.920000  0.320000  0.400000
   -2.804   -0.606    1.835    3.916    7.819   11.264   12.221   12.496
            0.920000  0.320000  0.420000
   -2.858   -0.553    1.865    3.915    7.937   11.045   12.283   12.544
            0.920000  0.320000  0.440000
   -2.913   -0.499    1.899    3.908    8.067   10.824   12.263   12.488
            0.920000  0.320000  0.460000
   -2.967   -0.442    1.938    3.895    8.210   10.603   12.119   12.464
            0.920000  0.320000  0.480000
   -3.021   -0.384    1.980    3.878    8.364   10.385   11.916   12.477
            0.920000  0.320000  0.500000
   -3.074   -0.324    2.027    3.858    8.528   10.168   11.698   12.498
            0.920000  0.320000  0.520000
   -3.127   -0.263    2.077    3.835    8.701    9.955   11.478   12.521
            0.920000  0.320000  0.540000
   -3.179   -0.201    2.130    3.811    8.882    9.744   11.259   12.545
            0.920000  0.320000  0.560000
   -3.230   -0.138    2.187    3.787    9.069    9.538   11.042   12.568
            0.920000  0.320000  0.580000
   -3.279   -0.074    2.246    3.762    9.262    9.335   10.829   12.591
            0.920000  0.320000  0.600000
   -3.327   -0.010    2.307    3.738    9.137    9.460   10.620   12.613
            0.920000  0.320000  0.620000
   -3.373    0.054    2.371    3.715    8.944    9.660   10.418   12.635
            0.920000  0.320000  0.640000
   -3.418    0.118    2.436    3.694    8.756    9.854   10.230   12.655
            0.920000  0.320000  0.660000
   -3.460    0.181    2.502    3.675    8.574    9.944   10.155   12.674
            0.920000  0.320000  0.680000
   -3.501    0.243    2.570    3.658    8.397    9.797   10.326   12.693
            0.920000  0.320000  0.700000
   -3.540    0.305    2.638    3.644    8.228    9.620   10.535   12.710
            0.920000  0.320000  0.720000
   -3.576    0.364    2.706    3.632    8.065    9.444   10.750   12.726
            0.920000  0.320000  0.740000
   -3.611    0.422    2.774    3.622    7.910    9.273   10.968   12.741
            0.920000  0.320000  0.760000
   -3.643    0.477    2.842    3.615    7.763    9.109   11.187   12.755
            0.920000  0.320000  0.780000
   -3.673    0.529    2.909    3.610    7.625    8.953   11.405   12.768
            0.920000  0.320000  0.800000
   -3.700    0.578    2.974    3.607    7.496    8.805   11.622   12.779
            0.920000  0.320000  0.820000
   -3.725    0.624    3.037    3.604    7.378    8.667   11.836   12.790
            0.920000  0.320000  0.840000
   -3.747    0.665    3.098    3.602    7.270    8.539   12.046   12.800
            0.920000  0.320000  0.860000
   -3.767    0.703    3.157    3.600    7.174    8.422   12.249   12.809
            0.920000  0.320000  0.880000
   -3.784    0.736    3.213    3.596    7.089    8.318   12.441   12.819
            0.920000  0.320000  0.900000
   -3.799    0.764    3.266    3.590    7.017    8.227   12.617   12.833
            0.920000  0.320000  0.920000
   -3.811    0.788    3.314    3.582    6.958    8.150   12.750   12.871
            0.920000  0.320000  0.940000
   -3.820    0.806    3.358    3.571    6.912    8.090   12.798   12.969
            0.920000  0.320000  0.960000
   -3.827    0.820    3.396    3.557    6.879    8.045   12.811   13.071
            0.920000  0.320000  0.980000
   -3.831    0.828    3.424    3.544    6.859    8.019   12.815   13.140
            0.920000  0.320000  1.000000
   -3.833    0.830    3.435    3.537    6.853    8.010   12.817   13.164
