 &plot nbnd=   8, nks=    50 /
            0.555600  0.555600  0.000000
   -4.017   -0.785    1.282    3.485    6.934    9.865   10.161   10.612
            0.555600  0.555600  0.020400
   -4.017   -0.791    1.292    3.486    6.935    9.853   10.101   10.674
            0.555600  0.555600  0.040800
   -4.016   -0.810    1.320    3.488    6.937    9.820    9.971   10.809
            0.555600  0.555600  0.061200
   -4.015   -0.840    1.367    3.492    6.940    9.771    9.820   10.969
            0.555600  0.555600  0.081600
   -4.014   -0.878    1.429    3.497    6.945    9.665    9.705   11.140
            0.555600  0.555600  0.102000
   -4.013   -0.925    1.506    3.504    6.949    9.507    9.629   11.314
            0.555600  0.555600  0.122400
   -4.011   -0.977    1.595    3.512    6.953    9.351    9.545   11.490
            0.555600  0.555600  0.142900
   -4.010   -1.032    1.694    3.521    6.957    9.197    9.456   11.665
            0.555600  0.555600  0.163300
   -4.009   -1.090    1.802    3.532    6.958    9.049    9.366   11.837
            0.555600  0.555600  0.183700
   -4.009   -1.147    1.916    3.543    6.957    8.908    9.273   12.002
            0.555600  0.555600  0.204100
   -4.009   -1.203    2.037    3.557    6.953    8.775    9.183   12.157
            0.555600  0.555600  0.224500
   -4.010   -1.257    2.162    3.571    6.942    8.650    9.094   12.290
            0.555600  0.555600  0.244900
   -4.012   -1.308    2.291    3.586    6.924    8.538    9.007   12.391
            0.555600  0.555600  0.265300
   -4.016   -1.355    2.423    3.602    6.896    8.438    8.923   12.451
            0.555600  0.555600  0.285700
   -4.022   -1.396    2.556    3.619    6.857    8.352    8.842   12.475
            0.555600  0.555600  0.306100
   -4.029   -1.433    2.691    3.637    6.807    8.284    8.766   12.474
            0.555600  0.555600  0.326500
   -4.038   -1.463    2.825    3.655    6.744    8.231    8.694   12.459
            0.555600  0.555600  0.346900
   -4.050   -1.487    2.959    3.673    6.670    8.194    8.626   12.433
            0.555600  0.555600  0.367300
   -4.064   -1.504    3.091    3.692    6.587    8.171    8.563   12.400
            0.555600  0.555600  0.387800
   -4.081   -1.515    3.220    3.711    6.497    8.159    8.506   12.364
            0.555600  0.555600  0.408200
   -4.100   -1.518    3.343    3.730    6.404    8.157    8.453   12.327
            0.555600  0.555600  0.428600
   -4.122   -1.514    3.459    3.749    6.310    8.161    8.406   12.291
            0.555600  0.555600  0.449000
   -4.145   -1.503    3.567    3.767    6.221    8.172    8.365   12.258
            0.555600  0.555600  0.469400
   -4.171   -1.484    3.662    3.785    6.139    8.185    8.330   12.231
            0.555600  0.555600  0.489800
   -4.198   -1.459    3.742    3.803    6.069    8.200    8.301   12.209
            0.555600  0.555600  0.510200
   -4.227   -1.428    3.803    3.820    6.015    8.215    8.278   12.195
            0.555600  0.555600  0.530600
   -4.257   -1.390    3.836    3.842    5.981    8.231    8.261   12.188
            0.555600  0.555600  0.551000
   -4.287   -1.346    3.852    3.855    5.970    8.245    8.250   12.189
            0.555600  0.555600  0.571400
   -4.319   -1.296    3.844    3.866    5.983    8.246    8.259   12.195
            0.555600  0.555600  0.591800
   -4.350   -1.241    3.808    3.880    6.018    8.248    8.272   12.207
            0.555600  0.555600  0.612200
   -4.382   -1.181    3.749    3.892    6.075    8.256    8.283   12.219
            0.555600  0.555600  0.632700
   -4.413   -1.116    3.672    3.904    6.148    8.270    8.294   12.226
            0.555600  0.555600  0.653100
   -4.444   -1.046    3.579    3.914    6.235    8.290    8.305   12.221
            0.555600  0.555600  0.673500
   -4.474   -0.972    3.476    3.924    6.331    8.316    8.316   12.194
            0.555600  0.555600  0.693900
   -4.503   -0.895    3.364    3.933    6.433    8.330    8.348   12.138
            0.555600  0.555600  0.714300
   -4.531   -0.815    3.245    3.940    6.539    8.346    8.385   12.049
            0.555600  0.555600  0.734700
   -4.558   -0.732    3.122    3.946    6.645    8.367    8.426   11.932
            0.555600  0.555600  0.755100
   -4.583   -0.646    2.997    3.952    6.749    8.393    8.471   11.793
            0.555600  0.555600  0.775500
   -4.607   -0.559    2.872    3.957    6.848    8.429    8.521   11.639
            0.555600  0.555600  0.795900
   -4.629   -0.471    2.746    3.961    6.941    8.472    8.573   11.476
            0.555600  0.555600  0.816300
   -4.649   -0.382    2.623    3.964    7.025    8.526    8.627   11.309
            0.555600  0.555600  0.836700
   -4.668   -0.294    2.503    3.967    7.099    8.591    8.683   11.139
            0.555600  0.555600  0.857100
   -4.685   -0.208    2.388    3.969    7.162    8.666    8.738   10.970
            0.555600  0.555600  0.877600
   -4.699   -0.126    2.280    3.970    7.215    8.752    8.792   10.803
            0.555600  0.555600  0.898000
   -4.712   -0.049    2.181    3.971    7.257    8.843    8.847   10.642
            0.555600  0.555600  0.918400
   -4.722    0.020    2.094    3.972    7.290    8.889    8.947   10.490
            0.555600  0.555600  0.938800
   -4.730    0.079    2.021    3.973    7.314    8.928    9.045   10.351
            0.555600  0.555600  0.959200
   -4.735    0.124    1.966    3.974    7.330    8.957    9.134   10.234
            0.555600  0.555600  0.979600
   -4.739    0.152    1.931    3.973    7.339    8.975    9.199   10.152
            0.555600  0.555600  1.000000
   -4.739    0.162    1.919    3.973    7.342    8.981    9.223   10.122
