 &plot nbnd=   8, nks=   101 /
            0.960000  0.160000  0.000000
   -2.001   -1.422    2.867    2.909    7.206    7.329   14.407   15.054
            0.960000  0.160000  0.010000
   -2.001   -1.422    2.843    2.932    7.189    7.349   14.407   15.053
            0.960000  0.160000  0.020000
   -2.002   -1.421    2.806    2.967    7.154    7.392   14.406   15.052
            0.960000  0.160000  0.030000
   -2.002   -1.420    2.766    3.003    7.116    7.445   14.406   15.049
            0.960000  0.160000  0.040000
   -2.002   -1.419    2.726    3.039    7.079    7.502   14.405   15.044
            0.960000  0.160000  0.050000
   -2.003   -1.417    2.686    3.073    7.045    7.563   14.403   15.037
            0.960000  0.160000  0.060000
   -2.004   -1.414    2.645    3.106    7.013    7.627   14.401   15.026
            0.960000  0.160000  0.070000
   -2.005   -1.411    2.605    3.138    6.985    7.693   14.398   15.011
            0.960000  0.160000  0.080000
   -2.006   -1.408    2.564    3.168    6.960    7.762   14.395   14.989
            0.960000  0.160000  0.090000
   -2.007   -1.404    2.525    3.196    6.940    7.833   14.391   14.959
            0.960000  0.160000  0.100000
   -2.008   -1.399    2.485    3.222    6.923    7.906   14.386   14.918
            0.960000  0.160000  0.110000
   -2.010   -1.394    2.446    3.246    6.911    7.981   14.379   14.866
            0.960000  0.160000  0.120000
   -2.012   -1.389    2.408    3.267    6.903    8.058   14.369   14.802
            0.960000  0.160000  0.130000
   -2.014   -1.383    2.370    3.287    6.899    8.137   14.356   14.730
            0.960000  0.160000  0.140000
   -2.016   -1.377    2.333    3.304    6.900    8.217   14.336   14.654
            0.960000  0.160000  0.150000
   -2.019   -1.370    2.297    3.318    6.906    8.299   14.305   14.580
            0.960000  0.160000  0.160000
   -2.022   -1.363    2.262    3.330    6.916    8.382   14.255   14.518
            0.960000  0.160000  0.170000
   -2.025   -1.355    2.227    3.339    6.931    8.467   14.183   14.470
            0.960000  0.160000  0.180000
   -2.028   -1.347    2.194    3.346    6.950    8.554   14.094   14.435
            0.960000  0.160000  0.190000
   -2.032   -1.339    2.162    3.351    6.974    8.642   13.992   14.405
            0.960000  0.160000  0.200000
   -2.037   -1.329    2.131    3.353    7.002    8.731   13.883   14.375
            0.960000  0.160000  0.210000
   -2.041   -1.320    2.101    3.353    7.035    8.821   13.769   14.338
            0.960000  0.160000  0.220000
   -2.046   -1.310    2.073    3.350    7.072    8.913   13.652   14.289
            0.960000  0.160000  0.230000
   -2.051   -1.299    2.045    3.346    7.113    9.006   13.534   14.225
            0.960000  0.160000  0.240000
   -2.057   -1.289    2.020    3.339    7.158    9.100   13.413   14.145
            0.960000  0.160000  0.250000
   -2.063   -1.277    1.995    3.331    7.208    9.195   13.292   14.049
            0.960000  0.160000  0.260000
   -2.070   -1.266    1.972    3.321    7.261    9.292   13.171   13.944
            0.960000  0.160000  0.270000
   -2.077   -1.253    1.950    3.309    7.317    9.389   13.048   13.831
            0.960000  0.160000  0.280000
   -2.084   -1.241    1.930    3.296    7.377    9.487   12.926   13.714
            0.960000  0.160000  0.290000
   -2.092   -1.228    1.911    3.282    7.441    9.586   12.804   13.594
            0.960000  0.160000  0.300000
   -2.100   -1.215    1.894    3.267    7.507    9.686   12.682   13.473
            0.960000  0.160000  0.310000
   -2.109   -1.201    1.878    3.250    7.577    9.787   12.560   13.350
            0.960000  0.160000  0.320000
   -2.118   -1.187    1.864    3.233    7.649    9.888   12.438   13.226
            0.960000  0.160000  0.330000
   -2.128   -1.173    1.851    3.216    7.724    9.990   12.317   13.102
            0.960000  0.160000  0.340000
   -2.138   -1.158    1.840    3.198    7.802   10.092   12.198   12.978
            0.960000  0.160000  0.350000
   -2.148   -1.143    1.831    3.179    7.882   10.194   12.079   12.854
            0.960000  0.160000  0.360000
   -2.159   -1.128    1.823    3.161    7.964   10.295   11.962   12.731
            0.960000  0.160000  0.370000
   -2.171   -1.112    1.816    3.142    8.049   10.396   11.846   12.608
            0.960000  0.160000  0.380000
   -2.182   -1.097    1.811    3.123    8.136   10.494   11.734   12.485
            0.960000  0.160000  0.390000
   -2.195   -1.081    1.808    3.104    8.224   10.589   11.627   12.364
            0.960000  0.160000  0.400000
   -2.207   -1.065    1.806    3.085    8.315   10.677   11.528   12.243
            0.960000  0.160000  0.410000
   -2.220   -1.048    1.806    3.067    8.407   10.752   11.442   12.125
            0.960000  0.160000  0.420000
   -2.233   -1.032    1.808    3.049    8.501   10.802   11.379   12.009
            0.960000  0.160000  0.430000
   -2.247   -1.015    1.810    3.032    8.596   10.813   11.354   11.897
            0.960000  0.160000  0.440000
   -2.261   -0.999    1.815    3.015    8.693   10.778   11.368   11.795
            0.960000  0.160000  0.450000
   -2.275   -0.982    1.821    2.999    8.791   10.710   11.393   11.715
            0.960000  0.160000  0.460000
   -2.290   -0.965    1.828    2.983    8.891   10.623   11.384   11.693
            0.960000  0.160000  0.470000
   -2.304   -0.948    1.836    2.968    8.991   10.526   11.319   11.739
            0.960000  0.160000  0.480000
   -2.319   -0.932    1.847    2.954    9.092   10.424   11.225   11.822
            0.960000  0.160000  0.490000
   -2.334   -0.915    1.858    2.941    9.193   10.319   11.122   11.921
            0.960000  0.160000  0.500000
   -2.350   -0.898    1.871    2.929    9.294   10.213   11.015   12.027
            0.960000  0.160000  0.510000
   -2.365   -0.882    1.885    2.918    9.394   10.108   10.907   12.138
            0.960000  0.160000  0.520000
   -2.381   -0.865    1.900    2.908    9.491   10.005   10.801   12.252
            0.960000  0.160000  0.530000
   -2.396   -0.849    1.917    2.899    9.580    9.910   10.698   12.369
            0.960000  0.160000  0.540000
   -2.412   -0.833    1.935    2.891    9.637    9.842   10.599   12.486
            0.960000  0.160000  0.550000
   -2.428   -0.817    1.954    2.884    9.611    9.851   10.509   12.606
            0.960000  0.160000  0.560000
   -2.444   -0.801    1.974    2.879    9.528    9.903   10.436   12.726
            0.960000  0.160000  0.570000
   -2.460   -0.786    1.995    2.875    9.431    9.939   10.396   12.847
            0.960000  0.160000  0.580000
   -2.476   -0.771    2.017    2.872    9.330    9.930   10.406   12.970
            0.960000  0.160000  0.590000
   -2.491   -0.756    2.041    2.870    9.228    9.878   10.463   13.092
            0.960000  0.160000  0.600000
   -2.507   -0.741    2.065    2.869    9.126    9.802   10.547   13.216
            0.960000  0.160000  0.610000
   -2.523   -0.727    2.090    2.870    9.025    9.714   10.645   13.339
            0.960000  0.160000  0.620000
   -2.538   -0.713    2.116    2.872    8.924    9.621   10.751   13.463
            0.960000  0.160000  0.630000
   -2.554   -0.700    2.144    2.875    8.825    9.525   10.861   13.587
            0.960000  0.160000  0.640000
   -2.569   -0.687    2.171    2.880    8.726    9.428   10.974   13.711
            0.960000  0.160000  0.650000
   -2.584   -0.674    2.200    2.886    8.629    9.331   11.089   13.833
            0.960000  0.160000  0.660000
   -2.599   -0.662    2.229    2.893    8.533    9.234   11.205   13.953
            0.960000  0.160000  0.670000
   -2.613   -0.650    2.260    2.901    8.438    9.138   11.323   14.070
            0.960000  0.160000  0.680000
   -2.627   -0.639    2.290    2.911    8.345    9.043   11.442   14.181
            0.960000  0.160000  0.690000
   -2.642   -0.628    2.322    2.921    8.253    8.949   11.562   14.280
            0.960000  0.160000  0.700000
   -2.655   -0.618    2.354    2.933    8.163    8.856   11.682   14.359
            0.960000  0.160000  0.710000
   -2.669   -0.608    2.386    2.946    8.074    8.765   11.803   14.414
            0.960000  0.160000  0.720000
   -2.682   -0.598    2.419    2.959    7.987    8.675   11.924   14.449
            0.960000  0.160000  0.730000
   -2.695   -0.589    2.452    2.974    7.902    8.586   12.045   14.471
            0.960000  0.160000  0.740000
   -2.707   -0.581    2.486    2.989    7.818    8.499   12.167   14.484
            0.960000  0.160000  0.750000
   -2.720   -0.573    2.520    3.005    7.736    8.414   12.289   14.494
            0.960000  0.160000  0.760000
   -2.731   -0.565    2.554    3.022    7.657    8.331   12.411   14.500
            0.960000  0.160000  0.770000
   -2.743   -0.558    2.588    3.039    7.579    8.249   12.532   14.505
            0.960000  0.160000  0.780000
   -2.754   -0.551    2.623    3.056    7.504    8.169   12.654   14.509
            0.960000  0.160000  0.790000
   -2.764   -0.545    2.657    3.074    7.431    8.092   12.775   14.512
            0.960000  0.160000  0.800000
   -2.775   -0.539    2.692    3.091    7.360    8.017   12.896   14.514
            0.960000  0.160000  0.810000
   -2.784   -0.533    2.726    3.109    7.292    7.944   13.016   14.516
            0.960000  0.160000  0.820000
   -2.794   -0.528    2.761    3.126    7.226    7.873   13.136   14.517
            0.960000  0.160000  0.830000
   -2.802   -0.523    2.795    3.143    7.163    7.805   13.254   14.519
            0.960000  0.160000  0.840000
   -2.811   -0.519    2.829    3.160    7.103    7.740   13.372   14.520
            0.960000  0.160000  0.850000
   -2.819   -0.514    2.862    3.176    7.046    7.677   13.488   14.520
            0.960000  0.160000  0.860000
   -2.826   -0.511    2.895    3.191    6.991    7.618   13.602   14.521
            0.960000  0.160000  0.870000
   -2.833   -0.507    2.927    3.205    6.940    7.561   13.714   14.522
            0.960000  0.160000  0.880000
   -2.840   -0.504    2.958    3.218    6.893    7.508   13.823   14.522
            0.960000  0.160000  0.890000
   -2.846   -0.501    2.989    3.229    6.848    7.458   13.930   14.523
            0.960000  0.160000  0.900000
   -2.851   -0.499    3.018    3.239    6.807    7.412   14.033   14.523
            0.960000  0.160000  0.910000
   -2.856   -0.496    3.046    3.247    6.770    7.369   14.131   14.523
            0.960000  0.160000  0.920000
   -2.861   -0.494    3.073    3.254    6.736    7.331   14.225   14.523
            0.960000  0.160000  0.930000
   -2.865   -0.493    3.099    3.259    6.706    7.296   14.312   14.524
            0.960000  0.160000  0.940000
   -2.868   -0.491    3.123    3.261    6.680    7.266   14.392   14.524
            0.960000  0.160000  0.950000
   -2.871   -0.490    3.146    3.262    6.658    7.240   14.463   14.524
            0.960000  0.160000  0.960000
   -2.873   -0.489    3.167    3.260    6.640    7.219   14.523   14.525
            0.960000  0.160000  0.970000
   -2.875   -0.488    3.185    3.257    6.626    7.202   14.524   14.573
            0.960000  0.160000  0.980000
   -2.876   -0.487    3.202    3.251    6.615    7.190   14.524   14.610
            0.960000  0.160000  0.990000
   -2.877   -0.487    3.216    3.243    6.609    7.183   14.524   14.632
            0.960000  0.160000  1.000000
   -2.878   -0.487    3.225    3.237    6.607    7.181   14.524   14.640
