 &plot nbnd=   8, nks=   101 /
            0.380000  0.420000  0.000000
   -4.465    1.518    3.023    5.071    8.808    9.740   10.317   11.421
            0.380000  0.420000  0.010000
   -4.465    1.515    3.026    5.071    8.807    9.738   10.314   11.426
            0.380000  0.420000  0.020000
   -4.464    1.505    3.037    5.071    8.804    9.733   10.303   11.441
            0.380000  0.420000  0.030000
   -4.462    1.489    3.055    5.070    8.798    9.725   10.286   11.465
            0.380000  0.420000  0.040000
   -4.460    1.468    3.080    5.069    8.791    9.713   10.263   11.499
            0.380000  0.420000  0.050000
   -4.457    1.441    3.110    5.067    8.780    9.699   10.236   11.539
            0.380000  0.420000  0.060000
   -4.453    1.409    3.146    5.066    8.768    9.683   10.205   11.586
            0.380000  0.420000  0.070000
   -4.449    1.374    3.186    5.064    8.752    9.665   10.171   11.638
            0.380000  0.420000  0.080000
   -4.443    1.335    3.230    5.061    8.734    9.645   10.136   11.695
            0.380000  0.420000  0.090000
   -4.438    1.293    3.279    5.059    8.713    9.624   10.100   11.756
            0.380000  0.420000  0.100000
   -4.431    1.249    3.330    5.055    8.689    9.603   10.064   11.821
            0.380000  0.420000  0.110000
   -4.424    1.203    3.384    5.052    8.662    9.581   10.027   11.888
            0.380000  0.420000  0.120000
   -4.416    1.155    3.440    5.048    8.632    9.559    9.991   11.958
            0.380000  0.420000  0.130000
   -4.407    1.106    3.498    5.044    8.599    9.538    9.956   12.030
            0.380000  0.420000  0.140000
   -4.398    1.055    3.557    5.040    8.563    9.518    9.921   12.104
            0.380000  0.420000  0.150000
   -4.388    1.004    3.618    5.035    8.525    9.498    9.888   12.180
            0.380000  0.420000  0.160000
   -4.378    0.953    3.679    5.030    8.484    9.480    9.855   12.257
            0.380000  0.420000  0.170000
   -4.367    0.900    3.742    5.024    8.440    9.462    9.824   12.336
            0.380000  0.420000  0.180000
   -4.355    0.848    3.804    5.018    8.395    9.445    9.794   12.416
            0.380000  0.420000  0.190000
   -4.342    0.796    3.867    5.012    8.347    9.430    9.766   12.496
            0.380000  0.420000  0.200000
   -4.329    0.743    3.931    5.005    8.298    9.415    9.739   12.578
            0.380000  0.420000  0.210000
   -4.316    0.691    3.993    4.998    8.248    9.401    9.713   12.661
            0.380000  0.420000  0.220000
   -4.301    0.639    4.056    4.990    8.197    9.388    9.688   12.744
            0.380000  0.420000  0.230000
   -4.287    0.587    4.118    4.982    8.145    9.376    9.665   12.827
            0.380000  0.420000  0.240000
   -4.271    0.535    4.179    4.974    8.093    9.365    9.644   12.910
            0.380000  0.420000  0.250000
   -4.255    0.484    4.239    4.965    8.042    9.355    9.623   12.993
            0.380000  0.420000  0.260000
   -4.238    0.433    4.298    4.956    7.990    9.345    9.603   13.076
            0.380000  0.420000  0.270000
   -4.221    0.383    4.356    4.946    7.940    9.336    9.585   13.157
            0.380000  0.420000  0.280000
   -4.203    0.333    4.411    4.936    7.890    9.328    9.567   13.237
            0.380000  0.420000  0.290000
   -4.185    0.284    4.465    4.925    7.843    9.321    9.550   13.314
            0.380000  0.420000  0.300000
   -4.166    0.236    4.516    4.914    7.797    9.315    9.533   13.387
            0.380000  0.420000  0.310000
   -4.147    0.188    4.564    4.903    7.753    9.310    9.517   13.455
            0.380000  0.420000  0.320000
   -4.127    0.141    4.609    4.891    7.711    9.307    9.502   13.517
            0.380000  0.420000  0.330000
   -4.107    0.095    4.651    4.879    7.673    9.304    9.487   13.571
            0.380000  0.420000  0.340000
   -4.086    0.050    4.689    4.866    7.638    9.302    9.471   13.616
            0.380000  0.420000  0.350000
   -4.064    0.005    4.722    4.854    7.607    9.302    9.456   13.652
            0.380000  0.420000  0.360000
   -4.043   -0.038    4.751    4.841    7.580    9.302    9.441   13.678
            0.380000  0.420000  0.370000
   -4.021   -0.081    4.772    4.831    7.557    9.304    9.427   13.696
            0.380000  0.420000  0.380000
   -3.998   -0.123    4.783    4.826    7.539    9.308    9.412   13.708
            0.380000  0.420000  0.390000
   -3.975   -0.164    4.779    4.829    7.526    9.312    9.398   13.714
            0.380000  0.420000  0.400000
   -3.952   -0.203    4.766    4.835    7.518    9.316    9.384   13.717
            0.380000  0.420000  0.410000
   -3.929   -0.242    4.751    4.838    7.515    9.320    9.373   13.717
            0.380000  0.420000  0.420000
   -3.905   -0.280    4.734    4.837    7.517    9.320    9.366   13.715
            0.380000  0.420000  0.430000
   -3.881   -0.317    4.715    4.832    7.524    9.314    9.368   13.713
            0.380000  0.420000  0.440000
   -3.856   -0.352    4.695    4.822    7.536    9.303    9.376   13.710
            0.380000  0.420000  0.450000
   -3.832   -0.386    4.673    4.808    7.553    9.290    9.388   13.707
            0.380000  0.420000  0.460000
   -3.807   -0.420    4.649    4.791    7.575    9.275    9.403   13.704
            0.380000  0.420000  0.470000
   -3.782   -0.452    4.622    4.771    7.600    9.261    9.420   13.701
            0.380000  0.420000  0.480000
   -3.757   -0.482    4.593    4.750    7.629    9.247    9.438   13.698
            0.380000  0.420000  0.490000
   -3.732   -0.512    4.560    4.728    7.660    9.233    9.459   13.696
            0.380000  0.420000  0.500000
   -3.707   -0.540    4.523    4.705    7.695    9.221    9.481   13.694
            0.380000  0.420000  0.510000
   -3.682   -0.567    4.482    4.683    7.731    9.209    9.504   13.691
            0.380000  0.420000  0.520000
   -3.657   -0.592    4.436    4.661    7.769    9.199    9.530   13.689
            0.380000  0.420000  0.530000
   -3.632   -0.616    4.388    4.641    7.808    9.191    9.557   13.686
            0.380000  0.420000  0.540000
   -3.607   -0.638    4.336    4.620    7.847    9.184    9.585   13.683
            0.380000  0.420000  0.550000
   -3.583   -0.659    4.280    4.601    7.885    9.181    9.615   13.679
            0.380000  0.420000  0.560000
   -3.558   -0.678    4.223    4.582    7.923    9.180    9.647   13.675
            0.380000  0.420000  0.570000
   -3.534   -0.696    4.162    4.563    7.959    9.183    9.680   13.670
            0.380000  0.420000  0.580000
   -3.510   -0.712    4.100    4.545    7.993    9.190    9.714   13.664
            0.380000  0.420000  0.590000
   -3.487   -0.727    4.036    4.528    8.024    9.201    9.750   13.657
            0.380000  0.420000  0.600000
   -3.464   -0.740    3.971    4.510    8.052    9.217    9.788   13.649
            0.380000  0.420000  0.610000
   -3.441   -0.751    3.904    4.493    8.076    9.237    9.827   13.641
            0.380000  0.420000  0.620000
   -3.419   -0.761    3.836    4.477    8.097    9.263    9.868   13.631
            0.380000  0.420000  0.630000
   -3.397   -0.768    3.767    4.461    8.113    9.294    9.910   13.621
            0.380000  0.420000  0.640000
   -3.376   -0.774    3.698    4.445    8.126    9.329    9.953   13.610
            0.380000  0.420000  0.650000
   -3.356   -0.778    3.628    4.429    8.135    9.370    9.999   13.598
            0.380000  0.420000  0.660000
   -3.336   -0.781    3.557    4.414    8.141    9.415   10.045   13.586
            0.380000  0.420000  0.670000
   -3.317   -0.781    3.486    4.399    8.143    9.464   10.093   13.574
            0.380000  0.420000  0.680000
   -3.298   -0.780    3.415    4.384    8.143    9.517   10.142   13.560
            0.380000  0.420000  0.690000
   -3.281   -0.777    3.344    4.369    8.140    9.573   10.193   13.547
            0.380000  0.420000  0.700000
   -3.264   -0.772    3.273    4.355    8.135    9.631   10.245   13.533
            0.380000  0.420000  0.710000
   -3.247   -0.765    3.202    4.342    8.128    9.693   10.299   13.520
            0.380000  0.420000  0.720000
   -3.232   -0.757    3.131    4.328    8.120    9.756   10.353   13.506
            0.380000  0.420000  0.730000
   -3.218   -0.747    3.060    4.315    8.111    9.822   10.410   13.492
            0.380000  0.420000  0.740000
   -3.204   -0.735    2.990    4.303    8.101    9.888   10.467   13.477
            0.380000  0.420000  0.750000
   -3.191   -0.722    2.921    4.291    8.090    9.957   10.526   13.463
            0.380000  0.420000  0.760000
   -3.178   -0.707    2.852    4.279    8.079   10.026   10.586   13.449
            0.380000  0.420000  0.770000
   -3.167   -0.691    2.784    4.268    8.067   10.096   10.648   13.435
            0.380000  0.420000  0.780000
   -3.156   -0.673    2.717    4.257    8.055   10.167   10.710   13.420
            0.380000  0.420000  0.790000
   -3.146   -0.654    2.651    4.246    8.043   10.238   10.774   13.405
            0.380000  0.420000  0.800000
   -3.137   -0.634    2.586    4.236    8.032   10.310   10.839   13.390
            0.380000  0.420000  0.810000
   -3.129   -0.613    2.522    4.226    8.020   10.382   10.905   13.374
            0.380000  0.420000  0.820000
   -3.121   -0.592    2.460    4.217    8.008   10.454   10.972   13.357
            0.380000  0.420000  0.830000
   -3.114   -0.569    2.399    4.208    7.997   10.527   11.040   13.337
            0.380000  0.420000  0.840000
   -3.107   -0.546    2.340    4.200    7.987   10.599   11.109   13.313
            0.380000  0.420000  0.850000
   -3.101   -0.522    2.283    4.192    7.976   10.671   11.178   13.283
            0.380000  0.420000  0.860000
   -3.096   -0.499    2.228    4.185    7.966   10.742   11.248   13.244
            0.380000  0.420000  0.870000
   -3.091   -0.475    2.175    4.178    7.957   10.813   11.318   13.193
            0.380000  0.420000  0.880000
   -3.087   -0.451    2.125    4.172    7.948   10.883   11.388   13.132
            0.380000  0.420000  0.890000
   -3.083   -0.429    2.077    4.166    7.940   10.952   11.458   13.065
            0.380000  0.420000  0.900000
   -3.079   -0.406    2.033    4.160    7.933   11.019   11.528   12.993
            0.380000  0.420000  0.910000
   -3.076   -0.385    1.991    4.156    7.926   11.085   11.598   12.921
            0.380000  0.420000  0.920000
   -3.073   -0.365    1.953    4.151    7.919   11.148   11.666   12.848
            0.380000  0.420000  0.930000
   -3.071   -0.347    1.919    4.147    7.914   11.209   11.733   12.777
            0.380000  0.420000  0.940000
   -3.069   -0.330    1.888    4.144    7.909   11.265   11.797   12.707
            0.380000  0.420000  0.950000
   -3.068   -0.315    1.862    4.141    7.905   11.317   11.859   12.641
            0.380000  0.420000  0.960000
   -3.066   -0.303    1.840    4.139    7.902   11.362   11.917   12.579
            0.380000  0.420000  0.970000
   -3.065   -0.293    1.823    4.137    7.899   11.399   11.969   12.524
            0.380000  0.420000  0.980000
   -3.065   -0.286    1.811    4.136    7.897   11.428   12.012   12.478
            0.380000  0.420000  0.990000
   -3.064   -0.282    1.803    4.135    7.896   11.445   12.041   12.447
            0.380000  0.420000  1.000000
   -3.064   -0.280    1.800    4.135    7.896   11.451   12.052   12.435
