 &plot nbnd=   8, nks=   101 /
            0.490000  0.640000  0.000000
   -3.273   -0.038    1.977    4.048    8.466   10.448   11.361   12.389
            0.490000  0.640000  0.010000
   -3.272   -0.040    1.979    4.049    8.467   10.441   11.369   12.383
            0.490000  0.640000  0.020000
   -3.272   -0.045    1.987    4.050    8.468   10.422   11.390   12.367
            0.490000  0.640000  0.030000
   -3.272   -0.054    1.999    4.051    8.469   10.391   11.424   12.339
            0.490000  0.640000  0.040000
   -3.272   -0.065    2.016    4.053    8.471   10.351   11.467   12.303
            0.490000  0.640000  0.050000
   -3.272   -0.080    2.038    4.056    8.474   10.304   11.519   12.260
            0.490000  0.640000  0.060000
   -3.271   -0.098    2.064    4.059    8.477   10.252   11.575   12.213
            0.490000  0.640000  0.070000
   -3.271   -0.119    2.095    4.063    8.480   10.197   11.633   12.162
            0.490000  0.640000  0.080000
   -3.270   -0.141    2.129    4.068    8.485   10.138   11.690   12.114
            0.490000  0.640000  0.090000
   -3.270   -0.166    2.166    4.073    8.489   10.078   11.738   12.074
            0.490000  0.640000  0.100000
   -3.270   -0.192    2.207    4.079    8.494   10.017   11.763   12.058
            0.490000  0.640000  0.110000
   -3.269   -0.220    2.251    4.085    8.500    9.955   11.752   12.077
            0.490000  0.640000  0.120000
   -3.269   -0.248    2.297    4.093    8.506    9.894   11.712   12.126
            0.490000  0.640000  0.130000
   -3.269   -0.278    2.346    4.100    8.512    9.832   11.654   12.193
            0.490000  0.640000  0.140000
   -3.268   -0.308    2.396    4.108    8.518    9.770   11.589   12.268
            0.490000  0.640000  0.150000
   -3.268   -0.339    2.449    4.117    8.525    9.710   11.519   12.348
            0.490000  0.640000  0.160000
   -3.269   -0.370    2.504    4.127    8.531    9.650   11.447   12.432
            0.490000  0.640000  0.170000
   -3.269   -0.401    2.559    4.137    8.537    9.591   11.373   12.517
            0.490000  0.640000  0.180000
   -3.269   -0.431    2.617    4.148    8.543    9.534   11.299   12.605
            0.490000  0.640000  0.190000
   -3.270   -0.462    2.675    4.159    8.549    9.479   11.224   12.693
            0.490000  0.640000  0.200000
   -3.271   -0.491    2.734    4.171    8.553    9.425   11.148   12.782
            0.490000  0.640000  0.210000
   -3.273   -0.520    2.794    4.183    8.557    9.374   11.073   12.872
            0.490000  0.640000  0.220000
   -3.274   -0.549    2.854    4.196    8.559    9.325   10.998   12.963
            0.490000  0.640000  0.230000
   -3.277   -0.576    2.915    4.210    8.560    9.279   10.924   13.053
            0.490000  0.640000  0.240000
   -3.279   -0.602    2.977    4.224    8.558    9.237   10.850   13.144
            0.490000  0.640000  0.250000
   -3.282   -0.628    3.038    4.239    8.553    9.199   10.776   13.234
            0.490000  0.640000  0.260000
   -3.286   -0.651    3.099    4.255    8.545    9.166   10.703   13.323
            0.490000  0.640000  0.270000
   -3.290   -0.674    3.161    4.271    8.533    9.138   10.631   13.411
            0.490000  0.640000  0.280000
   -3.295   -0.695    3.221    4.288    8.516    9.116   10.560   13.497
            0.490000  0.640000  0.290000
   -3.300   -0.714    3.282    4.305    8.496    9.099   10.490   13.580
            0.490000  0.640000  0.300000
   -3.306   -0.732    3.342    4.323    8.472    9.087   10.421   13.659
            0.490000  0.640000  0.310000
   -3.312   -0.749    3.401    4.342    8.444    9.080   10.354   13.732
            0.490000  0.640000  0.320000
   -3.319   -0.763    3.459    4.361    8.413    9.078   10.287   13.797
            0.490000  0.640000  0.330000
   -3.327   -0.776    3.516    4.381    8.380    9.079   10.222   13.852
            0.490000  0.640000  0.340000
   -3.336   -0.787    3.572    4.401    8.345    9.084   10.159   13.895
            0.490000  0.640000  0.350000
   -3.345   -0.796    3.626    4.422    8.308    9.091   10.097   13.926
            0.490000  0.640000  0.360000
   -3.355   -0.803    3.680    4.444    8.271    9.101   10.037   13.947
            0.490000  0.640000  0.370000
   -3.366   -0.809    3.731    4.465    8.233    9.112    9.978   13.959
            0.490000  0.640000  0.380000
   -3.377   -0.812    3.781    4.488    8.195    9.125    9.921   13.964
            0.490000  0.640000  0.390000
   -3.389   -0.814    3.829    4.510    8.158    9.139    9.867   13.965
            0.490000  0.640000  0.400000
   -3.402   -0.813    3.875    4.532    8.121    9.154    9.814   13.962
            0.490000  0.640000  0.410000
   -3.415   -0.811    3.919    4.555    8.085    9.170    9.764   13.956
            0.490000  0.640000  0.420000
   -3.429   -0.807    3.961    4.577    8.051    9.186    9.717   13.948
            0.490000  0.640000  0.430000
   -3.444   -0.801    4.001    4.599    8.017    9.202    9.671   13.939
            0.490000  0.640000  0.440000
   -3.459   -0.793    4.039    4.619    7.986    9.218    9.629   13.928
            0.490000  0.640000  0.450000
   -3.475   -0.783    4.076    4.639    7.956    9.234    9.590   13.917
            0.490000  0.640000  0.460000
   -3.491   -0.771    4.110    4.658    7.928    9.249    9.554   13.905
            0.490000  0.640000  0.470000
   -3.508   -0.758    4.142    4.675    7.902    9.262    9.522   13.892
            0.490000  0.640000  0.480000
   -3.525   -0.742    4.173    4.690    7.879    9.273    9.496   13.879
            0.490000  0.640000  0.490000
   -3.542   -0.725    4.202    4.703    7.858    9.280    9.476   13.866
            0.490000  0.640000  0.500000
   -3.560   -0.707    4.229    4.714    7.840    9.283    9.463   13.851
            0.490000  0.640000  0.510000
   -3.578   -0.686    4.255    4.721    7.825    9.280    9.458   13.836
            0.490000  0.640000  0.520000
   -3.597   -0.664    4.279    4.726    7.813    9.272    9.461   13.820
            0.490000  0.640000  0.530000
   -3.615   -0.641    4.301    4.728    7.804    9.261    9.469   13.801
            0.490000  0.640000  0.540000
   -3.634   -0.616    4.322    4.727    7.798    9.249    9.482   13.780
            0.490000  0.640000  0.550000
   -3.653   -0.589    4.342    4.722    7.795    9.237    9.497   13.756
            0.490000  0.640000  0.560000
   -3.672   -0.561    4.360    4.714    7.796    9.225    9.514   13.727
            0.490000  0.640000  0.570000
   -3.691   -0.532    4.377    4.702    7.799    9.215    9.532   13.693
            0.490000  0.640000  0.580000
   -3.710   -0.501    4.392    4.688    7.806    9.205    9.552   13.654
            0.490000  0.640000  0.590000
   -3.730   -0.469    4.405    4.671    7.816    9.198    9.572   13.607
            0.490000  0.640000  0.600000
   -3.749   -0.436    4.416    4.652    7.829    9.192    9.594   13.554
            0.490000  0.640000  0.610000
   -3.767   -0.402    4.423    4.632    7.844    9.187    9.617   13.495
            0.490000  0.640000  0.620000
   -3.786   -0.366    4.425    4.612    7.863    9.184    9.640   13.429
            0.490000  0.640000  0.630000
   -3.805   -0.329    4.422    4.595    7.884    9.183    9.665   13.359
            0.490000  0.640000  0.640000
   -3.823   -0.291    4.409    4.582    7.907    9.182    9.691   13.283
            0.490000  0.640000  0.650000
   -3.842   -0.252    4.388    4.575    7.932    9.182    9.718   13.204
            0.490000  0.640000  0.660000
   -3.860   -0.212    4.358    4.574    7.960    9.184    9.747   13.122
            0.490000  0.640000  0.670000
   -3.877   -0.171    4.321    4.575    7.989    9.186    9.777   13.038
            0.490000  0.640000  0.680000
   -3.895   -0.129    4.279    4.579    8.021    9.188    9.809   12.952
            0.490000  0.640000  0.690000
   -3.912   -0.087    4.234    4.583    8.053    9.191    9.843   12.865
            0.490000  0.640000  0.700000
   -3.928   -0.043    4.185    4.589    8.088    9.194    9.878   12.777
            0.490000  0.640000  0.710000
   -3.945    0.001    4.134    4.594    8.124    9.198    9.915   12.688
            0.490000  0.640000  0.720000
   -3.961    0.046    4.081    4.600    8.161    9.201    9.954   12.599
            0.490000  0.640000  0.730000
   -3.976    0.092    4.026    4.605    8.199    9.205    9.995   12.510
            0.490000  0.640000  0.740000
   -3.991    0.139    3.970    4.610    8.238    9.208   10.038   12.421
            0.490000  0.640000  0.750000
   -4.006    0.185    3.913    4.615    8.279    9.211   10.082   12.333
            0.490000  0.640000  0.760000
   -4.020    0.233    3.855    4.620    8.320    9.214   10.128   12.245
            0.490000  0.640000  0.770000
   -4.034    0.281    3.796    4.624    8.362    9.217   10.176   12.158
            0.490000  0.640000  0.780000
   -4.047    0.329    3.736    4.628    8.404    9.219   10.225   12.071
            0.490000  0.640000  0.790000
   -4.060    0.377    3.676    4.631    8.448    9.222   10.275   11.986
            0.490000  0.640000  0.800000
   -4.072    0.426    3.616    4.635    8.491    9.224   10.326   11.902
            0.490000  0.640000  0.810000
   -4.084    0.475    3.556    4.638    8.535    9.226   10.379   11.819
            0.490000  0.640000  0.820000
   -4.095    0.523    3.496    4.641    8.580    9.228   10.431   11.738
            0.490000  0.640000  0.830000
   -4.106    0.572    3.437    4.643    8.624    9.231   10.485   11.659
            0.490000  0.640000  0.840000
   -4.116    0.620    3.378    4.645    8.668    9.233   10.538   11.582
            0.490000  0.640000  0.850000
   -4.125    0.668    3.321    4.647    8.712    9.236   10.591   11.507
            0.490000  0.640000  0.860000
   -4.134    0.715    3.264    4.649    8.755    9.239   10.644   11.434
            0.490000  0.640000  0.870000
   -4.142    0.761    3.209    4.651    8.797    9.242   10.694   11.366
            0.490000  0.640000  0.880000
   -4.150    0.806    3.155    4.652    8.838    9.246   10.743   11.301
            0.490000  0.640000  0.890000
   -4.157    0.850    3.103    4.653    8.877    9.252   10.787   11.243
            0.490000  0.640000  0.900000
   -4.164    0.892    3.054    4.655    8.913    9.258   10.825   11.192
            0.490000  0.640000  0.910000
   -4.170    0.932    3.007    4.655    8.947    9.266   10.852   11.154
            0.490000  0.640000  0.920000
   -4.175    0.969    2.963    4.656    8.977    9.275   10.863   11.133
            0.490000  0.640000  0.930000
   -4.180    1.004    2.923    4.657    9.004    9.285   10.857   11.130
            0.490000  0.640000  0.940000
   -4.184    1.035    2.886    4.658    9.026    9.297   10.838   11.143
            0.490000  0.640000  0.950000
   -4.187    1.063    2.855    4.658    9.044    9.309   10.812   11.162
            0.490000  0.640000  0.960000
   -4.190    1.086    2.828    4.658    9.058    9.321   10.787   11.183
            0.490000  0.640000  0.970000
   -4.192    1.105    2.806    4.659    9.068    9.331   10.765   11.201
            0.490000  0.640000  0.980000
   -4.194    1.119    2.791    4.659    9.075    9.340   10.748   11.216
            0.490000  0.640000  0.990000
   -4.195    1.127    2.781    4.659    9.079    9.345   10.737   11.225
            0.490000  0.640000  1.000000
   -4.195    1.130    2.778    4.659    9.080    9.347   10.733   11.228
