 &plot nbnd=   8, nks=   101 /
            0.540000  0.770000  0.000000
   -2.570   -0.715    1.763    3.366    8.515   10.847   11.481   12.224
            0.540000  0.770000  0.010000
   -2.571   -0.715    1.764    3.366    8.515   10.837   11.492   12.225
            0.540000  0.770000  0.020000
   -2.573   -0.716    1.769    3.368    8.516   10.809   11.521   12.227
            0.540000  0.770000  0.030000
   -2.576   -0.717    1.777    3.371    8.518   10.767   11.565   12.231
            0.540000  0.770000  0.040000
   -2.581   -0.718    1.788    3.376    8.521   10.715   11.619   12.237
            0.540000  0.770000  0.050000
   -2.587   -0.720    1.801    3.381    8.525   10.657   11.680   12.246
            0.540000  0.770000  0.060000
   -2.594   -0.723    1.818    3.388    8.529   10.594   11.744   12.257
            0.540000  0.770000  0.070000
   -2.603   -0.725    1.837    3.396    8.535   10.528   11.811   12.271
            0.540000  0.770000  0.080000
   -2.613   -0.727    1.859    3.405    8.541   10.461   11.877   12.289
            0.540000  0.770000  0.090000
   -2.625   -0.730    1.884    3.415    8.547   10.394   11.942   12.312
            0.540000  0.770000  0.100000
   -2.638   -0.732    1.911    3.427    8.555   10.325   12.002   12.342
            0.540000  0.770000  0.110000
   -2.652   -0.734    1.940    3.440    8.563   10.257   12.055   12.381
            0.540000  0.770000  0.120000
   -2.667   -0.736    1.971    3.455    8.572   10.188   12.101   12.429
            0.540000  0.770000  0.130000
   -2.684   -0.737    2.004    3.470    8.582   10.120   12.139   12.484
            0.540000  0.770000  0.140000
   -2.702   -0.738    2.039    3.487    8.593   10.052   12.171   12.545
            0.540000  0.770000  0.150000
   -2.721   -0.738    2.076    3.506    8.604    9.985   12.198   12.602
            0.540000  0.770000  0.160000
   -2.742   -0.738    2.114    3.525    8.616    9.919   12.222   12.637
            0.540000  0.770000  0.170000
   -2.763   -0.736    2.153    3.546    8.629    9.853   12.245   12.615
            0.540000  0.770000  0.180000
   -2.786   -0.734    2.193    3.569    8.642    9.789   12.266   12.550
            0.540000  0.770000  0.190000
   -2.810   -0.731    2.234    3.593    8.656    9.725   12.286   12.470
            0.540000  0.770000  0.200000
   -2.835   -0.727    2.276    3.618    8.671    9.663   12.304   12.386
            0.540000  0.770000  0.210000
   -2.861   -0.722    2.319    3.644    8.686    9.601   12.286   12.336
            0.540000  0.770000  0.220000
   -2.888   -0.715    2.362    3.672    8.701    9.541   12.202   12.352
            0.540000  0.770000  0.230000
   -2.916   -0.708    2.406    3.702    8.717    9.482   12.113   12.373
            0.540000  0.770000  0.240000
   -2.944   -0.700    2.450    3.733    8.733    9.425   12.022   12.394
            0.540000  0.770000  0.250000
   -2.974   -0.690    2.494    3.765    8.749    9.369   11.932   12.416
            0.540000  0.770000  0.260000
   -3.004   -0.679    2.539    3.798    8.764    9.316   11.842   12.439
            0.540000  0.770000  0.270000
   -3.035   -0.667    2.583    3.833    8.779    9.265   11.751   12.463
            0.540000  0.770000  0.280000
   -3.066   -0.654    2.627    3.869    8.793    9.217   11.661   12.488
            0.540000  0.770000  0.290000
   -3.098   -0.640    2.671    3.906    8.804    9.174   11.571   12.513
            0.540000  0.770000  0.300000
   -3.131   -0.624    2.715    3.944    8.811    9.136   11.482   12.539
            0.540000  0.770000  0.310000
   -3.163   -0.608    2.759    3.983    8.813    9.106   11.393   12.566
            0.540000  0.770000  0.320000
   -3.197   -0.590    2.802    4.023    8.807    9.086   11.304   12.594
            0.540000  0.770000  0.330000
   -3.230   -0.571    2.845    4.064    8.792    9.076   11.216   12.622
            0.540000  0.770000  0.340000
   -3.264   -0.551    2.888    4.106    8.769    9.076   11.128   12.651
            0.540000  0.770000  0.350000
   -3.298   -0.530    2.930    4.148    8.740    9.085   11.042   12.682
            0.540000  0.770000  0.360000
   -3.332   -0.507    2.972    4.191    8.708    9.099   10.956   12.713
            0.540000  0.770000  0.370000
   -3.366   -0.484    3.014    4.234    8.673    9.117   10.870   12.745
            0.540000  0.770000  0.380000
   -3.401   -0.460    3.055    4.276    8.638    9.137   10.786   12.777
            0.540000  0.770000  0.390000
   -3.435   -0.434    3.095    4.319    8.603    9.160   10.703   12.811
            0.540000  0.770000  0.400000
   -3.470   -0.408    3.136    4.362    8.569    9.184   10.620   12.845
            0.540000  0.770000  0.410000
   -3.504   -0.380    3.176    4.404    8.536    9.210   10.539   12.881
            0.540000  0.770000  0.420000
   -3.538   -0.352    3.216    4.446    8.504    9.236   10.459   12.917
            0.540000  0.770000  0.430000
   -3.572   -0.322    3.255    4.487    8.473    9.263   10.380   12.954
            0.540000  0.770000  0.440000
   -3.606   -0.292    3.294    4.526    8.444    9.291   10.303   12.992
            0.540000  0.770000  0.450000
   -3.640   -0.260    3.333    4.565    8.417    9.319   10.227   13.031
            0.540000  0.770000  0.460000
   -3.673   -0.228    3.371    4.602    8.392    9.348   10.153   13.071
            0.540000  0.770000  0.470000
   -3.707   -0.194    3.410    4.638    8.369    9.377   10.080   13.111
            0.540000  0.770000  0.480000
   -3.740   -0.160    3.448    4.671    8.348    9.406   10.010   13.153
            0.540000  0.770000  0.490000
   -3.772   -0.125    3.486    4.703    8.329    9.435    9.942   13.194
            0.540000  0.770000  0.500000
   -3.805   -0.089    3.523    4.732    8.312    9.464    9.876   13.237
            0.540000  0.770000  0.510000
   -3.837   -0.052    3.560    4.759    8.298    9.491    9.814   13.278
            0.540000  0.770000  0.520000
   -3.868   -0.015    3.598    4.783    8.285    9.517    9.756   13.318
            0.540000  0.770000  0.530000
   -3.899    0.024    3.634    4.805    8.275    9.538    9.706   13.351
            0.540000  0.770000  0.540000
   -3.930    0.063    3.671    4.824    8.267    9.545    9.672   13.353
            0.540000  0.770000  0.550000
   -3.960    0.103    3.707    4.839    8.260    9.528    9.666   13.296
            0.540000  0.770000  0.560000
   -3.990    0.144    3.744    4.852    8.255    9.492    9.681   13.206
            0.540000  0.770000  0.570000
   -4.019    0.186    3.779    4.861    8.252    9.451    9.705   13.109
            0.540000  0.770000  0.580000
   -4.048    0.229    3.815    4.867    8.251    9.410    9.732   13.009
            0.540000  0.770000  0.590000
   -4.077    0.272    3.850    4.870    8.250    9.372    9.760   12.909
            0.540000  0.770000  0.600000
   -4.104    0.316    3.885    4.869    8.250    9.337    9.790   12.808
            0.540000  0.770000  0.610000
   -4.132    0.360    3.920    4.865    8.251    9.306    9.819   12.709
            0.540000  0.770000  0.620000
   -4.158    0.405    3.954    4.858    8.252    9.280    9.848   12.609
            0.540000  0.770000  0.630000
   -4.184    0.451    3.988    4.847    8.253    9.258    9.878   12.511
            0.540000  0.770000  0.640000
   -4.210    0.498    4.022    4.833    8.254    9.241    9.908   12.414
            0.540000  0.770000  0.650000
   -4.235    0.545    4.055    4.816    8.254    9.230    9.937   12.317
            0.540000  0.770000  0.660000
   -4.259    0.593    4.087    4.797    8.253    9.223    9.967   12.222
            0.540000  0.770000  0.670000
   -4.283    0.641    4.119    4.774    8.251    9.222    9.996   12.127
            0.540000  0.770000  0.680000
   -4.306    0.690    4.150    4.749    8.249    9.225   10.025   12.034
            0.540000  0.770000  0.690000
   -4.329    0.739    4.181    4.721    8.245    9.233   10.055   11.942
            0.540000  0.770000  0.700000
   -4.350    0.789    4.211    4.690    8.241    9.246   10.084   11.852
            0.540000  0.770000  0.710000
   -4.372    0.839    4.240    4.658    8.237    9.262   10.114   11.763
            0.540000  0.770000  0.720000
   -4.392    0.890    4.268    4.624    8.232    9.281   10.144   11.675
            0.540000  0.770000  0.730000
   -4.412    0.941    4.294    4.588    8.227    9.303   10.173   11.589
            0.540000  0.770000  0.740000
   -4.431    0.992    4.319    4.552    8.222    9.327   10.204   11.504
            0.540000  0.770000  0.750000
   -4.450    1.044    4.340    4.517    8.218    9.354   10.234   11.422
            0.540000  0.770000  0.760000
   -4.468    1.096    4.354    4.486    8.214    9.381   10.265   11.341
            0.540000  0.770000  0.770000
   -4.485    1.148    4.353    4.468    8.211    9.409   10.297   11.262
            0.540000  0.770000  0.780000
   -4.501    1.200    4.332    4.469    8.209    9.438   10.329   11.185
            0.540000  0.770000  0.790000
   -4.517    1.253    4.296    4.481    8.208    9.466   10.362   11.111
            0.540000  0.770000  0.800000
   -4.532    1.305    4.254    4.498    8.208    9.494   10.395   11.039
            0.540000  0.770000  0.810000
   -4.546    1.357    4.209    4.517    8.209    9.521   10.428   10.970
            0.540000  0.770000  0.820000
   -4.560    1.409    4.163    4.536    8.212    9.546   10.462   10.905
            0.540000  0.770000  0.830000
   -4.573    1.460    4.115    4.554    8.215    9.570   10.494   10.844
            0.540000  0.770000  0.840000
   -4.585    1.511    4.067    4.572    8.219    9.592   10.525   10.788
            0.540000  0.770000  0.850000
   -4.597    1.561    4.019    4.589    8.225    9.613   10.549   10.743
            0.540000  0.770000  0.860000
   -4.607    1.611    3.971    4.605    8.231    9.630   10.558   10.715
            0.540000  0.770000  0.870000
   -4.617    1.660    3.924    4.620    8.238    9.646   10.545   10.715
            0.540000  0.770000  0.880000
   -4.627    1.707    3.877    4.634    8.246    9.659   10.514   10.735
            0.540000  0.770000  0.890000
   -4.635    1.753    3.832    4.647    8.254    9.670   10.478   10.764
            0.540000  0.770000  0.900000
   -4.643    1.797    3.788    4.659    8.263    9.678   10.443   10.796
            0.540000  0.770000  0.910000
   -4.650    1.839    3.746    4.670    8.271    9.684   10.409   10.828
            0.540000  0.770000  0.920000
   -4.657    1.878    3.707    4.680    8.280    9.688   10.379   10.860
            0.540000  0.770000  0.930000
   -4.662    1.914    3.670    4.688    8.288    9.690   10.353   10.890
            0.540000  0.770000  0.940000
   -4.667    1.947    3.637    4.696    8.296    9.690   10.330   10.917
            0.540000  0.770000  0.950000
   -4.671    1.977    3.607    4.702    8.303    9.690   10.311   10.941
            0.540000  0.770000  0.960000
   -4.674    2.001    3.583    4.707    8.309    9.689   10.296   10.962
            0.540000  0.770000  0.970000
   -4.677    2.021    3.562    4.711    8.314    9.687   10.284   10.979
            0.540000  0.770000  0.980000
   -4.679    2.036    3.548    4.714    8.318    9.686   10.276   10.991
            0.540000  0.770000  0.990000
   -4.680    2.044    3.539    4.716    8.320    9.685   10.272   10.999
            0.540000  0.770000  1.000000
   -4.680    2.047    3.536    4.717    8.321    9.685   10.270   11.001
