 &plot nbnd=   8, nks=    81 /
            0.975000  0.075000 -1.000000
   -2.901   -1.866    2.474    2.476    5.846    6.113   13.752   13.786
            0.975000  0.075000 -0.975000
   -2.900   -1.866    2.452    2.486    5.857    6.127   13.749   13.749
            0.975000  0.075000 -0.950000
   -2.897   -1.866    2.417    2.483    5.892    6.168   13.643   13.739
            0.975000  0.075000 -0.925000
   -2.891   -1.865    2.371    2.468    5.950    6.236   13.479   13.722
            0.975000  0.075000 -0.900000
   -2.884   -1.865    2.317    2.442    6.030    6.328   13.273   13.692
            0.975000  0.075000 -0.875000
   -2.874   -1.864    2.256    2.407    6.131    6.441   13.037   13.645
            0.975000  0.075000 -0.850000
   -2.863   -1.863    2.190    2.364    6.251    6.573   12.781   13.570
            0.975000  0.075000 -0.825000
   -2.850   -1.863    2.120    2.315    6.389    6.723   12.511   13.455
            0.975000  0.075000 -0.800000
   -2.836   -1.863    2.049    2.264    6.543    6.888   12.232   13.291
            0.975000  0.075000 -0.775000
   -2.820   -1.864    1.978    2.211    6.711    7.067   11.948   13.081
            0.975000  0.075000 -0.750000
   -2.802   -1.866    1.908    2.159    6.893    7.257   11.661   12.837
            0.975000  0.075000 -0.725000
   -2.784   -1.868    1.840    2.110    7.087    7.459   11.372   12.572
            0.975000  0.075000 -0.700000
   -2.765   -1.872    1.776    2.063    7.291    7.671   11.084   12.295
            0.975000  0.075000 -0.675000
   -2.745   -1.877    1.715    2.022    7.505    7.891   10.796   12.012
            0.975000  0.075000 -0.650000
   -2.726   -1.883    1.659    1.986    7.728    8.120   10.511   11.725
            0.975000  0.075000 -0.625000
   -2.706   -1.891    1.608    1.957    7.958    8.355   10.229   11.438
            0.975000  0.075000 -0.600000
   -2.686   -1.901    1.563    1.935    8.196    8.596    9.951   11.152
            0.975000  0.075000 -0.575000
   -2.667   -1.912    1.524    1.920    8.440    8.841    9.679   10.869
            0.975000  0.075000 -0.550000
   -2.648   -1.925    1.492    1.913    8.689    9.075    9.429   10.590
            0.975000  0.075000 -0.525000
   -2.631   -1.939    1.468    1.914    8.931    9.099    9.409   10.317
            0.975000  0.075000 -0.500000
   -2.614   -1.954    1.451    1.922    8.837    9.210    9.641   10.060
            0.975000  0.075000 -0.475000
   -2.600   -1.971    1.442    1.938    8.589    9.437    9.763    9.969
            0.975000  0.075000 -0.450000
   -2.587   -1.989    1.441    1.961    8.342    9.420    9.816   10.211
            0.975000  0.075000 -0.425000
   -2.575   -2.007    1.449    1.991    8.099    9.191   10.065   10.485
            0.975000  0.075000 -0.400000
   -2.566   -2.026    1.464    2.026    7.863    8.944   10.338   10.766
            0.975000  0.075000 -0.375000
   -2.558   -2.045    1.488    2.067    7.635    8.697   10.618   11.050
            0.975000  0.075000 -0.350000
   -2.552   -2.064    1.520    2.113    7.416    8.454   10.903   11.337
            0.975000  0.075000 -0.325000
   -2.548   -2.083    1.559    2.161    7.206    8.218   11.190   11.625
            0.975000  0.075000 -0.300000
   -2.545   -2.101    1.605    2.212    7.008    7.987   11.478   11.912
            0.975000  0.075000 -0.275000
   -2.544   -2.118    1.659    2.264    6.821    7.764   11.767   12.198
            0.975000  0.075000 -0.250000
   -2.544   -2.134    1.718    2.315    6.649    7.549   12.054   12.478
            0.975000  0.075000 -0.225000
   -2.545   -2.150    1.783    2.364    6.492    7.342   12.338   12.749
            0.975000  0.075000 -0.200000
   -2.547   -2.164    1.852    2.408    6.352    7.146   12.617   13.004
            0.975000  0.075000 -0.175000
   -2.549   -2.176    1.924    2.447    6.231    6.959   12.885   13.234
            0.975000  0.075000 -0.150000
   -2.552   -2.187    1.999    2.476    6.131    6.784   13.137   13.427
            0.975000  0.075000 -0.125000
   -2.554   -2.197    2.075    2.496    6.054    6.622   13.366   13.574
            0.975000  0.075000 -0.100000
   -2.556   -2.205    2.150    2.504    6.002    6.475   13.559   13.679
            0.975000  0.075000 -0.075000
   -2.558   -2.211    2.223    2.499    5.974    6.344   13.697   13.760
            0.975000  0.075000 -0.050000
   -2.560   -2.215    2.291    2.481    5.972    6.231   13.761   13.843
            0.975000  0.075000 -0.025000
   -2.561   -2.218    2.353    2.449    5.991    6.142   13.787   13.900
            0.975000  0.075000  0.000000
   -2.561   -2.219    2.403    2.409    6.012    6.098   13.794   13.919
            0.975000  0.075000  0.025000
   -2.561   -2.218    2.353    2.449    5.991    6.142   13.787   13.900
            0.975000  0.075000  0.050000
   -2.560   -2.215    2.291    2.481    5.972    6.231   13.761   13.843
            0.975000  0.075000  0.075000
   -2.558   -2.211    2.223    2.499    5.974    6.344   13.697   13.760
            0.975000  0.075000  0.100000
   -2.556   -2.205    2.150    2.504    6.002    6.475   13.559   13.679
            0.975000  0.075000  0.125000
   -2.554   -2.197    2.075    2.496    6.054    6.622   13.366   13.574
            0.975000  0.075000  0.150000
   -2.552   -2.187    1.999    2.476    6.131    6.784   13.137   13.427
            0.975000  0.075000  0.175000
   -2.549   -2.176    1.924    2.447    6.231    6.959   12.885   13.234
            0.975000  0.075000  0.200000
   -2.547   -2.164    1.852    2.408    6.352    7.146   12.617   13.004
            0.975000  0.075000  0.225000
   -2.545   -2.150    1.783    2.364    6.492    7.342   12.338   12.749
            0.975000  0.075000  0.250000
   -2.544   -2.134    1.718    2.315    6.649    7.549   12.054   12.478
            0.975000  0.075000  0.275000
   -2.544   -2.118    1.659    2.264    6.821    7.764   11.767   12.198
            0.975000  0.075000  0.300000
   -2.545   -2.101    1.605    2.212    7.008    7.987   11.478   11.912
            0.975000  0.075000  0.325000
   -2.548   -2.083    1.559    2.161    7.206    8.218   11.190   11.625
            0.975000  0.075000  0.350000
   -2.552   -2.064    1.520    2.113    7.416    8.454   10.903   11.337
            0.975000  0.075000  0.375000
   -2.558   -2.045    1.488    2.067    7.635    8.697   10.618   11.050
            0.975000  0.075000  0.400000
   -2.566   -2.026    1.464    2.026    7.863    8.944   10.338   10.766
            0.975000  0.075000  0.425000
   -2.575   -2.007    1.449    1.991    8.099    9.191   10.065   10.485
            0.975000  0.075000  0.450000
   -2.587   -1.989    1.441    1.961    8.342    9.420    9.816   10.211
            0.975000  0.075000  0.475000
   -2.600   -1.971    1.442    1.938    8.589    9.437    9.763    9.969
            0.975000  0.075000  0.500000
   -2.614   -1.954    1.451    1.922    8.837    9.210    9.641   10.060
            0.975000  0.075000  0.525000
   -2.631   -1.939    1.468    1.914    8.931    9.099    9.409   10.317
            0.975000  0.075000  0.550000
   -2.648   -1.925    1.492    1.913    8.689    9.075    9.429   10.590
            0.975000  0.075000  0.575000
   -2.667   -1.912    1.524    1.920    8.440    8.841    9.679   10.869
            0.975000  0.075000  0.600000
   -2.686   -1.901    1.563    1.935    8.196    8.596    9.951   11.152
            0.975000  0.075000  0.625000
   -2.706   -1.891    1.608    1.957    7.958    8.355   10.229   11.438
            0.975000  0.075000  0.650000
   -2.726   -1.883    1.659    1.986    7.728    8.120   10.511   11.725
            0.975000  0.075000  0.675000
   -2.745   -1.877    1.715    2.022    7.505    7.891   10.796   12.012
            0.975000  0.075000  0.700000
   -2.765   -1.872    1.776    2.063    7.291    7.671   11.084   12.295
            0.975000  0.075000  0.725000
   -2.784   -1.868    1.840    2.110    7.087    7.459   11.372   12.572
            0.975000  0.075000  0.750000
   -2.802   -1.866    1.908    2.159    6.893    7.257   11.661   12.837
            0.975000  0.075000  0.775000
   -2.820   -1.864    1.978    2.211    6.711    7.067   11.948   13.081
            0.975000  0.075000  0.800000
   -2.836   -1.863    2.049    2.264    6.543    6.888   12.232   13.291
            0.975000  0.075000  0.825000
   -2.850   -1.863    2.120    2.315    6.389    6.723   12.511   13.455
            0.975000  0.075000  0.850000
   -2.863   -1.863    2.190    2.364    6.251    6.573   12.781   13.570
            0.975000  0.075000  0.875000
   -2.874   -1.864    2.256    2.407    6.131    6.441   13.037   13.645
            0.975000  0.075000  0.900000
   -2.884   -1.865    2.317    2.442    6.030    6.328   13.273   13.692
            0.975000  0.075000  0.925000
   -2.891   -1.865    2.371    2.468    5.950    6.236   13.479   13.722
            0.975000  0.075000  0.950000
   -2.897   -1.866    2.417    2.483    5.892    6.168   13.643   13.739
            0.975000  0.075000  0.975000
   -2.900   -1.866    2.452    2.486    5.857    6.127   13.749   13.749
            0.975000  0.075000  1.000000
   -2.901   -1.866    2.474    2.476    5.846    6.113   13.752   13.786
