 &plot nbnd=   8, nks=   101 /
            0.330000  0.120000  0.000000
   -5.260    3.508    4.542    5.093    8.000    9.586   10.079   10.617
            0.330000  0.120000  0.010000
   -5.260    3.504    4.546    5.092    8.002    9.583   10.080   10.619
            0.330000  0.120000  0.020000
   -5.259    3.492    4.556    5.088    8.006    9.574   10.080   10.624
            0.330000  0.120000  0.030000
   -5.256    3.473    4.573    5.081    8.013    9.560   10.081   10.634
            0.330000  0.120000  0.040000
   -5.254    3.447    4.595    5.071    8.023    9.540   10.082   10.647
            0.330000  0.120000  0.050000
   -5.250    3.416    4.622    5.060    8.036    9.517   10.082   10.664
            0.330000  0.120000  0.060000
   -5.245    3.380    4.652    5.045    8.052    9.489   10.081   10.684
            0.330000  0.120000  0.070000
   -5.240    3.339    4.685    5.029    8.069    9.459   10.079   10.708
            0.330000  0.120000  0.080000
   -5.234    3.295    4.720    5.012    8.089    9.427   10.076   10.734
            0.330000  0.120000  0.090000
   -5.227    3.248    4.755    4.994    8.112    9.394   10.070   10.764
            0.330000  0.120000  0.100000
   -5.219    3.199    4.787    4.977    8.136    9.359   10.063   10.796
            0.330000  0.120000  0.110000
   -5.211    3.148    4.813    4.965    8.162    9.324   10.055   10.831
            0.330000  0.120000  0.120000
   -5.201    3.095    4.826    4.965    8.189    9.289   10.045   10.868
            0.330000  0.120000  0.130000
   -5.191    3.041    4.820    4.981    8.218    9.254   10.033   10.907
            0.330000  0.120000  0.140000
   -5.180    2.987    4.801    5.009    8.247    9.221   10.020   10.949
            0.330000  0.120000  0.150000
   -5.169    2.931    4.774    5.041    8.277    9.189   10.005   10.993
            0.330000  0.120000  0.160000
   -5.156    2.875    4.744    5.076    8.307    9.160    9.989   11.038
            0.330000  0.120000  0.170000
   -5.143    2.818    4.710    5.110    8.336    9.134    9.972   11.086
            0.330000  0.120000  0.180000
   -5.128    2.760    4.674    5.143    8.364    9.112    9.953   11.136
            0.330000  0.120000  0.190000
   -5.113    2.703    4.637    5.175    8.391    9.094    9.934   11.187
            0.330000  0.120000  0.200000
   -5.098    2.645    4.599    5.205    8.416    9.082    9.913   11.240
            0.330000  0.120000  0.210000
   -5.081    2.587    4.559    5.233    8.437    9.076    9.892   11.295
            0.330000  0.120000  0.220000
   -5.063    2.529    4.519    5.259    8.456    9.076    9.870   11.352
            0.330000  0.120000  0.230000
   -5.045    2.471    4.478    5.281    8.471    9.084    9.847   11.410
            0.330000  0.120000  0.240000
   -5.026    2.414    4.436    5.300    8.482    9.098    9.824   11.470
            0.330000  0.120000  0.250000
   -5.007    2.356    4.394    5.317    8.490    9.119    9.800   11.530
            0.330000  0.120000  0.260000
   -4.986    2.298    4.351    5.329    8.497    9.146    9.776   11.592
            0.330000  0.120000  0.270000
   -4.965    2.241    4.308    5.339    8.501    9.178    9.753   11.655
            0.330000  0.120000  0.280000
   -4.942    2.183    4.264    5.344    8.505    9.214    9.730   11.718
            0.330000  0.120000  0.290000
   -4.920    2.126    4.220    5.346    8.509    9.252    9.709   11.780
            0.330000  0.120000  0.300000
   -4.896    2.069    4.176    5.344    8.514    9.292    9.690   11.839
            0.330000  0.120000  0.310000
   -4.871    2.013    4.132    5.338    8.519    9.330    9.676   11.894
            0.330000  0.120000  0.320000
   -4.846    1.957    4.088    5.329    8.526    9.364    9.668   11.937
            0.330000  0.120000  0.330000
   -4.820    1.900    4.044    5.316    8.535    9.389    9.671   11.960
            0.330000  0.120000  0.340000
   -4.793    1.845    4.000    5.299    8.546    9.403    9.689   11.958
            0.330000  0.120000  0.350000
   -4.766    1.789    3.955    5.278    8.558    9.404    9.721   11.931
            0.330000  0.120000  0.360000
   -4.738    1.734    3.911    5.254    8.572    9.396    9.765   11.887
            0.330000  0.120000  0.370000
   -4.708    1.679    3.867    5.227    8.588    9.381    9.817   11.835
            0.330000  0.120000  0.380000
   -4.679    1.625    3.823    5.197    8.605    9.364    9.875   11.778
            0.330000  0.120000  0.390000
   -4.648    1.571    3.779    5.163    8.624    9.344    9.937   11.719
            0.330000  0.120000  0.400000
   -4.617    1.517    3.736    5.127    8.643    9.325   10.002   11.658
            0.330000  0.120000  0.410000
   -4.585    1.463    3.692    5.089    8.662    9.306   10.069   11.597
            0.330000  0.120000  0.420000
   -4.552    1.410    3.649    5.048    8.682    9.289   10.139   11.535
            0.330000  0.120000  0.430000
   -4.519    1.357    3.606    5.005    8.700    9.274   10.210   11.475
            0.330000  0.120000  0.440000
   -4.484    1.305    3.563    4.960    8.716    9.263   10.282   11.414
            0.330000  0.120000  0.450000
   -4.449    1.253    3.520    4.913    8.729    9.256   10.355   11.355
            0.330000  0.120000  0.460000
   -4.414    1.201    3.478    4.865    8.738    9.255   10.429   11.298
            0.330000  0.120000  0.470000
   -4.377    1.149    3.436    4.815    8.743    9.260   10.503   11.242
            0.330000  0.120000  0.480000
   -4.340    1.098    3.394    4.764    8.743    9.271   10.576   11.189
            0.330000  0.120000  0.490000
   -4.303    1.047    3.352    4.713    8.738    9.288   10.647   11.140
            0.330000  0.120000  0.500000
   -4.264    0.996    3.311    4.660    8.729    9.312   10.712   11.099
            0.330000  0.120000  0.510000
   -4.225    0.945    3.270    4.606    8.715    9.340   10.765   11.072
            0.330000  0.120000  0.520000
   -4.185    0.895    3.230    4.552    8.699    9.374   10.794   11.072
            0.330000  0.120000  0.530000
   -4.145    0.845    3.189    4.498    8.680    9.411   10.791   11.105
            0.330000  0.120000  0.540000
   -4.104    0.795    3.149    4.444    8.659    9.452   10.766   11.163
            0.330000  0.120000  0.550000
   -4.062    0.746    3.109    4.389    8.636    9.495   10.729   11.233
            0.330000  0.120000  0.560000
   -4.020    0.696    3.070    4.334    8.612    9.541   10.688   11.311
            0.330000  0.120000  0.570000
   -3.977    0.647    3.031    4.280    8.588    9.589   10.645   11.392
            0.330000  0.120000  0.580000
   -3.933    0.598    2.992    4.225    8.562    9.639   10.601   11.476
            0.330000  0.120000  0.590000
   -3.889    0.549    2.953    4.172    8.537    9.691   10.558   11.561
            0.330000  0.120000  0.600000
   -3.844    0.500    2.915    4.118    8.511    9.744   10.515   11.648
            0.330000  0.120000  0.610000
   -3.798    0.452    2.877    4.065    8.485    9.797   10.474   11.736
            0.330000  0.120000  0.620000
   -3.752    0.403    2.840    4.013    8.459    9.852   10.434   11.825
            0.330000  0.120000  0.630000
   -3.706    0.354    2.802    3.962    8.434    9.907   10.395   11.914
            0.330000  0.120000  0.640000
   -3.659    0.306    2.765    3.912    8.408    9.962   10.359   12.004
            0.330000  0.120000  0.650000
   -3.611    0.257    2.729    3.862    8.383   10.015   10.327   12.095
            0.330000  0.120000  0.660000
   -3.563    0.208    2.692    3.814    8.358   10.063   10.302   12.186
            0.330000  0.120000  0.670000
   -3.514    0.160    2.657    3.767    8.334   10.100   10.290   12.277
            0.330000  0.120000  0.680000
   -3.465    0.111    2.621    3.721    8.310   10.115   10.302   12.370
            0.330000  0.120000  0.690000
   -3.415    0.062    2.586    3.676    8.286   10.108   10.338   12.462
            0.330000  0.120000  0.700000
   -3.365    0.013    2.551    3.632    8.263   10.088   10.389   12.555
            0.330000  0.120000  0.710000
   -3.314   -0.036    2.517    3.590    8.241   10.063   10.448   12.648
            0.330000  0.120000  0.720000
   -3.263   -0.085    2.484    3.550    8.219   10.036   10.510   12.741
            0.330000  0.120000  0.730000
   -3.212   -0.134    2.451    3.510    8.198   10.009   10.574   12.834
            0.330000  0.120000  0.740000
   -3.160   -0.183    2.418    3.472    8.177    9.982   10.640   12.928
            0.330000  0.120000  0.750000
   -3.107   -0.233    2.386    3.436    8.157    9.955   10.707   13.021
            0.330000  0.120000  0.760000
   -3.055   -0.283    2.355    3.401    8.137    9.930   10.776   13.115
            0.330000  0.120000  0.770000
   -3.002   -0.333    2.325    3.368    8.119    9.905   10.846   13.208
            0.330000  0.120000  0.780000
   -2.949   -0.383    2.295    3.336    8.101    9.881   10.916   13.301
            0.330000  0.120000  0.790000
   -2.895   -0.433    2.267    3.305    8.083    9.858   10.988   13.394
            0.330000  0.120000  0.800000
   -2.842   -0.484    2.239    3.276    8.067    9.836   11.060   13.486
            0.330000  0.120000  0.810000
   -2.788   -0.535    2.212    3.249    8.051    9.816   11.133   13.576
            0.330000  0.120000  0.820000
   -2.734   -0.585    2.186    3.223    8.036    9.796   11.207   13.663
            0.330000  0.120000  0.830000
   -2.680   -0.636    2.161    3.199    8.021    9.777   11.282   13.745
            0.330000  0.120000  0.840000
   -2.626   -0.687    2.138    3.176    8.008    9.760   11.357   13.815
            0.330000  0.120000  0.850000
   -2.572   -0.738    2.115    3.155    7.995    9.743   11.433   13.858
            0.330000  0.120000  0.860000
   -2.519   -0.789    2.094    3.135    7.983    9.728   11.510   13.852
            0.330000  0.120000  0.870000
   -2.465   -0.840    2.074    3.116    7.972    9.713   11.587   13.802
            0.330000  0.120000  0.880000
   -2.412   -0.890    2.055    3.099    7.961    9.700   11.666   13.731
            0.330000  0.120000  0.890000
   -2.360   -0.941    2.038    3.084    7.952    9.687   11.744   13.650
            0.330000  0.120000  0.900000
   -2.308   -0.990    2.022    3.070    7.943    9.676   11.823   13.566
            0.330000  0.120000  0.910000
   -2.258   -1.039    2.007    3.057    7.935    9.666   11.903   13.479
            0.330000  0.120000  0.920000
   -2.208   -1.086    1.994    3.045    7.928    9.657   11.983   13.392
            0.330000  0.120000  0.930000
   -2.161   -1.132    1.982    3.035    7.922    9.649   12.063   13.306
            0.330000  0.120000  0.940000
   -2.116   -1.176    1.972    3.027    7.916    9.642   12.144   13.219
            0.330000  0.120000  0.950000
   -2.074   -1.217    1.964    3.019    7.912    9.636   12.224   13.134
            0.330000  0.120000  0.960000
   -2.036   -1.253    1.957    3.013    7.908    9.631   12.303   13.050
            0.330000  0.120000  0.970000
   -2.004   -1.284    1.951    3.009    7.905    9.628   12.379   12.970
            0.330000  0.120000  0.980000
   -1.979   -1.309    1.947    3.005    7.903    9.625   12.451   12.896
            0.330000  0.120000  0.990000
   -1.964   -1.324    1.945    3.003    7.901    9.623   12.508   12.837
            0.330000  0.120000  1.000000
   -1.958   -1.329    1.944    3.003    7.901    9.623   12.532   12.812
