 &plot nbnd=   8, nks=   101 /
            0.900000  0.050000  0.000000
   -2.468   -0.972    3.153    3.165    6.649    7.002   15.000   15.177
            0.900000  0.050000  0.010000
   -2.468   -0.972    3.142    3.174    6.650    7.005   14.999   15.169
            0.900000  0.050000  0.020000
   -2.467   -0.972    3.124    3.186    6.654    7.014   14.999   15.147
            0.900000  0.050000  0.030000
   -2.466   -0.972    3.104    3.195    6.661    7.029   14.998   15.110
            0.900000  0.050000  0.040000
   -2.465   -0.972    3.082    3.202    6.671    7.050   14.996   15.062
            0.900000  0.050000  0.050000
   -2.463   -0.972    3.058    3.207    6.683    7.076   14.984   15.012
            0.900000  0.050000  0.060000
   -2.460   -0.972    3.033    3.209    6.699    7.108   14.922   15.001
            0.900000  0.050000  0.070000
   -2.458   -0.972    3.006    3.209    6.719    7.144   14.843   14.998
            0.900000  0.050000  0.080000
   -2.454   -0.972    2.978    3.206    6.742    7.185   14.755   14.996
            0.900000  0.050000  0.090000
   -2.451   -0.972    2.949    3.201    6.768    7.230   14.660   14.994
            0.900000  0.050000  0.100000
   -2.447   -0.972    2.918    3.194    6.799    7.279   14.560   14.992
            0.900000  0.050000  0.110000
   -2.442   -0.972    2.887    3.185    6.832    7.332   14.456   14.989
            0.900000  0.050000  0.120000
   -2.437   -0.972    2.856    3.174    6.870    7.388   14.347   14.985
            0.900000  0.050000  0.130000
   -2.432   -0.972    2.823    3.161    6.911    7.447   14.236   14.981
            0.900000  0.050000  0.140000
   -2.426   -0.973    2.791    3.147    6.956    7.510   14.122   14.975
            0.900000  0.050000  0.150000
   -2.420   -0.973    2.758    3.131    7.004    7.575   14.005   14.968
            0.900000  0.050000  0.160000
   -2.414   -0.974    2.724    3.113    7.056    7.643   13.887   14.958
            0.900000  0.050000  0.170000
   -2.407   -0.974    2.691    3.095    7.111    7.714   13.768   14.946
            0.900000  0.050000  0.180000
   -2.400   -0.975    2.658    3.075    7.169    7.787   13.647   14.928
            0.900000  0.050000  0.190000
   -2.393   -0.976    2.625    3.055    7.230    7.862   13.525   14.905
            0.900000  0.050000  0.200000
   -2.385   -0.977    2.592    3.033    7.294    7.940   13.402   14.872
            0.900000  0.050000  0.210000
   -2.377   -0.978    2.559    3.012    7.360    8.019   13.279   14.826
            0.900000  0.050000  0.220000
   -2.369   -0.980    2.526    2.990    7.430    8.101   13.155   14.766
            0.900000  0.050000  0.230000
   -2.360   -0.981    2.495    2.967    7.502    8.184   13.031   14.689
            0.900000  0.050000  0.240000
   -2.351   -0.983    2.463    2.945    7.576    8.269   12.907   14.599
            0.900000  0.050000  0.250000
   -2.342   -0.985    2.432    2.922    7.653    8.356   12.782   14.497
            0.900000  0.050000  0.260000
   -2.333   -0.988    2.402    2.900    7.732    8.445   12.658   14.387
            0.900000  0.050000  0.270000
   -2.323   -0.990    2.372    2.878    7.813    8.535   12.534   14.271
            0.900000  0.050000  0.280000
   -2.313   -0.993    2.343    2.857    7.896    8.626   12.409   14.152
            0.900000  0.050000  0.290000
   -2.304   -0.996    2.315    2.836    7.981    8.719   12.286   14.031
            0.900000  0.050000  0.300000
   -2.294   -0.999    2.287    2.816    8.067    8.813   12.162   13.907
            0.900000  0.050000  0.310000
   -2.283   -1.003    2.260    2.796    8.156    8.908   12.039   13.783
            0.900000  0.050000  0.320000
   -2.273   -1.007    2.234    2.777    8.246    9.005   11.916   13.658
            0.900000  0.050000  0.330000
   -2.263   -1.011    2.209    2.760    8.338    9.103   11.794   13.532
            0.900000  0.050000  0.340000
   -2.252   -1.015    2.185    2.743    8.431    9.201   11.673   13.407
            0.900000  0.050000  0.350000
   -2.242   -1.020    2.161    2.727    8.526    9.300   11.553   13.281
            0.900000  0.050000  0.360000
   -2.232   -1.025    2.139    2.713    8.622    9.400   11.434   13.156
            0.900000  0.050000  0.370000
   -2.221   -1.030    2.117    2.699    8.719    9.501   11.316   13.031
            0.900000  0.050000  0.380000
   -2.211   -1.036    2.097    2.687    8.818    9.601   11.200   12.907
            0.900000  0.050000  0.390000
   -2.201   -1.041    2.077    2.677    8.917    9.701   11.086   12.783
            0.900000  0.050000  0.400000
   -2.190   -1.047    2.059    2.668    9.018    9.799   10.975   12.659
            0.900000  0.050000  0.410000
   -2.180   -1.054    2.041    2.660    9.119    9.895   10.869   12.537
            0.900000  0.050000  0.420000
   -2.171   -1.060    2.025    2.653    9.221    9.984   10.771   12.415
            0.900000  0.050000  0.430000
   -2.161   -1.067    2.010    2.648    9.323   10.062   10.687   12.295
            0.900000  0.050000  0.440000
   -2.151   -1.074    1.995    2.645    9.425   10.116   10.630   12.176
            0.900000  0.050000  0.450000
   -2.142   -1.081    1.982    2.643    9.524   10.130   10.616   12.058
            0.900000  0.050000  0.460000
   -2.133   -1.089    1.970    2.642    9.620   10.101   10.650   11.942
            0.900000  0.050000  0.470000
   -2.125   -1.096    1.959    2.643    9.704   10.052   10.718   11.829
            0.900000  0.050000  0.480000
   -2.116   -1.104    1.950    2.646    9.751   10.022   10.801   11.720
            0.900000  0.050000  0.490000
   -2.108   -1.111    1.942    2.650    9.729   10.053   10.891   11.618
            0.900000  0.050000  0.500000
   -2.101   -1.119    1.934    2.655    9.657   10.128   10.978   11.526
            0.900000  0.050000  0.510000
   -2.093   -1.127    1.929    2.661    9.567   10.217   11.050   11.459
            0.900000  0.050000  0.520000
   -2.086   -1.135    1.924    2.669    9.469   10.308   11.081   11.441
            0.900000  0.050000  0.530000
   -2.080   -1.143    1.921    2.679    9.369   10.392   11.063   11.484
            0.900000  0.050000  0.540000
   -2.074   -1.151    1.919    2.689    9.267   10.459   11.028   11.567
            0.900000  0.050000  0.550000
   -2.069   -1.159    1.919    2.701    9.165   10.493   11.011   11.668
            0.900000  0.050000  0.560000
   -2.063   -1.167    1.920    2.714    9.064   10.482   11.034   11.778
            0.900000  0.050000  0.570000
   -2.059   -1.175    1.922    2.729    8.963   10.431   11.096   11.892
            0.900000  0.050000  0.580000
   -2.055   -1.182    1.926    2.744    8.862   10.356   11.182   12.008
            0.900000  0.050000  0.590000
   -2.051   -1.190    1.931    2.760    8.763   10.267   11.282   12.127
            0.900000  0.050000  0.600000
   -2.048   -1.198    1.937    2.777    8.665   10.172   11.389   12.248
            0.900000  0.050000  0.610000
   -2.045   -1.205    1.946    2.796    8.568   10.073   11.501   12.369
            0.900000  0.050000  0.620000
   -2.043   -1.213    1.955    2.814    8.472    9.972   11.616   12.492
            0.900000  0.050000  0.630000
   -2.041   -1.220    1.966    2.834    8.378    9.870   11.733   12.615
            0.900000  0.050000  0.640000
   -2.040   -1.227    1.978    2.854    8.285    9.768   11.852   12.739
            0.900000  0.050000  0.650000
   -2.039   -1.234    1.992    2.875    8.194    9.666   11.973   12.864
            0.900000  0.050000  0.660000
   -2.038   -1.241    2.007    2.897    8.105    9.565   12.094   12.989
            0.900000  0.050000  0.670000
   -2.038   -1.247    2.024    2.918    8.017    9.463   12.216   13.114
            0.900000  0.050000  0.680000
   -2.038   -1.253    2.042    2.940    7.932    9.363   12.339   13.240
            0.900000  0.050000  0.690000
   -2.039   -1.260    2.061    2.962    7.848    9.263   12.463   13.366
            0.900000  0.050000  0.700000
   -2.040   -1.266    2.082    2.985    7.767    9.164   12.587   13.491
            0.900000  0.050000  0.710000
   -2.041   -1.272    2.104    3.007    7.688    9.067   12.711   13.617
            0.900000  0.050000  0.720000
   -2.043   -1.277    2.127    3.029    7.611    8.970   12.836   13.741
            0.900000  0.050000  0.730000
   -2.045   -1.283    2.152    3.050    7.537    8.874   12.960   13.866
            0.900000  0.050000  0.740000
   -2.047   -1.288    2.178    3.071    7.466    8.780   13.085   13.988
            0.900000  0.050000  0.750000
   -2.049   -1.293    2.205    3.092    7.397    8.687   13.210   14.110
            0.900000  0.050000  0.760000
   -2.051   -1.298    2.233    3.112    7.331    8.595   13.335   14.228
            0.900000  0.050000  0.770000
   -2.054   -1.303    2.262    3.131    7.268    8.504   13.459   14.343
            0.900000  0.050000  0.780000
   -2.057   -1.307    2.292    3.149    7.208    8.415   13.583   14.453
            0.900000  0.050000  0.790000
   -2.059   -1.312    2.323    3.165    7.152    8.327   13.707   14.557
            0.900000  0.050000  0.800000
   -2.062   -1.316    2.355    3.181    7.099    8.241   13.830   14.650
            0.900000  0.050000  0.810000
   -2.065   -1.320    2.388    3.195    7.050    8.156   13.951   14.731
            0.900000  0.050000  0.820000
   -2.068   -1.324    2.421    3.207    7.005    8.073   14.072   14.798
            0.900000  0.050000  0.830000
   -2.071   -1.328    2.455    3.217    6.964    7.992   14.191   14.851
            0.900000  0.050000  0.840000
   -2.074   -1.331    2.490    3.225    6.926    7.913   14.308   14.892
            0.900000  0.050000  0.850000
   -2.076   -1.334    2.526    3.232    6.893    7.835   14.422   14.923
            0.900000  0.050000  0.860000
   -2.079   -1.337    2.561    3.236    6.864    7.760   14.533   14.947
            0.900000  0.050000  0.870000
   -2.082   -1.340    2.597    3.238    6.840    7.686   14.640   14.967
            0.900000  0.050000  0.880000
   -2.084   -1.343    2.634    3.237    6.820    7.615   14.740   14.987
            0.900000  0.050000  0.890000
   -2.086   -1.345    2.670    3.234    6.804    7.546   14.829   15.010
            0.900000  0.050000  0.900000
   -2.089   -1.347    2.707    3.229    6.793    7.480   14.897   15.046
            0.900000  0.050000  0.910000
   -2.091   -1.350    2.743    3.221    6.787    7.416   14.938   15.103
            0.900000  0.050000  0.920000
   -2.092   -1.351    2.779    3.210    6.785    7.355   14.959   15.170
            0.900000  0.050000  0.930000
   -2.094   -1.353    2.815    3.197    6.787    7.297   14.971   15.238
            0.900000  0.050000  0.940000
   -2.095   -1.354    2.850    3.182    6.793    7.242   14.979   15.300
            0.900000  0.050000  0.950000
   -2.097   -1.356    2.885    3.164    6.803    7.190   14.984   15.353
            0.900000  0.050000  0.960000
   -2.098   -1.357    2.919    3.144    6.816    7.143   14.987   15.397
            0.900000  0.050000  0.970000
   -2.098   -1.357    2.952    3.122    6.832    7.102   14.990   15.432
            0.900000  0.050000  0.980000
   -2.099   -1.358    2.983    3.099    6.848    7.067   14.991   15.456
            0.900000  0.050000  0.990000
   -2.099   -1.358    3.013    3.074    6.861    7.042   14.992   15.471
            0.900000  0.050000  1.000000
   -2.100   -1.358    3.033    3.055    6.866    7.033   14.993   15.475
