 &plot nbnd=   8, nks=   101 /
            1.000000  0.950000  0.000000
   -1.745   -1.745    3.120    3.120    6.768    6.768   15.689   15.689
            1.000000  0.950000  0.010000
   -1.820   -1.670    3.120    3.121    6.751    6.786   15.659   15.700
            1.000000  0.950000  0.020000
   -1.894   -1.594    3.120    3.123    6.735    6.805   15.613   15.691
            1.000000  0.950000  0.030000
   -1.967   -1.518    3.122    3.125    6.720    6.826   15.555   15.663
            1.000000  0.950000  0.040000
   -2.041   -1.441    3.124    3.129    6.707    6.847   15.488   15.619
            1.000000  0.950000  0.050000
   -2.113   -1.364    3.127    3.133    6.694    6.870   15.415   15.562
            1.000000  0.950000  0.060000
   -2.185   -1.286    3.131    3.138    6.683    6.894   15.337   15.496
            1.000000  0.950000  0.070000
   -2.257   -1.208    3.135    3.143    6.673    6.919   15.256   15.422
            1.000000  0.950000  0.080000
   -2.328   -1.130    3.140    3.150    6.664    6.945   15.172   15.344
            1.000000  0.950000  0.090000
   -2.398   -1.051    3.147    3.157    6.656    6.973   15.087   15.262
            1.000000  0.950000  0.100000
   -2.468   -0.972    3.153    3.165    6.649    7.002   15.000   15.177
            1.000000  0.950000  0.110000
   -2.538   -0.892    3.161    3.174    6.643    7.032   14.911   15.090
            1.000000  0.950000  0.120000
   -2.606   -0.812    3.169    3.184    6.638    7.063   14.823   15.002
            1.000000  0.950000  0.130000
   -2.674   -0.731    3.179    3.194    6.634    7.095   14.733   14.912
            1.000000  0.950000  0.140000
   -2.742   -0.651    3.189    3.205    6.632    7.128   14.643   14.822
            1.000000  0.950000  0.150000
   -2.809   -0.569    3.199    3.217    6.630    7.163   14.553   14.731
            1.000000  0.950000  0.160000
   -2.875   -0.488    3.211    3.230    6.630    7.199   14.463   14.640
            1.000000  0.950000  0.170000
   -2.941   -0.406    3.223    3.244    6.630    7.236   14.372   14.548
            1.000000  0.950000  0.180000
   -3.006   -0.324    3.236    3.258    6.632    7.275   14.282   14.456
            1.000000  0.950000  0.190000
   -3.070   -0.242    3.250    3.273    6.634    7.314   14.191   14.364
            1.000000  0.950000  0.200000
   -3.134   -0.159    3.265    3.289    6.638    7.355   14.101   14.272
            1.000000  0.950000  0.210000
   -3.197   -0.076    3.280    3.306    6.642    7.397   14.010   14.180
            1.000000  0.950000  0.220000
   -3.259    0.007    3.296    3.323    6.648    7.441   13.920   14.088
            1.000000  0.950000  0.230000
   -3.321    0.091    3.313    3.341    6.654    7.485   13.829   13.995
            1.000000  0.950000  0.240000
   -3.382    0.175    3.331    3.360    6.661    7.531   13.739   13.903
            1.000000  0.950000  0.250000
   -3.443    0.259    3.349    3.380    6.670    7.578   13.649   13.811
            1.000000  0.950000  0.260000
   -3.502    0.343    3.368    3.401    6.679    7.626   13.559   13.719
            1.000000  0.950000  0.270000
   -3.561    0.428    3.388    3.422    6.690    7.676   13.470   13.627
            1.000000  0.950000  0.280000
   -3.620    0.512    3.409    3.444    6.701    7.726   13.380   13.536
            1.000000  0.950000  0.290000
   -3.677    0.597    3.430    3.467    6.713    7.778   13.291   13.444
            1.000000  0.950000  0.300000
   -3.734    0.682    3.452    3.491    6.726    7.831   13.201   13.353
            1.000000  0.950000  0.310000
   -3.790    0.767    3.475    3.515    6.740    7.885   13.112   13.261
            1.000000  0.950000  0.320000
   -3.846    0.852    3.499    3.540    6.755    7.941   13.023   13.170
            1.000000  0.950000  0.330000
   -3.901    0.938    3.523    3.566    6.771    7.997   12.935   13.080
            1.000000  0.950000  0.340000
   -3.955    1.023    3.548    3.593    6.788    8.055   12.846   12.989
            1.000000  0.950000  0.350000
   -4.008    1.109    3.574    3.620    6.805    8.114   12.758   12.898
            1.000000  0.950000  0.360000
   -4.061    1.195    3.601    3.648    6.823    8.174   12.670   12.808
            1.000000  0.950000  0.370000
   -4.113    1.281    3.628    3.677    6.843    8.235   12.582   12.718
            1.000000  0.950000  0.380000
   -4.164    1.367    3.656    3.707    6.863    8.297   12.495   12.628
            1.000000  0.950000  0.390000
   -4.214    1.453    3.684    3.737    6.884    8.360   12.408   12.539
            1.000000  0.950000  0.400000
   -4.264    1.539    3.714    3.768    6.905    8.424   12.321   12.449
            1.000000  0.950000  0.410000
   -4.313    1.625    3.744    3.800    6.928    8.489   12.234   12.360
            1.000000  0.950000  0.420000
   -4.361    1.711    3.774    3.832    6.951    8.555   12.147   12.271
            1.000000  0.950000  0.430000
   -4.408    1.797    3.806    3.866    6.975    8.622   12.061   12.183
            1.000000  0.950000  0.440000
   -4.455    1.883    3.838    3.900    7.000    8.690   11.975   12.094
            1.000000  0.950000  0.450000
   -4.501    1.969    3.870    3.934    7.025    8.758   11.890   12.006
            1.000000  0.950000  0.460000
   -4.546    2.055    3.904    3.970    7.051    8.828   11.804   11.918
            1.000000  0.950000  0.470000
   -4.590    2.141    3.938    4.006    7.078    8.898   11.719   11.831
            1.000000  0.950000  0.480000
   -4.633    2.227    3.972    4.042    7.106    8.968   11.635   11.744
            1.000000  0.950000  0.490000
   -4.676    2.313    4.008    4.080    7.134    9.039   11.551   11.657
            1.000000  0.950000  0.500000
   -4.718    2.399    4.044    4.118    7.163    9.110   11.467   11.570
            1.000000  0.950000  0.510000
   -4.759    2.484    4.080    4.157    7.192    9.181   11.384   11.484
            1.000000  0.950000  0.520000
   -4.800    2.570    4.117    4.196    7.222    9.253   11.301   11.398
            1.000000  0.950000  0.530000
   -4.839    2.655    4.155    4.236    7.253    9.324   11.219   11.312
            1.000000  0.950000  0.540000
   -4.878    2.740    4.193    4.277    7.284    9.395   11.137   11.227
            1.000000  0.950000  0.550000
   -4.916    2.825    4.232    4.319    7.316    9.465   11.057   11.142
            1.000000  0.950000  0.560000
   -4.953    2.910    4.271    4.361    7.348    9.535   10.977   11.057
            1.000000  0.950000  0.570000
   -4.990    2.995    4.311    4.403    7.381    9.603   10.898   10.973
            1.000000  0.950000  0.580000
   -5.025    3.079    4.352    4.446    7.414    9.669   10.820   10.890
            1.000000  0.950000  0.590000
   -5.060    3.163    4.393    4.490    7.447    9.732   10.744   10.807
            1.000000  0.950000  0.600000
   -5.094    3.247    4.434    4.534    7.481    9.792   10.670   10.724
            1.000000  0.950000  0.610000
   -5.127    3.331    4.476    4.579    7.515    9.848   10.600   10.642
            1.000000  0.950000  0.620000
   -5.160    3.414    4.518    4.625    7.550    9.897   10.533   10.560
            1.000000  0.950000  0.630000
   -5.191    3.497    4.561    4.670    7.585    9.936   10.473   10.479
            1.000000  0.950000  0.640000
   -5.222    3.580    4.604    4.717    7.620    9.963   10.398   10.423
            1.000000  0.950000  0.650000
   -5.252    3.662    4.648    4.763    7.655    9.973   10.318   10.385
            1.000000  0.950000  0.660000
   -5.281    3.744    4.692    4.811    7.690    9.961   10.239   10.364
            1.000000  0.950000  0.670000
   -5.309    3.825    4.736    4.858    7.726    9.931   10.160   10.356
            1.000000  0.950000  0.680000
   -5.336    3.906    4.780    4.906    7.761    9.885   10.082   10.356
            1.000000  0.950000  0.690000
   -5.363    3.986    4.825    4.954    7.797    9.831   10.004   10.359
            1.000000  0.950000  0.700000
   -5.389    4.066    4.870    5.002    7.833    9.771    9.928   10.359
            1.000000  0.950000  0.710000
   -5.414    4.145    4.915    5.051    7.868    9.707    9.852   10.355
            1.000000  0.950000  0.720000
   -5.438    4.223    4.960    5.099    7.903    9.642    9.777   10.344
            1.000000  0.950000  0.730000
   -5.461    4.301    5.006    5.148    7.939    9.577    9.704   10.326
            1.000000  0.950000  0.740000
   -5.484    4.378    5.051    5.197    7.973    9.511    9.631   10.300
            1.000000  0.950000  0.750000
   -5.505    4.455    5.096    5.245    8.008    9.446    9.559   10.268
            1.000000  0.950000  0.760000
   -5.526    4.530    5.141    5.293    8.042    9.382    9.488   10.230
            1.000000  0.950000  0.770000
   -5.546    4.605    5.186    5.341    8.076    9.318    9.419   10.186
            1.000000  0.950000  0.780000
   -5.565    4.678    5.231    5.388    8.109    9.256    9.350   10.137
            1.000000  0.950000  0.790000
   -5.583    4.751    5.275    5.435    8.141    9.195    9.284   10.085
            1.000000  0.950000  0.800000
   -5.601    4.823    5.319    5.480    8.173    9.135    9.218   10.029
            1.000000  0.950000  0.810000
   -5.617    4.893    5.362    5.525    8.204    9.078    9.154    9.971
            1.000000  0.950000  0.820000
   -5.633    4.962    5.405    5.569    8.234    9.022    9.092    9.911
            1.000000  0.950000  0.830000
   -5.648    5.030    5.447    5.611    8.263    8.969    9.032    9.849
            1.000000  0.950000  0.840000
   -5.662    5.096    5.488    5.651    8.291    8.918    8.974    9.787
            1.000000  0.950000  0.850000
   -5.675    5.161    5.528    5.690    8.318    8.870    8.917    9.725
            1.000000  0.950000  0.860000
   -5.687    5.225    5.566    5.726    8.344    8.824    8.863    9.664
            1.000000  0.950000  0.870000
   -5.699    5.286    5.603    5.760    8.369    8.781    8.812    9.603
            1.000000  0.950000  0.880000
   -5.710    5.346    5.639    5.791    8.392    8.742    8.763    9.543
            1.000000  0.950000  0.890000
   -5.719    5.404    5.673    5.819    8.413    8.706    8.717    9.486
            1.000000  0.950000  0.900000
   -5.728    5.460    5.705    5.844    8.433    8.674    8.674    9.430
            1.000000  0.950000  0.910000
   -5.736    5.513    5.735    5.865    8.451    8.634    8.645    9.378
            1.000000  0.950000  0.920000
   -5.744    5.564    5.762    5.882    8.468    8.598    8.619    9.328
            1.000000  0.950000  0.930000
   -5.750    5.612    5.787    5.895    8.482    8.565    8.598    9.282
            1.000000  0.950000  0.940000
   -5.755    5.657    5.809    5.904    8.494    8.538    8.580    9.241
            1.000000  0.950000  0.950000
   -5.760    5.699    5.828    5.908    8.499    8.519    8.565    9.205
            1.000000  0.950000  0.960000
   -5.764    5.738    5.844    5.908    8.486    8.520    8.554    9.174
            1.000000  0.950000  0.970000
   -5.767    5.773    5.857    5.903    8.471    8.526    8.545    9.149
            1.000000  0.950000  0.980000
   -5.769    5.804    5.866    5.894    8.460    8.531    8.539    9.131
            1.000000  0.950000  0.990000
   -5.770    5.829    5.871    5.882    8.453    8.534    8.536    9.120
            1.000000  0.950000  1.000000
   -5.771    5.842    5.873    5.873    8.451    8.535    8.535    9.116
