 &plot nbnd=   8, nks=    50 /
            1.000000  0.333300  0.000000
   -2.542   -2.542    1.585    1.585    7.485    7.485   11.033   11.033
            1.000000  0.333300  0.020400
   -2.593   -2.490    1.504    1.670    7.349    7.628   11.013   11.054
            1.000000  0.333300  0.040800
   -2.645   -2.439    1.427    1.758    7.218    7.775   10.996   11.078
            1.000000  0.333300  0.061200
   -2.698   -2.387    1.354    1.849    7.094    7.928   10.981   11.103
            1.000000  0.333300  0.081600
   -2.751   -2.336    1.286    1.942    6.977    8.086   10.968   11.131
            1.000000  0.333300  0.102000
   -2.804   -2.285    1.223    2.035    6.868    8.249   10.957   11.161
            1.000000  0.333300  0.122400
   -2.858   -2.233    1.166    2.130    6.767    8.416   10.948   11.192
            1.000000  0.333300  0.142900
   -2.913   -2.181    1.114    2.225    6.674    8.588   10.941   11.225
            1.000000  0.333300  0.163300
   -2.968   -2.129    1.067    2.317    6.591    8.763   10.936   11.256
            1.000000  0.333300  0.183700
   -3.024   -2.075    1.027    2.408    6.519    8.943   10.932   11.289
            1.000000  0.333300  0.204100
   -3.081   -2.022    0.992    2.495    6.458    9.126   10.930   11.322
            1.000000  0.333300  0.224500
   -3.138   -1.968    0.963    2.578    6.410    9.312   10.928   11.351
            1.000000  0.333300  0.244900
   -3.196   -1.913    0.941    2.654    6.375    9.502   10.927   11.376
            1.000000  0.333300  0.265300
   -3.254   -1.858    0.924    2.725    6.355    9.695   10.924   11.393
            1.000000  0.333300  0.285700
   -3.312   -1.801    0.912    2.788    6.350    9.892   10.916   11.397
            1.000000  0.333300  0.306100
   -3.370   -1.744    0.907    2.842    6.361   10.091   10.897   11.378
            1.000000  0.333300  0.326500
   -3.429   -1.686    0.908    2.888    6.389   10.292   10.844   11.243
            1.000000  0.333300  0.346900
   -3.488   -1.627    0.914    2.924    6.432   10.492   10.732   11.145
            1.000000  0.333300  0.367300
   -3.546   -1.568    0.926    2.951    6.492   10.536   10.719   11.113
            1.000000  0.333300  0.387800
   -3.604   -1.507    0.943    2.969    6.568   10.343   10.919   10.957
            1.000000  0.333300  0.408200
   -3.662   -1.446    0.966    2.978    6.659   10.134   10.781   11.076
            1.000000  0.333300  0.428600
   -3.718   -1.385    0.993    2.981    6.763    9.921   10.594   11.099
            1.000000  0.333300  0.449000
   -3.774   -1.323    1.026    2.977    6.881    9.707   10.400   11.114
            1.000000  0.333300  0.469400
   -3.830   -1.260    1.063    2.967    7.011    9.492   10.202   11.129
            1.000000  0.333300  0.489800
   -3.884   -1.197    1.105    2.953    7.152    9.279   10.004   11.145
            1.000000  0.333300  0.510200
   -3.939   -1.135    1.152    2.934    7.301    9.067    9.806   11.161
            1.000000  0.333300  0.530600
   -3.990   -1.072    1.202    2.914    7.459    8.858    9.610   11.178
            1.000000  0.333300  0.551000
   -4.041   -1.009    1.257    2.892    7.625    8.651    9.417   11.197
            1.000000  0.333300  0.571400
   -4.090   -0.946    1.316    2.868    7.797    8.447    9.230   11.216
            1.000000  0.333300  0.591800
   -4.137   -0.883    1.378    2.844    7.973    8.247    9.047   11.236
            1.000000  0.333300  0.612200
   -4.182   -0.821    1.444    2.820    8.049    8.150    8.874   11.255
            1.000000  0.333300  0.632700
   -4.226   -0.760    1.513    2.797    7.854    8.316    8.721   11.274
            1.000000  0.333300  0.653100
   -4.268   -0.701    1.584    2.774    7.664    8.392    8.667   11.292
            1.000000  0.333300  0.673500
   -4.308   -0.643    1.658    2.753    7.478    8.293    8.797   11.310
            1.000000  0.333300  0.693900
   -4.345   -0.586    1.735    2.734    7.297    8.149    8.982   11.329
            1.000000  0.333300  0.714300
   -4.381   -0.531    1.813    2.716    7.121    8.003    9.177   11.345
            1.000000  0.333300  0.734700
   -4.414   -0.479    1.892    2.701    6.950    7.861    9.378   11.361
            1.000000  0.333300  0.755100
   -4.445   -0.430    1.972    2.687    6.785    7.725    9.579   11.375
            1.000000  0.333300  0.775500
   -4.474   -0.383    2.052    2.675    6.627    7.597    9.783   11.389
            1.000000  0.333300  0.795900
   -4.501   -0.339    2.131    2.665    6.477    7.476    9.985   11.402
            1.000000  0.333300  0.816300
   -4.525   -0.298    2.209    2.657    6.335    7.365   10.187   11.413
            1.000000  0.333300  0.836700
   -4.546   -0.261    2.285    2.650    6.202    7.264   10.385   11.424
            1.000000  0.333300  0.857100
   -4.565   -0.228    2.356    2.646    6.079    7.173   10.579   11.433
            1.000000  0.333300  0.877600
   -4.582   -0.199    2.423    2.643    5.968    7.093   10.768   11.442
            1.000000  0.333300  0.898000
   -4.596   -0.174    2.484    2.640    5.870    7.024   10.945   11.449
            1.000000  0.333300  0.918400
   -4.607   -0.153    2.536    2.639    5.788    6.967   11.108   11.454
            1.000000  0.333300  0.938800
   -4.616   -0.137    2.579    2.638    5.721    6.922   11.251   11.459
            1.000000  0.333300  0.959200
   -4.623   -0.126    2.611    2.638    5.672    6.889   11.365   11.463
            1.000000  0.333300  0.979600
   -4.627   -0.119    2.631    2.637    5.643    6.870   11.439   11.465
            1.000000  0.333300  1.000000
   -4.627   -0.116    2.638    2.638    5.634    6.865   11.467   11.467
