 &plot nbnd=   8, nks=    81 /
            1.000000 -0.450000 -1.000000
   -4.933    1.068    3.170    3.170    6.117    7.786   10.746   10.746
            1.000000 -0.450000 -0.975000
   -4.931    1.061    3.160    3.174    6.132    7.794   10.713   10.744
            1.000000 -0.450000 -0.950000
   -4.924    1.041    3.130    3.186    6.176    7.818   10.623   10.738
            1.000000 -0.450000 -0.925000
   -4.914    1.008    3.082    3.205    6.248    7.858   10.487   10.729
            1.000000 -0.450000 -0.900000
   -4.899    0.964    3.019    3.230    6.344    7.913   10.322   10.715
            1.000000 -0.450000 -0.875000
   -4.879    0.909    2.943    3.261    6.462    7.982   10.138   10.699
            1.000000 -0.450000 -0.850000
   -4.856    0.845    2.858    3.297    6.599    8.065    9.943   10.679
            1.000000 -0.450000 -0.825000
   -4.829    0.774    2.766    3.336    6.753    8.159    9.744   10.655
            1.000000 -0.450000 -0.800000
   -4.797    0.695    2.669    3.377    6.921    8.261    9.547   10.629
            1.000000 -0.450000 -0.775000
   -4.761    0.611    2.568    3.420    7.101    8.363    9.361   10.600
            1.000000 -0.450000 -0.750000
   -4.721    0.523    2.467    3.463    7.292    8.451    9.204   10.569
            1.000000 -0.450000 -0.725000
   -4.678    0.431    2.366    3.505    7.492    8.485    9.115   10.536
            1.000000 -0.450000 -0.700000
   -4.630    0.336    2.265    3.546    7.701    8.426    9.134   10.501
            1.000000 -0.450000 -0.675000
   -4.578    0.239    2.166    3.584    7.916    8.295    9.240   10.464
            1.000000 -0.450000 -0.650000
   -4.523    0.141    2.070    3.618    8.136    8.138    9.392   10.427
            1.000000 -0.450000 -0.625000
   -4.464    0.042    1.977    3.647    7.971    8.366    9.566   10.389
            1.000000 -0.450000 -0.600000
   -4.402   -0.058    1.888    3.670    7.810    8.598    9.755   10.351
            1.000000 -0.450000 -0.575000
   -4.336   -0.157    1.803    3.685    7.659    8.834    9.951   10.314
            1.000000 -0.450000 -0.550000
   -4.266   -0.257    1.723    3.691    7.520    9.074   10.152   10.279
            1.000000 -0.450000 -0.525000
   -4.194   -0.356    1.648    3.685    7.398    9.315   10.247   10.350
            1.000000 -0.450000 -0.500000
   -4.118   -0.454    1.578    3.666    7.294    9.552   10.222   10.536
            1.000000 -0.450000 -0.475000
   -4.040   -0.552    1.513    3.634    7.210    9.775   10.217   10.693
            1.000000 -0.450000 -0.450000
   -3.959   -0.649    1.455    3.588    7.148    9.939   10.275   10.799
            1.000000 -0.450000 -0.425000
   -3.875   -0.744    1.402    3.527    7.108    9.994   10.447   10.839
            1.000000 -0.450000 -0.400000
   -3.789   -0.839    1.356    3.452    7.090    9.992   10.680   10.825
            1.000000 -0.450000 -0.375000
   -3.701   -0.933    1.317    3.364    7.095    9.974   10.779   10.932
            1.000000 -0.450000 -0.350000
   -3.611   -1.026    1.285    3.265    7.119    9.953   10.718   11.192
            1.000000 -0.450000 -0.325000
   -3.519   -1.117    1.259    3.157    7.163    9.931   10.649   11.457
            1.000000 -0.450000 -0.300000
   -3.426   -1.208    1.241    3.041    7.224    9.911   10.578   11.527
            1.000000 -0.450000 -0.275000
   -3.332   -1.298    1.231    2.920    7.301    9.891   10.508   11.288
            1.000000 -0.450000 -0.250000
   -3.236   -1.388    1.229    2.795    7.393    9.874   10.440   11.053
            1.000000 -0.450000 -0.225000
   -3.140   -1.477    1.234    2.668    7.497    9.858   10.375   10.823
            1.000000 -0.450000 -0.200000
   -3.044   -1.566    1.248    2.542    7.614    9.842   10.313   10.600
            1.000000 -0.450000 -0.175000
   -2.948   -1.654    1.270    2.416    7.741    9.824   10.255   10.387
            1.000000 -0.450000 -0.150000
   -2.851   -1.743    1.301    2.293    7.878    9.794   10.195   10.202
            1.000000 -0.450000 -0.125000
   -2.755   -1.832    1.340    2.174    8.024    9.727   10.047   10.153
            1.000000 -0.450000 -0.100000
   -2.659   -1.921    1.388    2.059    8.178    9.596    9.973   10.108
            1.000000 -0.450000 -0.075000
   -2.564   -2.010    1.444    1.950    8.340    9.423    9.950   10.068
            1.000000 -0.450000 -0.050000
   -2.470   -2.101    1.508    1.847    8.509    9.237    9.949   10.033
            1.000000 -0.450000 -0.025000
   -2.376   -2.192    1.581    1.751    8.684    9.049    9.960   10.003
            1.000000 -0.450000  0.000000
   -2.284   -2.284    1.663    1.663    8.864    8.864    9.978    9.978
            1.000000 -0.450000  0.025000
   -2.376   -2.192    1.581    1.751    8.684    9.049    9.960   10.003
            1.000000 -0.450000  0.050000
   -2.470   -2.101    1.508    1.847    8.509    9.237    9.949   10.033
            1.000000 -0.450000  0.075000
   -2.564   -2.010    1.444    1.950    8.340    9.423    9.950   10.068
            1.000000 -0.450000  0.100000
   -2.659   -1.921    1.388    2.059    8.178    9.596    9.973   10.108
            1.000000 -0.450000  0.125000
   -2.755   -1.832    1.340    2.174    8.024    9.727   10.047   10.153
            1.000000 -0.450000  0.150000
   -2.851   -1.743    1.301    2.293    7.878    9.794   10.195   10.202
            1.000000 -0.450000  0.175000
   -2.948   -1.654    1.270    2.416    7.741    9.824   10.255   10.387
            1.000000 -0.450000  0.200000
   -3.044   -1.566    1.248    2.542    7.614    9.842   10.313   10.600
            1.000000 -0.450000  0.225000
   -3.140   -1.477    1.234    2.668    7.497    9.858   10.375   10.823
            1.000000 -0.450000  0.250000
   -3.236   -1.388    1.229    2.795    7.393    9.874   10.440   11.053
            1.000000 -0.450000  0.275000
   -3.332   -1.298    1.231    2.920    7.301    9.891   10.508   11.288
            1.000000 -0.450000  0.300000
   -3.426   -1.208    1.241    3.041    7.224    9.911   10.578   11.527
            1.000000 -0.450000  0.325000
   -3.519   -1.117    1.259    3.157    7.163    9.931   10.649   11.457
            1.000000 -0.450000  0.350000
   -3.611   -1.026    1.285    3.265    7.119    9.953   10.718   11.192
            1.000000 -0.450000  0.375000
   -3.701   -0.933    1.317    3.364    7.095    9.974   10.779   10.932
            1.000000 -0.450000  0.400000
   -3.789   -0.839    1.356    3.452    7.090    9.992   10.680   10.825
            1.000000 -0.450000  0.425000
   -3.875   -0.744    1.402    3.527    7.108    9.994   10.447   10.839
            1.000000 -0.450000  0.450000
   -3.959   -0.649    1.455    3.588    7.148    9.939   10.275   10.799
            1.000000 -0.450000  0.475000
   -4.040   -0.552    1.513    3.634    7.210    9.775   10.217   10.693
            1.000000 -0.450000  0.500000
   -4.118   -0.454    1.578    3.666    7.294    9.552   10.222   10.536
            1.000000 -0.450000  0.525000
   -4.194   -0.356    1.648    3.685    7.398    9.315   10.247   10.350
            1.000000 -0.450000  0.550000
   -4.266   -0.257    1.723    3.691    7.520    9.074   10.152   10.279
            1.000000 -0.450000  0.575000
   -4.336   -0.157    1.803    3.685    7.659    8.834    9.951   10.314
            1.000000 -0.450000  0.600000
   -4.402   -0.058    1.888    3.670    7.810    8.598    9.755   10.351
            1.000000 -0.450000  0.625000
   -4.464    0.042    1.977    3.647    7.971    8.366    9.566   10.389
            1.000000 -0.450000  0.650000
   -4.523    0.141    2.070    3.618    8.136    8.138    9.392   10.427
            1.000000 -0.450000  0.675000
   -4.578    0.239    2.166    3.584    7.916    8.295    9.240   10.464
            1.000000 -0.450000  0.700000
   -4.630    0.336    2.265    3.546    7.701    8.426    9.134   10.501
            1.000000 -0.450000  0.725000
   -4.678    0.431    2.366    3.505    7.492    8.485    9.115   10.536
            1.000000 -0.450000  0.750000
   -4.721    0.523    2.467    3.463    7.292    8.451    9.204   10.569
            1.000000 -0.450000  0.775000
   -4.761    0.611    2.568    3.420    7.101    8.363    9.361   10.600
            1.000000 -0.450000  0.800000
   -4.797    0.695    2.669    3.377    6.921    8.261    9.547   10.629
            1.000000 -0.450000  0.825000
   -4.829    0.774    2.766    3.336    6.753    8.159    9.744   10.655
            1.000000 -0.450000  0.850000
   -4.856    0.845    2.858    3.297    6.599    8.065    9.943   10.679
            1.000000 -0.450000  0.875000
   -4.879    0.909    2.943    3.261    6.462    7.982   10.138   10.699
            1.000000 -0.450000  0.900000
   -4.899    0.964    3.019    3.230    6.344    7.913   10.322   10.715
            1.000000 -0.450000  0.925000
   -4.914    1.008    3.082    3.205    6.248    7.858   10.487   10.729
            1.000000 -0.450000  0.950000
   -4.924    1.041    3.130    3.186    6.176    7.818   10.623   10.738
            1.000000 -0.450000  0.975000
   -4.931    1.061    3.160    3.174    6.132    7.794   10.713   10.744
            1.000000 -0.450000  1.000000
   -4.933    1.068    3.170    3.170    6.117    7.786   10.746   10.746
