 &plot nbnd=   8, nks=   101 /
            1.000000 -0.820000 -1.000000
   -5.644    5.124    5.450    5.450    8.175    9.115    9.115    9.770
            1.000000 -0.820000 -0.980000
   -5.642    5.090    5.443    5.477    8.184    9.097    9.111    9.796
            1.000000 -0.820000 -0.960000
   -5.637    5.011    5.421    5.536    8.213    9.051    9.100    9.865
            1.000000 -0.820000 -0.940000
   -5.628    4.910    5.386    5.602    8.259    8.992    9.082    9.962
            1.000000 -0.820000 -0.920000
   -5.616    4.798    5.338    5.664    8.322    8.932    9.058   10.077
            1.000000 -0.820000 -0.900000
   -5.601    4.680    5.281    5.716    8.400    8.878    9.028   10.201
            1.000000 -0.820000 -0.880000
   -5.583    4.558    5.214    5.755    8.490    8.835    8.993   10.331
            1.000000 -0.820000 -0.860000
   -5.561    4.433    5.140    5.780    8.589    8.807    8.955   10.462
            1.000000 -0.820000 -0.840000
   -5.536    4.305    5.061    5.788    8.690    8.795    8.920   10.591
            1.000000 -0.820000 -0.820000
   -5.507    4.176    4.977    5.779    8.762    8.800    8.920   10.715
            1.000000 -0.820000 -0.800000
   -5.475    4.045    4.890    5.754    8.753    8.823    9.005   10.828
            1.000000 -0.820000 -0.780000
   -5.440    3.913    4.801    5.714    8.706    8.862    9.131   10.924
            1.000000 -0.820000 -0.760000
   -5.401    3.781    4.710    5.659    8.650    8.916    9.270   10.994
            1.000000 -0.820000 -0.740000
   -5.359    3.648    4.619    5.592    8.589    8.984    9.416   11.030
            1.000000 -0.820000 -0.720000
   -5.314    3.514    4.528    5.514    8.525    9.064    9.569   11.026
            1.000000 -0.820000 -0.700000
   -5.265    3.379    4.437    5.427    8.460    9.152    9.725   10.982
            1.000000 -0.820000 -0.680000
   -5.213    3.244    4.346    5.333    8.394    9.249    9.886   10.906
            1.000000 -0.820000 -0.660000
   -5.158    3.108    4.257    5.234    8.328    9.350   10.050   10.807
            1.000000 -0.820000 -0.640000
   -5.100    2.972    4.169    5.131    8.262    9.453   10.217   10.696
            1.000000 -0.820000 -0.620000
   -5.039    2.836    4.083    5.024    8.196    9.555   10.387   10.580
            1.000000 -0.820000 -0.600000
   -4.974    2.698    3.999    4.916    8.131    9.647   10.472   10.559
            1.000000 -0.820000 -0.580000
   -4.906    2.560    3.917    4.806    8.067    9.716   10.388   10.734
            1.000000 -0.820000 -0.560000
   -4.835    2.422    3.837    4.697    8.005    9.738   10.352   10.910
            1.000000 -0.820000 -0.540000
   -4.761    2.282    3.759    4.587    7.944    9.700   10.379   11.088
            1.000000 -0.820000 -0.520000
   -4.683    2.142    3.684    4.479    7.885    9.615   10.458   11.267
            1.000000 -0.820000 -0.500000
   -4.603    2.000    3.611    4.372    7.827    9.505   10.565   11.448
            1.000000 -0.820000 -0.480000
   -4.519    1.858    3.541    4.268    7.772    9.385   10.688   11.631
            1.000000 -0.820000 -0.460000
   -4.433    1.715    3.474    4.165    7.719    9.261   10.819   11.814
            1.000000 -0.820000 -0.440000
   -4.343    1.571    3.410    4.065    7.669    9.136   10.956   11.999
            1.000000 -0.820000 -0.420000
   -4.251    1.425    3.348    3.969    7.621    9.013   11.098   12.184
            1.000000 -0.820000 -0.400000
   -4.155    1.279    3.290    3.875    7.576    8.892   11.243   12.371
            1.000000 -0.820000 -0.380000
   -4.057    1.132    3.235    3.785    7.534    8.775   11.390   12.558
            1.000000 -0.820000 -0.360000
   -3.956    0.984    3.182    3.698    7.495    8.661   11.539   12.746
            1.000000 -0.820000 -0.340000
   -3.851    0.835    3.133    3.615    7.459    8.552   11.691   12.934
            1.000000 -0.820000 -0.320000
   -3.745    0.686    3.087    3.536    7.426    8.447   11.844   13.124
            1.000000 -0.820000 -0.300000
   -3.635    0.535    3.045    3.461    7.396    8.346   11.999   13.313
            1.000000 -0.820000 -0.280000
   -3.523    0.384    3.005    3.390    7.370    8.250   12.156   13.503
            1.000000 -0.820000 -0.260000
   -3.408    0.233    2.970    3.323    7.347    8.158   12.315   13.694
            1.000000 -0.820000 -0.240000
   -3.291    0.082    2.937    3.260    7.327    8.071   12.476   13.884
            1.000000 -0.820000 -0.220000
   -3.171   -0.070    2.908    3.202    7.311    7.989   12.638   14.073
            1.000000 -0.820000 -0.200000
   -3.048   -0.222    2.882    3.147    7.299    7.912   12.801   14.262
            1.000000 -0.820000 -0.180000
   -2.924   -0.373    2.860    3.096    7.290    7.839   12.967   14.448
            1.000000 -0.820000 -0.160000
   -2.797   -0.524    2.841    3.050    7.286    7.771   13.134   14.630
            1.000000 -0.820000 -0.140000
   -2.667   -0.675    2.826    3.007    7.285    7.707   13.303   14.803
            1.000000 -0.820000 -0.120000
   -2.536   -0.825    2.814    2.969    7.288    7.648   13.473   14.955
            1.000000 -0.820000 -0.100000
   -2.402   -0.975    2.807    2.935    7.295    7.594   13.644   15.059
            1.000000 -0.820000 -0.080000
   -2.267   -1.123    2.802    2.905    7.306    7.545   13.817   15.067
            1.000000 -0.820000 -0.060000
   -2.130   -1.271    2.802    2.878    7.321    7.500   13.991   14.979
            1.000000 -0.820000 -0.040000
   -1.990   -1.418    2.805    2.856    7.340    7.459   14.165   14.840
            1.000000 -0.820000 -0.020000
   -1.849   -1.563    2.812    2.837    7.363    7.423   14.339   14.680
            1.000000 -0.820000  0.000000
   -1.707   -1.707    2.823    2.823    7.391    7.391   14.511   14.511
            1.000000 -0.820000  0.020000
   -1.849   -1.563    2.812    2.837    7.363    7.423   14.339   14.680
            1.000000 -0.820000  0.040000
   -1.990   -1.418    2.805    2.856    7.340    7.459   14.165   14.840
            1.000000 -0.820000  0.060000
   -2.130   -1.271    2.802    2.878    7.321    7.500   13.991   14.979
            1.000000 -0.820000  0.080000
   -2.267   -1.123    2.802    2.905    7.306    7.545   13.817   15.067
            1.000000 -0.820000  0.100000
   -2.402   -0.975    2.807    2.935    7.295    7.594   13.644   15.059
            1.000000 -0.820000  0.120000
   -2.536   -0.825    2.814    2.969    7.288    7.648   13.473   14.955
            1.000000 -0.820000  0.140000
   -2.667   -0.675    2.826    3.007    7.285    7.707   13.303   14.803
            1.000000 -0.820000  0.160000
   -2.797   -0.524    2.841    3.050    7.286    7.771   13.134   14.630
            1.000000 -0.820000  0.180000
   -2.924   -0.373    2.860    3.096    7.290    7.839   12.967   14.448
            1.000000 -0.820000  0.200000
   -3.048   -0.222    2.882    3.147    7.299    7.912   12.801   14.262
            1.000000 -0.820000  0.220000
   -3.171   -0.070    2.908    3.202    7.311    7.989   12.638   14.073
            1.000000 -0.820000  0.240000
   -3.291    0.082    2.937    3.260    7.327    8.071   12.476   13.884
            1.000000 -0.820000  0.260000
   -3.408    0.233    2.970    3.323    7.347    8.158   12.315   13.694
            1.000000 -0.820000  0.280000
   -3.523    0.384    3.005    3.390    7.370    8.250   12.156   13.503
            1.000000 -0.820000  0.300000
   -3.635    0.535    3.045    3.461    7.396    8.346   11.999   13.313
            1.000000 -0.820000  0.320000
   -3.745    0.686    3.087    3.536    7.426    8.447   11.844   13.124
            1.000000 -0.820000  0.340000
   -3.851    0.835    3.133    3.615    7.459    8.552   11.691   12.934
            1.000000 -0.820000  0.360000
   -3.956    0.984    3.182    3.698    7.495    8.661   11.539   12.746
            1.000000 -0.820000  0.380000
   -4.057    1.132    3.235    3.785    7.534    8.775   11.390   12.558
            1.000000 -0.820000  0.400000
   -4.155    1.279    3.290    3.875    7.576    8.892   11.243   12.371
            1.000000 -0.820000  0.420000
   -4.251    1.425    3.348    3.969    7.621    9.013   11.098   12.184
            1.000000 -0.820000  0.440000
   -4.343    1.571    3.410    4.065    7.669    9.136   10.956   11.999
            1.000000 -0.820000  0.460000
   -4.433    1.715    3.474    4.165    7.719    9.261   10.819   11.814
            1.000000 -0.820000  0.480000
   -4.519    1.858    3.541    4.268    7.772    9.385   10.688   11.631
            1.000000 -0.820000  0.500000
   -4.603    2.000    3.611    4.372    7.827    9.505   10.565   11.448
            1.000000 -0.820000  0.520000
   -4.683    2.142    3.684    4.479    7.885    9.615   10.458   11.267
            1.000000 -0.820000  0.540000
   -4.761    2.282    3.759    4.587    7.944    9.700   10.379   11.088
            1.000000 -0.820000  0.560000
   -4.835    2.422    3.837    4.697    8.005    9.738   10.352   10.910
            1.000000 -0.820000  0.580000
   -4.906    2.560    3.917    4.806    8.067    9.716   10.388   10.734
            1.000000 -0.820000  0.600000
   -4.974    2.698    3.999    4.916    8.131    9.647   10.472   10.559
            1.000000 -0.820000  0.620000
   -5.039    2.836    4.083    5.024    8.196    9.555   10.387   10.580
            1.000000 -0.820000  0.640000
   -5.100    2.972    4.169    5.131    8.262    9.453   10.217   10.696
            1.000000 -0.820000  0.660000
   -5.158    3.108    4.257    5.234    8.328    9.350   10.050   10.807
            1.000000 -0.820000  0.680000
   -5.213    3.244    4.346    5.333    8.394    9.249    9.886   10.906
            1.000000 -0.820000  0.700000
   -5.265    3.379    4.437    5.427    8.460    9.152    9.725   10.982
            1.000000 -0.820000  0.720000
   -5.314    3.514    4.528    5.514    8.525    9.064    9.569   11.026
            1.000000 -0.820000  0.740000
   -5.359    3.648    4.619    5.592    8.589    8.984    9.416   11.030
            1.000000 -0.820000  0.760000
   -5.401    3.781    4.710    5.659    8.650    8.916    9.270   10.994
            1.000000 -0.820000  0.780000
   -5.440    3.913    4.801    5.714    8.706    8.862    9.131   10.924
            1.000000 -0.820000  0.800000
   -5.475    4.045    4.890    5.754    8.753    8.823    9.005   10.828
            1.000000 -0.820000  0.820000
   -5.507    4.176    4.977    5.779    8.762    8.800    8.920   10.715
            1.000000 -0.820000  0.840000
   -5.536    4.305    5.061    5.788    8.690    8.795    8.920   10.591
            1.000000 -0.820000  0.860000
   -5.561    4.433    5.140    5.780    8.589    8.807    8.955   10.462
            1.000000 -0.820000  0.880000
   -5.583    4.558    5.214    5.755    8.490    8.835    8.993   10.331
            1.000000 -0.820000  0.900000
   -5.601    4.680    5.281    5.716    8.400    8.878    9.028   10.201
            1.000000 -0.820000  0.920000
   -5.616    4.798    5.338    5.664    8.322    8.932    9.058   10.077
            1.000000 -0.820000  0.940000
   -5.628    4.910    5.386    5.602    8.259    8.992    9.082    9.962
            1.000000 -0.820000  0.960000
   -5.637    5.011    5.421    5.536    8.213    9.051    9.100    9.865
            1.000000 -0.820000  0.980000
   -5.642    5.090    5.443    5.477    8.184    9.097    9.111    9.796
            1.000000 -0.820000  1.000000
   -5.644    5.124    5.450    5.450    8.175    9.115    9.115    9.770
