 &plot nbnd=   8, nks=   101 /
            1.000000  0.230000  0.000000
   -1.685   -1.685    2.675    2.675    7.764    7.764   13.892   13.892
            1.000000  0.230000  0.010000
   -1.701   -1.668    2.629    2.720    7.702    7.828   13.879   13.905
            1.000000  0.230000  0.020000
   -1.717   -1.651    2.584    2.766    7.642    7.894   13.867   13.919
            1.000000  0.230000  0.030000
   -1.734   -1.635    2.540    2.811    7.585    7.962   13.855   13.933
            1.000000  0.230000  0.040000
   -1.750   -1.618    2.495    2.857    7.530    8.032   13.843   13.948
            1.000000  0.230000  0.050000
   -1.766   -1.601    2.452    2.902    7.478    8.104   13.832   13.963
            1.000000  0.230000  0.060000
   -1.783   -1.584    2.409    2.947    7.428    8.178   13.821   13.978
            1.000000  0.230000  0.070000
   -1.799   -1.566    2.367    2.991    7.381    8.253   13.810   13.994
            1.000000  0.230000  0.080000
   -1.816   -1.549    2.325    3.034    7.337    8.330   13.799   14.011
            1.000000  0.230000  0.090000
   -1.832   -1.531    2.285    3.077    7.296    8.408   13.789   14.027
            1.000000  0.230000  0.100000
   -1.848   -1.513    2.245    3.119    7.258    8.488   13.779   14.044
            1.000000  0.230000  0.110000
   -1.865   -1.495    2.207    3.159    7.224    8.569   13.769   14.062
            1.000000  0.230000  0.120000
   -1.882   -1.477    2.170    3.198    7.192    8.652   13.759   14.079
            1.000000  0.230000  0.130000
   -1.899   -1.459    2.133    3.236    7.165    8.736   13.748   14.097
            1.000000  0.230000  0.140000
   -1.916   -1.440    2.098    3.272    7.141    8.822   13.737   14.114
            1.000000  0.230000  0.150000
   -1.933   -1.421    2.064    3.307    7.121    8.909   13.726   14.132
            1.000000  0.230000  0.160000
   -1.950   -1.402    2.032    3.339    7.106    8.997   13.713   14.149
            1.000000  0.230000  0.170000
   -1.968   -1.382    2.000    3.370    7.094    9.086   13.699   14.165
            1.000000  0.230000  0.180000
   -1.985   -1.362    1.971    3.398    7.086    9.177   13.682   14.179
            1.000000  0.230000  0.190000
   -2.003   -1.342    1.942    3.424    7.083    9.268   13.662   14.191
            1.000000  0.230000  0.200000
   -2.022   -1.322    1.915    3.448    7.085    9.361   13.637   14.198
            1.000000  0.230000  0.210000
   -2.040   -1.302    1.889    3.469    7.091    9.455   13.605   14.197
            1.000000  0.230000  0.220000
   -2.059   -1.281    1.865    3.487    7.101    9.550   13.563   14.131
            1.000000  0.230000  0.230000
   -2.077   -1.260    1.843    3.504    7.116    9.645   13.508   14.059
            1.000000  0.230000  0.240000
   -2.096   -1.238    1.822    3.517    7.135    9.742   13.441   14.001
            1.000000  0.230000  0.250000
   -2.116   -1.217    1.802    3.529    7.159    9.840   13.360   13.957
            1.000000  0.230000  0.260000
   -2.135   -1.195    1.785    3.537    7.188    9.938   13.269   13.900
            1.000000  0.230000  0.270000
   -2.155   -1.173    1.768    3.543    7.221   10.038   13.170   13.790
            1.000000  0.230000  0.280000
   -2.175   -1.151    1.754    3.547    7.258   10.138   13.065   13.674
            1.000000  0.230000  0.290000
   -2.196   -1.128    1.741    3.549    7.300   10.238   12.956   13.555
            1.000000  0.230000  0.300000
   -2.216   -1.105    1.729    3.549    7.345   10.340   12.845   13.433
            1.000000  0.230000  0.310000
   -2.237   -1.082    1.719    3.546    7.395   10.441   12.732   13.311
            1.000000  0.230000  0.320000
   -2.258   -1.059    1.711    3.542    7.448   10.543   12.619   13.187
            1.000000  0.230000  0.330000
   -2.280   -1.035    1.705    3.536    7.505   10.645   12.506   13.063
            1.000000  0.230000  0.340000
   -2.301   -1.011    1.700    3.528    7.566   10.746   12.393   12.939
            1.000000  0.230000  0.350000
   -2.323   -0.987    1.696    3.519    7.630   10.846   12.283   12.815
            1.000000  0.230000  0.360000
   -2.345   -0.963    1.695    3.509    7.697   10.943   12.175   12.691
            1.000000  0.230000  0.370000
   -2.367   -0.939    1.694    3.498    7.767   11.037   12.072   12.567
            1.000000  0.230000  0.380000
   -2.389   -0.915    1.696    3.485    7.841   11.123   11.978   12.444
            1.000000  0.230000  0.390000
   -2.411   -0.890    1.699    3.472    7.917   11.194   11.899   12.321
            1.000000  0.230000  0.400000
   -2.434   -0.865    1.704    3.458    7.995   11.239   11.847   12.199
            1.000000  0.230000  0.410000
   -2.456   -0.840    1.710    3.443    8.076   11.244   11.837   12.078
            1.000000  0.230000  0.420000
   -2.479   -0.815    1.717    3.428    8.160   11.206   11.870   11.957
            1.000000  0.230000  0.430000
   -2.502   -0.790    1.727    3.413    8.246   11.137   11.837   11.937
            1.000000  0.230000  0.440000
   -2.524   -0.765    1.737    3.397    8.333   11.049   11.717   12.023
            1.000000  0.230000  0.450000
   -2.547   -0.740    1.749    3.382    8.423   10.951   11.599   12.120
            1.000000  0.230000  0.460000
   -2.570   -0.715    1.763    3.366    8.515   10.847   11.481   12.224
            1.000000  0.230000  0.470000
   -2.593   -0.689    1.778    3.350    8.608   10.740   11.365   12.332
            1.000000  0.230000  0.480000
   -2.615   -0.664    1.794    3.335    8.703   10.632   11.249   12.444
            1.000000  0.230000  0.490000
   -2.638   -0.639    1.812    3.319    8.799   10.522   11.135   12.558
            1.000000  0.230000  0.500000
   -2.661   -0.614    1.831    3.304    8.897   10.412   11.021   12.673
            1.000000  0.230000  0.510000
   -2.683   -0.589    1.851    3.290    8.996   10.302   10.910   12.790
            1.000000  0.230000  0.520000
   -2.706   -0.564    1.873    3.276    9.096   10.192   10.799   12.909
            1.000000  0.230000  0.530000
   -2.728   -0.539    1.896    3.262    9.196   10.082   10.690   13.028
            1.000000  0.230000  0.540000
   -2.750   -0.515    1.920    3.249    9.297    9.972   10.584   13.149
            1.000000  0.230000  0.550000
   -2.772   -0.491    1.945    3.237    9.397    9.863   10.480   13.270
            1.000000  0.230000  0.560000
   -2.793   -0.466    1.971    3.226    9.495    9.755   10.381   13.392
            1.000000  0.230000  0.570000
   -2.815   -0.443    1.999    3.215    9.589    9.647   10.287   13.515
            1.000000  0.230000  0.580000
   -2.836   -0.419    2.028    3.205    9.540    9.673   10.207   13.638
            1.000000  0.230000  0.590000
   -2.857   -0.396    2.057    3.196    9.433    9.733   10.152   13.762
            1.000000  0.230000  0.600000
   -2.878   -0.373    2.088    3.187    9.328    9.747   10.146   13.879
            1.000000  0.230000  0.610000
   -2.898   -0.350    2.120    3.180    9.223    9.708   10.193   13.909
            1.000000  0.230000  0.620000
   -2.918   -0.328    2.152    3.173    9.119    9.639   10.274   13.914
            1.000000  0.230000  0.630000
   -2.938   -0.306    2.186    3.168    9.017    9.557   10.371   13.918
            1.000000  0.230000  0.640000
   -2.957   -0.284    2.220    3.163    8.915    9.469   10.474   13.923
            1.000000  0.230000  0.650000
   -2.976   -0.263    2.255    3.159    8.814    9.379   10.583   13.927
            1.000000  0.230000  0.660000
   -2.995   -0.243    2.291    3.157    8.715    9.288   10.694   13.931
            1.000000  0.230000  0.670000
   -3.013   -0.223    2.328    3.155    8.616    9.198   10.806   13.934
            1.000000  0.230000  0.680000
   -3.031   -0.204    2.365    3.154    8.519    9.109   10.920   13.938
            1.000000  0.230000  0.690000
   -3.048   -0.185    2.403    3.154    8.423    9.020   11.035   13.942
            1.000000  0.230000  0.700000
   -3.065   -0.166    2.442    3.155    8.328    8.933   11.151   13.945
            1.000000  0.230000  0.710000
   -3.082   -0.149    2.481    3.158    8.235    8.847   11.268   13.949
            1.000000  0.230000  0.720000
   -3.098   -0.131    2.520    3.161    8.143    8.763   11.385   13.952
            1.000000  0.230000  0.730000
   -3.113   -0.115    2.560    3.164    8.052    8.680   11.502   13.955
            1.000000  0.230000  0.740000
   -3.128   -0.099    2.600    3.169    7.963    8.599   11.620   13.958
            1.000000  0.230000  0.750000
   -3.143   -0.084    2.641    3.175    7.876    8.521   11.738   13.961
            1.000000  0.230000  0.760000
   -3.157   -0.069    2.681    3.181    7.791    8.444   11.855   13.964
            1.000000  0.230000  0.770000
   -3.171   -0.055    2.722    3.188    7.707    8.369   11.973   13.967
            1.000000  0.230000  0.780000
   -3.184   -0.041    2.762    3.195    7.625    8.296   12.091   13.969
            1.000000  0.230000  0.790000
   -3.196   -0.029    2.803    3.203    7.545    8.226   12.208   13.972
            1.000000  0.230000  0.800000
   -3.209   -0.016    2.843    3.212    7.467    8.158   12.325   13.974
            1.000000  0.230000  0.810000
   -3.220   -0.005    2.883    3.221    7.392    8.093   12.441   13.976
            1.000000  0.230000  0.820000
   -3.231    0.006    2.922    3.230    7.319    8.030   12.556   13.979
            1.000000  0.230000  0.830000
   -3.241    0.016    2.961    3.240    7.248    7.969   12.671   13.981
            1.000000  0.230000  0.840000
   -3.251    0.026    2.998    3.250    7.180    7.911   12.784   13.982
            1.000000  0.230000  0.850000
   -3.261    0.035    3.035    3.260    7.115    7.857   12.896   13.984
            1.000000  0.230000  0.860000
   -3.269    0.043    3.071    3.270    7.053    7.805   13.006   13.986
            1.000000  0.230000  0.870000
   -3.277    0.051    3.105    3.279    6.993    7.756   13.114   13.987
            1.000000  0.230000  0.880000
   -3.285    0.058    3.139    3.289    6.937    7.710   13.219   13.989
            1.000000  0.230000  0.890000
   -3.292    0.064    3.170    3.298    6.885    7.668   13.321   13.990
            1.000000  0.230000  0.900000
   -3.298    0.070    3.200    3.307    6.836    7.628   13.420   13.991
            1.000000  0.230000  0.910000
   -3.304    0.076    3.227    3.315    6.791    7.593   13.514   13.992
            1.000000  0.230000  0.920000
   -3.309    0.080    3.252    3.323    6.750    7.560   13.603   13.993
            1.000000  0.230000  0.930000
   -3.314    0.084    3.275    3.330    6.714    7.532   13.686   13.994
            1.000000  0.230000  0.940000
   -3.318    0.088    3.296    3.336    6.682    7.507   13.762   13.995
            1.000000  0.230000  0.950000
   -3.321    0.091    3.313    3.341    6.654    7.485   13.829   13.995
            1.000000  0.230000  0.960000
   -3.324    0.093    3.328    3.346    6.631    7.468   13.887   13.996
            1.000000  0.230000  0.970000
   -3.326    0.095    3.339    3.349    6.613    7.454   13.934   13.996
            1.000000  0.230000  0.980000
   -3.327    0.097    3.347    3.352    6.601    7.444   13.968   13.996
            1.000000  0.230000  0.990000
   -3.328    0.098    3.352    3.354    6.593    7.438   13.990   13.997
            1.000000  0.230000  1.000000
   -3.329    0.098    3.354    3.354    6.590    7.436   13.997   13.997
