 &plot nbnd=   8, nks=   101 /
            1.000000  0.560000  0.000000
   -1.601   -1.601    2.227    2.227    9.763    9.763   11.302   11.302
            1.000000  0.560000  0.010000
   -1.653   -1.549    2.200    2.256    9.755    9.771   11.222   11.384
            1.000000  0.560000  0.020000
   -1.704   -1.498    2.175    2.285    9.748    9.780   11.142   11.467
            1.000000  0.560000  0.030000
   -1.756   -1.447    2.151    2.317    9.741    9.789   11.064   11.551
            1.000000  0.560000  0.040000
   -1.808   -1.396    2.129    2.350    9.735    9.799   10.988   11.636
            1.000000  0.560000  0.050000
   -1.861   -1.345    2.108    2.384    9.730    9.809   10.913   11.722
            1.000000  0.560000  0.060000
   -1.913   -1.294    2.088    2.420    9.725    9.818   10.840   11.808
            1.000000  0.560000  0.070000
   -1.965   -1.244    2.070    2.457    9.721    9.828   10.769   11.896
            1.000000  0.560000  0.080000
   -2.017   -1.194    2.053    2.495    9.718    9.837   10.700   11.984
            1.000000  0.560000  0.090000
   -2.070   -1.144    2.038    2.535    9.715    9.845   10.634   12.074
            1.000000  0.560000  0.100000
   -2.122   -1.094    2.025    2.577    9.713    9.851   10.572   12.164
            1.000000  0.560000  0.110000
   -2.174   -1.045    2.012    2.619    9.712    9.855   10.513   12.255
            1.000000  0.560000  0.120000
   -2.227   -0.995    2.001    2.664    9.712    9.856   10.460   12.346
            1.000000  0.560000  0.130000
   -2.279   -0.946    1.992    2.709    9.712    9.852   10.414   12.439
            1.000000  0.560000  0.140000
   -2.331   -0.897    1.984    2.756    9.713    9.843   10.375   12.532
            1.000000  0.560000  0.150000
   -2.383   -0.849    1.977    2.803    9.715    9.826   10.345   12.625
            1.000000  0.560000  0.160000
   -2.435   -0.800    1.972    2.852    9.718    9.802   10.325   12.720
            1.000000  0.560000  0.170000
   -2.487   -0.752    1.968    2.903    9.721    9.771   10.313   12.814
            1.000000  0.560000  0.180000
   -2.538   -0.704    1.965    2.954    9.725    9.734   10.311   12.910
            1.000000  0.560000  0.190000
   -2.590   -0.656    1.964    3.006    9.692    9.729   10.315   13.006
            1.000000  0.560000  0.200000
   -2.641   -0.609    1.964    3.060    9.645    9.735   10.325   13.102
            1.000000  0.560000  0.210000
   -2.692   -0.561    1.965    3.114    9.597    9.741   10.340   13.199
            1.000000  0.560000  0.220000
   -2.743   -0.514    1.968    3.169    9.546    9.747   10.359   13.295
            1.000000  0.560000  0.230000
   -2.793   -0.466    1.971    3.226    9.495    9.755   10.381   13.392
            1.000000  0.560000  0.240000
   -2.843   -0.419    1.976    3.282    9.443    9.763   10.405   13.488
            1.000000  0.560000  0.250000
   -2.893   -0.372    1.983    3.340    9.391    9.772   10.432   13.572
            1.000000  0.560000  0.260000
   -2.943   -0.325    1.990    3.398    9.340    9.781   10.461   13.543
            1.000000  0.560000  0.270000
   -2.992   -0.279    1.999    3.457    9.289    9.791   10.491   13.440
            1.000000  0.560000  0.280000
   -3.041   -0.232    2.009    3.516    9.239    9.802   10.523   13.332
            1.000000  0.560000  0.290000
   -3.090   -0.185    2.020    3.576    9.190    9.813   10.557   13.223
            1.000000  0.560000  0.300000
   -3.138   -0.138    2.032    3.636    9.143    9.825   10.592   13.113
            1.000000  0.560000  0.310000
   -3.185   -0.092    2.045    3.696    9.096    9.837   10.628   13.004
            1.000000  0.560000  0.320000
   -3.233   -0.045    2.060    3.756    9.051    9.850   10.666   12.894
            1.000000  0.560000  0.330000
   -3.280    0.002    2.075    3.817    9.007    9.864   10.704   12.785
            1.000000  0.560000  0.340000
   -3.326    0.049    2.092    3.877    8.965    9.878   10.744   12.676
            1.000000  0.560000  0.350000
   -3.372    0.095    2.110    3.937    8.924    9.893   10.785   12.567
            1.000000  0.560000  0.360000
   -3.418    0.142    2.128    3.997    8.885    9.908   10.827   12.458
            1.000000  0.560000  0.370000
   -3.463    0.189    2.148    4.056    8.848    9.924   10.870   12.349
            1.000000  0.560000  0.380000
   -3.507    0.236    2.169    4.114    8.813    9.940   10.914   12.241
            1.000000  0.560000  0.390000
   -3.551    0.283    2.191    4.172    8.780    9.956   10.960   12.133
            1.000000  0.560000  0.400000
   -3.595    0.331    2.214    4.230    8.750    9.973   11.005   12.025
            1.000000  0.560000  0.410000
   -3.637    0.378    2.238    4.286    8.721    9.991   11.052   11.918
            1.000000  0.560000  0.420000
   -3.680    0.425    2.263    4.341    8.695   10.009   11.100   11.811
            1.000000  0.560000  0.430000
   -3.722    0.473    2.289    4.395    8.672   10.027   11.148   11.705
            1.000000  0.560000  0.440000
   -3.763    0.521    2.316    4.447    8.651   10.045   11.197   11.599
            1.000000  0.560000  0.450000
   -3.804    0.569    2.344    4.498    8.633   10.064   11.247   11.494
            1.000000  0.560000  0.460000
   -3.844    0.617    2.372    4.547    8.617   10.083   11.297   11.389
            1.000000  0.560000  0.470000
   -3.883    0.665    2.402    4.594    8.605   10.101   11.285   11.348
            1.000000  0.560000  0.480000
   -3.922    0.713    2.433    4.639    8.596   10.120   11.182   11.398
            1.000000  0.560000  0.490000
   -3.960    0.762    2.464    4.682    8.590   10.138   11.080   11.448
            1.000000  0.560000  0.500000
   -3.998    0.811    2.496    4.723    8.587   10.156   10.980   11.498
            1.000000  0.560000  0.510000
   -4.035    0.860    2.529    4.761    8.587   10.172   10.881   11.545
            1.000000  0.560000  0.520000
   -4.071    0.909    2.563    4.797    8.591   10.187   10.785   11.590
            1.000000  0.560000  0.530000
   -4.107    0.958    2.598    4.830    8.598   10.197   10.694   11.629
            1.000000  0.560000  0.540000
   -4.142    1.008    2.634    4.861    8.609   10.202   10.610   11.660
            1.000000  0.560000  0.550000
   -4.177    1.058    2.670    4.888    8.623   10.194   10.538   11.675
            1.000000  0.560000  0.560000
   -4.210    1.107    2.707    4.913    8.641   10.168   10.487   11.670
            1.000000  0.560000  0.570000
   -4.243    1.158    2.745    4.935    8.662   10.118   10.459   11.641
            1.000000  0.560000  0.580000
   -4.276    1.208    2.784    4.954    8.687   10.049   10.451   11.593
            1.000000  0.560000  0.590000
   -4.307    1.258    2.823    4.969    8.715    9.969   10.456   11.531
            1.000000  0.560000  0.600000
   -4.338    1.309    2.863    4.982    8.746    9.882   10.467   11.462
            1.000000  0.560000  0.610000
   -4.369    1.360    2.904    4.992    8.781    9.792   10.483   11.389
            1.000000  0.560000  0.620000
   -4.398    1.410    2.945    5.000    8.818    9.700   10.501   11.314
            1.000000  0.560000  0.630000
   -4.427    1.461    2.987    5.004    8.859    9.608   10.521   11.239
            1.000000  0.560000  0.640000
   -4.455    1.513    3.029    5.006    8.903    9.515   10.541   11.164
            1.000000  0.560000  0.650000
   -4.483    1.564    3.072    5.005    8.949    9.423   10.562   11.089
            1.000000  0.560000  0.660000
   -4.509    1.615    3.115    5.002    8.997    9.331   10.584   11.016
            1.000000  0.560000  0.670000
   -4.535    1.666    3.159    4.996    9.048    9.240   10.606   10.945
            1.000000  0.560000  0.680000
   -4.561    1.718    3.204    4.988    9.101    9.149   10.628   10.875
            1.000000  0.560000  0.690000
   -4.585    1.769    3.248    4.977    9.059    9.155   10.650   10.807
            1.000000  0.560000  0.700000
   -4.609    1.821    3.293    4.965    8.970    9.211   10.672   10.741
            1.000000  0.560000  0.710000
   -4.632    1.872    3.339    4.950    8.882    9.268   10.678   10.694
            1.000000  0.560000  0.720000
   -4.654    1.923    3.384    4.934    8.795    9.326   10.618   10.715
            1.000000  0.560000  0.730000
   -4.676    1.975    3.430    4.916    8.709    9.384   10.561   10.737
            1.000000  0.560000  0.740000
   -4.696    2.026    3.476    4.897    8.625    9.441   10.508   10.758
            1.000000  0.560000  0.750000
   -4.716    2.076    3.522    4.876    8.542    9.498   10.459   10.778
            1.000000  0.560000  0.760000
   -4.736    2.127    3.567    4.853    8.460    9.552   10.416   10.799
            1.000000  0.560000  0.770000
   -4.754    2.177    3.613    4.829    8.380    9.602   10.380   10.819
            1.000000  0.560000  0.780000
   -4.772    2.227    3.659    4.805    8.301    9.647   10.351   10.838
            1.000000  0.560000  0.790000
   -4.789    2.277    3.704    4.779    8.224    9.685   10.332   10.857
            1.000000  0.560000  0.800000
   -4.805    2.326    3.749    4.752    8.149    9.714   10.326   10.875
            1.000000  0.560000  0.810000
   -4.820    2.374    3.793    4.725    8.076    9.731   10.332   10.893
            1.000000  0.560000  0.820000
   -4.835    2.422    3.837    4.697    8.005    9.738   10.352   10.910
            1.000000  0.560000  0.830000
   -4.849    2.469    3.880    4.668    7.936    9.736   10.383   10.926
            1.000000  0.560000  0.840000
   -4.862    2.515    3.922    4.639    7.870    9.726   10.423   10.942
            1.000000  0.560000  0.850000
   -4.874    2.560    3.963    4.611    7.806    9.711   10.470   10.957
            1.000000  0.560000  0.860000
   -4.885    2.603    4.002    4.582    7.744    9.693   10.522   10.971
            1.000000  0.560000  0.870000
   -4.896    2.646    4.041    4.553    7.686    9.673   10.576   10.984
            1.000000  0.560000  0.880000
   -4.906    2.687    4.077    4.525    7.631    9.652   10.632   10.997
            1.000000  0.560000  0.890000
   -4.915    2.726    4.112    4.497    7.579    9.631   10.688   11.008
            1.000000  0.560000  0.900000
   -4.924    2.763    4.145    4.470    7.530    9.612   10.743   11.019
            1.000000  0.560000  0.910000
   -4.931    2.798    4.176    4.445    7.486    9.593   10.796   11.028
            1.000000  0.560000  0.920000
   -4.938    2.831    4.204    4.421    7.445    9.576   10.847   11.037
            1.000000  0.560000  0.930000
   -4.944    2.860    4.229    4.399    7.408    9.560   10.895   11.045
            1.000000  0.560000  0.940000
   -4.949    2.887    4.252    4.378    7.376    9.546   10.938   11.052
            1.000000  0.560000  0.950000
   -4.953    2.910    4.271    4.361    7.348    9.535   10.977   11.057
            1.000000  0.560000  0.960000
   -4.957    2.930    4.288    4.345    7.325    9.525   11.009   11.062
            1.000000  0.560000  0.970000
   -4.960    2.945    4.301    4.333    7.307    9.517   11.036   11.066
            1.000000  0.560000  0.980000
   -4.962    2.957    4.310    4.325    7.294    9.512   11.055   11.069
            1.000000  0.560000  0.990000
   -4.963    2.963    4.315    4.319    7.286    9.508   11.067   11.070
            1.000000  0.560000  1.000000
   -4.963    2.966    4.317    4.317    7.283    9.507   11.071   11.071
