 &plot nbnd=   8, nks=   101 /
            1.000000  0.520000  0.000000
   -1.596   -1.596    2.203    2.203   10.121   10.121   10.917   10.917
            1.000000  0.520000  0.010000
   -1.643   -1.549    2.173    2.236   10.113   10.126   10.854   10.985
            1.000000  0.520000  0.020000
   -1.690   -1.502    2.143    2.269   10.102   10.130   10.795   11.056
            1.000000  0.520000  0.030000
   -1.738   -1.455    2.116    2.305   10.088   10.132   10.743   11.130
            1.000000  0.520000  0.040000
   -1.786   -1.409    2.089    2.341   10.068   10.133   10.697   11.206
            1.000000  0.520000  0.050000
   -1.834   -1.362    2.065    2.380   10.042   10.134   10.659   11.285
            1.000000  0.520000  0.060000
   -1.882   -1.316    2.041    2.419   10.011   10.134   10.628   11.365
            1.000000  0.520000  0.070000
   -1.930   -1.271    2.020    2.460    9.973   10.135   10.606   11.448
            1.000000  0.520000  0.080000
   -1.979   -1.225    2.000    2.502    9.931   10.135   10.590   11.532
            1.000000  0.520000  0.090000
   -2.027   -1.180    1.981    2.546    9.883   10.136   10.581   11.617
            1.000000  0.520000  0.100000
   -2.076   -1.135    1.964    2.591    9.832   10.137   10.578   11.703
            1.000000  0.520000  0.110000
   -2.124   -1.090    1.948    2.638    9.778   10.138   10.580   11.791
            1.000000  0.520000  0.120000
   -2.173   -1.045    1.934    2.685    9.722   10.140   10.585   11.880
            1.000000  0.520000  0.130000
   -2.222   -1.001    1.921    2.734    9.665   10.142   10.594   11.970
            1.000000  0.520000  0.140000
   -2.270   -0.956    1.910    2.784    9.607   10.144   10.606   12.060
            1.000000  0.520000  0.150000
   -2.319   -0.912    1.900    2.835    9.548   10.147   10.620   12.152
            1.000000  0.520000  0.160000
   -2.368   -0.868    1.892    2.887    9.490   10.151   10.637   12.245
            1.000000  0.520000  0.170000
   -2.416   -0.825    1.885    2.940    9.431   10.155   10.656   12.338
            1.000000  0.520000  0.180000
   -2.465   -0.781    1.880    2.994    9.373   10.160   10.676   12.432
            1.000000  0.520000  0.190000
   -2.513   -0.737    1.875    3.049    9.316   10.165   10.698   12.526
            1.000000  0.520000  0.200000
   -2.562   -0.694    1.873    3.104    9.259   10.171   10.721   12.621
            1.000000  0.520000  0.210000
   -2.610   -0.651    1.871    3.161    9.204   10.177   10.746   12.717
            1.000000  0.520000  0.220000
   -2.658   -0.607    1.871    3.218    9.149   10.184   10.772   12.813
            1.000000  0.520000  0.230000
   -2.706   -0.564    1.873    3.276    9.096   10.192   10.799   12.909
            1.000000  0.520000  0.240000
   -2.753   -0.521    1.875    3.334    9.043   10.200   10.828   13.004
            1.000000  0.520000  0.250000
   -2.801   -0.478    1.879    3.393    8.992   10.209   10.857   13.098
            1.000000  0.520000  0.260000
   -2.848   -0.435    1.885    3.452    8.943   10.218   10.888   13.187
            1.000000  0.520000  0.270000
   -2.895   -0.392    1.891    3.511    8.895   10.228   10.920   13.254
            1.000000  0.520000  0.280000
   -2.941   -0.349    1.899    3.571    8.849   10.238   10.953   13.244
            1.000000  0.520000  0.290000
   -2.988   -0.306    1.908    3.630    8.804   10.249   10.987   13.161
            1.000000  0.520000  0.300000
   -3.034   -0.263    1.918    3.690    8.761   10.260   11.022   13.059
            1.000000  0.520000  0.310000
   -3.079   -0.219    1.930    3.749    8.720   10.272   11.058   12.952
            1.000000  0.520000  0.320000
   -3.125   -0.176    1.943    3.808    8.681   10.285   11.095   12.843
            1.000000  0.520000  0.330000
   -3.170   -0.133    1.956    3.867    8.644   10.298   11.133   12.733
            1.000000  0.520000  0.340000
   -3.214   -0.089    1.971    3.925    8.609   10.311   11.172   12.623
            1.000000  0.520000  0.350000
   -3.259   -0.046    1.988    3.983    8.576   10.325   11.212   12.513
            1.000000  0.520000  0.360000
   -3.302   -0.002    2.005    4.040    8.546   10.339   11.252   12.403
            1.000000  0.520000  0.370000
   -3.346    0.042    2.023    4.095    8.518   10.354   11.294   12.293
            1.000000  0.520000  0.380000
   -3.389    0.086    2.043    4.150    8.492   10.369   11.336   12.184
            1.000000  0.520000  0.390000
   -3.431    0.130    2.063    4.204    8.470   10.384   11.379   12.074
            1.000000  0.520000  0.400000
   -3.473    0.174    2.085    4.256    8.450   10.400   11.423   11.966
            1.000000  0.520000  0.410000
   -3.515    0.219    2.108    4.307    8.433   10.415   11.467   11.857
            1.000000  0.520000  0.420000
   -3.556    0.263    2.131    4.356    8.419   10.431   11.512   11.750
            1.000000  0.520000  0.430000
   -3.596    0.308    2.156    4.403    8.409   10.447   11.557   11.642
            1.000000  0.520000  0.440000
   -3.636    0.353    2.182    4.448    8.401   10.463   11.536   11.602
            1.000000  0.520000  0.450000
   -3.676    0.398    2.209    4.491    8.397   10.478   11.431   11.647
            1.000000  0.520000  0.460000
   -3.715    0.444    2.236    4.532    8.397   10.493   11.327   11.691
            1.000000  0.520000  0.470000
   -3.753    0.489    2.265    4.570    8.400   10.506   11.226   11.734
            1.000000  0.520000  0.480000
   -3.791    0.535    2.295    4.606    8.406   10.518   11.127   11.774
            1.000000  0.520000  0.490000
   -3.828    0.581    2.325    4.640    8.416   10.525   11.033   11.809
            1.000000  0.520000  0.500000
   -3.864    0.627    2.357    4.671    8.430   10.526   10.946   11.835
            1.000000  0.520000  0.510000
   -3.900    0.674    2.389    4.699    8.448   10.515   10.871   11.847
            1.000000  0.520000  0.520000
   -3.936    0.720    2.422    4.724    8.469   10.485   10.817   11.835
            1.000000  0.520000  0.530000
   -3.971    0.767    2.456    4.747    8.494   10.433   10.786   11.799
            1.000000  0.520000  0.540000
   -4.005    0.814    2.491    4.766    8.523   10.361   10.775   11.741
            1.000000  0.520000  0.550000
   -4.038    0.862    2.527    4.783    8.555   10.277   10.776   11.669
            1.000000  0.520000  0.560000
   -4.071    0.909    2.563    4.797    8.591   10.187   10.785   11.590
            1.000000  0.520000  0.570000
   -4.104    0.956    2.601    4.809    8.630   10.093   10.798   11.507
            1.000000  0.520000  0.580000
   -4.135    1.004    2.639    4.817    8.673    9.997   10.814   11.421
            1.000000  0.520000  0.590000
   -4.166    1.052    2.677    4.823    8.718    9.901   10.832   11.336
            1.000000  0.520000  0.600000
   -4.196    1.100    2.717    4.827    8.767    9.804   10.850   11.250
            1.000000  0.520000  0.610000
   -4.226    1.148    2.757    4.828    8.819    9.707   10.869   11.165
            1.000000  0.520000  0.620000
   -4.255    1.197    2.798    4.827    8.874    9.610   10.889   11.081
            1.000000  0.520000  0.630000
   -4.283    1.245    2.839    4.824    8.931    9.514   10.909   10.998
            1.000000  0.520000  0.640000
   -4.311    1.293    2.881    4.818    8.990    9.419   10.916   10.930
            1.000000  0.520000  0.650000
   -4.338    1.342    2.924    4.810    9.051    9.324   10.836   10.950
            1.000000  0.520000  0.660000
   -4.364    1.390    2.967    4.801    9.115    9.229   10.758   10.971
            1.000000  0.520000  0.670000
   -4.389    1.439    3.010    4.790    9.136    9.179   10.683   10.991
            1.000000  0.520000  0.680000
   -4.414    1.487    3.054    4.777    9.044    9.245   10.609   11.012
            1.000000  0.520000  0.690000
   -4.438    1.536    3.098    4.762    8.952    9.312   10.538   11.032
            1.000000  0.520000  0.700000
   -4.461    1.584    3.143    4.746    8.862    9.380   10.470   11.052
            1.000000  0.520000  0.710000
   -4.484    1.633    3.188    4.729    8.772    9.447   10.406   11.072
            1.000000  0.520000  0.720000
   -4.506    1.681    3.233    4.711    8.684    9.512   10.346   11.092
            1.000000  0.520000  0.730000
   -4.527    1.729    3.279    4.691    8.597    9.575   10.293   11.112
            1.000000  0.520000  0.740000
   -4.547    1.776    3.324    4.670    8.512    9.633   10.247   11.131
            1.000000  0.520000  0.750000
   -4.567    1.824    3.370    4.649    8.427    9.681   10.214   11.149
            1.000000  0.520000  0.760000
   -4.586    1.871    3.416    4.626    8.345    9.716   10.197   11.168
            1.000000  0.520000  0.770000
   -4.604    1.917    3.461    4.603    8.263    9.733   10.200   11.186
            1.000000  0.520000  0.780000
   -4.621    1.963    3.506    4.579    8.184    9.730   10.226   11.203
            1.000000  0.520000  0.790000
   -4.638    2.009    3.551    4.555    8.106    9.713   10.270   11.220
            1.000000  0.520000  0.800000
   -4.654    2.054    3.596    4.530    8.030    9.685   10.326   11.236
            1.000000  0.520000  0.810000
   -4.669    2.098    3.640    4.505    7.956    9.651   10.389   11.252
            1.000000  0.520000  0.820000
   -4.683    2.142    3.684    4.479    7.885    9.615   10.458   11.267
            1.000000  0.520000  0.830000
   -4.697    2.184    3.727    4.454    7.815    9.578   10.529   11.282
            1.000000  0.520000  0.840000
   -4.710    2.226    3.768    4.428    7.748    9.541   10.602   11.296
            1.000000  0.520000  0.850000
   -4.722    2.266    3.809    4.403    7.684    9.505   10.675   11.309
            1.000000  0.520000  0.860000
   -4.733    2.305    3.849    4.378    7.622    9.470   10.748   11.321
            1.000000  0.520000  0.870000
   -4.743    2.343    3.887    4.353    7.563    9.437   10.821   11.333
            1.000000  0.520000  0.880000
   -4.753    2.379    3.924    4.330    7.507    9.406   10.892   11.344
            1.000000  0.520000  0.890000
   -4.762    2.413    3.958    4.307    7.455    9.377   10.961   11.354
            1.000000  0.520000  0.900000
   -4.770    2.445    3.991    4.284    7.406    9.350   11.027   11.364
            1.000000  0.520000  0.910000
   -4.778    2.475    4.022    4.264    7.361    9.326   11.091   11.372
            1.000000  0.520000  0.920000
   -4.784    2.503    4.050    4.244    7.320    9.304   11.151   11.380
            1.000000  0.520000  0.930000
   -4.790    2.528    4.075    4.226    7.283    9.284   11.206   11.387
            1.000000  0.520000  0.940000
   -4.795    2.550    4.098    4.210    7.250    9.267   11.257   11.393
            1.000000  0.520000  0.950000
   -4.800    2.570    4.117    4.196    7.222    9.253   11.301   11.398
            1.000000  0.520000  0.960000
   -4.803    2.586    4.133    4.185    7.199    9.241   11.339   11.402
            1.000000  0.520000  0.970000
   -4.806    2.599    4.146    4.175    7.181    9.232   11.369   11.405
            1.000000  0.520000  0.980000
   -4.808    2.608    4.156    4.168    7.168    9.225   11.391   11.407
            1.000000  0.520000  0.990000
   -4.809    2.613    4.161    4.164    7.160    9.221   11.405   11.409
            1.000000  0.520000  1.000000
   -4.810    2.615    4.163    4.163    7.157    9.220   11.409   11.409
