 &plot nbnd=   8, nks=    51 /
            0.200000  0.500000  0.000000
   -5.280    0.727    2.547    3.340    6.751    8.086    9.087    9.915
            0.200000  0.500000  0.020000
   -5.279    0.720    2.554    3.338    6.749    8.092    9.087    9.905
            0.200000  0.500000  0.040000
   -5.275    0.697    2.575    3.331    6.746    8.110    9.087    9.875
            0.200000  0.500000  0.060000
   -5.268    0.661    2.608    3.321    6.740    8.139    9.090    9.828
            0.200000  0.500000  0.080000
   -5.259    0.613    2.651    3.308    6.735    8.174    9.095    9.769
            0.200000  0.500000  0.100000
   -5.247    0.555    2.701    3.291    6.731    8.211    9.106    9.702
            0.200000  0.500000  0.120000
   -5.232    0.488    2.757    3.272    6.729    8.246    9.125    9.630
            0.200000  0.500000  0.140000
   -5.215    0.415    2.813    3.252    6.730    8.271    9.157    9.556
            0.200000  0.500000  0.160000
   -5.195    0.337    2.867    3.234    6.737    8.282    9.207    9.484
            0.200000  0.500000  0.180000
   -5.173    0.256    2.911    3.224    6.748    8.276    9.276    9.414
            0.200000  0.500000  0.200000
   -5.148    0.171    2.935    3.230    6.763    8.253    9.349    9.364
            0.200000  0.500000  0.220000
   -5.120    0.085    2.935    3.256    6.784    8.216    9.288    9.470
            0.200000  0.500000  0.240000
   -5.091   -0.002    2.914    3.298    6.809    8.170    9.231    9.590
            0.200000  0.500000  0.260000
   -5.058   -0.090    2.879    3.348    6.837    8.120    9.177    9.723
            0.200000  0.500000  0.280000
   -5.024   -0.177    2.834    3.399    6.867    8.071    9.126    9.866
            0.200000  0.500000  0.300000
   -4.987   -0.264    2.784    3.450    6.894    8.029    9.077   10.019
            0.200000  0.500000  0.320000
   -4.948   -0.350    2.730    3.496    6.918    7.998    9.028   10.178
            0.200000  0.500000  0.340000
   -4.906   -0.435    2.673    3.538    6.934    7.984    8.981   10.344
            0.200000  0.500000  0.360000
   -4.863   -0.519    2.614    3.573    6.941    7.991    8.934   10.514
            0.200000  0.500000  0.380000
   -4.817   -0.600    2.553    3.600    6.938    8.019    8.888   10.688
            0.200000  0.500000  0.400000
   -4.769   -0.680    2.492    3.618    6.928    8.070    8.842   10.865
            0.200000  0.500000  0.420000
   -4.720   -0.758    2.429    3.627    6.913    8.138    8.798   11.041
            0.200000  0.500000  0.440000
   -4.668   -0.834    2.366    3.627    6.897    8.219    8.758   11.215
            0.200000  0.500000  0.460000
   -4.616   -0.907    2.302    3.615    6.884    8.307    8.724   11.378
            0.200000  0.500000  0.480000
   -4.561   -0.978    2.239    3.594    6.876    8.389    8.710   11.518
            0.200000  0.500000  0.500000
   -4.506   -1.046    2.176    3.563    6.875    8.439    8.737   11.610
            0.200000  0.500000  0.520000
   -4.449   -1.112    2.113    3.522    6.881    8.444    8.818   11.640
            0.200000  0.500000  0.540000
   -4.391   -1.175    2.050    3.472    6.898    8.419    8.935   11.624
            0.200000  0.500000  0.560000
   -4.332   -1.234    1.989    3.415    6.923    8.383    9.071   11.583
            0.200000  0.500000  0.580000
   -4.273   -1.291    1.927    3.350    6.958    8.343    9.216   11.533
            0.200000  0.500000  0.600000
   -4.213   -1.345    1.867    3.280    7.002    8.301    9.369   11.479
            0.200000  0.500000  0.620000
   -4.153   -1.395    1.807    3.205    7.055    8.259    9.526   11.425
            0.200000  0.500000  0.640000
   -4.094   -1.442    1.749    3.127    7.116    8.218    9.687   11.372
            0.200000  0.500000  0.660000
   -4.035   -1.486    1.691    3.047    7.184    8.178    9.850   11.321
            0.200000  0.500000  0.680000
   -3.976   -1.526    1.633    2.966    7.259    8.139   10.013   11.274
            0.200000  0.500000  0.700000
   -3.919   -1.563    1.577    2.885    7.341    8.103   10.175   11.231
            0.200000  0.500000  0.720000
   -3.863   -1.597    1.522    2.806    7.428    8.070   10.335   11.195
            0.200000  0.500000  0.740000
   -3.809   -1.626    1.467    2.729    7.519    8.040   10.486   11.167
            0.200000  0.500000  0.760000
   -3.757   -1.653    1.414    2.656    7.612    8.015   10.618   11.151
            0.200000  0.500000  0.780000
   -3.708   -1.675    1.363    2.586    7.702    8.001   10.710   11.125
            0.200000  0.500000  0.800000
   -3.661   -1.695    1.314    2.521    7.778    8.009   10.734   11.034
            0.200000  0.500000  0.820000
   -3.618   -1.711    1.266    2.461    7.820    8.057   10.671   10.956
            0.200000  0.500000  0.840000
   -3.579   -1.725    1.221    2.407    7.828    8.145   10.545   10.915
            0.200000  0.500000  0.860000
   -3.544   -1.736    1.180    2.359    7.823    8.253   10.394   10.889
            0.200000  0.500000  0.880000
   -3.513   -1.744    1.142    2.317    7.812    8.373   10.235   10.869
            0.200000  0.500000  0.900000
   -3.486   -1.750    1.109    2.281    7.801    8.498   10.077   10.853
            0.200000  0.500000  0.920000
   -3.464   -1.754    1.080    2.252    7.791    8.626    9.921   10.840
            0.200000  0.500000  0.940000
   -3.447   -1.757    1.058    2.229    7.783    8.754    9.771   10.830
            0.200000  0.500000  0.960000
   -3.434   -1.759    1.041    2.213    7.778    8.877    9.633   10.823
            0.200000  0.500000  0.980000
   -3.427   -1.760    1.031    2.203    7.774    8.980    9.521   10.819
            0.200000  0.500000  1.000000
   -3.424   -1.760    1.028    2.200    7.773    9.026    9.472   10.817
