 &plot nbnd=   8, nks=    51 /
            0.400000  0.400000  0.000000
   -5.069    0.522    2.188    4.085    7.384    8.632    8.845    9.990
            0.400000  0.400000  0.020000
   -5.067    0.512    2.200    4.085    7.378    8.628    8.833   10.011
            0.400000  0.400000  0.040000
   -5.063    0.483    2.234    4.084    7.360    8.618    8.799   10.071
            0.400000  0.400000  0.060000
   -5.057    0.436    2.289    4.081    7.328    8.599    8.750   10.162
            0.400000  0.400000  0.080000
   -5.048    0.375    2.361    4.077    7.284    8.574    8.695   10.276
            0.400000  0.400000  0.100000
   -5.037    0.303    2.446    4.072    7.227    8.545    8.639   10.408
            0.400000  0.400000  0.120000
   -5.023    0.223    2.543    4.065    7.159    8.513    8.587   10.552
            0.400000  0.400000  0.140000
   -5.007    0.138    2.647    4.057    7.079    8.478    8.541   10.706
            0.400000  0.400000  0.160000
   -4.989    0.048    2.757    4.048    6.990    8.443    8.501   10.865
            0.400000  0.400000  0.180000
   -4.968   -0.043    2.871    4.038    6.893    8.408    8.467   11.029
            0.400000  0.400000  0.200000
   -4.945   -0.136    2.987    4.026    6.790    8.374    8.439   11.194
            0.400000  0.400000  0.220000
   -4.920   -0.229    3.104    4.012    6.684    8.342    8.414   11.361
            0.400000  0.400000  0.240000
   -4.893   -0.322    3.219    3.997    6.576    8.313    8.392   11.523
            0.400000  0.400000  0.260000
   -4.864   -0.413    3.332    3.981    6.469    8.288    8.374   11.681
            0.400000  0.400000  0.280000
   -4.832   -0.503    3.439    3.964    6.365    8.267    8.356   11.827
            0.400000  0.400000  0.300000
   -4.799   -0.591    3.540    3.945    6.267    8.251    8.340   11.956
            0.400000  0.400000  0.320000
   -4.764   -0.677    3.630    3.924    6.177    8.238    8.322   12.060
            0.400000  0.400000  0.340000
   -4.727   -0.760    3.708    3.902    6.099    8.231    8.304   12.134
            0.400000  0.400000  0.360000
   -4.689   -0.840    3.769    3.879    6.038    8.230    8.285   12.179
            0.400000  0.400000  0.380000
   -4.649   -0.917    3.811    3.855    5.994    8.233    8.265   12.201
            0.400000  0.400000  0.400000
   -4.608   -0.991    3.830    3.830    5.973    8.243    8.243   12.207
            0.400000  0.400000  0.420000
   -4.566   -1.060    3.804    3.825    5.973    8.219    8.257   12.205
            0.400000  0.400000  0.440000
   -4.522   -1.126    3.777    3.797    5.996    8.195    8.278   12.199
            0.400000  0.400000  0.460000
   -4.479   -1.188    3.747    3.750    6.039    8.170    8.304   12.191
            0.400000  0.400000  0.480000
   -4.434   -1.245    3.678    3.722    6.098    8.147    8.335   12.184
            0.400000  0.400000  0.500000
   -4.389   -1.298    3.592    3.694    6.171    8.125    8.372   12.176
            0.400000  0.400000  0.520000
   -4.344   -1.346    3.494    3.665    6.252    8.106    8.414   12.168
            0.400000  0.400000  0.540000
   -4.299   -1.389    3.385    3.636    6.338    8.091    8.462   12.159
            0.400000  0.400000  0.560000
   -4.256   -1.427    3.268    3.608    6.425    8.084    8.514   12.147
            0.400000  0.400000  0.580000
   -4.212   -1.460    3.145    3.580    6.509    8.085    8.572   12.133
            0.400000  0.400000  0.600000
   -4.170   -1.486    3.019    3.552    6.587    8.099    8.634   12.117
            0.400000  0.400000  0.620000
   -4.130   -1.507    2.889    3.524    6.655    8.127    8.701   12.097
            0.400000  0.400000  0.640000
   -4.091   -1.522    2.758    3.497    6.713    8.170    8.773   12.076
            0.400000  0.400000  0.660000
   -4.055   -1.531    2.625    3.471    6.757    8.230    8.848   12.053
            0.400000  0.400000  0.680000
   -4.021   -1.533    2.493    3.445    6.789    8.308    8.928   12.028
            0.400000  0.400000  0.700000
   -3.988   -1.530    2.362    3.421    6.809    8.402    9.013   12.004
            0.400000  0.400000  0.720000
   -3.959   -1.521    2.232    3.398    6.819    8.509    9.099   11.978
            0.400000  0.400000  0.740000
   -3.932   -1.506    2.104    3.376    6.821    8.628    9.190   11.953
            0.400000  0.400000  0.760000
   -3.908   -1.486    1.979    3.355    6.817    8.757    9.284   11.928
            0.400000  0.400000  0.780000
   -3.887   -1.461    1.858    3.336    6.808    8.894    9.380   11.905
            0.400000  0.400000  0.800000
   -3.868   -1.433    1.742    3.317    6.797    9.037    9.477   11.883
            0.400000  0.400000  0.820000
   -3.852   -1.402    1.631    3.301    6.785    9.186    9.576   11.862
            0.400000  0.400000  0.840000
   -3.838   -1.368    1.526    3.286    6.772    9.340    9.675   11.843
            0.400000  0.400000  0.860000
   -3.827   -1.334    1.429    3.273    6.758    9.496    9.772   11.827
            0.400000  0.400000  0.880000
   -3.817   -1.299    1.341    3.261    6.746    9.656    9.868   11.760
            0.400000  0.400000  0.900000
   -3.809   -1.267    1.263    3.251    6.735    9.819    9.958   11.588
            0.400000  0.400000  0.920000
   -3.802   -1.237    1.197    3.243    6.726    9.984   10.041   11.416
            0.400000  0.400000  0.940000
   -3.798   -1.212    1.143    3.236    6.718   10.111   10.148   11.244
            0.400000  0.400000  0.960000
   -3.794   -1.193    1.104    3.232    6.712   10.167   10.309   11.078
            0.400000  0.400000  0.980000
   -3.792   -1.181    1.080    3.229    6.708   10.203   10.455   10.928
            0.400000  0.400000  1.000000
   -3.792   -1.177    1.071    3.228    6.707   10.216   10.533   10.849
