 &plot nbnd=   8, nks=    51 /
            0.400000  0.900000  0.000000
   -3.008   -1.982    1.336    1.778    8.055    8.282    9.524   11.115
            0.400000  0.900000  0.020000
   -3.011   -1.979    1.328    1.791    7.987    8.354    9.525   11.117
            0.400000  0.900000  0.040000
   -3.021   -1.972    1.307    1.828    7.868    8.487    9.529   11.121
            0.400000  0.900000  0.060000
   -3.037   -1.961    1.277    1.882    7.742    8.635    9.534   11.128
            0.400000  0.900000  0.080000
   -3.058   -1.946    1.244    1.948    7.618    8.789    9.543   11.137
            0.400000  0.900000  0.100000
   -3.086   -1.926    1.212    2.024    7.498    8.947    9.554   11.147
            0.400000  0.900000  0.120000
   -3.118   -1.903    1.182    2.105    7.383    9.109    9.570   11.160
            0.400000  0.900000  0.140000
   -3.154   -1.877    1.156    2.192    7.275    9.269    9.592   11.174
            0.400000  0.900000  0.160000
   -3.195   -1.847    1.133    2.281    7.173    9.418    9.630   11.189
            0.400000  0.900000  0.180000
   -3.239   -1.815    1.116    2.373    7.078    9.525    9.716   11.201
            0.400000  0.900000  0.200000
   -3.287   -1.780    1.103    2.465    6.991    9.578    9.860   11.209
            0.400000  0.900000  0.220000
   -3.337   -1.742    1.095    2.558    6.912    9.610   10.030   11.206
            0.400000  0.900000  0.240000
   -3.389   -1.703    1.092    2.649    6.842    9.637   10.210   11.178
            0.400000  0.900000  0.260000
   -3.443   -1.660    1.094    2.738    6.783    9.663   10.395   11.108
            0.400000  0.900000  0.280000
   -3.499   -1.616    1.101    2.824    6.735    9.689   10.582   10.989
            0.400000  0.900000  0.300000
   -3.556   -1.570    1.112    2.906    6.698    9.715   10.759   10.846
            0.400000  0.900000  0.320000
   -3.614   -1.521    1.128    2.982    6.674    9.741   10.645   10.975
            0.400000  0.900000  0.340000
   -3.672   -1.470    1.149    3.051    6.663    9.767   10.458   11.169
            0.400000  0.900000  0.360000
   -3.731   -1.417    1.173    3.113    6.666    9.792   10.266   11.366
            0.400000  0.900000  0.380000
   -3.790   -1.363    1.202    3.166    6.684    9.811   10.079   11.631
            0.400000  0.900000  0.400000
   -3.850   -1.306    1.235    3.211    6.716    9.790    9.931   11.560
            0.400000  0.900000  0.420000
   -3.908   -1.248    1.272    3.247    6.764    9.643    9.908   11.455
            0.400000  0.900000  0.440000
   -3.966   -1.188    1.312    3.274    6.826    9.457    9.925   11.306
            0.400000  0.900000  0.460000
   -4.024   -1.126    1.356    3.292    6.902    9.266    9.946   11.135
            0.400000  0.900000  0.480000
   -4.080   -1.062    1.403    3.303    6.990    9.076    9.967   10.956
            0.400000  0.900000  0.500000
   -4.136   -0.997    1.453    3.305    7.090    8.889    9.981   10.779
            0.400000  0.900000  0.520000
   -4.190   -0.931    1.506    3.302    7.200    8.705    9.982   10.613
            0.400000  0.900000  0.540000
   -4.243   -0.864    1.561    3.293    7.318    8.527    9.959   10.473
            0.400000  0.900000  0.560000
   -4.294   -0.795    1.619    3.279    7.440    8.357    9.894   10.377
            0.400000  0.900000  0.580000
   -4.344   -0.725    1.678    3.261    7.559    8.202    9.781   10.331
            0.400000  0.900000  0.600000
   -4.392   -0.655    1.740    3.239    7.650    8.085    9.639   10.320
            0.400000  0.900000  0.620000
   -4.438   -0.584    1.803    3.215    7.653    8.065    9.482   10.325
            0.400000  0.900000  0.640000
   -4.483   -0.513    1.867    3.190    7.556    8.153    9.324   10.340
            0.400000  0.900000  0.660000
   -4.525   -0.441    1.933    3.163    7.423    8.280    9.172   10.359
            0.400000  0.900000  0.680000
   -4.565   -0.370    1.998    3.135    7.283    8.410    9.037   10.379
            0.400000  0.900000  0.700000
   -4.603   -0.300    2.064    3.107    7.143    8.503    8.950   10.400
            0.400000  0.900000  0.720000
   -4.639   -0.230    2.130    3.078    7.008    8.498    8.971   10.422
            0.400000  0.900000  0.740000
   -4.673   -0.162    2.194    3.051    6.878    8.408    9.086   10.443
            0.400000  0.900000  0.760000
   -4.704   -0.095    2.258    3.024    6.754    8.289    9.237   10.464
            0.400000  0.900000  0.780000
   -4.733   -0.031    2.319    2.998    6.638    8.166    9.401   10.484
            0.400000  0.900000  0.800000
   -4.759    0.031    2.378    2.974    6.530    8.045    9.568   10.504
            0.400000  0.900000  0.820000
   -4.784    0.090    2.433    2.951    6.430    7.930    9.735   10.525
            0.400000  0.900000  0.840000
   -4.805    0.144    2.484    2.930    6.340    7.823    9.896   10.546
            0.400000  0.900000  0.860000
   -4.825    0.194    2.531    2.912    6.259    7.725   10.049   10.571
            0.400000  0.900000  0.880000
   -4.841    0.239    2.572    2.897    6.188    7.638   10.187   10.603
            0.400000  0.900000  0.900000
   -4.856    0.278    2.606    2.885    6.128    7.562   10.300   10.649
            0.400000  0.900000  0.920000
   -4.867    0.311    2.634    2.876    6.078    7.498   10.380   10.712
            0.400000  0.900000  0.940000
   -4.876    0.338    2.654    2.871    6.039    7.448   10.429   10.785
            0.400000  0.900000  0.960000
   -4.883    0.357    2.668    2.867    6.012    7.411   10.456   10.854
            0.400000  0.900000  0.980000
   -4.887    0.369    2.676    2.866    5.995    7.389   10.469   10.901
            0.400000  0.900000  1.000000
   -4.888    0.372    2.679    2.865    5.989    7.382   10.473   10.918
