 &plot nbnd=   8, nks=    51 /
            0.600000  0.000000  0.000000
   -5.049    0.298    2.707    2.707    5.693    7.179   10.818   10.818
            0.600000  0.000000  0.020000
   -5.048    0.295    2.700    2.708    5.702    7.185   10.794   10.817
            0.600000  0.000000  0.040000
   -5.044    0.285    2.681    2.712    5.730    7.201   10.728   10.814
            0.600000  0.000000  0.060000
   -5.038    0.269    2.650    2.719    5.777    7.229   10.627   10.809
            0.600000  0.000000  0.080000
   -5.029    0.247    2.609    2.729    5.840    7.268   10.500   10.802
            0.600000  0.000000  0.100000
   -5.017    0.219    2.558    2.740    5.919    7.317   10.354   10.794
            0.600000  0.000000  0.120000
   -5.003    0.185    2.499    2.755    6.012    7.376   10.195   10.784
            0.600000  0.000000  0.140000
   -4.986    0.146    2.434    2.771    6.118    7.445   10.028   10.772
            0.600000  0.000000  0.160000
   -4.966    0.102    2.364    2.790    6.235    7.524    9.855   10.758
            0.600000  0.000000  0.180000
   -4.944    0.054    2.290    2.811    6.361    7.611    9.679   10.742
            0.600000  0.000000  0.200000
   -4.920    0.001    2.213    2.833    6.497    7.705    9.501   10.725
            0.600000  0.000000  0.220000
   -4.893   -0.054    2.135    2.857    6.641    7.807    9.325   10.707
            0.600000  0.000000  0.240000
   -4.863   -0.113    2.055    2.882    6.792    7.913    9.152   10.688
            0.600000  0.000000  0.260000
   -4.831   -0.174    1.975    2.908    6.950    8.019    8.987   10.667
            0.600000  0.000000  0.280000
   -4.797   -0.238    1.895    2.935    7.113    8.117    8.839   10.645
            0.600000  0.000000  0.300000
   -4.760   -0.304    1.817    2.962    7.282    8.183    8.732   10.622
            0.600000  0.000000  0.320000
   -4.721   -0.371    1.739    2.990    7.455    8.173    8.710   10.599
            0.600000  0.000000  0.340000
   -4.680   -0.440    1.664    3.016    7.633    8.082    8.779   10.574
            0.600000  0.000000  0.360000
   -4.637   -0.510    1.590    3.042    7.815    7.950    8.898   10.549
            0.600000  0.000000  0.380000
   -4.591   -0.580    1.519    3.067    7.805    8.000    9.040   10.524
            0.600000  0.000000  0.400000
   -4.543   -0.652    1.450    3.090    7.657    8.189    9.195   10.498
            0.600000  0.000000  0.420000
   -4.494   -0.724    1.385    3.111    7.512    8.381    9.357   10.471
            0.600000  0.000000  0.440000
   -4.443   -0.796    1.322    3.128    7.372    8.575    9.525   10.444
            0.600000  0.000000  0.460000
   -4.389   -0.867    1.263    3.142    7.240    8.773    9.696   10.420
            0.600000  0.000000  0.480000
   -4.334   -0.939    1.207    3.150    7.116    8.972    9.869   10.396
            0.600000  0.000000  0.500000
   -4.277   -1.011    1.154    3.153    7.001    9.172   10.039   10.371
            0.600000  0.000000  0.520000
   -4.218   -1.082    1.106    3.149    6.899    9.374   10.206   10.351
            0.600000  0.000000  0.540000
   -4.158   -1.153    1.061    3.138    6.808    9.574   10.333   10.364
            0.600000  0.000000  0.560000
   -4.097   -1.223    1.021    3.119    6.730    9.771   10.322   10.507
            0.600000  0.000000  0.580000
   -4.034   -1.292    0.985    3.092    6.667    9.953   10.329   10.626
            0.600000  0.000000  0.600000
   -3.971   -1.361    0.954    3.055    6.618   10.086   10.386   10.712
            0.600000  0.000000  0.620000
   -3.906   -1.429    0.926    3.010    6.584   10.139   10.526   10.762
            0.600000  0.000000  0.640000
   -3.840   -1.497    0.904    2.956    6.565   10.146   10.713   10.780
            0.600000  0.000000  0.660000
   -3.774   -1.563    0.886    2.894    6.560   10.139   10.773   10.914
            0.600000  0.000000  0.680000
   -3.707   -1.630    0.874    2.824    6.569   10.126   10.750   10.847
            0.600000  0.000000  0.700000
   -3.639   -1.695    0.866    2.748    6.592   10.111   10.660   10.717
            0.600000  0.000000  0.720000
   -3.572   -1.760    0.864    2.665    6.628   10.089   10.479   10.678
            0.600000  0.000000  0.740000
   -3.503   -1.824    0.867    2.578    6.675   10.052   10.316   10.637
            0.600000  0.000000  0.760000
   -3.435   -1.888    0.875    2.486    6.734    9.969   10.203   10.594
            0.600000  0.000000  0.780000
   -3.367   -1.952    0.888    2.392    6.801    9.829   10.151   10.550
            0.600000  0.000000  0.800000
   -3.299   -2.015    0.907    2.296    6.879    9.663   10.129   10.507
            0.600000  0.000000  0.820000
   -3.231   -2.077    0.932    2.199    6.966    9.492   10.119   10.466
            0.600000  0.000000  0.840000
   -3.164   -2.139    0.962    2.102    7.060    9.320   10.114   10.427
            0.600000  0.000000  0.860000
   -3.096   -2.201    0.998    2.006    7.162    9.149   10.114   10.388
            0.600000  0.000000  0.880000
   -3.030   -2.263    1.039    1.911    7.271    8.980   10.116   10.354
            0.600000  0.000000  0.900000
   -2.963   -2.325    1.085    1.817    7.386    8.815   10.121   10.320
            0.600000  0.000000  0.920000
   -2.897   -2.387    1.137    1.727    7.507    8.654   10.130   10.289
            0.600000  0.000000  0.940000
   -2.832   -2.450    1.195    1.639    7.634    8.495   10.141   10.260
            0.600000  0.000000  0.960000
   -2.767   -2.512    1.257    1.554    7.766    8.341   10.155   10.234
            0.600000  0.000000  0.980000
   -2.703   -2.575    1.325    1.473    7.903    8.190   10.171   10.211
            0.600000  0.000000  1.000000
   -2.639   -2.639    1.397    1.397    8.044    8.044   10.189   10.189
