\draw (0.5,-1.0,0.0); -- (0.5,-1.0,0.0);
\draw (0.5,-1.0,0.0); -- (0.0,-1.0,0.5);
\draw (0.5,-1.0,0.0); -- (1.0,-0.5,0.0);
\draw (0.0,-1.0,0.5); -- (0.5,-1.0,0.0);
\draw (0.0,-1.0,0.5); -- (0.0,-1.0,0.5);
\draw (0.0,-1.0,0.5); -- (0.0,-0.5,1.0);
\draw (1.0,-0.5,0.0); -- (0.5,-1.0,0.0);
\draw (1.0,-0.5,0.0); -- (1.0,-0.5,0.0);
\draw (1.0,-0.5,0.0); -- (1.0,0.0,0.5);
\draw (1.0,0.0,0.5); -- (1.0,-0.5,0.0);
\draw (1.0,0.0,0.5); -- (1.0,0.0,0.5);
\draw (1.0,0.0,0.5); -- (0.5,0.0,1.0);
\draw (0.5,0.0,1.0); -- (1.0,0.0,0.5);
\draw (0.5,0.0,1.0); -- (0.5,0.0,1.0);
\draw (0.5,0.0,1.0); -- (0.0,-0.5,1.0);
\draw (0.0,-0.5,1.0); -- (0.0,-1.0,0.5);
\draw (0.0,-0.5,1.0); -- (0.5,0.0,1.0);
\draw (0.0,-0.5,1.0); -- (0.0,-0.5,1.0);
\draw (1.0,0.0,0.0); -- (1.0,0.0,0.0);
\draw (1.0,0.0,0.0); -- (1.0,-0.5,0.5);
\draw (1.0,0.0,0.0); -- (0.5,1.0,0.0);
\draw (1.0,-0.5,0.5); -- (1.0,0.0,0.0);
\draw (1.0,-0.5,0.5); -- (1.0,-0.5,0.5);
\draw (1.0,-0.5,0.5); -- (0.5,0.0,1.0);
\draw (0.5,1.0,0.0); -- (1.0,0.0,0.0);
\draw (0.5,1.0,0.0); -- (0.5,1.0,0.0);
\draw (0.5,1.0,0.0); -- (0.0,1.0,0.5);
\draw (0.0,1.0,0.5); -- (0.5,1.0,0.0);
\draw (0.0,1.0,0.5); -- (0.0,1.0,0.5);
\draw (0.0,1.0,0.5); -- (0.0,0.5,1.0);
\draw (0.0,0.5,1.0); -- (0.0,1.0,0.5);
\draw (0.0,0.5,1.0); -- (0.0,0.5,1.0);
\draw (0.0,0.5,1.0); -- (0.5,0.0,1.0);
\draw (0.5,0.0,1.0); -- (1.0,-0.5,0.5);
\draw (0.5,0.0,1.0); -- (0.0,0.5,1.0);
\draw (0.5,0.0,1.0); -- (0.5,0.0,1.0);
\draw (-0.5,1.0,0.0); -- (-0.5,1.0,0.0);
\draw (-0.5,1.0,0.0); -- (0.0,1.0,0.5);
\draw (-0.5,1.0,0.0); -- (-0.5,0.5,0.0);
\draw (0.0,1.0,0.5); -- (-0.5,1.0,0.0);
\draw (0.0,1.0,0.5); -- (0.0,1.0,0.5);
\draw (0.0,1.0,0.5); -- (0.0,0.5,1.0);
\draw (-0.5,0.5,0.0); -- (-0.5,1.0,0.0);
\draw (-0.5,0.5,0.0); -- (-0.5,0.5,0.0);
\draw (-0.5,0.5,0.0); -- (-1.0,0.0,0.5);
\draw (-1.0,0.0,0.5); -- (-0.5,0.5,0.0);
\draw (-1.0,0.0,0.5); -- (-1.0,0.0,0.5);
\draw (-1.0,0.0,0.5); -- (-0.5,0.0,1.0);
\draw (-0.5,0.0,1.0); -- (-1.0,0.0,0.5);
\draw (-0.5,0.0,1.0); -- (-0.5,0.0,1.0);
\draw (-0.5,0.0,1.0); -- (0.0,0.5,1.0);
\draw (0.0,0.5,1.0); -- (0.0,1.0,0.5);
\draw (0.0,0.5,1.0); -- (-0.5,0.0,1.0);
\draw (0.0,0.5,1.0); -- (0.0,0.5,1.0);
\draw (-1.0,-0.5,0.0); -- (-1.0,-0.5,0.0);
\draw (-1.0,-0.5,0.0); -- (-1.0,0.0,0.5);
\draw (-1.0,-0.5,0.0); -- (-0.5,-0.5,0.0);
\draw (-1.0,0.0,0.5); -- (-1.0,-0.5,0.0);
\draw (-1.0,0.0,0.5); -- (-1.0,0.0,0.5);
\draw (-1.0,0.0,0.5); -- (-0.5,0.0,1.0);
\draw (-0.5,-0.5,0.0); -- (-1.0,-0.5,0.0);
\draw (-0.5,-0.5,0.0); -- (-0.5,-0.5,0.0);
\draw (-0.5,-0.5,0.0); -- (-0.5,-1.0,0.5);
\draw (-0.5,-1.0,0.5); -- (-0.5,-0.5,0.0);
\draw (-0.5,-1.0,0.5); -- (-0.5,-1.0,0.5);
\draw (-0.5,-1.0,0.5); -- (-0.5,-0.5,1.0);
\draw (-0.5,-0.5,1.0); -- (-0.5,-1.0,0.5);
\draw (-0.5,-0.5,1.0); -- (-0.5,-0.5,1.0);
\draw (-0.5,-0.5,1.0); -- (-0.5,0.0,1.0);
\draw (-0.5,0.0,1.0); -- (-1.0,0.0,0.5);
\draw (-0.5,0.0,1.0); -- (-0.5,-0.5,1.0);
\draw (-0.5,0.0,1.0); -- (-0.5,0.0,1.0);
\draw (0.5,-1.0,0.0); -- (0.5,-1.0,0.0);
\draw (0.5,-1.0,0.0); -- (0.0,-1.0,-0.5);
\draw (0.5,-1.0,0.0); -- (1.0,-0.5,0.0);
\draw (0.0,-1.0,-0.5); -- (0.5,-1.0,0.0);
\draw (0.0,-1.0,-0.5); -- (0.0,-1.0,-0.5);
\draw (0.0,-1.0,-0.5); -- (0.0,-0.5,-1.0);
\draw (1.0,-0.5,0.0); -- (0.5,-1.0,0.0);
\draw (1.0,-0.5,0.0); -- (1.0,-0.5,0.0);
\draw (1.0,-0.5,0.0); -- (1.0,0.0,-0.5);
\draw (1.0,0.0,-0.5); -- (1.0,-0.5,0.0);
\draw (1.0,0.0,-0.5); -- (1.0,0.0,-0.5);
\draw (1.0,0.0,-0.5); -- (0.5,0.0,-1.0);
\draw (0.5,0.0,-1.0); -- (1.0,0.0,-0.5);
\draw (0.5,0.0,-1.0); -- (0.5,0.0,-1.0);
\draw (0.5,0.0,-1.0); -- (0.0,-0.5,-1.0);
\draw (0.0,-0.5,-1.0); -- (0.0,-1.0,-0.5);
\draw (0.0,-0.5,-1.0); -- (0.5,0.0,-1.0);
\draw (0.0,-0.5,-1.0); -- (0.0,-0.5,-1.0);
\draw (1.0,0.0,0.0); -- (1.0,0.0,0.0);
\draw (1.0,0.0,0.0); -- (1.0,-0.5,-0.5);
\draw (1.0,0.0,0.0); -- (0.5,1.0,0.0);
\draw (1.0,-0.5,-0.5); -- (1.0,0.0,0.0);
\draw (1.0,-0.5,-0.5); -- (1.0,-0.5,-0.5);
\draw (1.0,-0.5,-0.5); -- (0.5,0.0,-1.0);
\draw (0.5,1.0,0.0); -- (1.0,0.0,0.0);
\draw (0.5,1.0,0.0); -- (0.5,1.0,0.0);
\draw (0.5,1.0,0.0); -- (0.0,1.0,-0.5);
\draw (0.0,1.0,-0.5); -- (0.5,1.0,0.0);
\draw (0.0,1.0,-0.5); -- (0.0,1.0,-0.5);
\draw (0.0,1.0,-0.5); -- (0.0,0.5,-1.0);
\draw (0.0,0.5,-1.0); -- (0.0,1.0,-0.5);
\draw (0.0,0.5,-1.0); -- (0.0,0.5,-1.0);
\draw (0.0,0.5,-1.0); -- (0.5,0.0,-1.0);
\draw (0.5,0.0,-1.0); -- (1.0,-0.5,-0.5);
\draw (0.5,0.0,-1.0); -- (0.0,0.5,-1.0);
\draw (0.5,0.0,-1.0); -- (0.5,0.0,-1.0);
\draw (-0.5,1.0,0.0); -- (-0.5,1.0,0.0);
\draw (-0.5,1.0,0.0); -- (0.0,1.0,-0.5);
\draw (-0.5,1.0,0.0); -- (-0.5,0.5,0.0);
\draw (0.0,1.0,-0.5); -- (-0.5,1.0,0.0);
\draw (0.0,1.0,-0.5); -- (0.0,1.0,-0.5);
\draw (0.0,1.0,-0.5); -- (0.0,0.5,-1.0);
\draw (-0.5,0.5,0.0); -- (-0.5,1.0,0.0);
\draw (-0.5,0.5,0.0); -- (-0.5,0.5,0.0);
\draw (-0.5,0.5,0.0); -- (-1.0,0.0,-0.5);
\draw (-1.0,0.0,-0.5); -- (-0.5,0.5,0.0);
\draw (-1.0,0.0,-0.5); -- (-1.0,0.0,-0.5);
\draw (-1.0,0.0,-0.5); -- (-0.5,0.0,-1.0);
\draw (-0.5,0.0,-1.0); -- (-1.0,0.0,-0.5);
\draw (-0.5,0.0,-1.0); -- (-0.5,0.0,-1.0);
\draw (-0.5,0.0,-1.0); -- (0.0,0.5,-1.0);
\draw (0.0,0.5,-1.0); -- (0.0,1.0,-0.5);
\draw (0.0,0.5,-1.0); -- (-0.5,0.0,-1.0);
\draw (0.0,0.5,-1.0); -- (0.0,0.5,-1.0);
\draw (-1.0,-0.5,0.0); -- (-1.0,-0.5,0.0);
\draw (-1.0,-0.5,0.0); -- (-1.0,0.0,-0.5);
\draw (-1.0,-0.5,0.0); -- (-0.5,-0.5,0.0);
\draw (-1.0,0.0,-0.5); -- (-1.0,-0.5,0.0);
\draw (-1.0,0.0,-0.5); -- (-1.0,0.0,-0.5);
\draw (-1.0,0.0,-0.5); -- (-0.5,0.0,-1.0);
\draw (-0.5,-0.5,0.0); -- (-1.0,-0.5,0.0);
\draw (-0.5,-0.5,0.0); -- (-0.5,-0.5,0.0);
\draw (-0.5,-0.5,0.0); -- (-0.5,-1.0,-0.5);
\draw (-0.5,-1.0,-0.5); -- (-0.5,-0.5,0.0);
\draw (-0.5,-1.0,-0.5); -- (-0.5,-1.0,-0.5);
\draw (-0.5,-1.0,-0.5); -- (-0.5,-0.5,-1.0);
\draw (-0.5,-0.5,-1.0); -- (-0.5,-1.0,-0.5);
\draw (-0.5,-0.5,-1.0); -- (-0.5,-0.5,-1.0);
\draw (-0.5,-0.5,-1.0); -- (-0.5,0.0,-1.0);
\draw (-0.5,0.0,-1.0); -- (-1.0,0.0,-0.5);
\draw (-0.5,0.0,-1.0); -- (-0.5,-0.5,-1.0);
\draw (-0.5,0.0,-1.0); -- (-0.5,0.0,-1.0);
